0.659978 0.284603 9.9973E-05 9.9973E-05 0.00162661 0.0105829 0.0429095 9.9973E-05
0.955421 9.9946E-05 9.9946E-05 9.9946E-05 0.0439791 9.9946E-05 9.9946E-05 9.9946E-05
0.956235 0.0282112 0.00761758 9.9964E-05 9.9964E-05 9.9964E-05 0.00753658 9.9964E-05
0.615542 0.323813 9.9982E-05 0.00312032 0.0457941 0.00634245 9.9982E-05 0.00518839
0.127291 0.456279 0.0335923 0.211394 0.16928 0.00196495 9.9982E-05 9.9982E-05
0.141986 0.0954346 9.9955E-05 9.9955E-05 0.76208 9.9955E-05 9.9955E-05 9.9955E-05
0.168483 0.0591282 9.9964E-05 0.701628 9.9964E-05 9.9964E-05 0.0703604 9.9964E-05
9.9964E-05 0.517104 9.9964E-05 0.0142585 0.337502 9.9964E-05 0.130735 9.9964E-05
0.928317 0.00820134 0.00701462 9.9991E-05 0.0086745 0.00510856 0.0322553 0.0103283
0.76153 0.23787 9.9946E-05 9.9946E-05 9.9946E-05 9.9946E-05 9.9946E-05 9.9946E-05
0.227475 0.393524 9.9973E-05 0.0174598 9.9973E-05 0.0207705 0.340471 9.9973E-05
0.0341683 0.578542 9.9964E-05 0.281918 9.9964E-05 9.9964E-05 0.104972 9.9964E-05
0.205342 0.495394 9.9964E-05 9.9964E-05 0.0715714 9.9964E-05 0.227292 9.9964E-05
0.0714365 0.00580005 9.99639E-05 9.99639E-05 0.849659 9.99639E-05 0.0727042 9.99639E-05
0.508386 0.489441 9.9955E-05 9.9955E-05 9.9955E-05 0.00167329 9.9955E-05 9.9955E-05
0.479419 0.147919 9.9964E-05 0.186493 0.185769 9.9964E-05 9.9964E-05 9.9964E-05
0.126085 0.178372 9.9973E-05 0.0853329 0.107657 9.9973E-05 0.502253 9.9973E-05
0.188997 9.9973E-05 0.0156827 9.9973E-05 0.343355 0.421522 9.9973E-05 0.0301428
0.963438 9.9955E-05 9.9955E-05 0.0301679 9.9955E-05 9.9955E-05 9.9955E-05 0.00589412
0.128427 0.213303 0.000830864 0.53896 9.9991E-05 0.0119068 0.0777828 0.0286895
0.918605 0.0717853 0.00557251 9.9964E-05 0.00363762 9.9964E-05 9.9964E-05 9.9964E-05
0.21458 0.372633 0.0220063 0.00333605 9.9973E-05 9.9973E-05 0.387145 9.9973E-05
0.268999 0.561669 0.0127857 0.129619 9.9973E-05 9.9973E-05 0.0266271 9.9973E-05
9.9973E-05 0.0400912 0.893905 9.9973E-05 0.0218613 0.00718076 0.0366615 9.9973E-05
0.304693 0.41472 0.0157262 9.9964E-05 9.9964E-05 9.9964E-05 0.264461 9.9964E-05
0.169705 0.255903 9.9982E-05 0.277734 0.0662655 9.9982E-05 0.2254 0.00479268
0.896739 0.0984057 9.9955E-05 9.9955E-05 9.9955E-05 0.00435597 9.9955E-05 9.9955E-05
0.777596 0.221804 9.9946E-05 9.9946E-05 9.9946E-05 9.9946E-05 9.9946E-05 9.9946E-05
0.995885 0.00351563 9.9946E-05 9.9946E-05 9.9946E-05 9.9946E-05 9.9946E-05 9.9946E-05
0.0885378 0.113654 9.9973E-05 0.0204414 0.698162 9.9973E-05 0.0789048 9.9973E-05
0.945249 9.9955E-05 9.9955E-05 0.0290154 0.0252354 9.9955E-05 9.9955E-05 9.9955E-05
0.964329 9.9946E-05 9.9946E-05 0.0350714 9.9946E-05 9.9946E-05 9.9946E-05 9.9946E-05
0.104712 9.9955E-05 9.9955E-05 9.9955E-05 0.637015 9.9955E-05 0.257774 9.9955E-05
0.986351 9.9955E-05 0.00258041 9.9955E-05 0.0105687 9.9955E-05 9.9955E-05 9.9955E-05
0.218517 0.170019 9.9982E-05 0.494709 0.0215708 9.9982E-05 0.0844312 0.0105533
0.563791 0.435609 9.9946E-05 9.9946E-05 9.9946E-05 9.9946E-05 9.9946E-05 9.9946E-05
9.9955E-05 0.374019 9.9955E-05 0.620054 9.9955E-05 9.9955E-05 9.9955E-05 0.00542731
9.9973E-05 9.9973E-05 0.0176742 0.0354683 0.436878 0.00132586 0.508354 9.9973E-05
0.115792 0.682646 0.0483529 0.0864115 0.0531842 9.9982E-05 0.013414 9.9982E-05
0.112024 0.0608549 0.0113291 0.409914 0.388957 0.00868491 9.9991E-05 0.00813616
0.965165 9.9982E-05 0.020512 0.000993872 0.00527268 9.9982E-05 0.00172861 0.0061281
0.809112 0.179538 9.9955E-05 9.9955E-05 9.9955E-05 9.9955E-05 0.0108497 9.9955E-05
0.747371 0.243039 9.9964E-05 9.9964E-05 9.9964E-05 0.00105902 9.9964E-05 0.00813078
0.703181 0.218704 9.9964E-05 9.9964E-05 0.0537102 0.0240047 9.9964E-05 9.9964E-05
9.9946E-05 9.9946E-05 9.9946E-05 9.9946E-05 0.000560027 0.99884 9.9946E-05 9.9946E-05
0.868894 9.9955E-05 9.9955E-05 0.0838944 9.9955E-05 9.9955E-05 0.0467115 9.9955E-05
0.850237 0.149163 9.9946E-05 9.9946E-05 9.9946E-05 9.9946E-05 9.9946E-05 9.9946E-05
9.994E-05 9.994E-05 9.994E-05 9.994E-05 9.994E-05 0.9993 9.994E-05 9.994E-05
0.593338 0.406062 9.99459E-05 9.99459E-05 9.99459E-05 9.99459E-05 9.99459E-05 9.99459E-05
0.411311 0.400446 9.9973E-05 0.0455096 9.9973E-05 9.9973E-05 0.134066 0.0083679
0.696478 0.302923 9.9946E-05 9.9946E-05 9.9946E-05 9.9946E-05 9.9946E-05 9.9946E-05
0.539869 0.414128 0.00922851 9.9964E-05 9.9964E-05 9.9964E-05 0.0363753 9.9964E-05
0.476106 9.9973E-05 0.013873 9.9973E-05 0.486667 0.0190357 9.9973E-05 0.00401762
0.206843 0.504207 0.037582 0.0187312 0.207136 9.9982E-05 0.0253008 9.9982E-05
0.747316 9.99639E-05 0.0427199 9.99639E-05 0.18064 9.99639E-05 9.99639E-05 0.0289246
0.901515 0.0954446 9.9955E-05 9.9955E-05 9.9955E-05 0.00254081 9.9955E-05 9.9955E-05
0.977401 9.9955E-05 9.9955E-05 9.9955E-05 9.9955E-05 0.00956471 0.0125349 9.9955E-05
0.738836 0.238142 0.0194168 9.9964E-05 9.9964E-05 0.00320566 9.9964E-05 9.9964E-05
0.741754 0.238274 9.9955E-05 9.9955E-05 9.9955E-05 9.9955E-05 0.0194726 9.9955E-05
0.968685 0.0249875 9.9955E-05 9.9955E-05 0.00582779 9.9955E-05 9.9955E-05 9.9955E-05
9.99551E-05 9.99551E-05 0.84238 0.142517 9.99551E-05 9.99551E-05 9.99551E-05 0.0146035
0.957055 9.9964E-05 0.00543758 9.9964E-05 9.9964E-05 9.9964E-05 0.0299671 0.00714077
0.205313 0.522657 0.0384925 0.0203819 0.206269 9.9982E-05 9.9982E-05 0.00668595
0.945905 0.0207816 9.9973E-05 0.0172171 9.9973E-05 0.00360533 0.0121915 9.9973E-05
0.989873 9.9964E-05 9.9964E-05 0.000248814 0.00459855 9.9964E-05 9.9964E-05 0.00487995
0.648853 0.348486 9.9955E-05 9.9955E-05 9.9955E-05 0.00216198 9.9955E-05 9.9955E-05
0.648877 0.315498 9.9955E-05 9.9955E-05 9.9955E-05 9.9955E-05 0.0351249 9.9955E-05
0.133795 9.9964E-05 0.0171592 0.135621 9.9964E-05 9.9964E-05 0.713025 9.9964E-05
9.994E-05 9.994E-05 9.994E-05 9.994E-05 9.994E-05 0.9993 9.994E-05 9.994E-05
0.132693 0.570962 0.0049015 0.100685 0.190459 9.9973E-05 9.9973E-05 9.9973E-05
0.824239 9.99639E-05 0.0163756 9.99639E-05 0.140315 9.99639E-05 9.99639E-05 0.0186712
0.797532 0.19547 0.00142518 9.9973E-05 9.9973E-05 0.000799656 9.9973E-05 0.00447327
0.952228 9.9955E-05 0.0347559 0.0125168 9.9955E-05 9.9955E-05 9.9955E-05 9.9955E-05
0.991789 9.9946E-05 9.9946E-05 0.00761148 9.9946E-05 9.9946E-05 9.9946E-05 9.9946E-05
0.928521 9.9973E-05 9.9973E-05 0.0158628 0.0338602 0.0186299 9.9973E-05 0.00282645
0.976367 9.9946E-05 9.9946E-05 9.9946E-05 9.9946E-05 9.9946E-05 0.0230332 9.9946E-05
0.113263 0.190715 9.9964E-05 9.9964E-05 0.236727 9.9964E-05 0.458895 9.9964E-05
0.95148 0.01689 9.9955E-05 9.9955E-05 9.9955E-05 9.9955E-05 0.0311298 9.9955E-05
9.9973E-05 9.9973E-05 0.690786 0.220919 0.0664111 0.0190283 9.9973E-05 0.00255591
0.539166 0.44616 0.00792036 9.9973E-05 9.9973E-05 0.00344442 9.9973E-05 0.00300906
0.926489 0.0712848 0.00103456 9.9964E-05 9.9964E-05 9.9964E-05 9.9964E-05 0.000791979
0.0601191 9.9982E-05 0.0611227 9.9982E-05 0.407338 0.393276 0.0102379 0.0677063
0.405587 9.9964E-05 9.9964E-05 9.9964E-05 0.557928 0.0357487 9.9964E-05 0.000336634
0.282645 0.38289 9.9973E-05 0.127758 0.206232 0.000175297 9.9973E-05 9.9973E-05
0.794003 0.159585 9.9964E-05 9.9964E-05 0.0408268 9.9964E-05 9.9964E-05 0.00518548
0.952677 9.9964E-05 0.0155971 0.0230557 0.00826985 9.9964E-05 9.9964E-05 9.9964E-05
9.994E-05 9.994E-05 9.994E-05 9.994E-05 9.994E-05 9.994E-05 9.994E-05 0.9993
0.516347 0.480802 9.99549E-05 9.99549E-05 9.99549E-05 0.00235138 9.99549E-05 9.99549E-05
0.558169 0.439706 0.00162514 9.99549E-05 9.99549E-05 9.99549E-05 9.99549E-05 9.99549E-05
0.1903 0.313299 9.9964E-05 9.9964E-05 0.0425704 9.9964E-05 0.453431 9.9964E-05
0.112192 0.514002 9.9964E-05 0.165314 9.9964E-05 9.9964E-05 0.208092 9.9964E-05
0.101137 0.109807 9.9955E-05 9.9955E-05 9.9955E-05 9.9955E-05 0.788555 9.9955E-05
0.98071 9.9955E-05 0.00528328 9.9955E-05 0.0135074 9.9955E-05 9.9955E-05 9.9955E-05
0.512342 0.487058 9.9946E-05 9.9946E-05 9.9946E-05 9.9946E-05 9.9946E-05 9.9946E-05
0.883157 0.116243 9.9946E-05 9.9946E-05 9.9946E-05 9.9946E-05 9.9946E-05 9.9946E-05
0.351825 0.625697 0.000869275 9.9964E-05 0.0212082 9.9964E-05 9.9964E-05 9.9964E-05
0.15032 9.9973E-05 9.9973E-05 0.28514 0.537704 0.015923 0.0106128 9.9973E-05
0.957346 9.9955E-05 0.00435466 9.9955E-05 0.0377991 9.9955E-05 9.9955E-05 9.9955E-05
0.182069 0.462779 0.053696 0.296314 9.9973E-05 9.9973E-05 0.00484136 9.9973E-05
0.216058 0.599842 9.9982E-05 0.0681811 0.0946166 0.0169831 9.9982E-05 0.00411928
9.99551E-05 9.99551E-05 0.858875 0.124777 9.99551E-05 0.0158486 9.99551E-05 9.99551E-05
0.931125 0.0251237 9.9973E-05 0.0187983 9.9973E-05 0.000177222 0.0244761 9.9973E-05
0.9993 9.994E-05 9.994E-05 9.994E-05 9.994E-05 9.994E-05 9.994E-05 9.994E-05
0.0112059 0.479012 9.9973E-05 0.250168 9.9973E-05 0.00683616 0.252477 9.9973E-05
9.994E-05 9.994E-05 9.994E-05 9.994E-05 9.994E-05 0.9993 9.994E-05 9.994E-05
0.0314447 9.99639E-05 9.99639E-05 9.99639E-05 9.99639E-05 0.013254 0.949404 0.00549744
0.75351 0.213619 0.032371 9.9955E-05 9.9955E-05 9.9955E-05 9.9955E-05 9.9955E-05
0.945201 9.9964E-05 0.00856082 9.9964E-05 0.0444246 9.9964E-05 9.9964E-05 0.00141369
0.105674 0.393002 0.00300887 9.9964E-05 9.9964E-05 9.9964E-05 0.497916 9.9964E-05
9.994E-05 9.994E-05 9.994E-05 9.994E-05 9.994E-05 0.9993 9.994E-05 9.994E-05
9.9955E-05 9.9955E-05 0.641351 9.9955E-05 0.335637 0.0225121 9.9955E-05 9.9955E-05
0.673858 0.201831 9.9964E-05 0.0122855 9.9964E-05 9.9964E-05 0.111626 9.9964E-05
0.733527 0.265873 9.9946E-05 9.9946E-05 9.9946E-05 9.9946E-05 9.9946E-05 9.9946E-05
0.191936 0.432342 9.9964E-05 0.0822276 9.9964E-05 9.9964E-05 0.293095 9.9964E-05
0.966721 9.9964E-05 0.025211 9.9964E-05 0.00606484 0.00160355 9.9964E-05 9.9964E-05
9.99549E-05 9.99549E-05 9.99549E-05 9.99549E-05 0.44677 0.0402523 0.512478 9.99549E-05
0.0276388 0.0135084 0.130974 9.9991E-05 0.232771 0.506209 0.0074007 0.0813978
0.854068 0.101047 0.0428012 9.9964E-05 9.9964E-05 9.9964E-05 9.9964E-05 0.00168365
0.520318 0.375476 9.99549E-05 9.99549E-05 9.99549E-05 9.99549E-05 0.103706 9.99549E-05
9.9946E-05 9.9946E-05 0.991947 9.9946E-05 9.9946E-05 9.9946E-05 0.00745286 9.9946E-05
0.850618 0.0983469 9.9964E-05 9.9964E-05 9.9964E-05 0.0025779 0.0480572 9.9964E-05
0.421548 0.552727 9.9955E-05 9.9955E-05 9.9955E-05 9.9955E-05 0.0252251 9.9955E-05
0.815932 0.183468 9.9946E-05 9.9946E-05 9.9946E-05 9.9946E-05 9.9946E-05 9.9946E-05
0.239049 9.9964E-05 9.9964E-05 0.0495906 9.9964E-05 9.9964E-05 0.700701 0.0102593
0.173228 0.262579 9.9973E-05 9.9973E-05 0.137991 0.00558159 0.420321 9.9973E-05
0.062717 0.498982 9.9964E-05 0.242071 0.195829 9.9964E-05 9.9964E-05 9.9964E-05
0.0149874 0.0491712 9.9982E-05 0.050774 0.529666 9.9982E-05 0.349521 0.00568043
0.584085 0.409417 0.00599801 9.9955E-05 9.9955E-05 9.9955E-05 9.9955E-05 9.9955E-05
0.871066 0.115071 0.00284767 9.9964E-05 9.9964E-05 0.0106147 9.9964E-05 9.9964E-05
0.659767 0.311498 0.0136749 9.9964E-05 9.9964E-05 0.0146609 9.9964E-05 9.9964E-05
0.00810971 9.9973E-05 9.9973E-05 9.9973E-05 0.0568679 0.852059 0.0247956 0.0578675
0.912635 0.00303352 0.0285645 0.0359399 0.019527 9.9973E-05 9.9973E-05 9.9973E-05
9.9973E-05 0.00346578 0.0123207 9.9973E-05 9.9973E-05 0.961572 0.00730897 0.015033
0.658998 0.333239 0.00726318 9.9955E-05 9.9955E-05 9.9955E-05 9.9955E-05 9.9955E-05
0.0374726 9.99459E-05 0.961928 9.99459E-05 9.99459E-05 9.99459E-05 9.99459E-05 9.99459E-05
0.00991359 0.408586 0.0118214 0.0207874 0.00409055 9.9982E-05 0.544601 9.9982E-05
0.116184 9.9964E-05 9.9964E-05 0.308107 9.9964E-05 9.9964E-05 0.569753 0.0055556
0.0909769 0.250115 0.0313923 0.0585632 0.0587824 9.9991E-05 0.478004 0.0320663
0.542744 0.450563 0.00326844 9.9964E-05 9.9964E-05 0.00302445 9.9964E-05 9.9964E-05
0.204539 0.31242 9.9982E-05 0.303618 0.0758801 0.0267372 0.0766058 9.9982E-05
0.955904 0.0255999 9.9955E-05 9.9955E-05 0.0179961 9.9955E-05 9.9955E-05 9.9955E-05
0.393283 0.462154 0.0139669 9.9991E-05 0.00229696 0.00143303 0.117015 0.00975137
0.306896 9.99729E-05 9.99729E-05 0.0741579 0.590283 0.00777988 9.99729E-05 0.0205831
0.698805 0.152647 9.9973E-05 0.109833 0.0298952 0.00852014 9.9973E-05 9.9973E-05
0.809627 0.161078 9.9964E-05 9.9964E-05 0.0151904 9.9964E-05 9.9964E-05 0.0137052
0.0335889 9.99459E-05 0.965811 9.99459E-05 9.99459E-05 9.99459E-05 9.99459E-05 9.99459E-05
0.052041 0.117211 0.0496346 0.12738 0.653434 9.9973E-05 9.9973E-05 9.9973E-05
9.9955E-05 0.0091264 0.979212 9.9955E-05 9.9955E-05 9.9955E-05 0.0111616 9.9955E-05
0.674742 0.317232 0.00222538 9.9973E-05 9.9973E-05 0.00345703 0.00204353 9.9973E-05
0.185172 0.0797128 0.0517099 0.0856927 0.597412 9.9973E-05 9.9973E-05 9.9973E-05
0.222979 9.9973E-05 0.0386111 0.0670134 0.660264 9.9973E-05 0.0108317 9.9973E-05
0.732262 0.238487 9.9964E-05 9.9964E-05 9.9964E-05 0.0270188 0.00183233 9.9964E-05
0.97418 9.9946E-05 9.9946E-05 9.9946E-05 9.9946E-05 9.9946E-05 0.0252201 9.9946E-05
9.9946E-05 9.9946E-05 0.00517983 9.9946E-05 9.9946E-05 0.99422 9.9946E-05 9.9946E-05
0.03112 9.99729E-05 0.0347431 0.682999 0.239202 0.0116357 9.99729E-05 9.99729E-05
0.683611 0.315153 9.9955E-05 9.9955E-05 9.9955E-05 0.000736176 9.9955E-05 9.9955E-05
0.117878 9.9973E-05 0.400586 9.9973E-05 0.429551 0.0300779 9.9973E-05 0.0216071
0.946668 9.9964E-05 0.00247773 9.9964E-05 0.0453805 0.00507397 9.9964E-05 9.9964E-05
9.994E-05 9.994E-05 9.994E-05 9.994E-05 9.994E-05 9.994E-05 9.994E-05 0.9993
0.847535 0.0920189 9.9973E-05 9.9973E-05 0.0511158 0.00727861 9.9973E-05 0.00175198
0.0990901 9.9964E-05 9.9964E-05 9.9964E-05 0.285935 0.0106428 9.9964E-05 0.603932
0.0910956 0.284117 0.0146322 9.9991E-05 0.0381329 0.0141979 0.549029 0.00869562
0.948604 9.9955E-05 9.9955E-05 0.0501846 9.9955E-05 9.9955E-05 9.9955E-05 0.000711326
0.991908 9.9946E-05 9.9946E-05 9.9946E-05 9.9946E-05 9.9946E-05 9.9946E-05 0.00749259
0.111473 9.99639E-05 9.99639E-05 0.862084 9.99639E-05 0.0202219 9.99639E-05 0.005821
0.921929 9.9982E-05 0.00343366 0.0261575 0.0438948 0.00389896 9.9982E-05 0.000485658
9.99461E-05 9.99461E-05 0.979694 9.99461E-05 9.99461E-05 9.99461E-05 0.0197067 9.99461E-05
0.993328 9.9955E-05 0.00229335 9.9955E-05 9.9955E-05 0.00387878 9.9955E-05 9.9955E-05
9.994E-05 9.994E-05 9.994E-05 9.994E-05 9.994E-05 9.994E-05 9.994E-05 0.9993
0.9993 9.994E-05 9.994E-05 9.994E-05 9.994E-05 9.994E-05 9.994E-05 9.994E-05
0.103156 0.610256 0.0152345 0.270954 9.9964E-05 9.9964E-05 9.9964E-05 9.9964E-05
0.303879 0.436262 0.0082745 0.123218 0.0158785 0.0134491 0.0878333 0.011206
9.9964E-05 0.149409 9.9964E-05 0.0391299 0.64038 9.9964E-05 0.170681 9.9964E-05
0.233651 0.237946 9.9982E-05 0.20835 0.287301 0.0248099 9.9982E-05 0.00774248
0.145213 0.0313845 9.9973E-05 0.395496 0.36814 0.0594672 9.9973E-05 9.9973E-05
0.982784 9.9946E-05 9.9946E-05 9.9946E-05 9.9946E-05 9.9946E-05 0.0166167 9.9946E-05
0.302783 0.441819 0.0370111 0.0564212 9.9973E-05 9.9973E-05 0.161666 9.9973E-05
0.896721 0.0985708 9.9955E-05 9.9955E-05 9.9955E-05 9.9955E-05 9.9955E-05 0.00420879
0.187102 0.384673 0.0445962 0.204977 0.153021 0.0254299 9.9982E-05 9.9982E-05
0.0753898 0.11306 9.9982E-05 0.403922 0.0264122 9.9982E-05 0.375644 0.00537189
0.846952 0.0849296 0.00474274 9.9973E-05 0.0535449 9.9973E-05 9.9973E-05 0.00953047
0.405447 0.577573 9.99549E-05 9.99549E-05 9.99549E-05 0.0164809 9.99549E-05 9.99549E-05
0.693672 0.290597 0.00559089 9.9964E-05 9.9964E-05 0.00974024 9.9964E-05 9.9964E-05
0.907187 9.9973E-05 0.00494647 0.0425578 0.0338824 9.9973E-05 0.0111267 9.9973E-05
0.381417 9.9973E-05 0.0502747 9.9973E-05 0.538224 0.0104703 9.9973E-05 0.0193142
0.260211 0.448509 9.9973E-05 0.0748939 0.157246 9.9973E-05 0.0588398 9.9973E-05
0.357539 0.305373 0.0156621 0.135238 0.163923 0.000873356 9.9991E-05 0.0212908
9.9982E-05 0.000582918 0.0290332 0.062753 0.00485921 0.00806179 9.9982E-05 0.89451
0.9262 9.9964E-05 0.00430633 0.0217023 0.047391 9.9964E-05 9.9964E-05 9.9964E-05
0.984665 9.9946E-05 9.9946E-05 9.9946E-05 0.014735 9.9946E-05 9.9946E-05 9.9946E-05
0.865119 0.121433 9.9964E-05 9.9964E-05 0.00556668 9.9964E-05 9.9964E-05 0.00748178
0.0334002 9.99459E-05 0.966 9.99459E-05 9.99459E-05 9.99459E-05 9.99459E-05 9.99459E-05
0.684189 0.253944 9.9964E-05 9.9964E-05 0.0585731 9.9964E-05 9.9964E-05 0.00289455
0.0171134 0.078741 9.9964E-05 9.9964E-05 0.720717 9.9964E-05 0.183028 9.9964E-05
0.372519 0.34408 0.0186302 9.9982E-05 0.0413757 0.00645385 0.216741 9.9982E-05
0.990392 9.9964E-05 0.000559539 9.9964E-05 0.00229941 0.0063489 9.9964E-05 9.9964E-05
0.838812 0.0559645 0.00433921 0.0703466 0.030238 9.9973E-05 9.9973E-05 9.9973E-05
0.9993 9.994E-05 9.994E-05 9.994E-05 9.994E-05 9.994E-05 9.994E-05 9.994E-05
0.070375 0.0550463 9.9982E-05 0.193212 0.472241 0.020638 0.188287 9.9982E-05
9.9964E-05 9.9964E-05 0.041238 9.9964E-05 0.153534 0.0357676 9.9964E-05 0.769061
9.9955E-05 9.9955E-05 9.9955E-05 0.442117 0.440981 9.9955E-05 0.116402 9.9955E-05
0.533094 0.309242 0.00683568 9.9973E-05 9.9973E-05 0.0182333 0.132295 9.9973E-05
9.9964E-05 9.9964E-05 0.00436554 9.9964E-05 0.0336752 0.00253806 9.9964E-05 0.959021
0.563469 0.312785 0.029706 0.00467807 0.0818458 9.9982E-05 9.9982E-05 0.00731589
0.281213 0.284276 9.99549E-05 9.99549E-05 9.99549E-05 9.99549E-05 0.434011 9.99549E-05
0.883145 9.9973E-05 0.0188815 9.9973E-05 0.061743 0.0101441 0.0257868 9.9973E-05
0.993299 9.9955E-05 9.9955E-05 9.9955E-05 0.00486879 0.00133196 9.9955E-05 9.9955E-05
0.930718 9.9982E-05 0.00219394 9.9982E-05 0.0423694 0.00830513 0.0102551 0.00595836
0.421617 0.251043 9.9964E-05 0.138771 0.18817 9.9964E-05 9.9964E-05 9.9964E-05
0.0484733 9.99459E-05 0.950927 9.99459E-05 9.99459E-05 9.99459E-05 9.99459E-05 9.99459E-05
0.949691 0.0461826 0.00362679 9.9955E-05 9.9955E-05 9.9955E-05 9.9955E-05 9.9955E-05
0.0992862 9.9955E-05 9.9955E-05 0.328002 9.9955E-05 9.9955E-05 0.572212 9.9955E-05
0.419434 0.548841 9.9955E-05 9.9955E-05 9.9955E-05 9.9955E-05 0.0312257 9.9955E-05
0.00303807 0.0229012 0.970381 9.99639E-05 9.99639E-05 9.99639E-05 9.99639E-05 0.00328031
0.137194 0.00321305 9.9973E-05 0.664245 9.9973E-05 0.00460885 0.190439 9.9973E-05
0.116167 0.0331695 9.9964E-05 9.9964E-05 0.82144 9.9964E-05 9.9964E-05 0.0288237
0.108438 0.456182 0.0160477 0.265367 0.150514 9.9982E-05 0.00325139 9.9982E-05
0.0896198 9.9946E-05 0.909781 9.9946E-05 9.9946E-05 9.9946E-05 9.9946E-05 9.9946E-05
0.486794 0.407607 9.9955E-05 9.9955E-05 9.9955E-05 9.9955E-05 0.105099 9.9955E-05
9.994E-05 9.994E-05 9.994E-05 9.994E-05 9.994E-05 9.994E-05 9.994E-05 0.9993
0.527762 0.45177 9.99639E-05 9.99639E-05 9.99639E-05 0.00478003 9.99639E-05 0.0152879
0.892269 0.0939928 9.9964E-05 9.9964E-05 9.9964E-05 0.0118382 9.9964E-05 0.00150015
9.99461E-05 9.99461E-05 9.99461E-05 9.99461E-05 9.99461E-05 9.99461E-05 0.000401925 0.998998
0.856596 0.142804 9.9946E-05 9.9946E-05 9.9946E-05 9.9946E-05 9.9946E-05 9.9946E-05
0.0224187 0.00725961 0.012625 9.9991E-05 0.0112732 0.906798 0.0278199 0.011706
0.123318 0.575507 9.9973E-05 0.0525752 0.106368 9.9973E-05 0.141932 9.9973E-05
0.893365 0.0425236 0.0256726 9.9964E-05 0.0380388 9.9964E-05 9.9964E-05 9.9964E-05
0.163305 9.9973E-05 0.0533297 0.565226 0.199833 9.9973E-05 9.9973E-05 0.0180065
0.685707 0.225907 9.9973E-05 9.9973E-05 0.0315141 9.9973E-05 0.0402824 0.0162897
9.9955E-05 9.9955E-05 9.9955E-05 9.9955E-05 0.0421353 0.034167 9.9955E-05 0.923198
0.243579 0.505273 0.0045218 0.240114 9.9973E-05 9.9973E-05 9.9973E-05 0.00621201
