9.9973E-05 0.225734 9.9973E-05 0.00864202 9.9973E-05 0.765324
0.0676154 9.9964E-05 9.9964E-05 9.9964E-05 9.9964E-05 0.931985
0.0251803 9.9973E-05 9.9973E-05 9.9973E-05 0.0157903 0.95873
0.0391479 0.22471 0.0179138 0.00401711 9.9991E-05 0.714112
0.260496 0.43967 9.9982E-05 9.9982E-05 0.0470934 0.252541
0.706597 0.0430657 9.9991E-05 0.0104536 0.0112474 0.228536
0.460077 0.38933 9.9973E-05 9.9973E-05 9.9973E-05 0.150293
0.334792 0.547903 9.9982E-05 0.0128444 9.9982E-05 0.104261
0.0187467 0.00646001 0.0139789 0.0155275 0.00920834 0.936079
9.9964E-05 0.154938 9.9964E-05 9.9964E-05 9.9964E-05 0.844662
0.0312447 0.579755 9.9991E-05 0.0284646 0.00155695 0.358878
0.131921 0.67452 9.9982E-05 9.9982E-05 0.0261338 0.167225
0.0579062 0.58147 9.9973E-05 9.9973E-05 9.9973E-05 0.360324
0.844757 9.9973E-05 9.9973E-05 0.001129 9.9973E-05 0.153814
9.9964E-05 0.331419 9.9964E-05 9.9964E-05 9.9964E-05 0.668181
0.319185 0.180948 9.9982E-05 0.00849383 9.9982E-05 0.491174
0.217036 0.585606 9.9973E-05 9.9973E-05 9.9973E-05 0.197057
0.314747 9.9991E-05 0.0356903 0.427799 0.0295645 0.192099
0.0513908 9.9982E-05 0.00012781 0.00428206 9.9982E-05 0.943999
0.359378 0.453748 0.025706 0.0167319 0.0071601 0.137276
0.00561232 0.0231345 0.00902507 9.9982E-05 9.9982E-05 0.962028
0.00299709 0.634959 9.9982E-05 9.9982E-05 0.0229141 0.33893
0.0519076 0.517488 9.9982E-05 9.9982E-05 0.0207921 0.409613
9.9973E-05 0.0789209 9.9973E-05 0.0132714 0.907508 9.9973E-05
0.504828 0.247642 9.9982E-05 9.9982E-05 0.0282545 0.219076
9.9982E-05 0.543597 0.0015583 9.9982E-05 0.0153742 0.43927
0.266064 0.491558 0.00221938 9.9982E-05 9.9982E-05 0.239959
9.9973E-05 0.0448212 9.9973E-05 0.0136437 9.9973E-05 0.941235
9.9964E-05 0.148433 9.9964E-05 9.9964E-05 9.9964E-05 0.851167
9.996E-05 9.996E-05 9.996E-05 9.996E-05 9.996E-05 0.9995
0.690255 0.131753 9.9982E-05 9.9982E-05 0.0206066 0.157186
0.0785688 9.9964E-05 9.9964E-05 9.9964E-05 9.9964E-05 0.921031
0.0404307 9.9964E-05 9.9964E-05 9.9964E-05 9.9964E-05 0.959169
0.688363 0.121563 0.00145952 9.9982E-05 9.9982E-05 0.188414
0.0136298 9.9982E-05 0.000494076 9.9982E-05 0.00235002 0.983326
0.390259 0.402184 0.000288092 9.9982E-05 9.9982E-05 0.207069
9.9964E-05 0.274909 9.9964E-05 9.9964E-05 9.9964E-05 0.724692
0.341163 0.562135 0.0269673 9.9991E-05 0.00879778 0.0608368
0.599407 0.396755 9.9973E-05 0.00353782 9.9973E-05 9.9973E-05
0.0262784 0.593192 0.00138968 9.9991E-05 0.0509301 0.32811
0.688252 0.168926 0.00160971 0.00788178 0.013056 0.120274
0.0195957 9.9982E-05 0.00407492 9.9982E-05 0.0097861 0.966343
9.9964E-05 0.144379 9.9964E-05 9.9964E-05 9.9964E-05 0.855221
9.9973E-05 0.145768 9.9973E-05 0.00150872 9.9973E-05 0.852423
0.0381339 0.12318 9.9982E-05 0.0288369 9.9982E-05 0.809649
9.996E-05 9.996E-05 9.996E-05 0.9995 9.996E-05 9.996E-05
0.0640771 0.0497181 9.9973E-05 9.9973E-05 9.9973E-05 0.885905
9.9964E-05 0.0676736 9.9964E-05 9.9964E-05 9.9964E-05 0.931927
9.996E-05 9.996E-05 9.996E-05 0.9995 9.996E-05 9.996E-05
9.9964E-05 0.252216 9.9964E-05 9.9964E-05 9.9964E-05 0.747384
0.00600926 0.433964 0.0109935 9.9982E-05 9.9982E-05 0.548833
9.9964E-05 0.207839 9.9964E-05 9.9964E-05 9.9964E-05 0.791762
9.9973E-05 0.334619 9.9973E-05 9.9973E-05 0.00133305 0.663748
0.408347 9.9991E-05 0.0239227 0.0332948 0.00531727 0.529018
0.139671 0.411843 9.9982E-05 9.9982E-05 0.0595989 0.388688
0.162591 9.9982E-05 0.0274836 9.9982E-05 0.0340097 0.775716
9.9964E-05 0.00846258 9.9964E-05 9.9964E-05 9.9964E-05 0.991138
0.0219798 9.9973E-05 9.9973E-05 0.00447176 9.9973E-05 0.973248
0.0103189 0.158445 9.9991E-05 0.00711025 0.0112429 0.812783
9.9964E-05 0.168265 9.9964E-05 9.9964E-05 9.9964E-05 0.831335
0.00247092 0.00960111 9.9973E-05 9.9973E-05 9.9973E-05 0.987628
0.139033 0.0157287 0.0142116 9.9982E-05 0.830827 9.9982E-05
0.0174353 9.9982E-05 0.0144587 9.9982E-05 0.00377329 0.964133
0.133718 0.4234 0.0261029 9.9991E-05 0.0258657 0.390813
9.9973E-05 0.0220421 9.9973E-05 0.00918256 9.9973E-05 0.968475
0.0412801 9.9973E-05 0.00552878 9.9973E-05 9.9973E-05 0.952891
9.9973E-05 0.237689 9.9973E-05 0.0105859 9.9973E-05 0.751425
9.9964E-05 0.257602 9.9964E-05 9.9964E-05 9.9964E-05 0.741999
0.155359 0.61731 9.9982E-05 9.9982E-05 0.029209 0.197922
9.996E-05 9.996E-05 9.996E-05 0.9995 9.996E-05 9.996E-05
0.209632 0.472173 0.00107163 9.9991E-05 0.0171302 0.299894
0.125096 9.9991E-05 0.0198512 0.00517867 0.0273122 0.822462
9.9991E-05 0.102343 0.00709486 0.00616155 0.0202112 0.864089
0.0314399 9.9973E-05 9.9973E-05 9.9973E-05 0.0310499 0.93721
0.00656988 9.9973E-05 0.00720391 9.9973E-05 9.9973E-05 0.985926
0.0828693 9.9982E-05 0.00190692 0.0216626 9.9982E-05 0.893361
9.9973E-05 9.9973E-05 0.00312221 0.00810488 9.9973E-05 0.988473
0.302147 0.48899 9.9973E-05 9.9973E-05 9.9973E-05 0.208562
0.00896613 0.0310112 9.9973E-05 9.9973E-05 9.9973E-05 0.959723
0.257688 0.0265037 9.9982E-05 0.0125168 0.703091 9.9982E-05
9.9991E-05 0.323681 0.00406115 0.000642404 0.0134769 0.658038
9.9973E-05 0.0352814 9.9973E-05 0.0029076 9.9973E-05 0.961511
0.383375 9.9991E-05 0.0690755 0.397883 0.0538541 0.0957129
0.512748 9.9991E-05 0.0108892 0.0429991 0.00358287 0.429681
0.256806 0.294366 0.00428954 0.00520838 9.9991E-05 0.439229
0.0085439 0.102442 0.00982328 0.00313166 9.9991E-05 0.875959
0.0566878 9.9973E-05 9.9973E-05 9.9973E-05 0.00678655 0.936226
9.996E-05 9.996E-05 0.9995 9.996E-05 9.996E-05 9.996E-05
9.99639E-05 0.327096 9.99639E-05 9.99639E-05 9.99639E-05 0.672504
9.9964E-05 0.297564 9.9964E-05 9.9964E-05 9.9964E-05 0.702036
0.0833443 0.612965 9.9973E-05 9.9973E-05 9.9973E-05 0.303391
0.0309655 0.665434 0.00722734 9.9991E-05 0.0117001 0.284573
0.0393246 0.712382 9.9982E-05 0.00140357 9.9982E-05 0.24669
0.0245865 9.9973E-05 9.9973E-05 9.9973E-05 0.00273986 0.972374
9.9964E-05 0.300973 9.9964E-05 9.9964E-05 9.9964E-05 0.698627
9.9973E-05 0.0489916 0.00085462 9.9973E-05 9.9973E-05 0.949854
9.9973E-05 0.441463 9.9973E-05 9.9973E-05 0.0111879 0.547049
0.774392 0.0818068 0.00167366 0.0099744 9.9991E-05 0.132053
0.0519559 9.9964E-05 9.9964E-05 9.9964E-05 9.9964E-05 0.947644
0.148569 0.488325 9.9982E-05 9.9982E-05 0.0670057 0.295901
0.0738295 0.502803 0.0042455 0.0159679 9.9991E-05 0.403054
0.0962619 0.0375645 9.9982E-05 0.00622865 0.859745 9.9982E-05
9.9964E-05 0.305316 9.9964E-05 9.9964E-05 9.9964E-05 0.694284
0.0117059 0.0163998 9.9973E-05 9.9973E-05 9.9973E-05 0.971594
9.996E-05 9.996E-05 9.996E-05 9.996E-05 9.996E-05 0.9995
0.0812868 0.721184 0.00220056 0.0313833 9.9991E-05 0.163845
9.996E-05 9.996E-05 9.996E-05 0.9995 9.996E-05 9.996E-05
0.0718025 0.742601 0.0106265 0.0127447 9.9991E-05 0.162126
9.9973E-05 0.137884 9.9973E-05 9.9973E-05 0.0395995 0.822216
0.0663507 9.9982E-05 0.0018689 9.9982E-05 0.0100282 0.921552
9.9973E-05 0.714416 9.9973E-05 9.9973E-05 0.00493441 0.28035
9.996E-05 9.996E-05 9.996E-05 0.9995 9.996E-05 9.996E-05
0.314805 9.9982E-05 0.00435511 0.0261796 0.65446 9.9982E-05
0.00665202 0.234129 9.9982E-05 0.00236111 9.9982E-05 0.756658
9.9964E-05 0.159439 9.9964E-05 9.9964E-05 9.9964E-05 0.840162
0.0285058 0.618491 9.9973E-05 9.9973E-05 9.9973E-05 0.352703
0.00731106 9.9973E-05 9.9973E-05 9.9973E-05 0.0247407 0.967648
0.509214 0.384277 9.9982E-05 0.0470536 9.9982E-05 0.0592548
0.188986 9.9991E-05 0.104386 0.501557 0.158695 0.0462768
9.9982E-05 0.0404989 0.00483122 9.9982E-05 0.04815 0.90632
9.9964E-05 0.350954 9.9964E-05 9.9964E-05 9.9964E-05 0.648647
9.996E-05 9.996E-05 9.996E-05 9.996E-05 0.9995 9.996E-05
9.9973E-05 0.0863561 9.9973E-05 0.00754824 9.9973E-05 0.905796
9.9964E-05 0.445514 9.9964E-05 9.9964E-05 9.9964E-05 0.554087
9.9964E-05 0.096863 9.9964E-05 9.9964E-05 9.9964E-05 0.902737
0.15979 0.555216 0.00449071 9.9982E-05 9.9982E-05 0.280303
0.157335 0.523418 9.9982E-05 0.0112622 9.9982E-05 0.307785
0.3537 0.443022 9.9973E-05 9.9973E-05 9.9973E-05 0.202978
0.603501 0.29263 0.0114681 9.9982E-05 9.9982E-05 0.0922002
9.9973E-05 0.278472 9.9973E-05 9.9973E-05 0.0104881 0.71074
9.9982E-05 0.0535071 9.9982E-05 0.00451853 0.00762745 0.934147
9.9982E-05 0.214686 9.9982E-05 0.0174701 0.00642704 0.761216
0.0658122 0.0107451 0.0651609 0.848644 0.00687233 0.00276573
0.0760153 9.9973E-05 9.9973E-05 9.9973E-05 0.0233337 0.900351
0.0173248 0.00825978 0.0132457 0.960093 0.000976325 9.9991E-05
9.9973E-05 0.231576 9.9973E-05 9.9973E-05 0.000625116 0.767499
9.99639E-05 9.99639E-05 9.99639E-05 9.99639E-05 0.951587 0.0480132
0.0520702 0.764545 9.9982E-05 9.9982E-05 0.0126159 0.170569
0.316954 0.548198 0.00806537 9.9982E-05 9.9982E-05 0.126582
0.166135 0.601165 0.0387974 9.9991E-05 0.0259131 0.16789
9.9973E-05 0.344099 9.9973E-05 9.9973E-05 0.00285961 0.652741
0.260309 0.405058 9.9991E-05 0.0259448 0.00841177 0.300177
0.0138081 9.9973E-05 9.9973E-05 0.000761588 9.9973E-05 0.98513
9.9982E-05 0.425302 0.0085698 9.9982E-05 0.0263786 0.539549
0.642663 9.9991E-05 0.0250338 0.0051868 0.0105006 0.316516
0.116881 0.109755 0.0023238 0.0124017 9.9991E-05 0.758538
0.0188755 0.0761608 0.0145279 9.9982E-05 9.9982E-05 0.890236
9.99729E-05 9.99729E-05 9.99729E-05 0.00250109 0.971096 0.0261034
0.693843 0.123252 9.9991E-05 0.0125229 0.0555471 0.114735
9.9964E-05 0.0245627 9.9964E-05 9.9964E-05 0.975037 9.9964E-05
9.9964E-05 0.22117 9.9964E-05 9.9964E-05 9.9964E-05 0.77843
0.631467 0.0549309 0.0108342 9.9991E-05 0.0720421 0.230626
0.694673 0.0043111 9.9991E-05 0.00936259 0.0282306 0.263323
9.9973E-05 0.168121 9.9973E-05 0.0271972 9.9973E-05 0.804382
9.996E-05 9.996E-05 9.996E-05 9.996E-05 9.996E-05 0.9995
9.9964E-05 9.9964E-05 9.9964E-05 0.982949 0.0166508 9.9964E-05
0.795774 0.171775 9.9973E-05 9.9973E-05 0.0321508 9.9973E-05
9.9964E-05 0.201746 9.9964E-05 9.9964E-05 9.9964E-05 0.797854
0.364942 9.9991E-05 0.0321199 0.0397133 0.412718 0.150407
0.0421789 9.9973E-05 9.9973E-05 0.00306999 9.9973E-05 0.954451
9.996E-05 9.996E-05 0.9995 9.996E-05 9.996E-05 9.996E-05
0.0474188 0.0328041 0.00963789 0.00733413 9.9991E-05 0.902705
0.221077 9.9982E-05 0.61345 0.0273895 9.9982E-05 0.137883
0.0392469 0.675904 0.00541697 0.0291897 0.0162553 0.233987
0.0516174 9.9964E-05 9.9964E-05 9.9964E-05 9.9964E-05 0.947983
0.00866933 9.9973E-05 0.00416991 9.9973E-05 9.9973E-05 0.986861
0.690428 0.255823 9.9982E-05 9.9982E-05 0.00670994 0.0468397
0.113436 9.9982E-05 0.00408247 9.9982E-05 0.000250456 0.882032
9.9964E-05 0.0129148 9.9964E-05 9.9964E-05 0.986685 9.9964E-05
9.9964E-05 9.9964E-05 9.9964E-05 0.00528894 9.9964E-05 0.994311
9.996E-05 9.996E-05 0.9995 9.996E-05 9.996E-05 9.996E-05
9.9964E-05 9.9964E-05 0.00128914 9.9964E-05 9.9964E-05 0.998311
0.122077 0.590713 0.000446903 9.9991E-05 0.0347072 0.251955
0.095163 0.444097 0.0113503 0.0218394 9.9991E-05 0.42745
0.671699 0.263045 9.9982E-05 9.9982E-05 0.00258668 0.0624685
0.435938 0.21497 0.00822711 0.0236919 0.00150645 0.315667
0.670072 0.113671 9.9991E-05 0.0578529 0.000477461 0.157826
9.996E-05 9.996E-05 9.996E-05 9.996E-05 9.996E-05 0.9995
9.9973E-05 0.500179 9.9973E-05 9.9973E-05 0.0537182 0.445803
9.9973E-05 0.0321804 0.00229573 9.9973E-05 9.9973E-05 0.965224
0.255324 0.3568 9.9991E-05 0.0284273 0.0549618 0.304387
0.394372 0.512441 9.9973E-05 9.9973E-05 9.9973E-05 0.0928872
0.0348572 0.0307642 0.00939541 9.9991E-05 0.0103966 0.914487
9.9973E-05 0.409114 9.9973E-05 0.00484797 9.9973E-05 0.585738
9.9982E-05 0.184326 9.9982E-05 0.00466768 0.00950899 0.801297
0.0576235 9.9973E-05 9.9973E-05 9.9973E-05 0.00161911 0.940458
0.526517 9.9991E-05 0.0253391 0.0157941 0.0431647 0.389085
0.153208 0.4242 9.9982E-05 0.00906025 9.9982E-05 0.413332
0.230642 0.260344 0.0235109 9.9991E-05 0.0172819 0.468121
0.0412426 0.020929 0.901514 0.0134853 0.0227296 9.9991E-05
0.0890634 9.9973E-05 9.9973E-05 9.9973E-05 0.00242778 0.908209
0.0224775 9.9964E-05 9.9964E-05 9.9964E-05 9.9964E-05 0.977123
9.9973E-05 0.0666367 0.011304 9.9973E-05 9.9973E-05 0.921759
9.99639E-05 9.99639E-05 9.99639E-05 9.99639E-05 0.97012 0.0294804
0.0169491 0.184517 0.00900979 9.9991E-05 0.00439626 0.785028
0.703411 0.173784 9.9973E-05 9.9973E-05 9.9973E-05 0.122505
0.0235195 0.443636 9.9991E-05 0.0028288 0.00767422 0.522241
0.0101655 9.9982E-05 0.000250783 0.0020977 9.9982E-05 0.987286
0.0972251 0.0433141 9.9982E-05 9.9982E-05 0.0114508 0.84781
0.00137008 9.9964E-05 9.9964E-05 9.9964E-05 9.9964E-05 0.99823
0.640579 0.230893 9.9982E-05 0.0164852 9.9982E-05 0.111843
0.12798 9.9991E-05 0.783884 0.0311099 0.0359581 0.0209687
0.792681 0.20692 9.9964E-05 9.9964E-05 9.9964E-05 9.9964E-05
9.9973E-05 0.339553 9.9973E-05 0.0273997 9.9973E-05 0.632747
0.0408409 9.9973E-05 0.942104 0.0167547 9.9973E-05 9.9973E-05
0.0705958 0.213727 0.0103175 9.9991E-05 0.0370927 0.668167
9.9964E-05 0.576059 9.9964E-05 9.9964E-05 9.9964E-05 0.423541
0.0761655 9.9991E-05 0.00775418 0.00791359 0.033142 0.874925
0.00337713 9.9964E-05 9.9964E-05 9.9964E-05 9.9964E-05 0.996223
0.0504102 9.9991E-05 0.00438078 0.00798663 0.000296086 0.936826
0.246409 0.197085 9.9973E-05 9.9973E-05 9.9973E-05 0.556206
9.99639E-05 9.99639E-05 9.99639E-05 9.99639E-05 0.940753 0.0588474
9.9964E-05 9.9964E-05 9.9964E-05 0.00329969 9.9964E-05 0.9963
0.320813 0.606209 9.9973E-05 9.9973E-05 9.9973E-05 0.0726784
9.9964E-05 0.427793 9.9964E-05 9.9964E-05 9.9964E-05 0.571807
9.9973E-05 9.9973E-05 0.0145966 9.9973E-05 0.967384 0.0177197
0.47982 0.431888 9.9973E-05 9.9973E-05 9.9973E-05 0.0879918
0.757581 9.9973E-05 0.0434609 9.9973E-05 9.9973E-05 0.198658
0.264283 0.445661 9.9982E-05 9.9982E-05 0.034296 0.25556
9.9964E-05 9.9964E-05 9.9964E-05 9.9964E-05 0.903787 0.0958135
9.9964E-05 0.391852 9.9964E-05 9.9964E-05 9.9964E-05 0.607748
9.996E-05 9.996E-05 0.9995 9.996E-05 9.996E-05 9.996E-05
9.9982E-05 0.314084 0.000739574 0.00631944 9.9982E-05 0.678657
9.9973E-05 0.0542713 9.9973E-05 0.0126744 9.9973E-05 0.932754
9.996E-05 9.996E-05 0.9995 9.996E-05 9.996E-05 9.996E-05
9.9964E-05 0.0788576 9.9964E-05 9.9964E-05 9.9964E-05 0.920743
0.0241297 0.0297789 0.0203321 0.894883 0.0115913 0.0192855
0.101605 0.588526 9.9982E-05 0.00405313 9.9982E-05 0.305616
0.0381161 9.9973E-05 9.9973E-05 9.9973E-05 0.0178934 0.943691
0.657969 0.176129 0.00440646 9.9991E-05 0.065671 0.0957245
0.046621 0.18035 0.0151516 9.9982E-05 9.9982E-05 0.757678
0.0335218 9.9982E-05 0.926073 0.0276267 9.9982E-05 0.0125789
0.0924357 0.521582 0.0128441 9.9982E-05 9.9982E-05 0.372938
