9.9973E-05 0.751673 9.9973E-05 9.9973E-05 0.232033 0.0159942
9.9964E-05 0.950297 0.049303 9.9964E-05 9.9964E-05 9.9964E-05
9.9973E-05 0.97073 0.0164654 0.0125046 9.9973E-05 9.9973E-05
0.00772401 0.723858 0.031968 9.9991E-05 0.225747 0.010603
9.9991E-05 0.259885 0.270408 0.0318947 0.435406 0.00230682
9.999E-05 0.207388 0.70104 0.0184127 0.0571741 0.0158854
9.9973E-05 0.133743 0.457538 9.9973E-05 0.408419 9.9973E-05
9.9982E-05 0.138986 0.328932 0.00939847 0.522483 9.9982E-05
0.0130446 0.926168 0.0303398 0.00300314 0.0155253 0.0119188
9.9964E-05 0.858631 9.9964E-05 9.9964E-05 0.140969 9.9964E-05
9.999E-05 0.362195 0.0223381 0.0149597 0.578351 0.0220561
9.999E-05 0.188706 0.11306 0.0217039 0.670069 0.0063604
9.9973E-05 0.394768 0.0341474 9.9973E-05 0.570784 9.9973E-05
9.9973E-05 0.114229 0.864681 9.9973E-05 0.0207894 9.9973E-05
9.9973E-05 0.677987 9.9973E-05 9.9973E-05 0.321217 0.000495978
0.00159602 0.522762 0.315605 9.9982E-05 0.159837 9.9982E-05
9.9973E-05 0.209806 0.204085 9.9973E-05 0.58581 9.9973E-05
0.0224824 0.177445 0.329503 0.0186658 9.9991E-05 0.451804
0.00532809 0.965169 0.0292027 9.9973E-05 9.9973E-05 9.9973E-05
0.0200785 0.109317 0.406025 0.0277271 0.436752 9.9991E-05
0.000436291 0.956227 0.00456769 0.0139177 0.0247509 9.9991E-05
9.9982E-05 0.333501 0.0126443 0.0182524 0.635403 9.9982E-05
9.9982E-05 0.429258 0.0516282 0.0246282 0.494286 9.9982E-05
9.9982E-05 9.9982E-05 0.0176367 0.888782 0.0808596 0.012522
9.9973E-05 0.472984 9.9973E-05 0.0135344 0.513181 9.9973E-05
0.00131697 0.250234 0.252778 9.9982E-05 0.495471 9.9982E-05
9.9982E-05 0.967239 9.9982E-05 0.000729296 0.0310205 0.0008113
9.9964E-05 0.868112 9.9964E-05 9.9964E-05 0.131488 9.9964E-05
9.996E-05 0.9995 9.996E-05 9.996E-05 9.996E-05 9.996E-05
9.9982E-05 0.152967 0.691928 0.0193062 0.135599 9.9982E-05
9.9964E-05 0.939839 0.0597612 9.9964E-05 9.9964E-05 9.9964E-05
9.9964E-05 0.966316 0.0332844 9.9964E-05 9.9964E-05 9.9964E-05
0.00160766 0.160841 0.70213 9.9991E-05 0.134954 0.00036744
9.9973E-05 0.962206 0.0315731 0.0059207 9.9973E-05 9.9973E-05
0.0086657 0.221495 0.369445 9.9982E-05 0.400194 9.9982E-05
9.9964E-05 0.723644 9.9964E-05 9.9964E-05 0.275956 9.9964E-05
0.0285919 0.0864666 0.306279 9.9982E-05 0.578462 9.9982E-05
9.9982E-05 9.9982E-05 0.574793 0.00463822 0.410075 0.0102934
0.000404029 0.325761 0.0541912 0.0454872 0.572622 0.00153379
0.00339586 0.102146 0.680636 0.018228 0.181528 0.0140666
0.00895157 0.962478 0.0137944 0.014576 9.9982E-05 9.9982E-05
9.9964E-05 0.863289 9.9964E-05 9.9964E-05 0.136311 9.9964E-05
0.00784838 0.840525 9.9982E-05 9.9982E-05 0.148842 0.00258374
9.9982E-05 0.810641 0.0430159 9.9982E-05 0.129549 0.0165945
9.996E-05 9.996E-05 9.996E-05 9.996E-05 9.996E-05 0.9995
9.9973E-05 0.898033 0.0503678 9.9973E-05 0.0512991 9.9973E-05
9.9964E-05 0.937973 9.9964E-05 9.9964E-05 0.0616273 9.9964E-05
9.996E-05 9.996E-05 9.996E-05 9.996E-05 9.996E-05 0.9995
9.9964E-05 0.738656 9.9964E-05 9.9964E-05 0.260944 9.9964E-05
0.0104841 0.545627 9.9973E-05 9.9973E-05 0.443589 9.9973E-05
9.9964E-05 0.808696 9.9964E-05 9.9964E-05 0.190904 9.9964E-05
9.9973E-05 0.66105 9.9973E-05 0.00452508 0.334125 9.9973E-05
0.01241 0.522585 0.418394 0.0143463 9.9991E-05 0.0321644
9.9982E-05 0.39838 0.13009 0.0538251 0.417505 9.9982E-05
0.0195313 0.767135 0.178065 0.0350682 9.9982E-05 9.9982E-05
9.9982E-05 0.973521 9.9982E-05 0.00186072 0.0171096 0.00730836
0.000387377 0.971493 0.023847 9.9982E-05 9.9982E-05 0.00407232
9.9973E-05 0.82265 9.9973E-05 9.9973E-05 0.163844 0.0132056
9.9964E-05 0.830001 9.9964E-05 9.9964E-05 0.169599 9.9964E-05
9.9973E-05 0.970604 0.0127782 9.9973E-05 0.0163178 9.9973E-05
0.0128329 9.99731E-05 0.124008 0.862859 9.99731E-05 9.99731E-05
0.0136997 0.976867 9.9973E-05 0.00913343 9.9973E-05 9.9973E-05
0.0249779 0.410123 0.127236 0.0339772 0.398201 0.00548556
9.9973E-05 0.975824 9.9973E-05 9.9973E-05 0.00679067 0.017085
0.0036495 0.968244 0.027807 9.9973E-05 9.9973E-05 9.9973E-05
9.9982E-05 0.757457 9.9982E-05 0.00365654 0.231575 0.00711091
9.9964E-05 0.738263 9.9964E-05 9.9964E-05 0.261337 9.9964E-05
0.00031775 0.219603 0.13107 0.0147274 0.634182 9.9991E-05
9.996E-05 9.996E-05 9.996E-05 9.996E-05 9.996E-05 0.9995
0.00136787 0.321996 0.182552 0.0191838 0.4748 9.9991E-05
0.0211589 0.819329 0.131092 0.0174922 9.9991E-05 0.0108279
0.00325559 0.882409 9.9991E-05 0.0146529 0.0920563 0.0075263
9.9973E-05 0.921998 0.0469438 0.0307578 9.9973E-05 9.9973E-05
0.0105068 0.988721 9.9973E-05 0.000472307 9.9973E-05 9.9973E-05
9.9973E-05 0.901327 0.0685905 9.9973E-05 9.9973E-05 0.0297826
0.00159907 0.992429 9.9973E-05 9.9973E-05 0.00567166 9.9973E-05
9.9982E-05 0.222855 0.279458 0.000603434 0.496884 9.9982E-05
9.9964E-05 0.976005 9.9964E-05 9.9964E-05 0.0235956 9.9964E-05
9.9982E-05 9.9982E-05 0.285164 0.68372 0.0194116 0.0115046
9.9973E-05 0.671438 9.9973E-05 0.0107688 0.317493 9.9973E-05
0.00427593 0.97083 9.9991E-05 0.00034588 0.0215279 0.00292018
0.0689994 0.0892624 0.371386 0.0760705 9.9991E-05 0.394182
0.0157335 0.41293 0.523656 0.00881915 9.9991E-05 0.0387613
0.00476268 0.449568 0.22786 9.9991E-05 0.306698 0.011012
0.011409 0.883275 9.9982E-05 9.9982E-05 0.102109 0.00300655
9.9973E-05 0.933514 0.0579952 0.00819079 9.9973E-05 9.9973E-05
0.9995 9.996E-05 9.996E-05 9.996E-05 9.996E-05 9.996E-05
9.99639E-05 0.674202 9.99639E-05 9.99639E-05 0.325398 9.99639E-05
9.9964E-05 0.698567 9.9964E-05 9.9964E-05 0.301034 9.9964E-05
9.9973E-05 0.352068 0.0470914 9.9973E-05 0.60054 9.9973E-05
0.020786 0.29558 0.00653245 0.00830765 0.668694 9.9991E-05
9.9973E-05 0.253455 0.0201425 9.9973E-05 0.726102 9.9973E-05
9.9964E-05 0.986913 0.0126872 9.9964E-05 9.9964E-05 9.9964E-05
9.9964E-05 0.700622 9.9964E-05 9.9964E-05 0.298978 9.9964E-05
9.9964E-05 0.939774 9.9964E-05 9.9964E-05 0.0598264 9.9964E-05
9.9964E-05 0.561308 9.9964E-05 9.9964E-05 0.438292 9.9964E-05
9.9982E-05 0.115133 0.769629 9.9982E-05 0.0993368 0.0157009
9.9973E-05 0.934108 0.0639718 0.00162004 9.9973E-05 9.9973E-05
9.9982E-05 0.345668 0.118545 0.0611994 0.474387 9.9982E-05
0.00512556 0.427023 0.0639807 9.9991E-05 0.478714 0.0250566
9.9982E-05 9.9982E-05 0.10938 0.84764 0.032273 0.0105072
9.9973E-05 0.964528 0.0131342 9.9973E-05 0.0220379 9.9973E-05
9.996E-05 0.9995 9.996E-05 9.996E-05 9.996E-05 9.996E-05
9.9982E-05 0.167739 0.0667286 9.9982E-05 0.735485 0.0298479
9.996E-05 9.996E-05 9.996E-05 9.996E-05 9.996E-05 0.9995
0.0095922 0.173125 0.0573447 9.9991E-05 0.747489 0.012349
9.9973E-05 0.832199 9.9973E-05 0.0400291 0.127472 9.9973E-05
0.00250765 0.917972 0.0519484 0.0273716 9.9982E-05 9.9982E-05
9.9964E-05 0.29072 9.9964E-05 9.9964E-05 0.70888 9.9964E-05
9.996E-05 9.996E-05 9.996E-05 9.996E-05 9.996E-05 0.9995
0.00459328 9.9982E-05 0.326321 0.635721 9.9982E-05 0.0331648
9.9973E-05 0.74999 9.9973E-05 9.9973E-05 0.241686 0.00802473
9.9964E-05 0.848187 9.9964E-05 9.9964E-05 0.151413 9.9964E-05
9.9964E-05 0.373358 9.9964E-05 9.9964E-05 0.626242 9.9964E-05
0.00221523 0.969508 0.00821628 0.0198606 9.9982E-05 9.9982E-05
9.9982E-05 0.038666 0.539172 9.9982E-05 0.387094 0.034868
0.0956443 0.0218986 0.201006 0.145709 0.0174644 0.518278
0.00317576 0.907194 9.9982E-05 0.0402216 0.0492087 9.9982E-05
9.9964E-05 0.667873 9.9964E-05 9.9964E-05 0.331727 9.9964E-05
9.996E-05 9.996E-05 9.996E-05 0.9995 9.996E-05 9.996E-05
9.9973E-05 0.903209 9.9973E-05 9.9973E-05 0.0913698 0.00512175
9.9964E-05 0.564575 9.9964E-05 9.9964E-05 0.435025 9.9964E-05
9.9964E-05 0.892907 9.9964E-05 9.9964E-05 0.106693 9.9964E-05
0.00943952 0.295238 0.153867 9.9982E-05 0.541255 9.9982E-05
9.9982E-05 0.340059 0.123365 9.9982E-05 0.515327 0.0210494
9.9973E-05 0.198877 0.344714 9.9973E-05 0.456109 9.9973E-05
0.0132102 0.0694646 0.599164 9.9982E-05 0.317962 9.9982E-05
9.9973E-05 0.72066 9.9973E-05 0.00907187 0.269968 9.9973E-05
9.9982E-05 0.942244 9.9982E-05 0.0112298 0.040289 0.00603767
9.9982E-05 0.766766 9.9982E-05 0.0119018 0.202124 0.0190081
0.0597226 9.9991E-05 0.060803 0.00233192 0.000948934 0.876094
9.9973E-05 0.89187 0.0891483 0.0186814 9.9973E-05 9.9973E-05
0.0136541 9.9991E-05 0.0106846 0.00345389 0.000924734 0.971183
9.9973E-05 0.777918 9.9973E-05 0.00376846 0.218014 9.9973E-05
9.99639E-05 0.033377 9.99639E-05 0.966223 9.99639E-05 9.99639E-05
9.99876E-05 0.179811 0.0549011 0.00502806 0.76006 9.99876E-05
0.00570274 0.113391 0.306972 9.9982E-05 0.573735 9.9982E-05
0.0418845 0.173908 0.142298 0.0229055 0.618905 9.9991E-05
9.9973E-05 0.658413 9.9973E-05 0.0178038 0.323483 9.9973E-05
9.9991E-05 0.303553 0.241226 0.0155063 0.41389 0.0257241
9.9964E-05 0.980456 0.0191437 9.9964E-05 9.9964E-05 9.9964E-05
9.9982E-05 0.544604 9.9982E-05 0.0146569 0.433376 0.00716302
0.0265419 0.288428 0.677839 0.0041768 9.9991E-05 0.00291421
9.9982E-05 0.768363 0.109631 9.9982E-05 0.10919 0.0126159
0.0108472 0.901033 0.0100035 0.00843878 0.0660288 0.0036483
9.99729E-05 0.0323022 9.99729E-05 0.962349 9.99729E-05 0.00504928
9.9991E-05 0.115365 0.705427 0.0480372 0.126807 0.00426333
9.9964E-05 9.9964E-05 9.9964E-05 0.970534 0.0290665 9.9964E-05
9.9964E-05 0.773799 9.9964E-05 9.9964E-05 0.225801 9.9964E-05
0.00371371 0.215025 0.660309 0.0710072 0.0498452 9.9991E-05
9.9991E-05 0.240294 0.71386 0.0390117 0.00421606 0.00251751
9.9973E-05 0.822653 9.9973E-05 9.9973E-05 0.155121 0.0219252
9.9964E-05 0.983597 0.0160027 9.9964E-05 9.9964E-05 9.9964E-05
9.9964E-05 9.9964E-05 9.9964E-05 0.000606351 9.9964E-05 0.998994
9.9973E-05 9.9973E-05 0.78055 0.0346539 0.184497 9.9973E-05
9.9964E-05 0.808451 9.9964E-05 9.9964E-05 0.191149 9.9964E-05
0.0195774 0.141199 0.38385 0.405283 9.9991E-05 0.04999
9.9973E-05 0.955586 0.0354367 9.9973E-05 9.9973E-05 0.00867741
0.9995 9.996E-05 9.996E-05 9.996E-05 9.996E-05 9.996E-05
0.0127458 0.875285 0.0689076 9.9991E-05 0.0303735 0.0125882
0.620396 0.127595 0.224935 9.9982E-05 9.9982E-05 0.0268739
0.0101216 0.236761 0.018407 0.0175867 0.694048 0.0230759
0.00192505 0.930408 0.0673673 9.9973E-05 9.9973E-05 9.9973E-05
0.00517037 0.99443 9.9964E-05 9.9964E-05 9.9964E-05 9.9964E-05
9.9982E-05 0.0383655 0.683607 0.000721112 0.277107 9.9982E-05
0.000125238 0.90496 0.0932201 0.0014942 9.9982E-05 9.9982E-05
9.9964E-05 9.9964E-05 9.9964E-05 0.982333 0.0172673 9.9964E-05
9.9982E-05 0.987303 0.00440078 0.00403439 9.9982E-05 0.00406152
0.9995 9.996E-05 9.996E-05 9.996E-05 9.996E-05 9.996E-05
9.996E-05 0.9995 9.996E-05 9.996E-05 9.996E-05 9.996E-05
9.9982E-05 0.276198 0.132347 0.0339313 0.557324 9.9982E-05
0.0103255 0.451909 0.0643714 9.9991E-05 0.455878 0.0174165
9.9973E-05 0.0635514 0.644053 9.9973E-05 0.292096 9.9973E-05
0.0112321 0.321093 0.426446 0.00416325 0.213309 0.0237561
9.9991E-05 0.133399 0.671087 0.00338801 0.135275 0.0567515
9.996E-05 0.9995 9.996E-05 9.996E-05 9.996E-05 9.996E-05
9.9982E-05 0.450821 9.9982E-05 0.0504624 0.493808 0.0047089
0.00329067 0.95546 9.9982E-05 0.000712064 0.0403369 9.9982E-05
9.9991E-05 0.303409 0.2614 0.052731 0.348761 0.0335981
0.00290058 0.0793412 0.3879 9.9982E-05 0.529658 9.9982E-05
0.0162316 0.886294 0.0514205 0.0148661 0.0310876 9.9991E-05
9.9973E-05 0.606439 9.9973E-05 9.9973E-05 0.392603 0.000658929
9.9982E-05 0.799002 9.9982E-05 0.017131 0.173446 0.0102215
9.9964E-05 0.919307 0.0802933 9.9964E-05 9.9964E-05 9.9964E-05
0.0196613 0.377232 0.54506 0.0423762 9.9991E-05 0.0155697
0.00520068 0.434889 0.134029 9.9991E-05 0.41447 0.0113113
0.0174437 0.465195 0.23496 0.0119186 0.270382 9.9991E-05
0.905877 9.9982E-05 0.0465921 0.0218171 0.0255135 9.9982E-05
9.9973E-05 0.889036 0.108964 0.0017008 9.9973E-05 9.9973E-05
9.9964E-05 0.970588 0.0290118 9.9964E-05 9.9964E-05 9.9964E-05
0.0159526 0.924614 9.9973E-05 9.9973E-05 0.0591334 9.9973E-05
9.99639E-05 0.0298099 9.99639E-05 0.96979 9.99639E-05 9.99639E-05
0.00798133 0.794752 0.0348045 0.00280475 0.159558 9.9991E-05
9.9973E-05 0.103097 0.711649 9.9973E-05 0.184954 9.9973E-05
9.9982E-05 0.514784 9.9982E-05 0.00881327 0.466766 0.00943627
0.00851958 0.977908 0.0132724 9.9973E-05 9.9973E-05 9.9973E-05
9.9973E-05 0.877388 0.079021 9.9973E-05 0.0432914 9.9973E-05
9.9964E-05 0.983234 0.0163657 9.9964E-05 9.9964E-05 9.9964E-05
9.9982E-05 0.082656 0.649577 9.9982E-05 0.242584 0.0249828
0.776525 0.0208653 0.121921 0.0341594 9.9991E-05 0.0464294
9.9964E-05 9.9964E-05 0.803305 9.9964E-05 0.196295 9.9964E-05
9.9973E-05 0.648712 9.9973E-05 9.9973E-05 0.329268 0.0217204
0.969105 0.0133096 9.9973E-05 9.9973E-05 9.9973E-05 0.0172856
0.0172436 0.681594 0.0519878 0.0357818 0.213293 9.9991E-05
9.9964E-05 0.421965 9.9964E-05 9.9964E-05 0.577635 9.9964E-05
0.0013072 0.894821 0.0776338 0.0260379 9.9982E-05 9.9982E-05
9.9973E-05 0.972363 0.0253177 9.9973E-05 9.9973E-05 0.00201932
9.9973E-05 0.939094 0.0457237 9.9973E-05 9.9973E-05 0.0148821
9.9973E-05 0.536422 0.269454 9.9973E-05 0.193824 9.9973E-05
9.99639E-05 0.0569651 9.99639E-05 0.942635 9.99639E-05 9.99639E-05
9.9964E-05 0.996682 9.9964E-05 9.9964E-05 9.9964E-05 0.00291864
9.9973E-05 0.0767803 0.333749 9.9973E-05 0.589171 9.9973E-05
9.9964E-05 0.579099 9.9964E-05 9.9964E-05 0.420501 9.9964E-05
0.0148926 0.00754413 9.9973E-05 0.977263 9.9973E-05 9.9973E-05
9.9973E-05 0.0607878 0.526038 9.9973E-05 0.412875 9.9973E-05
0.0343871 0.180379 0.783327 9.9982E-05 9.9982E-05 0.00170677
9.9982E-05 0.242543 0.270544 0.0321357 0.454577 9.9982E-05
9.9973E-05 0.0844673 9.9973E-05 0.914997 9.9973E-05 0.000236252
9.9964E-05 0.618304 9.9964E-05 9.9964E-05 0.381296 9.9964E-05
0.9995 9.996E-05 9.996E-05 9.996E-05 9.996E-05 9.996E-05
0.00789504 0.673432 9.9982E-05 9.9982E-05 0.317797 0.000676304
9.9973E-05 0.949987 9.9973E-05 9.9973E-05 0.0409826 0.00873002
0.993349 9.9964E-05 9.9964E-05 9.9964E-05 0.00625135 9.9964E-05
9.9964E-05 0.91559 9.9964E-05 9.9964E-05 0.0840106 9.9964E-05
0.014017 0.0149272 0.0487342 0.0174872 0.0163974 0.888437
9.9982E-05 0.348455 0.0776994 9.9982E-05 0.56754 0.00610649
9.9982E-05 0.935065 0.0363964 0.0218544 0.00648388 9.9982E-05
0.00400671 0.0948036 0.649548 0.0638438 0.187698 9.9991E-05
0.014089 0.777872 0.0181558 9.9991E-05 0.189188 0.000595247
0.908082 9.9973E-05 0.0712282 9.9973E-05 9.9973E-05 0.02039
0.0120094 0.405792 0.0646742 0.00868471 0.50874 9.9991E-05
