9.9964E-05 0.0172771 9.9964E-05 0.57024 0.0269053 0.0143739 0.370804 9.9964E-05 9.9964E-05
9.9946E-05 9.9946E-05 9.9946E-05 0.970528 0.0256239 9.9946E-05 9.9946E-05 0.00324807 9.9946E-05
9.9955E-05 9.9955E-05 0.00631004 0.947594 9.9955E-05 9.9955E-05 0.0203399 9.9955E-05 0.0252562
9.9964E-05 9.9964E-05 9.9964E-05 0.611651 9.9964E-05 0.00439648 0.166776 0.00200979 0.214768
9.9973E-05 0.0644923 0.0335292 0.0945043 0.245594 9.9973E-05 0.354594 9.9973E-05 0.206986
9.9955E-05 9.9955E-05 9.9955E-05 0.180183 0.655537 0.0130702 9.9955E-05 9.9955E-05 0.15071
9.9955E-05 0.41289 9.9955E-05 0.156216 0.317895 9.9955E-05 9.9955E-05 9.9955E-05 0.112499
9.99369E-05 9.99369E-05 9.99369E-05 0.00856508 9.99369E-05 9.99369E-05 9.99369E-05 9.99369E-05 0.990735
0.0118865 0.0275003 0.00490686 0.923539 9.9991E-05 0.0087792 0.00672001 0.00115479 0.0154136
9.9937E-05 9.9937E-05 9.9937E-05 0.730318 9.9937E-05 9.9937E-05 0.268983 9.9937E-05 9.9937E-05
9.9973E-05 0.362498 0.0122813 0.148726 9.9973E-05 0.0172295 0.379205 9.9973E-05 0.0797601
9.9955E-05 0.36856 0.00312481 9.9955E-05 0.123371 9.9955E-05 0.504445 9.9955E-05 9.9955E-05
9.9964E-05 0.244061 9.9964E-05 0.158676 0.0291294 9.9964E-05 0.50851 9.9964E-05 0.0592236
9.9964E-05 0.0139633 9.9964E-05 0.164911 0.791176 9.9964E-05 9.9964E-05 0.0210876 0.00846247
9.9946E-05 9.9946E-05 9.9946E-05 0.482492 9.9946E-05 9.9946E-05 0.380239 9.9946E-05 0.136669
9.9982E-05 0.0350333 9.9982E-05 0.424333 0.311215 0.00894286 0.205196 0.00836207 0.00671801
9.9964E-05 0.512822 9.9964E-05 0.158882 0.112293 9.9964E-05 0.0950917 9.9964E-05 0.120511
9.99639E-05 9.99639E-05 0.00502396 0.199421 0.238592 0.377608 9.99639E-05 0.178956 9.99639E-05
0.00775511 9.9946E-05 9.9946E-05 0.966339 0.0253061 9.9946E-05 9.9946E-05 9.9946E-05 9.9946E-05
0.0279004 0.22894 0.0168263 0.100897 0.187634 0.00361514 9.9982E-05 9.9982E-05 0.433988
0.00591952 9.9955E-05 0.000145305 0.866572 9.9955E-05 9.9955E-05 0.126863 9.9955E-05 9.9955E-05
9.9964E-05 0.459411 0.00874821 0.171868 9.9964E-05 9.9964E-05 0.261753 9.9964E-05 0.0978199
0.000778546 0.0921765 0.00610799 0.192849 0.0603531 9.9982E-05 0.516614 9.9982E-05 0.130921
9.9946E-05 9.9946E-05 0.886825 9.9946E-05 9.9946E-05 0.00246 9.9946E-05 9.9946E-05 0.110115
9.9964E-05 0.25046 0.0111153 0.254434 9.9964E-05 9.9964E-05 0.329984 9.9964E-05 0.153608
9.9946E-05 0.194128 9.9946E-05 0.196876 9.9946E-05 9.9946E-05 9.9946E-05 9.9946E-05 0.608397
9.9946E-05 9.9946E-05 9.9946E-05 0.848203 9.9946E-05 0.00265928 0.148538 9.9946E-05 9.9946E-05
9.9937E-05 9.9937E-05 9.9937E-05 0.711595 9.9937E-05 9.9937E-05 0.287705 9.9937E-05 9.9937E-05
9.9937E-05 9.9937E-05 9.9937E-05 0.968732 9.9937E-05 9.9937E-05 0.0305685 9.9937E-05 9.9937E-05
9.9973E-05 0.0602981 0.00190251 0.138493 0.617645 9.9973E-05 0.122004 0.0593569 9.9973E-05
9.9937E-05 9.9937E-05 9.9937E-05 0.952162 0.0471383 9.9937E-05 9.9937E-05 9.9937E-05 9.9937E-05
9.9946E-05 0.012164 9.9946E-05 0.981153 9.9946E-05 9.9946E-05 9.9946E-05 9.9946E-05 0.00608341
0.00815408 0.0133811 9.9964E-05 0.166864 0.586282 9.9964E-05 9.9964E-05 9.9964E-05 0.224919
9.9937E-05 9.9937E-05 9.9937E-05 0.985548 0.0137522 9.9937E-05 9.9937E-05 9.9937E-05 9.9937E-05
9.9973E-05 0.297225 9.9973E-05 0.175642 0.251854 9.9973E-05 0.113919 0.0158599 0.145201
9.9946E-05 9.9946E-05 9.9946E-05 0.49412 9.9946E-05 9.9946E-05 0.490242 9.9946E-05 0.0150379
0.0376581 0.457983 0.00815789 9.9964E-05 0.229285 9.9964E-05 0.266516 9.9964E-05 9.9964E-05
9.9964E-05 0.326462 0.00694919 9.9964E-05 0.427587 0.00963872 9.9964E-05 9.9964E-05 0.228963
9.9964E-05 0.0132807 0.0294806 0.0792288 9.9964E-05 9.9964E-05 0.394416 9.9964E-05 0.483194
0.0141953 9.9955E-05 9.9955E-05 0.00451778 0.764868 9.9955E-05 0.215919 9.9955E-05 9.9955E-05
9.9964E-05 0.000908711 0.0129063 0.949612 9.9964E-05 9.9964E-05 9.9964E-05 0.0109503 0.0252231
9.9955E-05 0.021997 9.9955E-05 0.779413 9.9955E-05 9.9955E-05 0.176779 9.9955E-05 0.0213114
9.9955E-05 9.9955E-05 9.9955E-05 0.697329 9.9955E-05 9.9955E-05 0.253847 0.0193884 0.0289363
9.9973E-05 9.9973E-05 9.9973E-05 0.641945 0.0504571 0.0266729 0.238925 0.0060203 0.0356794
9.993E-05 9.993E-05 9.993E-05 9.993E-05 9.993E-05 0.999201 9.993E-05 9.993E-05 9.993E-05
9.9955E-05 0.0649106 9.9955E-05 0.88469 0.000794084 9.9955E-05 9.9955E-05 9.9955E-05 0.0491058
9.9937E-05 9.9937E-05 9.9937E-05 0.813445 9.9937E-05 9.9937E-05 0.185856 9.9937E-05 9.9937E-05
9.993E-05 9.993E-05 9.993E-05 9.993E-05 9.993E-05 0.999201 9.993E-05 9.993E-05 9.993E-05
9.9946E-05 9.9946E-05 9.9946E-05 0.565428 9.9946E-05 9.9946E-05 0.418335 9.9946E-05 0.015637
9.9955E-05 0.164777 9.9955E-05 0.308999 9.9955E-05 9.9955E-05 0.49014 0.0355845 9.9955E-05
9.99459E-05 9.99459E-05 9.99459E-05 0.65422 9.99459E-05 9.99459E-05 0.259168 9.99459E-05 0.0860129
9.9964E-05 0.000747375 0.00137895 0.470933 9.9964E-05 9.9964E-05 0.475318 9.9964E-05 0.0512228
0.00610364 9.9973E-05 0.024882 0.527796 0.39159 0.0337541 9.9973E-05 0.0155735 9.9973E-05
9.9964E-05 9.9964E-05 0.0328 0.153381 0.206745 9.9964E-05 0.546892 9.9964E-05 0.0597822
0.0104413 9.9964E-05 0.0482716 0.794136 0.129675 9.9964E-05 9.9964E-05 0.0170765 9.9964E-05
9.9946E-05 9.9946E-05 9.9946E-05 0.886169 9.9946E-05 0.00517818 0.108053 9.9946E-05 9.9946E-05
9.9964E-05 0.00796107 9.9964E-05 0.95874 0.00986632 0.00672409 9.9964E-05 9.9964E-05 0.0163083
9.9973E-05 9.9973E-05 0.000833622 0.690928 0.00259411 0.00352787 0.235328 9.9973E-05 0.0664884
9.9937E-05 9.9937E-05 9.9937E-05 0.705022 9.9937E-05 9.9937E-05 0.294279 9.9937E-05 9.9937E-05
9.9955E-05 0.00291311 9.9955E-05 0.949689 9.9955E-05 9.9955E-05 0.0288546 9.9955E-05 0.0180437
0.0260472 0.0556581 0.834362 9.995E-05 0.0834326 9.995E-05 9.995E-05 9.995E-05 9.995E-05
0.00854253 0.0210865 0.00193089 0.964759 9.9964E-05 9.9964E-05 9.9964E-05 0.00328118 9.9964E-05
0.0292283 0.0247676 0.0221373 0.149772 0.203538 9.9973E-05 0.570257 9.9973E-05 9.9973E-05
9.9955E-05 0.0103808 9.9955E-05 0.927926 9.9955E-05 0.0151282 0.0460648 9.9955E-05 9.9955E-05
0.00312155 9.9946E-05 9.9946E-05 0.989974 0.00630483 9.9946E-05 9.9946E-05 9.9946E-05 9.9946E-05
0.00198998 9.9973E-05 9.9973E-05 0.596979 9.9973E-05 0.00977778 0.37363 0.000657129 0.0166669
9.9946E-05 0.0454847 9.9946E-05 0.605639 9.9946E-05 9.9946E-05 0.348277 9.9946E-05 9.9946E-05
9.9964E-05 0.757232 0.0372281 0.197932 9.9964E-05 9.9964E-05 0.00252372 0.00468454 9.9964E-05
9.993E-05 9.993E-05 9.993E-05 9.993E-05 9.993E-05 0.999201 9.993E-05 9.993E-05 9.993E-05
9.9955E-05 9.9955E-05 0.0069842 0.18756 9.9955E-05 9.9955E-05 0.143537 9.9955E-05 0.66142
9.99639E-05 9.99639E-05 0.0301547 0.837809 0.0873199 0.00433233 9.99639E-05 0.0399844 9.99639E-05
0.0142922 9.9955E-05 0.0125129 0.766296 9.9955E-05 9.9955E-05 0.206399 9.9955E-05 9.9955E-05
9.9955E-05 9.9955E-05 0.0351839 0.939332 0.022587 9.9955E-05 9.9955E-05 0.00239746 9.9955E-05
9.9946E-05 9.9946E-05 0.000311933 0.995087 9.9946E-05 9.9946E-05 9.9946E-05 0.00400116 9.9946E-05
0.00145098 9.9955E-05 9.9955E-05 0.93231 0.0444601 0.0212789 9.9955E-05 9.9955E-05 9.9955E-05
0.00389689 0.00584989 9.9955E-05 0.956007 9.9955E-05 9.9955E-05 0.0337461 9.9955E-05 9.9955E-05
9.9964E-05 0.331411 9.9964E-05 0.0695428 0.249595 9.9964E-05 0.337198 0.0118539 9.9964E-05
9.9955E-05 0.0344843 9.9955E-05 0.938789 9.9955E-05 9.9955E-05 0.0098832 9.9955E-05 0.0163437
9.9964E-05 0.0734311 0.678782 9.9964E-05 0.212618 0.00427787 9.9964E-05 0.0304904 9.9964E-05
9.9964E-05 9.9964E-05 0.0207542 0.462928 9.9964E-05 9.9964E-05 0.483498 0.0121725 0.0202479
9.9964E-05 9.9964E-05 0.0034039 0.877074 9.9964E-05 0.00975286 0.100405 0.00896436 9.9964E-05
9.997E-05 0.0196556 0.0498014 0.0603339 0.226792 0.316862 9.997E-05 0.326255 9.997E-05
0.0053268 9.9973E-05 0.00887111 0.452692 0.470986 0.0466361 9.9973E-05 0.0151875 9.9973E-05
9.9964E-05 9.9964E-05 9.9964E-05 0.339318 0.0965482 9.9964E-05 0.0930559 0.0182569 0.452421
0.00549489 9.9973E-05 9.9973E-05 0.775796 9.9973E-05 0.00628035 0.171127 0.00321218 0.0377898
9.9955E-05 0.00154411 0.013302 0.954465 0.0301894 9.9955E-05 9.9955E-05 9.9955E-05 9.9955E-05
0.999201 9.993E-05 9.993E-05 9.993E-05 9.993E-05 9.993E-05 9.993E-05 9.993E-05 9.993E-05
9.99549E-05 0.00230408 9.99549E-05 0.463744 9.99549E-05 0.00643756 0.527014 9.99549E-05 9.99549E-05
9.99369E-05 9.99369E-05 9.99369E-05 0.458411 9.99369E-05 9.99369E-05 0.54089 9.99369E-05 9.99369E-05
9.9955E-05 0.320178 9.9955E-05 0.138025 0.062597 9.9955E-05 0.4787 9.9955E-05 9.9955E-05
0.0134197 0.341671 0.0148299 0.0893357 9.9973E-05 9.9973E-05 0.461998 9.9973E-05 0.078446
9.9946E-05 0.790584 9.9946E-05 0.147219 9.9946E-05 9.9946E-05 0.0615977 9.9946E-05 9.9946E-05
9.9946E-05 9.9946E-05 0.0115026 0.985366 0.00253127 9.9946E-05 9.9946E-05 9.9946E-05 9.9946E-05
9.9946E-05 9.9946E-05 9.9946E-05 0.476652 9.9946E-05 9.9946E-05 0.492255 9.9946E-05 0.0304935
9.9937E-05 9.9937E-05 9.9937E-05 0.886386 9.9937E-05 9.9937E-05 0.112915 9.9937E-05 9.9937E-05
9.9955E-05 9.9955E-05 9.9955E-05 0.220524 0.0316374 9.9955E-05 0.711316 0.0360235 9.9955E-05
0.0059304 0.0774565 9.9973E-05 0.141363 0.7023 0.0193046 9.9973E-05 9.9973E-05 0.0533451
9.9955E-05 9.9955E-05 0.0112339 0.957736 0.0283908 0.00213993 9.9955E-05 9.9955E-05 9.9955E-05
9.9964E-05 0.010556 0.052166 0.0362062 0.235424 9.9964E-05 0.665248 9.9964E-05 9.9964E-05
0.00181615 9.9973E-05 9.9973E-05 0.228004 0.0102856 0.0120927 0.346738 9.9973E-05 0.400764
9.99551E-05 0.0342039 0.858207 9.99551E-05 0.0890385 0.0180507 9.99551E-05 9.99551E-05 9.99551E-05
9.9955E-05 0.0130097 9.9955E-05 0.939121 9.9955E-05 0.000346211 0.0470236 9.9955E-05 9.9955E-05
9.993E-05 9.993E-05 9.993E-05 0.999201 9.993E-05 9.993E-05 9.993E-05 9.993E-05 9.993E-05
9.99459E-05 0.285338 9.99459E-05 0.0377387 9.99459E-05 9.99459E-05 9.99459E-05 9.99459E-05 0.676324
9.993E-05 9.993E-05 9.993E-05 9.993E-05 9.993E-05 0.999201 9.993E-05 9.993E-05 9.993E-05
9.9964E-05 0.810177 9.9964E-05 0.0851257 9.9964E-05 0.00726686 0.0291967 9.9964E-05 0.0678338
9.9955E-05 9.9955E-05 0.0328184 0.697923 9.9955E-05 9.9955E-05 0.264695 0.00406421 9.9955E-05
9.9955E-05 9.9955E-05 0.0171184 0.930676 0.0363131 9.9955E-05 9.9955E-05 0.0153923 9.9955E-05
9.9955E-05 0.531383 9.9955E-05 0.125906 9.9955E-05 9.9955E-05 0.315143 9.9955E-05 0.0270682
9.993E-05 9.993E-05 9.993E-05 9.993E-05 9.993E-05 0.999201 9.993E-05 9.993E-05 9.993E-05
0.00246251 9.9964E-05 0.65681 9.9964E-05 0.307389 0.0302431 9.9964E-05 0.00269584 9.9964E-05
9.995E-05 0.138661 9.995E-05 0.660528 9.995E-05 0.00221116 0.198101 9.995E-05 9.995E-05
9.9946E-05 9.9946E-05 9.9946E-05 0.713453 9.9946E-05 9.9946E-05 0.279584 9.9946E-05 0.00636386
9.9955E-05 0.381252 9.9955E-05 0.181781 9.9955E-05 9.9955E-05 0.334382 9.9955E-05 0.102086
0.000389792 9.9964E-05 0.017843 0.958736 9.9964E-05 0.00226722 9.9964E-05 9.9964E-05 0.0203646
9.9973E-05 0.26336 9.9973E-05 0.0342396 0.303539 0.0413558 9.9973E-05 0.0311852 0.32602
9.9973E-05 9.9973E-05 0.129141 0.0109315 0.0709358 0.450796 0.0462659 0.291629 9.9973E-05
9.9955E-05 9.9955E-05 0.0280605 0.809987 9.9955E-05 9.9955E-05 0.155344 0.00610898 9.9955E-05
9.99549E-05 0.0886812 9.99549E-05 0.468583 9.99549E-05 9.99549E-05 0.398274 9.99549E-05 0.0439612
9.9937E-05 0.00463007 0.99467 9.9937E-05 9.9937E-05 9.9937E-05 9.9937E-05 9.9937E-05 9.9937E-05
9.9955E-05 0.0722334 9.9955E-05 0.850202 9.9955E-05 0.00264729 0.074417 9.9955E-05 9.9955E-05
9.9937E-05 9.9937E-05 9.9937E-05 0.270599 9.9937E-05 9.9937E-05 0.728702 9.9937E-05 9.9937E-05
9.9937E-05 9.9937E-05 9.9937E-05 0.741286 9.9937E-05 9.9937E-05 0.258015 9.9937E-05 9.9937E-05
9.9955E-05 0.649983 9.9955E-05 0.276906 9.9955E-05 9.9955E-05 9.9955E-05 0.02629 0.0463206
9.9982E-05 0.301582 9.9982E-05 0.192627 0.0599068 0.00847598 0.248346 0.00211206 0.18675
9.9955E-05 0.0295404 9.9955E-05 9.9955E-05 0.32902 9.9955E-05 0.450614 9.9955E-05 0.190326
0.0130945 0.302465 9.99639E-05 0.061861 0.550243 9.99639E-05 0.0719363 9.99639E-05 9.99639E-05
9.9964E-05 9.9964E-05 0.001565 0.505021 9.9964E-05 9.9964E-05 0.464618 0.0100602 0.018336
9.9955E-05 9.9955E-05 0.00326932 0.862336 9.9955E-05 0.00105939 0.132836 9.9955E-05 9.9955E-05
9.9955E-05 9.9955E-05 0.0124675 0.590299 9.9955E-05 0.0270953 0.369638 9.9955E-05 9.9955E-05
0.0472 0.0252589 0.000223536 0.00232233 0.0414594 0.845231 9.9982E-05 0.0381052 9.9982E-05
9.9964E-05 9.9964E-05 0.0211016 0.892715 0.0532609 9.9964E-05 0.031847 0.000675384 9.9964E-05
0.00532424 9.9964E-05 0.00499533 9.9964E-05 9.9964E-05 0.948408 0.00804528 0.0328277 9.9964E-05
9.9937E-05 9.9937E-05 9.9937E-05 0.590797 9.9937E-05 9.9937E-05 0.408503 9.9937E-05 9.9937E-05
9.99369E-05 9.99369E-05 0.941122 0.0581783 9.99369E-05 9.99369E-05 9.99369E-05 9.99369E-05 9.99369E-05
9.99459E-05 0.574846 0.00664997 9.99459E-05 9.99459E-05 9.99459E-05 0.417905 9.99459E-05 9.99459E-05
0.0151983 0.685429 9.9955E-05 0.127191 0.171682 9.9955E-05 9.9955E-05 9.9955E-05 9.9955E-05
0.0226356 0.449144 0.0162311 0.130544 9.9973E-05 9.9973E-05 0.023174 9.9973E-05 0.357971
9.9955E-05 9.9955E-05 0.00220817 0.447438 9.9955E-05 9.9955E-05 0.412346 9.9955E-05 0.137508
9.9982E-05 0.228336 0.00511319 0.193473 0.18073 0.0209711 0.162933 9.9982E-05 0.208243
9.9964E-05 9.9964E-05 0.000541804 0.925797 0.0110023 0.00168346 0.0605752 9.9964E-05 9.9964E-05
0.0088937 0.0986529 0.0108772 0.314445 9.9973E-05 0.00641722 0.560414 9.9973E-05 9.9973E-05
0.00671437 9.99549E-05 9.99549E-05 0.330384 0.623329 9.99549E-05 9.99549E-05 0.0390731 9.99549E-05
9.9964E-05 9.9964E-05 9.9964E-05 0.690068 0.0642645 0.0156644 0.123963 9.9964E-05 0.10564
0.00283126 9.9964E-05 9.9964E-05 0.769191 0.0251991 9.9964E-05 0.192231 0.0101487 9.9964E-05
9.99459E-05 9.99459E-05 0.967345 0.0275921 9.99459E-05 0.00446289 9.99459E-05 9.99459E-05 9.99459E-05
9.9973E-05 9.9973E-05 0.0435484 0.0625832 0.707204 0.00303663 0.134062 9.9973E-05 0.0492659
9.99371E-05 0.00875259 0.990548 9.99371E-05 9.99371E-05 9.99371E-05 9.99371E-05 9.99371E-05 9.99371E-05
9.9955E-05 9.9955E-05 0.0109023 0.575319 9.9955E-05 0.00882102 0.404458 9.9955E-05 9.9955E-05
0.0107692 9.9964E-05 0.0470999 0.197246 0.623617 9.9964E-05 0.120868 9.9964E-05 9.9964E-05
9.9964E-05 9.9964E-05 0.0246322 0.224422 0.666992 9.9964E-05 9.9964E-05 0.00815993 0.075394
9.9973E-05 0.00343961 9.9973E-05 0.693504 9.9973E-05 0.0188162 0.24708 0.00634913 0.0305108
9.9955E-05 0.00854718 9.9955E-05 0.975796 9.9955E-05 0.000124356 0.0150326 9.9955E-05 9.9955E-05
9.9937E-05 9.9937E-05 0.0074304 9.9937E-05 9.9937E-05 0.99187 9.9937E-05 9.9937E-05 9.9937E-05
9.99459E-05 0.213216 0.0364248 9.99459E-05 0.74976 9.99459E-05 9.99459E-05 9.99459E-05 9.99459E-05
9.99459E-05 9.99459E-05 9.99459E-05 0.643515 9.99459E-05 9.99459E-05 0.289031 9.99459E-05 0.0668545
9.99639E-05 9.99639E-05 0.417752 0.171864 0.319803 0.0316241 9.99639E-05 0.0585577 9.99639E-05
9.9964E-05 9.9964E-05 0.000570286 0.973138 0.014359 0.00378838 9.9964E-05 0.00774445 9.9964E-05
0.994931 9.9937E-05 0.00436984 9.9937E-05 9.9937E-05 9.9937E-05 9.9937E-05 9.9937E-05 9.9937E-05
9.9973E-05 9.9973E-05 9.9973E-05 0.802669 0.024299 0.00476003 0.10188 0.0228784 0.0432139
9.993E-05 9.993E-05 9.993E-05 9.993E-05 9.993E-05 9.993E-05 9.993E-05 0.999201 9.993E-05
0.00507111 0.421093 0.0189241 0.0175962 0.0315389 0.020498 0.481312 0.0038668 9.9991E-05
0.00557563 0.00406957 9.9955E-05 0.955539 0.0343157 9.9955E-05 9.9955E-05 9.9955E-05 9.9955E-05
9.9937E-05 9.9937E-05 9.9937E-05 0.983261 9.9937E-05 9.9937E-05 9.9937E-05 0.0160394 9.9937E-05
9.9973E-05 0.241932 0.00583802 0.0369552 0.520358 0.00841449 9.9973E-05 9.9973E-05 0.186203
0.000347199 9.9955E-05 9.9955E-05 0.905515 0.0908387 0.00279892 9.9955E-05 9.9955E-05 9.9955E-05
9.99371E-05 0.0330698 0.966231 9.99371E-05 9.99371E-05 9.99371E-05 9.99371E-05 9.99371E-05 9.99371E-05
9.9955E-05 9.9955E-05 0.00544163 0.978506 9.9955E-05 0.00432653 0.0112265 9.9955E-05 9.9955E-05
0.999201 9.993E-05 9.993E-05 9.993E-05 9.993E-05 9.993E-05 9.993E-05 9.993E-05 9.993E-05
9.9937E-05 9.9937E-05 9.9937E-05 0.981179 9.9937E-05 9.9937E-05 0.0181218 9.9937E-05 9.9937E-05
9.9973E-05 0.110639 0.0160854 9.9973E-05 0.203672 9.9973E-05 0.649278 0.0123118 0.0077141
9.9982E-05 0.129725 9.9982E-05 0.272404 0.0147056 0.0145115 0.328674 0.0213496 0.21843
9.9955E-05 0.146555 9.9955E-05 9.9955E-05 0.639869 9.9955E-05 0.210155 9.9955E-05 0.00292163
9.99639E-05 9.99639E-05 9.99639E-05 0.256427 0.282762 0.0162232 9.99639E-05 0.0176802 0.426507
9.997E-05 9.997E-05 9.997E-05 0.0986341 0.634807 0.050092 0.14455 0.0259726 0.0456444
9.9937E-05 0.0111207 9.9937E-05 0.98818 9.9937E-05 9.9937E-05 9.9937E-05 9.9937E-05 9.9937E-05
9.9973E-05 0.249768 0.0470604 0.236605 9.9973E-05 9.9973E-05 0.44479 0.00401241 0.0174636
0.00333175 9.9946E-05 9.9946E-05 0.863046 9.9946E-05 9.9946E-05 0.133023 9.9946E-05 9.9946E-05
9.9973E-05 9.9973E-05 0.042243 0.0639013 0.320362 0.0312755 0.504126 9.9973E-05 0.0377921
0.0123437 0.557433 9.996E-05 0.0596477 0.25751 9.996E-05 0.112666 9.996E-05 9.996E-05
0.00550805 9.9973E-05 0.0153027 0.831303 0.028303 9.9973E-05 0.104471 0.0148118 9.9973E-05
9.99549E-05 9.99549E-05 9.99549E-05 0.312188 9.99549E-05 0.0176708 0.641161 9.99549E-05 0.0284804
9.9955E-05 9.9955E-05 0.00182753 0.64047 9.9955E-05 0.00744187 0.349761 9.9955E-05 9.9955E-05
9.9955E-05 0.020116 9.9955E-05 0.905347 0.0505557 9.9955E-05 9.9955E-05 9.9955E-05 0.0234819
9.99549E-05 9.99549E-05 0.0410552 0.389595 0.49067 9.99549E-05 9.99549E-05 0.0781797 9.99549E-05
0.00436746 0.0681475 9.9982E-05 0.274997 0.0944858 0.00281835 0.357009 9.9982E-05 0.197975
0.00142581 9.9982E-05 0.0207619 0.344522 0.191233 9.9982E-05 0.197029 0.0199737 0.224855
0.716413 9.9955E-05 0.0192296 9.9955E-05 0.0180532 9.9955E-05 9.9955E-05 0.245804 9.9955E-05
9.9955E-05 9.9955E-05 0.00375044 0.931553 0.0638691 0.000327608 9.9955E-05 9.9955E-05 9.9955E-05
9.993E-05 9.993E-05 9.993E-05 0.975691 0.0236096 9.993E-05 9.993E-05 9.993E-05 9.993E-05
0.00818718 9.9973E-05 9.9973E-05 0.838972 0.00569605 0.00172155 0.133339 9.9973E-05 0.0117841
9.99459E-05 9.99459E-05 0.97812 0.0210661 9.99459E-05 9.99459E-05 9.99459E-05 0.000214587 9.99459E-05
0.0099499 9.9955E-05 9.9955E-05 0.643303 0.0510406 9.9955E-05 0.295207 9.9955E-05 9.9955E-05
9.9955E-05 0.0192174 9.9955E-05 0.0923328 0.572692 9.9955E-05 9.9955E-05 9.9955E-05 0.315258
9.9991E-05 0.130115 0.00911394 0.278974 0.0363417 0.0104443 0.472365 0.00442254 0.0581242
9.9955E-05 9.9955E-05 9.9955E-05 0.990143 9.9955E-05 0.0012188 9.9955E-05 0.00660628 0.00153195
9.9973E-05 0.0409438 0.016668 0.864369 0.0501991 9.9973E-05 0.00889788 9.9973E-05 0.0186219
9.9946E-05 0.000823685 9.9946E-05 0.997537 9.9946E-05 9.9946E-05 9.9946E-05 9.9946E-05 0.00103956
9.9973E-05 0.177858 9.9973E-05 0.103106 0.542683 0.0303639 0.0139184 9.9973E-05 0.13177
0.239353 9.99369E-05 9.99369E-05 9.99369E-05 9.99369E-05 9.99369E-05 9.99369E-05 0.759947 9.99369E-05
9.9937E-05 0.222042 9.9937E-05 9.9937E-05 0.777259 9.9937E-05 9.9937E-05 9.9937E-05 9.9937E-05
9.9964E-05 0.0655956 9.9964E-05 0.467082 9.9964E-05 0.016921 0.242985 9.9964E-05 0.207016
0.832982 9.9955E-05 9.9955E-05 9.9955E-05 0.0235994 0.011788 9.9955E-05 0.131131 9.9955E-05
9.9964E-05 9.9964E-05 0.0299918 0.484399 0.0947528 9.9964E-05 0.371682 0.0187742 9.9964E-05
9.99459E-05 0.385003 9.99459E-05 0.254421 9.99459E-05 9.99459E-05 0.359976 9.99459E-05 9.99459E-05
9.9973E-05 0.00678931 0.0315822 0.88966 0.0590689 0.00757791 9.9973E-05 0.00502161 9.9973E-05
9.9946E-05 9.9946E-05 9.9946E-05 0.98833 9.9946E-05 0.00634935 9.9946E-05 0.0047206 9.9946E-05
0.00404058 0.0109963 0.0110788 0.942366 0.0176881 0.0130329 9.9982E-05 9.9982E-05 0.000597187
9.9946E-05 9.9946E-05 9.9946E-05 0.369482 0.301871 9.9946E-05 0.328047 9.9946E-05 9.9946E-05
9.99369E-05 9.99369E-05 0.956083 0.0432178 9.99369E-05 9.99369E-05 9.99369E-05 9.99369E-05 9.99369E-05
9.9946E-05 9.9946E-05 9.9946E-05 0.920644 9.9946E-05 0.00109358 0.0776628 9.9946E-05 9.9946E-05
9.9955E-05 0.695146 9.9955E-05 0.110728 0.171118 9.9955E-05 9.9955E-05 9.9955E-05 0.022508
9.9946E-05 9.9946E-05 9.9946E-05 0.331085 9.9946E-05 9.9946E-05 0.490513 9.9946E-05 0.177802
0.00522123 9.9964E-05 0.948907 0.017381 9.9964E-05 9.9964E-05 0.0135122 9.9964E-05 0.0145786
9.9955E-05 0.551431 9.9955E-05 0.0438396 0.397822 0.0064079 9.9955E-05 9.9955E-05 9.9955E-05
0.0281999 9.997E-05 9.997E-05 0.145475 0.749532 0.000354348 0.0490106 0.0271289 9.997E-05
9.9973E-05 0.15848 0.0291689 0.0775865 0.253039 9.9973E-05 0.384312 9.9973E-05 0.0971136
9.9955E-05 9.9955E-05 0.904664 0.0736456 9.9955E-05 0.00883867 9.9955E-05 9.9955E-05 0.0123518
9.9946E-05 0.0930249 9.9946E-05 0.392266 9.9946E-05 9.9946E-05 0.514109 9.9946E-05 9.9946E-05
0.980575 9.99459E-05 9.99459E-05 0.0116238 9.99459E-05 0.007202 9.99459E-05 9.99459E-05 9.99459E-05
9.99549E-05 9.99549E-05 9.99549E-05 0.484848 9.99549E-05 0.003305 0.345252 9.99549E-05 0.166096
9.9946E-05 9.9946E-05 9.9946E-05 0.879497 9.9946E-05 0.0117693 0.108134 9.9946E-05 9.9946E-05
0.970462 0.0288382 9.99371E-05 9.99371E-05 9.99371E-05 9.99371E-05 9.99371E-05 9.99371E-05 9.99371E-05
9.9946E-05 9.9946E-05 9.9946E-05 0.824164 9.9946E-05 9.9946E-05 0.151886 9.9946E-05 0.023351
9.9964E-05 0.053129 0.0373934 9.9964E-05 0.0103615 0.873381 9.9964E-05 0.0253352 9.9964E-05
9.9964E-05 0.153079 9.9964E-05 0.0661815 0.157043 0.00120066 0.622096 9.9964E-05 9.9964E-05
9.9964E-05 9.9964E-05 0.0250301 0.836989 0.0219337 9.9964E-05 0.10561 0.010038 9.9964E-05
0.0039924 0.249248 0.0672474 0.113621 0.552399 9.9973E-05 9.9973E-05 0.0131923 9.9973E-05
0.0154443 0.0275856 9.9982E-05 0.663542 0.0231959 9.9982E-05 0.256609 0.00731742 0.00610588
0.7413 9.9955E-05 9.9955E-05 9.9955E-05 0.0266112 0.00146844 9.9955E-05 0.230121 9.9955E-05
0.00176986 0.0200636 9.9982E-05 0.163023 0.0744817 9.9982E-05 0.462519 0.00339473 0.274548
