9.9973E-05 9.9973E-05 9.9973E-05 0.756446 0.230607 0.012647
9.9973E-05 0.0534051 9.9973E-05 0.942949 9.9973E-05 0.00334547
9.9973E-05 0.00312498 0.0117812 0.984794 9.9973E-05 9.9973E-05
0.00832883 0.0315694 0.00254404 0.702001 0.236705 0.0188521
9.9982E-05 0.237193 0.0486528 0.253698 0.460256 9.9982E-05
9.9982E-05 0.693186 9.9982E-05 0.241896 0.0485167 0.0162012
9.9973E-05 0.428117 9.9973E-05 0.158967 0.412615 9.9973E-05
0.0103735 0.304288 0.00415201 0.128011 0.553004 0.000171126
0.0149275 9.9991E-05 0.0170023 0.943233 0.0234449 0.00129274
9.9964E-05 9.9964E-05 9.9964E-05 0.853866 0.145734 9.9964E-05
9.999E-05 0.048477 0.00281688 0.321752 0.611582 0.0152719
9.999E-05 0.108396 0.0176416 0.180487 0.692054 0.00132173
9.9973E-05 0.049725 9.9973E-05 0.35237 0.597605 9.9973E-05
9.9973E-05 0.798321 9.9973E-05 0.183957 0.0174227 9.9973E-05
9.9973E-05 9.9973E-05 9.9973E-05 0.655235 0.341778 0.00268721
0.00231774 0.306413 9.9991E-05 0.516171 0.174658 0.00033989
9.9973E-05 0.225464 9.9973E-05 0.18571 0.588526 9.9973E-05
0.0334695 0.296035 0.00855315 0.224558 9.9991E-05 0.437284
0.00705986 0.0311522 9.9973E-05 0.961488 9.9973E-05 9.9973E-05
0.0216166 0.382647 0.0171503 0.129652 0.436535 0.0124
9.9973E-05 9.9973E-05 0.0100263 0.953683 0.0359907 9.9973E-05
9.9973E-05 9.9973E-05 0.0223344 0.318799 0.658566 9.9973E-05
9.9982E-05 0.0661997 0.00910131 0.378889 0.54561 9.9982E-05
9.9982E-05 0.0225476 0.871657 9.9982E-05 0.0808182 0.0247775
0.00330865 9.9982E-05 0.00462904 0.447464 0.544398 9.9982E-05
0.00624787 0.26041 9.9991E-05 0.235764 0.497008 0.000470358
9.9982E-05 9.9982E-05 0.00236514 0.938558 0.0477304 0.0111461
9.9964E-05 9.9964E-05 9.9964E-05 0.856243 0.143357 9.9964E-05
9.996E-05 9.996E-05 9.996E-05 0.9995 9.996E-05 9.996E-05
0.00259179 0.680482 0.0190611 0.167509 0.130256 9.9991E-05
9.9964E-05 0.0627951 9.9964E-05 0.936805 9.9964E-05 9.9964E-05
9.9964E-05 0.0372414 9.9964E-05 0.962359 9.9964E-05 9.9964E-05
9.9973E-05 0.695909 9.9973E-05 0.173601 0.13019 9.9973E-05
9.9973E-05 0.0192806 0.00698427 0.973435 9.9973E-05 9.9973E-05
0.0146639 0.347612 9.9982E-05 0.229057 0.408467 9.9982E-05
9.9964E-05 9.9964E-05 9.9964E-05 0.69573 0.30387 9.9964E-05
0.024613 0.31523 0.00846641 0.0586482 0.592942 9.9991E-05
9.9982E-05 0.578364 0.00397635 9.9982E-05 0.408256 0.00920308
0.00470183 0.048424 0.0598743 0.300926 0.585974 9.9991E-05
0.0154681 0.649325 0.0212589 0.12999 0.176593 0.0073651
0.000448952 0.0119375 0.0114504 0.975963 9.9982E-05 9.9982E-05
9.9964E-05 9.9964E-05 9.9964E-05 0.853629 0.145972 9.9964E-05
0.00158469 9.9982E-05 0.00136466 0.833155 0.163696 9.9982E-05
9.9982E-05 0.0323183 9.9982E-05 0.796324 0.137517 0.0336406
9.996E-05 9.996E-05 9.996E-05 9.996E-05 9.996E-05 0.9995
9.9973E-05 0.0587567 9.9973E-05 0.887591 0.0533525 9.9973E-05
9.9964E-05 9.9964E-05 9.9964E-05 0.933152 0.0664483 9.9964E-05
9.996E-05 9.996E-05 9.996E-05 9.996E-05 9.996E-05 0.9995
9.9964E-05 9.9964E-05 9.9964E-05 0.738126 0.261474 9.9964E-05
0.0100511 0.00661708 9.9982E-05 0.543027 0.440104 9.9982E-05
9.9964E-05 9.9964E-05 9.9964E-05 0.786443 0.213157 9.9964E-05
9.9973E-05 9.9973E-05 0.00692064 0.641743 0.351037 9.9973E-05
0.0144479 0.381455 0.0174234 0.545843 9.9991E-05 0.0407306
9.9982E-05 0.12082 0.0541499 0.408176 0.416653 9.9982E-05
0.0247173 0.141439 0.0406139 0.79303 9.9982E-05 9.9982E-05
9.9982E-05 9.9982E-05 0.00271799 0.97354 0.0209715 0.00257007
9.9973E-05 0.0219741 9.9973E-05 0.971481 9.9973E-05 0.00624481
9.9982E-05 9.9982E-05 0.0151337 0.810126 0.172054 0.00248585
9.9964E-05 9.9964E-05 9.9964E-05 0.812669 0.186931 9.9964E-05
9.996E-05 9.996E-05 9.996E-05 0.9995 9.996E-05 9.996E-05
0.0159439 0.139634 0.844123 9.99731E-05 9.99731E-05 9.99731E-05
0.0118678 0.00267549 0.00421386 0.981043 9.9982E-05 9.9982E-05
0.0204796 0.12692 0.0439979 0.363234 0.44108 0.0042883
9.9973E-05 9.9973E-05 9.9973E-05 0.993684 0.00168857 0.00432778
0.00565815 0.0243278 9.9973E-05 0.969714 9.9973E-05 9.9973E-05
9.9973E-05 9.9973E-05 0.00396848 0.735267 0.260465 9.9973E-05
9.9964E-05 9.9964E-05 9.9964E-05 0.744043 0.255557 9.9964E-05
9.9982E-05 0.160314 0.0220945 0.160164 0.657228 9.9982E-05
9.996E-05 9.996E-05 9.996E-05 9.996E-05 9.996E-05 0.9995
9.9982E-05 0.195368 0.0197394 0.304582 0.480111 9.9982E-05
0.0266895 0.088751 0.0333858 0.841139 9.9991E-05 0.00993434
0.00174659 9.9991E-05 0.00246166 0.875715 0.116537 0.00344005
9.9973E-05 0.0414062 0.0229796 0.935314 9.9973E-05 9.9973E-05
0.0072227 0.000354828 0.00181163 0.990411 9.9982E-05 9.9982E-05
0.00786047 0.0639004 9.9982E-05 0.90541 9.9982E-05 0.0226294
0.00436854 9.9973E-05 9.9973E-05 0.978113 0.0172187 9.9973E-05
9.9982E-05 0.286997 0.00366119 0.204553 0.504589 9.9982E-05
9.9964E-05 9.9964E-05 9.9964E-05 0.974231 0.025369 9.9964E-05
0.000262686 0.280825 0.667742 0.021171 0.0195432 0.0104566
9.9973E-05 9.9973E-05 0.0176915 0.654514 0.327495 9.9973E-05
0.00319326 9.9982E-05 9.9982E-05 0.957249 0.0347176 0.00464068
0.0820982 0.352232 0.0516365 0.109585 9.9991E-05 0.404348
0.00981328 0.464693 0.0107262 0.464888 9.9991E-05 0.0497792
9.9982E-05 0.248216 9.9982E-05 0.436734 0.307188 0.00766172
0.00826186 9.9973E-05 9.9973E-05 0.880884 0.110554 9.9973E-05
9.9973E-05 0.046503 0.0128381 0.940359 9.9973E-05 9.9973E-05
0.9995 9.996E-05 9.996E-05 9.996E-05 9.996E-05 9.996E-05
9.99729E-05 9.99729E-05 9.99729E-05 0.649648 0.348377 0.00167454
9.99639E-05 9.99639E-05 9.99639E-05 0.677156 0.322444 9.99639E-05
9.9973E-05 0.0654749 9.9973E-05 0.304047 0.630178 9.9973E-05
0.0111458 0.0364699 0.0184775 0.263583 0.670223 9.9991E-05
9.9973E-05 0.0227115 9.9973E-05 0.225177 0.751811 9.9973E-05
9.9973E-05 0.0183782 0.00294954 0.978372 9.9973E-05 9.9973E-05
9.9964E-05 9.9964E-05 9.9964E-05 0.676475 0.323125 9.9964E-05
9.9964E-05 9.9964E-05 9.9964E-05 0.922928 0.0766726 9.9964E-05
9.9973E-05 9.9973E-05 0.00180865 0.53277 0.465121 9.9973E-05
9.9982E-05 0.728432 9.9982E-05 0.173282 0.0868994 0.0111865
9.99659E-05 0.0444834 9.99659E-05 0.955117 9.99659E-05 9.99659E-05
9.9982E-05 0.115456 0.0612209 0.31839 0.504733 9.9982E-05
9.9982E-05 0.0647422 9.9982E-05 0.393008 0.511476 0.0305742
9.9982E-05 0.103207 0.871778 9.9982E-05 0.00891594 0.0158993
9.9964E-05 9.9964E-05 9.9964E-05 0.975474 0.0241263 9.9964E-05
9.996E-05 9.996E-05 9.996E-05 0.9995 9.996E-05 9.996E-05
9.9982E-05 0.113169 9.9982E-05 0.123268 0.739085 0.0242784
9.996E-05 9.996E-05 9.996E-05 9.996E-05 9.996E-05 0.9995
0.00231759 0.0770813 9.9991E-05 0.143206 0.765013 0.0122821
9.9973E-05 9.9973E-05 0.0438116 0.824788 0.1311 9.9973E-05
9.9973E-05 0.0460098 0.0213131 0.932377 9.9973E-05 9.9973E-05
9.9964E-05 9.9964E-05 9.9964E-05 0.263469 0.736131 9.9964E-05
9.996E-05 9.996E-05 9.996E-05 9.996E-05 9.996E-05 0.9995
0.0026444 0.311931 0.654545 9.9982E-05 9.9982E-05 0.0306787
9.9982E-05 0.0213914 9.9982E-05 0.737048 0.237512 0.00384843
9.9964E-05 9.9964E-05 9.9964E-05 0.832031 0.167569 9.9964E-05
9.9973E-05 0.000120464 9.9973E-05 0.339126 0.660453 9.9973E-05
9.9982E-05 0.0124748 0.0170209 0.964716 9.9982E-05 0.00558866
9.9982E-05 0.515982 9.9982E-05 0.0500839 0.401807 0.0319272
0.101867 0.196829 0.137989 0.0441881 0.00267646 0.51645
0.00348176 9.9982E-05 0.0366765 0.908519 0.0511231 9.9982E-05
9.9973E-05 9.9973E-05 9.9973E-05 0.615318 0.384014 0.000368753
9.9964E-05 9.9964E-05 0.992185 9.9964E-05 0.00741512 9.9964E-05
9.9973E-05 9.9973E-05 9.9973E-05 0.890192 0.108111 0.00139678
9.9964E-05 9.9964E-05 9.9964E-05 0.535465 0.464135 9.9964E-05
9.9964E-05 9.9964E-05 9.9964E-05 0.891642 0.107958 9.9964E-05
0.0110516 0.14805 9.9982E-05 0.273932 0.566767 9.9982E-05
0.00445605 0.161549 9.9991E-05 0.272999 0.554273 0.00662307
9.9973E-05 0.323235 9.9973E-05 0.206963 0.469502 9.9973E-05
0.00838854 0.590117 9.9982E-05 0.10234 0.298954 9.9982E-05
9.9973E-05 9.9973E-05 0.00864104 0.705886 0.285173 9.9973E-05
9.9982E-05 9.9982E-05 0.00941051 0.927837 0.0537223 0.00883069
9.9982E-05 9.9982E-05 0.00534463 0.767417 0.202849 0.0241899
0.0511299 0.0689657 0.0122317 0.00335456 9.9991E-05 0.864218
9.9973E-05 0.0712214 0.0218856 0.906593 9.9973E-05 9.9973E-05
0.00518072 9.9982E-05 0.0209533 9.9982E-05 0.00836251 0.965304
9.9973E-05 9.9973E-05 0.00378275 0.775253 0.220664 9.9973E-05
9.99639E-05 9.99639E-05 0.940699 0.0589015 9.99639E-05 9.99639E-05
9.9973E-05 0.0814755 9.9973E-05 0.141169 0.777056 9.9973E-05
0.00188459 0.323418 9.9982E-05 0.109766 0.564731 9.9982E-05
0.0361644 0.148513 0.0255038 0.143004 0.646715 9.9991E-05
9.9964E-05 9.9964E-05 9.9964E-05 0.641064 0.358536 9.9964E-05
0.00755558 0.27981 9.9991E-05 0.27204 0.416076 0.0244187
9.9982E-05 0.00631876 0.00557214 0.987665 0.000244424 9.9982E-05
0.00741072 9.9991E-05 0.0161102 0.525741 0.444685 0.0059533
0.0167488 0.614741 0.0176577 0.335654 9.9991E-05 0.0150982
0.0029945 0.115601 9.9991E-05 0.757701 0.109516 0.0140884
0.0054859 0.0189406 0.0202063 0.885878 0.0693892 9.9991E-05
9.9973E-05 9.9973E-05 0.967529 0.0231213 9.9973E-05 0.0090499
9.9991E-05 0.657878 0.051515 0.152177 0.126512 0.0118182
9.9964E-05 9.9964E-05 0.985267 9.9964E-05 0.0143327 9.9964E-05
9.9982E-05 9.9982E-05 0.00570005 0.753841 0.237755 0.00250398
0.0104526 0.606596 0.0603667 0.272854 0.0478826 0.00184856
0.0041729 0.680884 0.0320888 0.27914 9.9991E-05 0.00361437
9.9973E-05 9.9973E-05 9.9973E-05 0.815956 0.168808 0.0149357
9.996E-05 9.996E-05 9.996E-05 0.9995 9.996E-05 9.996E-05
9.9964E-05 9.9964E-05 0.00339748 9.9964E-05 9.9964E-05 0.996203
9.9982E-05 0.803146 0.0265479 0.000998758 0.169107 9.9982E-05
9.9964E-05 9.9964E-05 9.9964E-05 0.785709 0.213891 9.9964E-05
0.0201552 0.336973 0.41947 0.161313 9.9991E-05 0.0619897
0.00251842 0.0184069 9.9982E-05 0.968435 9.9982E-05 0.0104394
0.9995 9.996E-05 9.996E-05 9.996E-05 9.996E-05 9.996E-05
0.000432851 0.0419181 9.9991E-05 0.889533 0.0559417 0.0120745
0.604372 0.204568 9.9982E-05 0.147377 9.9982E-05 0.0434825
0.0154752 0.069401 0.00349309 0.208626 0.686297 0.0167071
0.00506823 0.0634221 9.9973E-05 0.93121 9.9973E-05 9.9973E-05
0.00560303 0.000536048 9.9973E-05 0.993561 9.9973E-05 9.9973E-05
9.9973E-05 0.671415 9.9973E-05 0.0665376 0.261748 9.9973E-05
9.9964E-05 0.103401 9.9964E-05 0.8962 9.9964E-05 9.9964E-05
9.9964E-05 9.9964E-05 0.981332 9.9964E-05 0.0182684 9.9964E-05
9.9982E-05 0.0119775 0.00765676 0.977027 9.9982E-05 0.00313908
0.9995 9.996E-05 9.996E-05 9.996E-05 9.996E-05 9.996E-05
9.996E-05 9.996E-05 9.996E-05 0.9995 9.996E-05 9.996E-05
9.9982E-05 0.134152 0.0364528 0.253205 0.57599 9.9982E-05
0.0120832 0.0625241 9.9991E-05 0.423792 0.47852 0.0229802
9.9973E-05 0.650601 9.9973E-05 0.0840296 0.26507 9.9973E-05
0.0150086 0.383878 0.0093281 0.352067 0.220509 0.0192082
9.9991E-05 0.642171 0.00566411 0.173591 0.125443 0.0530309
9.9964E-05 9.9964E-05 9.9964E-05 0.999341 9.9964E-05 0.000258673
9.9982E-05 9.9982E-05 0.0512044 0.436478 0.508904 0.00321378
0.00538287 9.9973E-05 9.9973E-05 0.948136 0.0461817 9.9973E-05
9.9991E-05 0.244313 0.0567403 0.314705 0.356891 0.0272507
0.00136929 0.341153 9.9982E-05 0.11223 0.545048 9.9982E-05
0.0181049 0.035986 0.0112633 0.908476 0.0260701 9.9991E-05
9.9964E-05 9.9964E-05 9.9964E-05 0.58354 0.41606 9.9964E-05
9.9982E-05 9.9982E-05 0.0105144 0.79286 0.192932 0.00349409
9.9964E-05 0.0809528 9.9964E-05 0.918647 9.9964E-05 9.9964E-05
0.0223287 0.51254 0.0403868 0.411219 9.9991E-05 0.0134256
9.9982E-05 0.145971 9.9982E-05 0.400422 0.436837 0.0165697
0.0228023 0.226916 0.0200516 0.455763 0.274368 9.9991E-05
0.881216 0.0671216 0.0144026 9.9991E-05 0.0161156 0.0210446
9.9973E-05 0.0914264 0.00131017 0.906963 9.9973E-05 9.9973E-05
9.9964E-05 0.0277012 9.9964E-05 0.971899 9.9964E-05 9.9964E-05
0.0132653 9.9982E-05 9.9982E-05 0.924442 0.0605437 0.00154905
9.99639E-05 9.99639E-05 0.988496 0.0111046 9.99639E-05 9.99639E-05
0.00602645 0.0155486 0.00356066 0.797196 0.177569 9.9991E-05
9.9973E-05 0.690514 9.9973E-05 0.120264 0.188922 9.9973E-05
9.9991E-05 0.0359541 0.00960857 0.468568 0.473192 0.0125776
9.9973E-05 0.00574971 9.9973E-05 0.990821 9.9973E-05 0.00312892
9.9982E-05 0.0875206 0.00470399 0.875086 0.0324895 9.9982E-05
9.996E-05 9.996E-05 9.996E-05 0.9995 9.996E-05 9.996E-05
9.9982E-05 0.638201 9.9982E-05 0.108997 0.227324 0.0252784
0.770844 0.108125 0.0440035 0.0316467 9.9991E-05 0.0452809
9.9964E-05 0.802761 9.9964E-05 9.9964E-05 0.196839 9.9964E-05
9.9973E-05 9.9973E-05 9.9973E-05 0.627085 0.346891 0.0257242
0.938405 0.0376047 0.00490934 9.9982E-05 9.9982E-05 0.0188806
0.0116997 0.0392338 0.0453266 0.670829 0.232811 9.9991E-05
9.9964E-05 9.9964E-05 9.9964E-05 0.414339 0.585261 9.9964E-05
0.00241617 0.0731874 0.0226059 0.899491 9.9991E-05 0.00219961
9.9973E-05 0.00110348 9.9973E-05 0.990547 9.9973E-05 0.00804918
9.9973E-05 0.0472217 9.9973E-05 0.937386 9.9973E-05 0.0150928
9.9973E-05 0.258158 9.9973E-05 0.533577 0.207966 9.9973E-05
9.99639E-05 9.99639E-05 0.951558 0.0480417 9.99639E-05 9.99639E-05
9.9964E-05 9.9964E-05 9.9964E-05 0.999102 9.9964E-05 0.000498543
9.9973E-05 0.318844 9.9973E-05 0.0704944 0.610362 9.9973E-05
9.9964E-05 9.9964E-05 9.9964E-05 0.56849 0.43111 9.9964E-05
0.0169883 9.9973E-05 0.960738 0.021974 9.9973E-05 9.9973E-05
9.9982E-05 0.496976 0.000592725 0.0636414 0.43859 9.9982E-05
0.0461649 0.720592 0.000352432 0.232691 9.9982E-05 9.9982E-05
9.9982E-05 0.260604 0.0256704 0.251573 0.461952 9.9982E-05
9.9964E-05 9.9964E-05 0.911617 0.0879835 9.9964E-05 9.9964E-05
9.9964E-05 9.9964E-05 9.9964E-05 0.593462 0.406138 9.9964E-05
0.9995 9.996E-05 9.996E-05 9.996E-05 9.996E-05 9.996E-05
0.000845675 9.9973E-05 9.9973E-05 0.663614 0.335241 9.9973E-05
9.9973E-05 9.9973E-05 9.9973E-05 0.947043 0.0401765 0.0124809
0.9995 9.996E-05 9.996E-05 9.996E-05 9.996E-05 9.996E-05
9.9964E-05 9.9964E-05 9.9964E-05 0.914164 0.0854364 9.9964E-05
0.016273 0.0398626 0.0140085 0.00169759 0.028983 0.899175
9.9982E-05 0.0970921 9.9982E-05 0.30578 0.589106 0.00782185
9.9982E-05 0.0434282 0.0217784 0.934115 0.000477918 9.9982E-05
0.00702115 0.646804 0.0532047 0.110479 0.182391 9.9991E-05
0.0144111 0.0141202 9.9991E-05 0.768683 0.200202 0.00248358
0.909508 0.0525317 9.9982E-05 0.00834633 9.9982E-05 0.0294138
0.00866098 0.0939645 0.0185191 0.3592 0.519556 9.9991E-05
