9.9964E-05 0.605881 9.9964E-05 0.0602156 9.9964E-05 9.9964E-05 0.00978786 0.323716
0.0391371 0.960263 9.9946E-05 9.9946E-05 9.9946E-05 9.9946E-05 9.9946E-05 9.9946E-05
0.000631401 0.952938 9.9964E-05 9.9964E-05 0.00922092 9.9964E-05 9.9964E-05 0.0368101
0.0748504 0.541109 0.00528676 9.9973E-05 9.9973E-05 9.9973E-05 0.00783854 0.370615
0.16479 0.135146 0.00745257 0.266673 0.0224664 9.9991E-05 0.00110064 0.402271
0.707418 0.151064 9.9973E-05 0.0326119 9.9973E-05 9.9973E-05 0.00304427 0.105561
0.125842 0.175577 9.9982E-05 0.588473 0.000119669 0.0917934 9.9982E-05 0.0179947
0.314887 9.9955E-05 9.9955E-05 9.9955E-05 9.9955E-05 0.220995 9.9955E-05 0.463618
9.9982E-05 0.909853 0.0102214 9.9982E-05 0.00746229 0.0363889 0.00981929 0.0260554
9.9946E-05 0.734273 9.9946E-05 9.9946E-05 9.9946E-05 9.9946E-05 9.9946E-05 0.265127
9.9973E-05 0.192692 9.9973E-05 0.114368 9.9973E-05 0.263911 0.0126118 0.416117
9.9955E-05 0.00440135 9.9955E-05 0.55251 9.9955E-05 9.9955E-05 9.9955E-05 0.442589
0.0261731 0.170286 9.9973E-05 0.131332 9.9973E-05 0.140145 9.9973E-05 0.531764
0.823698 0.107897 9.9964E-05 9.9964E-05 9.9964E-05 0.0521074 9.9964E-05 0.0158979
9.9955E-05 0.440491 9.9955E-05 9.9955E-05 9.9955E-05 9.9955E-05 0.00749873 0.55151
0.174436 0.459285 0.00178462 0.218783 9.9982E-05 9.9982E-05 0.0105368 0.134974
0.0779776 0.160243 9.9973E-05 9.9973E-05 0.00155707 0.757845 9.9973E-05 0.00207714
0.319454 0.203703 0.0288516 9.9973E-05 0.0228963 9.9973E-05 0.424796 9.9973E-05
0.00750588 0.962911 0.00338684 0.0257966 9.9964E-05 9.9964E-05 9.9964E-05 9.9964E-05
0.22623 0.0863972 0.0362203 0.222303 0.0162457 0.251194 9.9991E-05 0.16131
9.9955E-05 0.916807 9.9955E-05 9.9955E-05 9.9955E-05 0.00324324 9.9955E-05 0.0794499
9.9973E-05 0.140493 9.9973E-05 0.137942 0.00723731 0.35288 9.9973E-05 0.361147
9.9964E-05 0.193867 9.9964E-05 0.23251 9.9964E-05 9.9964E-05 0.000241378 0.572981
9.9964E-05 9.9964E-05 9.9964E-05 0.0142785 0.897084 9.9964E-05 0.0220294 0.0662078
9.9964E-05 0.259567 9.9964E-05 9.9964E-05 0.0234731 0.226264 9.9964E-05 0.490296
0.133674 0.162919 0.00448202 0.141889 0.00153746 0.296786 9.9991E-05 0.258613
9.9964E-05 0.867539 9.9964E-05 9.9964E-05 0.00075657 9.9964E-05 0.00779918 0.123505
9.9946E-05 0.724934 9.9946E-05 9.9946E-05 9.9946E-05 9.9946E-05 9.9946E-05 0.274467
9.9955E-05 0.979088 9.9955E-05 9.9955E-05 9.9955E-05 0.00593463 9.9955E-05 0.0144776
0.55137 0.166915 0.000238926 0.229384 9.9973E-05 9.9973E-05 9.9973E-05 0.0517918
0.0284891 0.94465 9.9955E-05 0.0263611 9.9955E-05 9.9955E-05 9.9955E-05 9.9955E-05
9.9946E-05 0.967897 9.9946E-05 0.0315038 9.9946E-05 9.9946E-05 9.9946E-05 9.9946E-05
0.657751 0.129423 9.9955E-05 9.9955E-05 9.9955E-05 0.212327 9.9955E-05 9.9955E-05
0.00627316 0.977562 9.9964E-05 9.9964E-05 0.00858566 0.00717954 9.9964E-05 9.9964E-05
0.183999 0.144013 0.0157114 0.372579 9.9982E-05 0.0128883 9.9982E-05 0.27061
9.9946E-05 0.503427 9.9946E-05 9.9946E-05 9.9946E-05 9.9946E-05 9.9946E-05 0.495974
9.9982E-05 0.0122947 0.0343859 0.624752 0.0093508 0.0575859 9.9982E-05 0.261431
0.406658 0.00145787 9.9991E-05 0.128786 0.0151343 0.433754 0.00857312 0.00553651
0.0830292 0.0730621 9.9982E-05 0.0817257 0.0449646 0.0766968 9.9982E-05 0.640322
0.580469 0.0741557 0.00980085 0.250998 9.9973E-05 9.9973E-05 9.9973E-05 0.0842767
0.00222323 0.959634 0.00939963 0.0123729 0.0160705 9.9973E-05 9.9973E-05 9.9973E-05
9.9955E-05 0.764746 9.9955E-05 9.9955E-05 9.9955E-05 0.0248832 9.9955E-05 0.209871
9.9964E-05 0.709857 0.00911074 9.9964E-05 9.9964E-05 9.9964E-05 0.00554726 0.275086
0.0503996 0.666293 9.9964E-05 9.9964E-05 9.9964E-05 9.9964E-05 0.0339065 0.249001
9.99529E-05 9.99529E-05 0.0021061 9.99529E-05 9.99529E-05 9.99529E-05 0.997294 9.99529E-05
9.9964E-05 0.871161 9.9964E-05 0.0788552 9.9964E-05 0.0364794 9.9964E-05 0.013105
9.9946E-05 0.857433 9.9946E-05 9.9946E-05 9.9946E-05 9.9946E-05 9.9946E-05 0.141968
9.994E-05 9.994E-05 9.994E-05 9.994E-05 9.994E-05 9.994E-05 0.9993 9.994E-05
9.99459E-05 0.558031 9.99459E-05 9.99459E-05 9.99459E-05 9.99459E-05 9.99459E-05 0.441369
9.9973E-05 0.400843 0.00170845 0.0310525 9.9973E-05 0.217964 9.9973E-05 0.348132
9.9946E-05 0.654564 9.9946E-05 9.9946E-05 9.9946E-05 9.9946E-05 9.9946E-05 0.344836
9.9973E-05 0.489603 9.9973E-05 0.0135552 0.0105084 0.015766 9.9973E-05 0.470268
0.461483 0.505736 0.00403431 9.9973E-05 0.00342928 9.9973E-05 0.0250174 9.9973E-05
0.16351 0.208905 9.9982E-05 0.0863682 0.0497829 0.0265866 9.9982E-05 0.464648
0.180558 0.762628 0.0174013 9.99639E-05 0.0390124 9.99639E-05 9.99639E-05 9.99639E-05
9.9955E-05 0.891144 9.9955E-05 9.9955E-05 9.9955E-05 9.9955E-05 0.00389064 0.104466
0.00669386 0.972199 9.9964E-05 0.0165601 9.9964E-05 9.9964E-05 0.0041476 9.9964E-05
0.0362591 0.669296 9.9973E-05 0.00361795 9.9973E-05 9.9973E-05 0.00649161 0.284036
9.9946E-05 0.693044 9.9946E-05 9.9946E-05 9.9946E-05 9.9946E-05 9.9946E-05 0.306357
0.000403955 0.931561 9.9955E-05 9.9955E-05 9.9955E-05 9.9955E-05 9.9955E-05 0.0675351
0.0724632 9.9973E-05 0.0148077 0.0545151 0.844494 0.0134202 9.9973E-05 9.9973E-05
9.9964E-05 0.931894 0.0124042 9.9964E-05 0.00187321 0.0534288 9.9964E-05 9.9964E-05
0.105225 0.196072 0.0248953 0.166403 0.0273862 9.9982E-05 9.9982E-05 0.479818
9.9964E-05 0.96105 9.9964E-05 9.9964E-05 9.9964E-05 0.0268197 0.00792972 0.00380048
0.00530125 0.987205 0.00699409 9.9955E-05 9.9955E-05 9.9955E-05 9.9955E-05 9.9955E-05
9.9964E-05 0.615814 9.9964E-05 0.0111814 9.9964E-05 9.9964E-05 0.00455429 0.368051
9.9964E-05 0.598551 9.9964E-05 0.00642074 9.9964E-05 0.00418116 9.9964E-05 0.390447
9.99549E-05 0.15108 9.99549E-05 0.517654 9.99549E-05 0.330766 9.99549E-05 9.99549E-05
9.994E-05 9.994E-05 9.994E-05 9.994E-05 9.994E-05 9.994E-05 0.9993 9.994E-05
0.272722 0.0376001 9.9973E-05 9.9973E-05 0.00477676 0.0210302 9.9973E-05 0.663571
0.136405 0.813611 0.0206203 9.99639E-05 0.0289637 9.99639E-05 9.99639E-05 9.99639E-05
9.9973E-05 0.761395 0.00340372 9.9973E-05 0.0148829 9.9973E-05 0.000922397 0.219096
9.9946E-05 0.966146 9.9946E-05 9.9946E-05 0.0332539 9.9946E-05 9.9946E-05 9.9946E-05
9.9955E-05 0.983788 9.9955E-05 0.00892384 0.00678865 9.9955E-05 9.9955E-05 9.9955E-05
0.02388 0.912609 0.00495812 0.0344695 9.9973E-05 9.9973E-05 0.0237832 9.9973E-05
9.9973E-05 0.979481 0.00124346 0.0015033 9.9973E-05 0.0109369 9.9973E-05 0.00653517
0.055691 0.195823 9.9982E-05 0.338962 0.00597252 0.274401 9.9982E-05 0.12895
9.9964E-05 0.932211 9.9964E-05 0.00370289 9.9964E-05 0.0239576 9.9964E-05 0.039729
0.158782 9.9964E-05 9.9964E-05 0.122835 0.695937 9.9964E-05 0.022046 9.9964E-05
9.9964E-05 0.484009 9.9964E-05 9.9964E-05 0.0222232 0.0165498 9.9964E-05 0.476819
9.9955E-05 0.899404 9.9955E-05 9.9955E-05 9.9955E-05 9.9955E-05 0.00109945 0.0989967
0.392488 0.086335 0.0690648 9.9982E-05 0.0542455 0.00382991 0.393837 9.9982E-05
0.520104 0.435759 9.9964E-05 9.9964E-05 0.0056621 9.9964E-05 0.0380753 9.9964E-05
0.292704 0.239381 9.9973E-05 0.000839315 9.9973E-05 9.9973E-05 0.00456365 0.462212
0.0339767 0.724996 0.00543071 9.9964E-05 9.9964E-05 9.9964E-05 9.9964E-05 0.235196
0.022901 0.942803 9.9964E-05 0.0262775 0.00761868 9.9964E-05 9.9964E-05 9.9964E-05
9.994E-05 9.994E-05 0.9993 9.994E-05 9.994E-05 9.994E-05 9.994E-05 9.994E-05
9.99639E-05 0.484141 9.99639E-05 9.99639E-05 9.99639E-05 0.0145855 0.00908957 0.491784
9.9946E-05 0.532358 9.9946E-05 9.9946E-05 9.9946E-05 9.9946E-05 9.9946E-05 0.467042
9.9964E-05 0.146379 9.9964E-05 0.265687 9.9964E-05 0.149142 9.9964E-05 0.438393
9.9982E-05 0.0584993 0.00604985 0.271369 0.00188333 0.0765707 9.9982E-05 0.585428
9.9964E-05 0.0685155 9.9964E-05 0.232395 9.9964E-05 0.419649 9.9964E-05 0.27904
9.9946E-05 0.985503 9.9946E-05 9.9946E-05 0.0138971 9.9946E-05 9.9946E-05 9.9946E-05
9.9946E-05 0.459224 9.9946E-05 9.9946E-05 9.9946E-05 9.9946E-05 9.9946E-05 0.540176
9.9955E-05 0.874642 0.00224991 9.9955E-05 9.9955E-05 9.9955E-05 9.9955E-05 0.122609
0.0440924 0.274962 9.9964E-05 0.022885 9.9964E-05 9.9964E-05 9.9964E-05 0.65766
0.667154 0.126507 9.9982E-05 0.160888 9.9982E-05 0.00972064 0.00873136 0.0267991
0.0307414 0.96614 9.9955E-05 9.9955E-05 0.00261856 9.9955E-05 9.9955E-05 9.9955E-05
9.9964E-05 0.153566 9.9964E-05 0.392054 0.077591 9.9964E-05 9.9964E-05 0.376389
0.089852 0.155808 9.9973E-05 0.125186 9.9973E-05 9.9973E-05 0.0224567 0.606398
0.00601534 9.9964E-05 9.9964E-05 0.117441 0.84485 9.9964E-05 0.0312936 9.9964E-05
9.9964E-05 0.934328 9.9964E-05 0.0346614 9.9964E-05 0.000559484 9.9964E-05 0.0300511
9.994E-05 0.9993 9.994E-05 9.994E-05 9.994E-05 9.994E-05 9.994E-05 9.994E-05
0.00605846 9.9973E-05 9.9973E-05 0.203241 9.9973E-05 0.356778 0.0204368 0.413186
9.994E-05 9.994E-05 9.994E-05 9.994E-05 9.994E-05 9.994E-05 0.9993 9.994E-05
9.99639E-05 0.0415462 9.99639E-05 9.99639E-05 9.99639E-05 0.946154 0.00895764 0.00294216
9.9964E-05 0.741421 9.9964E-05 0.0204927 0.0323551 9.9964E-05 9.9964E-05 0.205331
0.017315 0.937804 0.00694765 0.000367358 0.0372659 9.9973E-05 9.9973E-05 9.9973E-05
9.996E-05 0.0924725 9.996E-05 0.0870875 9.996E-05 0.414985 9.996E-05 0.405055
9.994E-05 9.994E-05 9.994E-05 9.994E-05 9.994E-05 9.994E-05 0.9993 9.994E-05
0.3163 9.9964E-05 0.00779521 9.9964E-05 0.647722 9.9964E-05 0.027783 9.9964E-05
9.9973E-05 0.641238 9.9973E-05 0.128944 9.9973E-05 0.000639455 0.00258366 0.226295
9.9946E-05 0.708476 9.9946E-05 9.9946E-05 9.9946E-05 9.9946E-05 9.9946E-05 0.290924
9.9964E-05 0.103439 9.9964E-05 0.267495 9.9964E-05 0.0790151 9.9964E-05 0.549652
0.0218212 0.955374 9.9955E-05 9.9955E-05 0.0223053 9.9955E-05 9.9955E-05 9.9955E-05
0.339741 0.0637357 9.9973E-05 0.156168 9.9973E-05 0.384725 0.0553307 9.9973E-05
0.207819 0.0212783 0.100597 9.9991E-05 0.126269 0.0181173 0.524591 0.00122717
9.9964E-05 0.84837 0.00456013 9.9964E-05 0.035959 9.9964E-05 9.9964E-05 0.110711
9.99639E-05 0.472547 9.99639E-05 0.0205156 9.99639E-05 0.080248 9.99639E-05 0.426289
9.9955E-05 9.9955E-05 9.9955E-05 0.00226125 0.995669 9.9955E-05 9.9955E-05 0.00156985
9.9964E-05 0.824153 9.9964E-05 9.9964E-05 9.9964E-05 0.0345651 0.00550265 0.135379
9.9955E-05 0.342264 9.9955E-05 0.0839179 9.9955E-05 9.9955E-05 9.9955E-05 0.573318
9.9946E-05 0.770035 9.9946E-05 9.9946E-05 9.9946E-05 9.9946E-05 9.9946E-05 0.229365
9.9955E-05 0.232086 0.0077076 9.9955E-05 9.9955E-05 0.759707 9.9955E-05 9.9955E-05
0.0769097 0.169133 9.9982E-05 0.170081 9.9982E-05 0.251703 0.00869149 0.323281
0.351924 0.00666919 9.9964E-05 9.9964E-05 9.9964E-05 0.154998 9.9964E-05 0.486009
0.505767 0.0524291 0.00316154 9.99639E-05 9.99639E-05 0.438243 9.99639E-05 9.99639E-05
9.9955E-05 0.528805 9.9955E-05 9.9955E-05 0.014196 9.9955E-05 9.9955E-05 0.456499
9.9964E-05 0.834616 9.9964E-05 9.9964E-05 0.00379772 9.9964E-05 0.00481827 0.156368
9.9964E-05 0.619118 9.9964E-05 9.9964E-05 0.00769398 9.9964E-05 0.0263537 0.346434
0.0457469 9.9964E-05 0.0549706 9.9964E-05 9.9964E-05 0.0405421 0.858341 9.9964E-05
0.0371166 0.881903 9.9973E-05 0.0246085 0.0260407 9.9973E-05 9.9973E-05 0.0300317
9.9964E-05 9.9964E-05 0.0109962 0.017706 0.00785444 9.9964E-05 0.963044 9.9964E-05
9.9955E-05 0.62137 9.9955E-05 9.9955E-05 0.00366414 9.9955E-05 9.9955E-05 0.374466
9.99459E-05 0.0378553 9.99459E-05 9.99459E-05 0.961545 9.99459E-05 9.99459E-05 9.99459E-05
9.99639E-05 9.99639E-05 9.99639E-05 0.0334406 0.00732277 0.543876 9.99639E-05 0.414961
9.9964E-05 0.130081 0.0038587 0.545171 9.9964E-05 0.32049 9.9964E-05 9.9964E-05
9.9982E-05 0.0836104 0.0267291 0.211957 0.0339084 0.462617 9.9982E-05 0.180979
9.9955E-05 0.46554 9.9955E-05 9.9955E-05 0.0258131 9.9955E-05 9.9955E-05 0.508147
0.162834 0.158173 0.00290124 0.30692 9.9982E-05 9.9982E-05 0.0272067 0.341765
0.0178132 0.918176 9.9955E-05 9.9955E-05 9.9955E-05 9.9955E-05 9.9955E-05 0.0635112
9.9982E-05 0.331643 0.00845661 0.0523563 0.0279524 0.0523202 9.9982E-05 0.527072
0.665393 0.323483 0.00982279 9.99639E-05 0.000901765 9.99639E-05 9.99639E-05 9.99639E-05
0.0772932 0.677689 9.9973E-05 0.0216324 9.9973E-05 9.9973E-05 0.0110456 0.21204
0.0291345 0.780225 0.00801704 9.9973E-05 0.00163906 9.9973E-05 9.9973E-05 0.180685
9.99549E-05 0.0170843 9.99549E-05 9.99549E-05 0.971325 9.99549E-05 0.0110911 9.99549E-05
0.644292 0.0674967 9.9973E-05 0.128511 0.0407422 9.9973E-05 9.9973E-05 0.118658
9.99461E-05 9.99461E-05 9.99461E-05 9.99461E-05 0.983734 0.0156668 9.99461E-05 9.99461E-05
9.9955E-05 0.623487 9.9955E-05 9.9955E-05 9.9955E-05 9.9955E-05 0.00246677 0.373547
0.63605 0.192087 0.000716654 9.9973E-05 0.0576501 9.9973E-05 9.9973E-05 0.113196
0.682836 0.219896 9.9973E-05 0.0443164 0.0252663 9.9973E-05 9.9973E-05 0.0273845
9.9964E-05 0.690485 9.9964E-05 9.9964E-05 9.9964E-05 0.0347889 0.0214084 0.252917
9.9964E-05 0.979127 9.9964E-05 0.00552948 9.9964E-05 0.0145154 9.9964E-05 0.000428145
9.9946E-05 9.9946E-05 9.9946E-05 9.9946E-05 0.0100317 9.9946E-05 0.989369 9.9946E-05
0.533477 0.0266099 9.9973E-05 0.375187 0.0283516 0.0360749 9.9973E-05 9.9973E-05
9.9955E-05 0.643199 9.9955E-05 9.9955E-05 9.9955E-05 9.9955E-05 0.00470348 0.351598
0.383109 0.142325 0.0274148 9.9973E-05 0.414733 9.9973E-05 0.032119 9.9973E-05
0.0343564 0.960119 9.9964E-05 9.9964E-05 0.00412348 9.9964E-05 0.00100174 9.9964E-05
9.994E-05 9.994E-05 0.9993 9.994E-05 9.994E-05 9.994E-05 9.994E-05 9.994E-05
0.039187 0.844355 0.00983949 9.9973E-05 9.9973E-05 9.9973E-05 0.00401272 0.102306
0.227873 0.136512 0.612735 9.9964E-05 9.9964E-05 9.9964E-05 0.0224797 9.9964E-05
0.0222527 0.0299502 0.00678358 9.9991E-05 0.0182688 0.542236 0.0145275 0.365881
9.9955E-05 0.944263 0.00802684 0.0472105 9.9955E-05 9.9955E-05 9.9955E-05 9.9955E-05
9.9946E-05 0.991097 0.00830329 9.9946E-05 9.9946E-05 9.9946E-05 9.9946E-05 9.9946E-05
0.376702 0.0697436 0.00660288 0.475799 9.9973E-05 0.0708531 9.9973E-05 9.9973E-05
0.0757344 0.910378 0.000531619 0.0071521 0.00326328 9.9982E-05 0.00274095 9.9982E-05
9.99461E-05 9.99461E-05 9.99461E-05 9.99461E-05 0.980451 0.0189498 9.99461E-05 9.99461E-05
9.9964E-05 0.981352 9.9964E-05 0.00405457 9.9964E-05 9.9964E-05 0.000485915 0.0137075
9.994E-05 9.994E-05 0.9993 9.994E-05 9.994E-05 9.994E-05 9.994E-05 9.994E-05
9.994E-05 0.9993 9.994E-05 9.994E-05 9.994E-05 9.994E-05 9.994E-05 9.994E-05
0.0396398 0.081221 0.000675854 0.322537 0.0249406 9.9982E-05 9.9982E-05 0.530786
0.00106387 0.2723 0.0172744 0.200617 9.9991E-05 0.0393117 0.0207665 0.448566
0.621949 9.9964E-05 9.9964E-05 0.0270575 9.9964E-05 0.203311 9.9964E-05 0.147283
0.43341 0.201094 0.00748424 0.020249 9.9982E-05 9.9982E-05 0.00908185 0.328481
0.455812 0.144108 9.99639E-05 0.343103 9.99639E-05 9.99639E-05 0.0565779 9.99639E-05
9.9955E-05 0.993892 9.9955E-05 9.9955E-05 9.9955E-05 0.00281989 0.00278852 9.9955E-05
9.9973E-05 0.259158 9.9973E-05 0.128235 0.0371028 0.0469199 9.9973E-05 0.528284
9.9955E-05 0.875878 9.9955E-05 9.9955E-05 0.000103335 9.9955E-05 9.9955E-05 0.123519
0.211731 0.144928 9.9982E-05 0.188891 0.0609773 9.9982E-05 0.0230051 0.370268
0.23953 0.0311261 9.9964E-05 9.9964E-05 0.00741766 0.721527 9.9964E-05 9.9964E-05
0.0479577 0.838105 0.00945543 9.9973E-05 0.0129671 9.9973E-05 9.9973E-05 0.0912151
9.9955E-05 0.355293 9.9955E-05 9.9955E-05 9.9955E-05 9.9955E-05 0.0128961 0.631311
9.9973E-05 0.634264 0.00188784 9.9973E-05 0.00246914 9.9973E-05 0.00698407 0.354095
0.0266296 0.924203 9.9964E-05 0.041838 9.9964E-05 0.00692998 9.9964E-05 9.9964E-05
0.542027 0.402948 0.0193413 9.997E-05 0.0337822 9.997E-05 0.0016016 9.997E-05
0.148594 0.245786 9.9991E-05 0.16511 0.000962189 0.000325155 0.00176621 0.437357
0.188872 0.33058 0.0200837 0.149143 0.0110276 9.9982E-05 9.9982E-05 0.300094
0.0113164 9.9982E-05 0.891694 0.0166349 0.0303736 0.0331868 0.0165944 9.9982E-05
0.0539518 0.921913 9.9964E-05 0.0179457 0.00578915 9.9964E-05 9.9964E-05 9.9964E-05
0.0338658 0.965535 9.9946E-05 9.9946E-05 9.9946E-05 9.9946E-05 9.9946E-05 9.9946E-05
9.9964E-05 0.850888 0.00270792 9.9964E-05 9.9964E-05 9.9964E-05 0.00638997 0.139614
9.99459E-05 0.0209034 9.99459E-05 9.99459E-05 0.978497 9.99459E-05 9.99459E-05 9.99459E-05
0.0534595 0.639259 0.00640746 0.0167677 9.9973E-05 9.9973E-05 9.9973E-05 0.283806
0.547545 0.100982 9.9973E-05 0.279709 9.9973E-05 0.0239543 9.9973E-05 0.0475098
0.0614442 0.319916 9.9982E-05 9.9982E-05 0.0141841 0.19543 0.00107772 0.407748
0.00858528 0.989775 0.00113981 9.9955E-05 9.9955E-05 9.9955E-05 9.9955E-05 9.9955E-05
0.0185533 0.865868 9.9973E-05 0.0870776 0.011619 9.9973E-05 9.9973E-05 0.0165827
9.9946E-05 0.996836 9.9946E-05 0.00256415 9.9946E-05 9.9946E-05 9.9946E-05 9.9946E-05
0.357432 0.120086 9.9964E-05 0.478554 9.9964E-05 9.9964E-05 0.0435282 9.9964E-05
0.12643 0.0183705 0.766072 9.9973E-05 0.0451445 9.9973E-05 0.0436831 9.9973E-05
0.686687 9.9955E-05 9.9955E-05 0.107668 9.9955E-05 0.205146 9.9955E-05 9.9955E-05
9.9973E-05 0.479558 9.9973E-05 0.0136587 9.9973E-05 0.122047 0.0257048 0.358732
0.0393575 9.9955E-05 0.954921 9.9955E-05 9.9955E-05 9.9955E-05 0.00522134 9.9955E-05
0.0997065 0.539469 0.0155662 0.0138789 0.0332392 0.00558658 9.9991E-05 0.292453
9.99639E-05 0.25151 9.99639E-05 0.136339 9.99639E-05 0.286243 9.99639E-05 0.325508
0.0568843 0.890315 0.000291877 0.00186657 0.024917 0.0241319 0.00149371 9.9991E-05
9.9946E-05 0.988733 9.9946E-05 9.9946E-05 9.9946E-05 9.9946E-05 0.0106669 9.9946E-05
0.00394207 0.940289 9.9973E-05 0.0389204 0.000559418 9.9973E-05 0.0159895 9.9973E-05
0.161552 0.430959 9.9964E-05 0.20007 9.9964E-05 9.9964E-05 9.9964E-05 0.207019
9.99459E-05 0.0459757 9.99459E-05 9.99459E-05 0.953425 9.99459E-05 9.99459E-05 9.99459E-05
9.9946E-05 0.960667 9.9946E-05 9.9946E-05 9.9946E-05 9.9946E-05 9.9946E-05 0.0387337
9.9964E-05 0.100603 9.9964E-05 0.667613 9.9964E-05 0.225335 9.9964E-05 0.00604922
0.0183836 0.33502 9.996E-05 9.996E-05 9.996E-05 0.0581449 9.996E-05 0.588052
9.99549E-05 9.99549E-05 0.0115353 9.99549E-05 0.967491 9.99549E-05 9.99549E-05 0.0204739
0.0616583 0.0746917 9.99639E-05 0.851206 9.99639E-05 9.99639E-05 0.012044 9.99639E-05
0.750088 0.163354 0.0332075 9.9964E-05 9.9964E-05 9.9964E-05 9.9964E-05 0.0529501
0.197687 0.0690063 9.9982E-05 0.17405 0.0315085 0.112137 9.9982E-05 0.415411
9.9955E-05 0.0786632 9.9955E-05 9.9955E-05 0.913617 0.00722038 9.9955E-05 9.9955E-05
9.9955E-05 0.422075 9.9955E-05 9.9955E-05 9.9955E-05 0.0789087 9.9955E-05 0.498517
9.994E-05 9.994E-05 0.9993 9.994E-05 9.994E-05 9.994E-05 9.994E-05 9.994E-05
9.9982E-05 0.501729 0.00348144 0.00602775 9.9982E-05 0.00555393 0.00559843 0.47741
9.9955E-05 0.881959 9.9955E-05 9.9955E-05 9.9955E-05 9.9955E-05 0.0106468 0.106895
9.994E-05 9.994E-05 0.9993 9.994E-05 9.994E-05 9.994E-05 9.994E-05 9.994E-05
9.9946E-05 0.81942 9.9946E-05 9.9946E-05 9.9946E-05 9.9946E-05 9.9946E-05 0.17998
0.0251597 0.00818488 9.9982E-05 9.9982E-05 0.0168657 0.0457576 0.901964 0.00186812
9.9955E-05 0.128348 9.9955E-05 0.375672 9.9955E-05 9.9955E-05 9.9955E-05 0.495481
0.0348656 0.890231 9.9964E-05 9.9964E-05 0.0152166 9.9964E-05 9.9964E-05 0.0592872
0.330384 0.108129 0.0134463 0.481852 0.0658881 9.9973E-05 9.9973E-05 9.9973E-05
0.0439389 0.656494 0.00918854 9.9973E-05 9.9973E-05 0.054677 9.9973E-05 0.235401
0.057284 9.9955E-05 0.929553 9.9955E-05 9.9955E-05 9.9955E-05 0.0126635 9.9955E-05
0.0762683 0.174664 0.0185033 0.141983 0.00722245 0.0533365 9.9991E-05 0.527923
