0.00610852 9.9991E-05 0.0050747 0.00460697 0.00421605 0.000463498 0.654067 0.325363
9.9946E-05 9.9946E-05 0.0509319 9.9946E-05 9.9946E-05 9.9946E-05 0.948468 9.9946E-05
9.9964E-05 9.9964E-05 0.00733042 9.9964E-05 9.9964E-05 0.00702175 0.958934 0.0263139
0.0113976 0.0129463 0.0277566 0.0526434 9.9982E-05 9.9982E-05 0.573257 0.321799
9.9964E-05 9.9964E-05 9.9964E-05 0.391119 9.9964E-05 0.0412296 0.181476 0.385775
9.9964E-05 9.9964E-05 0.642824 0.183242 9.9964E-05 9.9964E-05 0.11997 0.0535635
9.9964E-05 9.9964E-05 9.9964E-05 0.476497 0.285265 9.9964E-05 0.22145 0.0163878
9.9964E-05 9.9964E-05 0.223039 0.160971 0.156749 9.9964E-05 9.9964E-05 0.458841
0.0149121 0.013508 0.00622495 9.9991E-05 0.0248813 0.00982581 0.921009 0.00953926
9.9946E-05 9.9946E-05 9.9946E-05 9.9946E-05 9.9946E-05 9.9946E-05 0.741893 0.257507
0.0294953 9.9973E-05 9.9973E-05 9.9973E-05 0.403142 0.00185065 0.218242 0.34697
9.9982E-05 9.9982E-05 0.0193877 0.107283 0.379836 0.0272014 0.0303257 0.435766
9.9964E-05 9.9964E-05 9.9964E-05 0.0942637 0.203732 9.9964E-05 0.207244 0.49436
9.99639E-05 9.99639E-05 0.925905 0.000719342 0.0503409 9.99639E-05 9.99639E-05 0.0226351
0.00241384 9.9955E-05 9.9955E-05 9.9955E-05 9.9955E-05 9.9955E-05 0.479812 0.517275
0.00699272 0.00384193 0.14264 0.18725 0.0127929 9.9991E-05 0.463149 0.183234
9.9964E-05 9.9964E-05 0.11272 9.9964E-05 0.705296 9.9964E-05 0.161368 0.0202161
0.408674 0.0191354 0.439079 9.9973E-05 9.9973E-05 0.00920014 0.123612 9.9973E-05
0.00411723 0.00234086 0.00974251 0.0206835 9.9973E-05 9.9973E-05 0.962816 9.9973E-05
0.0199387 0.0294763 9.9991E-05 0.355258 0.32925 0.0129759 0.178413 0.0745885
9.9964E-05 0.000589555 9.9964E-05 9.9964E-05 9.9964E-05 0.00317864 0.917008 0.0788241
9.996E-05 9.996E-05 9.996E-05 9.996E-05 0.489169 0.00953334 0.213197 0.2877
9.9973E-05 9.9973E-05 9.9973E-05 0.142256 0.0474325 0.0161585 0.207924 0.585929
0.0101361 9.9964E-05 0.0115687 9.9964E-05 9.9964E-05 0.904753 9.9964E-05 0.0731422
9.9973E-05 9.9973E-05 0.201298 0.413279 9.9973E-05 0.0194115 0.155517 0.210194
9.9973E-05 0.00140464 9.9973E-05 9.9973E-05 0.27938 0.0133729 0.278703 0.42684
9.9973E-05 0.00117951 9.9973E-05 0.284106 0.361402 9.9973E-05 0.224384 0.128629
0.00420098 9.9955E-05 9.9955E-05 9.9955E-05 9.9955E-05 9.9955E-05 0.883182 0.112117
9.9946E-05 9.9946E-05 9.9946E-05 9.9946E-05 9.9946E-05 9.9946E-05 0.753013 0.246388
9.9946E-05 9.9946E-05 9.9946E-05 9.9946E-05 9.9946E-05 9.9946E-05 0.994605 0.00479483
9.9973E-05 9.9973E-05 0.678043 0.125156 0.0229261 9.9973E-05 0.00574168 0.167833
9.9955E-05 9.9955E-05 0.0141319 0.0378326 9.9955E-05 9.9955E-05 0.947536 9.9955E-05
9.9946E-05 9.9946E-05 9.9946E-05 0.0168775 9.9946E-05 9.9946E-05 0.982523 9.9946E-05
9.9973E-05 0.00740256 0.141562 0.598434 9.9973E-05 0.00165654 0.250645 9.9973E-05
9.9955E-05 9.9955E-05 0.00998689 9.9955E-05 9.9955E-05 0.00539466 0.984119 9.9955E-05
9.9982E-05 0.0117224 0.0650519 0.303297 0.260808 9.9982E-05 0.218264 0.140657
9.9946E-05 9.9946E-05 9.9946E-05 9.9946E-05 9.9946E-05 9.9946E-05 0.517684 0.481717
9.9982E-05 0.0270422 0.145884 0.0993402 0.529219 0.0157022 9.9982E-05 0.182613
0.00648909 9.9982E-05 0.0132564 0.634557 0.249188 0.0117369 0.0845724 9.9982E-05
9.9982E-05 9.9982E-05 0.0597569 0.0790408 0.0948132 0.0462491 0.0804161 0.639524
0.00397817 0.00926397 0.17376 0.57996 9.9991E-05 0.0197607 0.18777 0.0254069
9.9964E-05 0.00695076 9.9964E-05 0.0034826 9.9964E-05 0.0161571 0.97301 9.9964E-05
9.9955E-05 9.9955E-05 9.9955E-05 9.9955E-05 0.0248031 9.9955E-05 0.787041 0.187656
0.00221549 0.00483615 9.9964E-05 9.9964E-05 9.9964E-05 9.9964E-05 0.732598 0.25995
0.0281132 9.9973E-05 0.00499339 0.0380946 9.9973E-05 9.9973E-05 0.706456 0.222043
0.9993 9.994E-05 9.994E-05 9.994E-05 9.994E-05 9.994E-05 9.994E-05 9.994E-05
9.9955E-05 9.9955E-05 9.9955E-05 0.0723773 0.0566049 9.9955E-05 0.870518 9.9955E-05
9.9946E-05 9.9946E-05 9.9946E-05 9.9946E-05 9.9946E-05 9.9946E-05 0.851597 0.147804
0.9993 9.994E-05 9.994E-05 9.994E-05 9.994E-05 9.994E-05 9.994E-05 9.994E-05
9.9946E-05 9.9946E-05 9.9946E-05 9.9946E-05 9.9946E-05 9.9946E-05 0.588202 0.411199
9.9973E-05 0.00236331 0.0611065 9.9973E-05 0.188587 9.9973E-05 0.358836 0.388808
9.9946E-05 9.9946E-05 9.9946E-05 9.9946E-05 9.9946E-05 9.9946E-05 0.668895 0.330505
9.9964E-05 9.9964E-05 9.9964E-05 0.0155215 9.9964E-05 0.00723607 0.494133 0.48271
0.0184237 9.99549E-05 0.565572 9.99549E-05 9.99549E-05 9.99549E-05 0.415504 9.99549E-05
9.9973E-05 9.9973E-05 0.111883 0.139166 9.9973E-05 0.0365896 0.199067 0.512994
9.99639E-05 0.010196 0.247024 9.99639E-05 9.99639E-05 0.0263002 0.71608 9.99639E-05
9.9946E-05 9.9946E-05 9.9946E-05 9.9946E-05 9.9946E-05 9.9946E-05 0.907277 0.0921236
0.00757061 9.9964E-05 9.9964E-05 0.00590161 0.00906403 9.9964E-05 0.977064 9.9964E-05
0.0117939 9.9973E-05 0.00961448 9.9973E-05 9.9973E-05 0.00398023 0.709636 0.264675
9.9946E-05 9.9946E-05 9.9946E-05 9.9946E-05 9.9946E-05 9.9946E-05 0.720367 0.279033
9.9955E-05 9.9955E-05 9.9955E-05 9.9955E-05 0.00417838 9.9955E-05 0.963321 0.0320007
9.9973E-05 0.0238576 0.0541033 0.0496481 0.0466435 0.825448 9.9973E-05 9.9973E-05
9.9964E-05 0.00549393 9.9964E-05 9.9964E-05 0.0148768 0.00788959 0.97134 9.9964E-05
9.9982E-05 0.0104092 0.263151 9.9982E-05 0.0493634 0.0169438 0.11655 0.543382
0.0112249 9.9964E-05 9.9964E-05 9.9964E-05 0.037436 9.9964E-05 0.933687 0.0172518
9.9964E-05 0.0100817 0.0019021 0.0119088 9.9964E-05 9.9964E-05 0.975708 9.9964E-05
0.00344107 9.9955E-05 9.9955E-05 9.9955E-05 9.9955E-05 9.9955E-05 0.638915 0.357144
9.995E-05 9.995E-05 9.995E-05 9.995E-05 0.0463217 9.995E-05 0.620427 0.332752
9.9964E-05 9.9964E-05 9.9964E-05 0.0375312 0.740801 0.0249581 0.19631 9.9964E-05
0.9993 9.994E-05 9.994E-05 9.994E-05 9.994E-05 9.994E-05 9.994E-05 9.994E-05
9.9973E-05 9.9973E-05 0.0486159 0.267009 9.9973E-05 0.00626844 0.10692 0.570886
0.0051156 0.00906928 0.193018 9.99729E-05 9.99729E-05 0.0149027 0.777595 9.99729E-05
0.00358653 0.0166506 9.9973E-05 9.9973E-05 9.9973E-05 0.00869973 0.772466 0.198297
9.9955E-05 9.9955E-05 0.0336692 9.9955E-05 9.9955E-05 0.0378829 0.927948 9.9955E-05
9.9955E-05 0.00429443 9.9955E-05 9.9955E-05 0.00269853 9.9955E-05 0.992507 9.9955E-05
0.0282698 0.000353119 0.0154585 0.0312785 9.9973E-05 9.9973E-05 0.92434 9.9973E-05
9.99475E-05 9.99475E-05 9.99475E-05 9.99475E-05 0.0257734 9.99475E-05 0.973627 9.99475E-05
9.9982E-05 9.9982E-05 0.120332 0.134355 0.436175 0.00168807 0.1523 0.154949
9.9964E-05 9.9964E-05 9.9964E-05 0.00206778 0.0227367 9.9964E-05 0.939037 0.0357585
0.011676 9.9964E-05 0.230365 9.9964E-05 0.077276 0.680283 9.9964E-05 9.9964E-05
9.9973E-05 0.00208643 0.00811857 9.9973E-05 9.9973E-05 0.0109378 0.514723 0.463835
0.000176161 0.00283228 9.9964E-05 9.9964E-05 9.9964E-05 9.9964E-05 0.925309 0.0712825
0.387274 0.0508775 0.489957 9.9982E-05 0.00104454 0.0266765 0.0439707 9.9982E-05
0.0256162 9.99549E-05 0.630501 9.99549E-05 9.99549E-05 9.99549E-05 0.343383 9.99549E-05
9.9964E-05 9.9964E-05 0.121351 0.237963 9.9964E-05 9.9964E-05 0.299031 0.341255
9.9964E-05 0.00906636 0.024671 9.9964E-05 9.9964E-05 9.9964E-05 0.767098 0.198764
9.9955E-05 9.9955E-05 0.0374796 9.9955E-05 9.9955E-05 0.0156745 0.946346 9.9955E-05
9.994E-05 0.9993 9.994E-05 9.994E-05 9.994E-05 9.994E-05 9.994E-05 9.994E-05
9.99549E-05 9.99549E-05 9.99549E-05 9.99549E-05 0.0145417 9.99549E-05 0.496024 0.488935
9.9946E-05 9.9946E-05 9.9946E-05 9.9946E-05 9.9946E-05 9.9946E-05 0.545147 0.454254
9.996E-05 9.996E-05 9.996E-05 0.0965653 0.352819 9.996E-05 0.173029 0.377186
9.9982E-05 0.00147037 9.9982E-05 0.0340558 0.328973 0.0161428 0.126042 0.493116
9.9955E-05 9.9955E-05 9.9955E-05 9.9955E-05 0.699283 9.9955E-05 0.145181 0.155036
9.9955E-05 9.9955E-05 0.0283315 9.9955E-05 9.9955E-05 0.0107443 0.960424 9.9955E-05
9.9946E-05 9.9946E-05 9.9946E-05 9.9946E-05 9.9946E-05 9.9946E-05 0.494977 0.504423
9.9946E-05 9.9946E-05 9.9946E-05 9.9946E-05 9.9946E-05 9.9946E-05 0.897292 0.102108
9.9955E-05 9.9955E-05 0.0656 9.9955E-05 9.9955E-05 9.9955E-05 0.307096 0.626804
9.9964E-05 9.9964E-05 0.630553 0.213925 0.0872665 9.9964E-05 0.0678553 9.9964E-05
9.9955E-05 9.9955E-05 0.0106036 0.00454844 9.9955E-05 9.9955E-05 0.984348 9.9955E-05
9.9973E-05 9.9973E-05 9.9973E-05 0.2277 0.0670818 0.062632 0.177181 0.465105
0.00666096 9.9964E-05 9.9964E-05 0.19826 9.9964E-05 9.9964E-05 0.198346 0.596334
0.000318047 9.9955E-05 9.9955E-05 0.152607 9.9955E-05 0.846575 9.9955E-05 9.9955E-05
9.9946E-05 9.9946E-05 9.9946E-05 9.9946E-05 9.9946E-05 9.9946E-05 0.541538 0.457863
0.000611862 9.9973E-05 9.9973E-05 0.00520026 0.0128439 9.9973E-05 0.939931 0.0411129
9.9946E-05 9.9946E-05 9.9946E-05 9.9946E-05 9.9946E-05 0.00058779 0.998813 9.9946E-05
0.0146502 9.9973E-05 9.9973E-05 0.161362 0.454536 9.9973E-05 0.0282965 0.340855
0.9993 9.994E-05 9.994E-05 9.994E-05 9.994E-05 9.994E-05 9.994E-05 9.994E-05
0.0117275 9.9964E-05 9.9964E-05 9.9964E-05 0.860301 9.9964E-05 0.0923928 0.0351785
0.0029567 9.9964E-05 9.9964E-05 9.9964E-05 9.9964E-05 0.0421172 0.721877 0.232649
9.9964E-05 0.00741763 0.0324133 9.9964E-05 9.9964E-05 0.0296271 0.930142 9.9964E-05
9.9955E-05 9.9955E-05 9.9955E-05 9.9955E-05 0.599327 9.9955E-05 0.154407 0.245766
0.9993 9.994E-05 9.994E-05 9.994E-05 9.994E-05 9.994E-05 9.994E-05 9.994E-05
0.0232954 9.9964E-05 0.254306 0.0792432 9.9964E-05 0.642756 9.9964E-05 9.9964E-05
0.00219428 9.9973E-05 9.9973E-05 0.000399959 0.140024 9.9973E-05 0.67437 0.182712
9.9946E-05 9.9946E-05 9.9946E-05 9.9946E-05 9.9946E-05 9.9946E-05 0.719269 0.280131
9.9955E-05 9.9955E-05 9.9955E-05 9.9955E-05 0.412772 9.9955E-05 0.199781 0.386947
9.9955E-05 9.9955E-05 9.9955E-05 0.000234065 9.9955E-05 0.0275922 0.971674 9.9955E-05
0.0496439 9.9982E-05 0.122236 0.401263 0.259032 9.9982E-05 0.100448 0.0671773
0.502743 0.0928241 0.233088 9.9982E-05 0.0245932 0.129912 0.0166396 9.9982E-05
9.996E-05 9.996E-05 0.00340853 9.996E-05 9.996E-05 0.0364651 0.841324 0.118403
9.99549E-05 9.99549E-05 9.99549E-05 9.99549E-05 0.112749 9.99549E-05 0.498176 0.388575
9.9946E-05 9.9946E-05 9.9946E-05 9.9946E-05 0.000470855 0.998929 9.9946E-05 9.9946E-05
0.0107382 9.9964E-05 9.9964E-05 9.9964E-05 0.035567 9.9964E-05 0.838372 0.114923
9.9955E-05 9.9955E-05 9.9955E-05 9.9955E-05 0.0227427 9.9955E-05 0.366225 0.610533
9.9946E-05 9.9946E-05 9.9946E-05 9.9946E-05 9.9946E-05 9.9946E-05 0.785743 0.213658
9.9964E-05 0.00438956 9.9964E-05 0.0935312 0.623885 9.9964E-05 0.277795 9.9964E-05
0.0105646 9.9973E-05 9.9973E-05 0.233407 0.236214 9.9973E-05 0.186178 0.333336
9.9982E-05 9.9982E-05 0.188801 0.242949 0.0516459 0.00161758 0.0602173 0.454569
9.99459E-05 9.99459E-05 0.585432 9.99459E-05 0.413968 9.99459E-05 9.99459E-05 9.99459E-05
9.9955E-05 9.9955E-05 9.9955E-05 9.9955E-05 9.9955E-05 0.00789254 0.553002 0.438606
0.000781979 9.9964E-05 9.9964E-05 9.9964E-05 9.9964E-05 0.00137499 0.858945 0.138499
0.0244184 9.9964E-05 9.9964E-05 9.9964E-05 9.9964E-05 0.00656581 0.641176 0.32744
0.838194 0.0626073 0.0722094 9.9964E-05 0.0265899 9.9964E-05 9.9964E-05 9.9964E-05
9.9973E-05 9.9973E-05 0.0724461 9.9973E-05 0.0145442 0.0214014 0.872313 0.0189953
0.953338 0.0114119 0.0240526 9.9964E-05 9.9964E-05 9.9964E-05 9.9964E-05 0.0107978
9.9946E-05 9.9946E-05 9.9946E-05 9.9946E-05 9.9946E-05 9.9946E-05 0.638184 0.361216
9.99459E-05 9.99459E-05 9.99459E-05 9.99459E-05 9.99459E-05 0.947692 0.0517083 9.99459E-05
9.99639E-05 9.99639E-05 0.0389233 9.99639E-05 0.567567 9.99639E-05 0.0088486 0.384261
9.9973E-05 0.0193704 0.0397925 0.122384 0.67371 9.9973E-05 0.144444 9.9973E-05
9.9982E-05 0.0293405 0.0764225 9.9982E-05 0.633748 0.0358365 0.0806162 0.143836
9.9955E-05 9.9955E-05 9.9955E-05 9.9955E-05 9.9955E-05 0.0068863 0.494156 0.498458
0.029617 9.9991E-05 0.0469546 0.227152 0.228263 0.0108144 0.240632 0.216467
0.00138164 9.9964E-05 9.9964E-05 9.9964E-05 9.9964E-05 0.00588359 0.944167 0.0481681
0.00771657 0.016341 9.9982E-05 9.9982E-05 0.109196 0.0167792 0.372665 0.477103
9.99459E-05 9.99459E-05 0.776818 9.99459E-05 9.99459E-05 9.99459E-05 0.222583 9.99459E-05
0.0149336 0.000292687 9.9973E-05 0.124462 9.9973E-05 9.9973E-05 0.713738 0.146274
9.9964E-05 0.0109327 0.032769 9.9964E-05 9.9964E-05 9.9964E-05 0.763204 0.192695
0.00696712 9.99549E-05 9.99549E-05 9.99549E-05 9.99549E-05 0.954804 0.0377288 9.99549E-05
9.9973E-05 9.9973E-05 0.292546 0.460555 9.9973E-05 0.0577612 0.175005 0.0138319
9.99461E-05 9.99461E-05 9.99461E-05 9.99461E-05 0.0189505 0.98045 9.99461E-05 9.99461E-05
0.000126474 9.9955E-05 9.9955E-05 9.9955E-05 9.9955E-05 9.9955E-05 0.653592 0.345782
9.9964E-05 9.9964E-05 0.757151 9.9964E-05 9.9964E-05 0.0413223 0.068926 0.132201
9.9964E-05 9.9964E-05 0.509238 0.268157 9.9964E-05 0.0210957 0.20111 9.9964E-05
0.0217234 9.9964E-05 9.9964E-05 9.9964E-05 0.0356314 9.9964E-05 0.704245 0.238001
9.9955E-05 9.9955E-05 9.9955E-05 9.9955E-05 0.0196608 9.9955E-05 0.96676 0.0130798
0.978544 9.9946E-05 9.9946E-05 9.9946E-05 9.9946E-05 0.0208564 9.9946E-05 9.9946E-05
9.9964E-05 9.9964E-05 0.493953 0.296945 0.179864 0.0288376 9.9964E-05 9.9964E-05
9.99459E-05 9.99459E-05 9.99459E-05 9.99459E-05 9.99459E-05 9.99459E-05 0.661559 0.337842
0.0293483 0.00856087 0.498872 9.9973E-05 9.9973E-05 0.401046 0.0618735 9.9973E-05
0.00195795 9.9964E-05 0.0428594 9.9964E-05 9.9964E-05 0.00167425 0.953109 9.9964E-05
9.994E-05 0.9993 9.994E-05 9.994E-05 9.994E-05 9.994E-05 9.994E-05 9.994E-05
0.00623262 0.00334651 0.0588898 9.9982E-05 0.00103772 9.9982E-05 0.826507 0.103787
0.0196485 0.593757 0.307509 9.9964E-05 9.9964E-05 9.9964E-05 0.078686 9.9964E-05
0.0271486 9.9982E-05 0.0386675 9.9982E-05 0.49574 0.0149823 0.0704085 0.352853
9.9973E-05 0.000268017 0.0287071 9.9973E-05 0.0105853 0.00387999 0.95626 9.9973E-05
9.9955E-05 0.00496493 9.9955E-05 0.0123573 9.9955E-05 9.9955E-05 0.982178 9.9955E-05
9.9973E-05 0.00362703 9.9973E-05 0.725902 0.0873161 0.0105728 0.172282 9.9973E-05
9.9964E-05 0.000609028 0.0861152 9.9964E-05 9.9964E-05 0.00465238 0.908223 9.9964E-05
9.99551E-05 9.99551E-05 9.99551E-05 0.0167047 0.00360405 0.979192 9.99551E-05 9.99551E-05
0.00353909 9.9973E-05 9.9973E-05 0.00374167 9.9973E-05 0.00157556 0.986175 0.00466874
9.994E-05 0.9993 9.994E-05 9.994E-05 9.994E-05 9.994E-05 9.994E-05 9.994E-05
9.994E-05 9.994E-05 9.994E-05 9.994E-05 9.994E-05 9.994E-05 0.9993 9.994E-05
9.9982E-05 9.9982E-05 0.131284 0.0901995 0.143707 0.0209304 0.028657 0.585022
0.0125887 0.00425834 9.9982E-05 0.202481 0.0904024 9.9982E-05 0.292813 0.397256
9.9964E-05 9.9964E-05 0.497345 0.22152 0.0916763 9.9964E-05 9.9964E-05 0.189059
0.0220531 0.0106943 0.0314128 0.447471 9.9991E-05 0.00488667 0.283922 0.19946
0.0501246 0.000286327 0.203825 0.523571 9.9991E-05 0.0020472 0.215327 0.004719
9.994E-05 9.994E-05 9.994E-05 9.994E-05 9.994E-05 9.994E-05 0.9993 9.994E-05
0.00345096 9.9973E-05 9.9973E-05 9.9973E-05 0.25327 0.0456922 0.291126 0.406161
9.9964E-05 0.00352036 9.9964E-05 9.9964E-05 9.9964E-05 0.000539393 0.879226 0.116315
0.025778 9.9982E-05 0.0974594 0.252483 9.9982E-05 0.0509012 0.174888 0.39829
9.9964E-05 9.9964E-05 0.257749 0.0274757 0.675725 9.9964E-05 0.0386503 9.9964E-05
9.9973E-05 0.00744093 0.0609701 9.9973E-05 9.9973E-05 0.00239139 0.843732 0.0851656
0.0151764 9.9955E-05 9.9955E-05 9.9955E-05 9.9955E-05 9.9955E-05 0.360535 0.623789
0.0160076 9.9964E-05 9.9964E-05 9.9964E-05 9.9964E-05 0.0113376 0.656071 0.316184
9.9964E-05 9.9964E-05 0.0138312 0.0380864 0.00841638 9.9964E-05 0.939266 9.9964E-05
0.0087798 0.00595321 0.616751 0.00500788 9.9982E-05 0.0318755 0.331433 9.9982E-05
9.9964E-05 9.9964E-05 9.9964E-05 0.262752 0.0144709 9.9964E-05 0.293023 0.429353
9.9982E-05 0.0101519 0.196187 0.163768 9.9982E-05 0.00260397 0.318783 0.308307
0.00725738 0.896051 0.00286339 0.0447226 9.9982E-05 0.0369796 9.9982E-05 0.0119257
9.9964E-05 9.9964E-05 0.0343607 0.0426584 9.9964E-05 0.0080137 0.914567 9.9964E-05
9.9946E-05 9.9946E-05 0.0182956 9.9946E-05 9.9946E-05 9.9946E-05 0.981105 9.9946E-05
9.9964E-05 0.00822331 9.9964E-05 9.9964E-05 9.9964E-05 0.0055677 0.842594 0.143215
0.00328127 9.99549E-05 9.99549E-05 9.99549E-05 9.99549E-05 0.963111 0.0331075 9.99549E-05
9.9964E-05 0.00124379 0.0621075 9.9964E-05 9.9964E-05 9.9964E-05 0.641557 0.294692
9.9955E-05 9.9955E-05 0.015844 0.75085 9.9955E-05 9.9955E-05 0.232807 9.9955E-05
0.01216 9.9982E-05 9.9982E-05 0.0340983 0.219113 0.0094721 0.384763 0.340194
9.9955E-05 0.000260229 0.0366138 9.9955E-05 9.9955E-05 9.9955E-05 0.962626 9.9955E-05
9.9982E-05 9.9982E-05 0.0502109 0.0675175 0.00140115 0.00772428 0.834334 0.0386126
9.994E-05 9.994E-05 9.994E-05 9.994E-05 9.994E-05 9.994E-05 0.9993 9.994E-05
0.0107551 9.9955E-05 9.9955E-05 0.75825 9.9955E-05 9.9955E-05 0.230495 9.9955E-05
0.0346488 0.769632 0.155835 0.0130907 9.9982E-05 0.0255259 9.9982E-05 0.00106747
9.9964E-05 9.9964E-05 0.205082 0.71656 0.0268915 9.9964E-05 0.0510664 9.9964E-05
0.026348 9.9973E-05 9.9973E-05 0.0158906 0.10932 9.9973E-05 0.499097 0.349044
0.0111869 0.92842 0.0598935 9.9955E-05 9.9955E-05 9.9955E-05 9.9955E-05 9.9955E-05
9.9982E-05 0.00305164 0.0541219 0.0550566 9.9982E-05 0.037191 0.538344 0.312035
9.99549E-05 9.99549E-05 9.99549E-05 9.99549E-05 0.419876 9.99549E-05 0.267108 0.312516
0.00566084 9.997E-05 0.0582872 0.0118425 9.997E-05 0.0271784 0.896731 9.997E-05
0.0111572 9.9955E-05 9.9955E-05 0.0125507 9.9955E-05 9.9955E-05 0.975792 9.9955E-05
0.0124604 9.9955E-05 9.9955E-05 0.0378269 9.9955E-05 9.9955E-05 0.949213 9.9955E-05
9.9964E-05 9.9964E-05 0.120047 0.186517 9.9964E-05 9.9964E-05 0.45331 0.239725
9.99459E-05 9.99459E-05 9.99459E-05 9.99459E-05 9.99459E-05 0.934933 0.0644677 9.99459E-05
9.9946E-05 9.9946E-05 9.9946E-05 9.9946E-05 9.9946E-05 9.9946E-05 0.951338 0.0480619
9.9955E-05 9.9955E-05 0.148602 9.9955E-05 0.79578 9.9955E-05 0.0551188 9.9955E-05
9.9955E-05 9.9955E-05 9.9955E-05 0.0387879 9.9955E-05 9.9955E-05 0.363487 0.597225
9.99639E-05 0.0158153 9.99639E-05 9.99639E-05 9.99639E-05 0.958247 0.0183405 0.00719746
9.9964E-05 9.9964E-05 9.9964E-05 0.460732 0.388953 0.00241903 0.147496 9.9964E-05
9.9955E-05 0.0116291 0.892087 9.9955E-05 9.9955E-05 9.9955E-05 9.9955E-05 0.0957838
9.9982E-05 9.9982E-05 0.22055 0.10314 0.191254 0.0245752 0.0903973 0.369884
9.9946E-05 9.9946E-05 9.9946E-05 9.9946E-05 9.9946E-05 0.894428 0.104972 9.9946E-05
9.9955E-05 9.9955E-05 9.9955E-05 9.9955E-05 0.0605002 9.9955E-05 0.434064 0.504936
9.99459E-05 0.999074 9.99459E-05 9.99459E-05 9.99459E-05 9.99459E-05 0.000326376 9.99459E-05
0.00605563 0.00437988 0.00997518 0.00220887 0.0067645 9.9991E-05 0.505337 0.465179
0.007759 9.9955E-05 9.9955E-05 9.9955E-05 9.9955E-05 9.9955E-05 0.892629 0.0991117
9.99461E-05 0.995841 9.99461E-05 9.99461E-05 0.00355956 9.99461E-05 9.99461E-05 9.99461E-05
9.9946E-05 9.9946E-05 9.9946E-05 9.9946E-05 9.9946E-05 9.9946E-05 0.818433 0.180968
0.900909 0.00940698 0.0297026 9.9991E-05 0.0290079 0.0114883 0.0127779 0.0066078
9.9973E-05 9.9973E-05 0.0317878 0.13633 0.110981 9.9973E-05 0.130431 0.590171
9.9964E-05 9.9964E-05 0.0405704 9.9964E-05 9.9964E-05 0.017598 0.885685 0.0557467
9.997E-05 9.997E-05 0.317493 0.349974 0.148833 0.0757927 0.107607 9.997E-05
9.9973E-05 0.0151143 0.0540532 9.9973E-05 0.00664289 9.9973E-05 0.669169 0.25472
0.0222945 0.919172 0.0580335 9.9955E-05 9.9955E-05 9.9955E-05 9.9955E-05 9.9955E-05
9.9964E-05 0.00760896 9.9964E-05 0.239687 9.9964E-05 9.9964E-05 0.189444 0.56286
