9.9982E-05 0.805899 9.9982E-05 0.193901
9.9982E-05 0.989289 0.0105108 9.9982E-05
0.0123138 0.985776 0.00181008 9.9991E-05
9.999E-05 0.779494 0.0139823 0.206424
0.0590781 0.407657 0.0324994 0.500766
0.145043 0.451275 0.121799 0.281883
0.0759069 0.364233 9.9991E-05 0.55976
0.0357066 0.3163 0.0391413 0.608852
0.00171878 0.960085 0.0380966 9.9991E-05
9.9982E-05 0.90865 9.9982E-05 0.09115
9.9982E-05 0.445374 9.9982E-05 0.554426
0.0145061 0.310977 9.9991E-05 0.674417
9.9982E-05 0.466347 9.9982E-05 0.533453
0.135543 0.424635 0.145265 0.294558
9.9982E-05 0.746009 9.9982E-05 0.253791
0.0422277 0.64308 0.050273 0.264419
9.9982E-05 0.364402 9.9982E-05 0.635398
0.170998 0.356236 0.472665 9.9991E-05
9.9982E-05 0.99176 0.00804034 9.9982E-05
0.0735064 0.305974 0.0759088 0.54461
0.00800831 0.962951 9.9991E-05 0.0289408
9.9982E-05 0.410825 9.9982E-05 0.588975
0.00717734 0.505452 9.9991E-05 0.48727
0.921637 9.9982E-05 9.9982E-05 0.0781629
9.9982E-05 0.530345 9.9982E-05 0.469455
0.00137596 0.402765 0.0286631 0.567196
0.00720214 0.982469 9.9991E-05 0.0102286
9.9982E-05 0.905069 9.9982E-05 0.0947315
9.998E-05 0.9997 9.998E-05 9.998E-05
0.143136 0.401894 0.100291 0.35468
9.9982E-05 0.993322 0.00647814 9.9982E-05
9.998E-05 0.9997 9.998E-05 9.998E-05
0.102513 0.428382 0.116137 0.352968
0.00551106 0.994289 9.9982E-05 9.9982E-05
9.9991E-05 0.413494 0.0567204 0.529686
9.9982E-05 0.796828 9.9982E-05 0.202972
0.0353068 0.267478 0.0261716 0.671043
0.0847281 0.218374 0.0896638 0.607234
0.0360221 0.425048 9.9991E-05 0.538829
0.138147 0.368321 0.118133 0.375398
0.0176495 0.979935 0.00231589 9.9991E-05
9.9982E-05 0.903131 9.9982E-05 0.0966686
9.9991E-05 0.884786 0.000975197 0.114139
0.00654031 0.857301 0.0127309 0.123428
0.143664 0.0309559 0.82528 9.9991E-05
9.9991E-05 0.932156 0.00636245 0.0613815
9.9982E-05 0.970007 9.9982E-05 0.0297929
0.131643 0.0287881 0.839469 9.9991E-05
9.9982E-05 0.797594 9.9982E-05 0.202207
9.9982E-05 0.59559 9.9982E-05 0.40421
9.9982E-05 0.852671 9.9982E-05 0.147129
9.9982E-05 0.715414 9.9982E-05 0.284386
0.117728 0.72695 0.126505 0.0288172
0.073508 0.495324 9.9991E-05 0.431068
0.0783321 0.866472 0.0550961 9.9991E-05
9.9982E-05 0.998898 9.9982E-05 0.000902221
9.9982E-05 0.988551 0.0112493 9.9982E-05
0.00590714 0.86951 9.9991E-05 0.124483
9.9982E-05 0.888943 9.9982E-05 0.110857
9.998E-05 0.9997 9.998E-05 9.998E-05
0.921066 9.9982E-05 9.9982E-05 0.0787338
0.0124479 0.983401 0.00405146 9.9991E-05
0.0381069 0.514764 0.0402043 0.406925
9.9982E-05 0.997639 0.00216122 9.9982E-05
9.9982E-05 0.985502 0.0142981 9.9982E-05
9.9982E-05 0.8077 9.9982E-05 0.1921
9.9982E-05 0.787554 9.9982E-05 0.212246
0.0258004 0.343792 9.9991E-05 0.630308
0.147078 0.00986519 0.842956 9.9991E-05
0.0351728 0.455657 0.0103286 0.498842
0.054521 0.890691 0.0546884 9.9991E-05
0.0155419 0.922537 0.0046546 0.057266
0.0502305 0.94957 9.9982E-05 9.9982E-05
9.998E-05 0.9997 9.998E-05 9.998E-05
9.9982E-05 0.953196 0.0466043 9.9982E-05
9.9982E-05 0.996736 0.0030641 9.9982E-05
0.0309373 0.404941 9.9991E-05 0.564022
9.9982E-05 0.992162 9.9982E-05 0.00763774
0.776937 0.0802187 0.0320144 0.11083
0.0007354 0.741366 9.9991E-05 0.257798
0.00211942 0.990876 0.00457281 0.00243168
0.213067 0.251408 0.470415 0.0651101
0.131021 0.687681 0.15429 0.0270084
0.00763395 0.588365 0.0374645 0.366537
9.9991E-05 0.914962 0.0078837 0.0770544
0.0391538 0.960646 9.9982E-05 9.9982E-05
9.998E-05 9.998E-05 0.9997 9.998E-05
9.9982E-05 0.723874 9.9982E-05 0.275926
9.9982E-05 0.766023 9.9982E-05 0.233777
9.9982E-05 0.425808 9.9982E-05 0.573992
9.9982E-05 0.382017 9.9982E-05 0.617783
9.9982E-05 0.331707 9.9982E-05 0.668093
0.0078901 0.99191 9.9982E-05 9.9982E-05
9.9982E-05 0.748421 9.9982E-05 0.251379
9.9982E-05 0.962961 9.9982E-05 0.0368389
9.9982E-05 0.602598 9.9982E-05 0.397202
0.109797 0.396533 0.147077 0.346593
0.0174189 0.981804 0.000677131 9.9991E-05
0.0573397 0.43538 9.9991E-05 0.507181
9.9991E-05 0.52097 0.0154144 0.463515
0.891945 9.9982E-05 9.9982E-05 0.107855
9.9982E-05 0.981064 9.9982E-05 0.0187361
0.00397306 0.995827 9.9982E-05 9.9982E-05
9.9991E-05 0.287192 0.00607976 0.706628
0.133162 0.0469614 0.819776 9.9991E-05
9.9982E-05 0.272941 9.9982E-05 0.726859
0.0443447 0.865808 9.9991E-05 0.0897478
0.040278 0.957875 0.0017474 9.9991E-05
9.9982E-05 0.361668 9.9982E-05 0.638133
0.147333 0.0207834 0.831783 9.9991E-05
0.75464 0.102455 0.0760252 0.0668803
9.9982E-05 0.793917 9.9982E-05 0.205883
9.9982E-05 0.891032 9.9982E-05 0.108768
9.9982E-05 0.4272 9.9982E-05 0.5726
0.0187066 0.981093 9.9982E-05 9.9982E-05
0.071804 0.283655 0.0807994 0.563742
0.264653 0.132189 0.560855 0.0423034
0.0383317 0.933307 9.9991E-05 0.0282617
9.9982E-05 0.715529 9.9982E-05 0.284271
0.9997 9.998E-05 9.998E-05 9.998E-05
9.9982E-05 0.943062 9.9982E-05 0.0567382
9.9982E-05 0.6399 9.9982E-05 0.3599
9.9982E-05 0.941811 9.9982E-05 0.0579894
9.9991E-05 0.428643 0.000950183 0.570307
9.9991E-05 0.454779 0.0146298 0.530491
0.03309 0.40671 0.0285544 0.531646
0.0512342 0.326727 0.100659 0.52138
9.9982E-05 0.783583 9.9982E-05 0.216217
0.0142459 0.972798 9.9991E-05 0.0128565
0.00984858 0.829712 9.9991E-05 0.160339
0.151365 0.053831 0.794704 9.9991E-05
0.0396686 0.955565 9.9991E-05 0.00466654
0.15967 0.039155 0.801075 9.9991E-05
9.9982E-05 0.838885 9.9982E-05 0.160915
0.978295 0.0215051 9.99819E-05 9.99819E-05
9.9982E-05 0.277573 9.9982E-05 0.722227
0.00911402 0.31134 0.0191322 0.660413
0.0199315 0.296897 0.0263277 0.656844
9.9982E-05 0.705645 9.9982E-05 0.294155
0.0389691 0.43237 0.0492283 0.479433
0.00365577 0.996144 9.9982E-05 9.9982E-05
9.9982E-05 0.609579 9.9982E-05 0.390221
0.141703 0.581193 0.154902 0.122202
0.00151734 0.835576 0.0307309 0.132176
0.012584 0.908112 0.0207861 0.0585174
0.973526 0.0262736 9.9982E-05 9.9982E-05
0.180432 0.362925 0.108715 0.347928
0.985221 9.9982E-05 9.9982E-05 0.0145791
9.9982E-05 0.818778 9.9982E-05 0.181022
0.177315 0.455715 0.112911 0.254059
0.165188 0.48741 0.121561 0.22584
9.9991E-05 0.85404 0.0120373 0.133822
9.9982E-05 0.997084 0.00271608 9.9982E-05
0.177921 0.0218021 0.800177 9.9991E-05
0.179255 0.265516 0.0946538 0.460574
9.9982E-05 0.832815 9.9982E-05 0.166985
0.531754 0.33436 0.130521 0.00336497
0.00772369 0.975857 0.0163195 9.9991E-05
9.998E-05 9.998E-05 0.9997 9.998E-05
9.9991E-05 0.925222 0.0322258 0.0424518
9.9991E-05 0.243847 0.728058 0.0279942
9.9991E-05 0.349573 0.000903133 0.649424
0.0105976 0.989202 9.9982E-05 9.9982E-05
9.9982E-05 0.993404 0.00639594 9.9982E-05
0.102062 0.299193 0.10448 0.494266
0.0224332 0.961622 0.0158448 9.9991E-05
0.982027 9.9982E-05 9.9982E-05 0.0177726
0.00892215 0.990878 9.9982E-05 9.9982E-05
9.998E-05 9.998E-05 0.9997 9.998E-05
9.998E-05 0.9997 9.998E-05 9.998E-05
0.0285821 0.401901 9.9991E-05 0.569417
9.9991E-05 0.539713 0.00300076 0.457187
0.0961781 0.3208 0.0860812 0.496941
0.0583463 0.484959 0.0979959 0.358698
0.12639 0.398505 0.139032 0.336073
9.998E-05 0.9997 9.998E-05 9.998E-05
0.0251201 0.52839 9.9991E-05 0.44639
0.0021996 0.993795 9.9991E-05 0.00390517
0.0917987 0.447356 0.0390049 0.42184
0.0101119 0.281091 0.0365378 0.672259
0.0227909 0.934296 0.0152001 0.0277134
9.9982E-05 0.659736 9.9982E-05 0.340064
0.00645758 0.862422 9.9991E-05 0.13102
0.00819681 0.979688 0.00311338 0.00900138
0.156828 0.629802 0.140591 0.0727792
9.9991E-05 0.542401 0.0172643 0.440235
0.0438205 0.559771 0.0499565 0.346452
9.9982E-05 9.9982E-05 0.949394 0.0504064
0.0306737 0.956737 0.0124895 9.9991E-05
9.998E-05 0.9997 9.998E-05 9.998E-05
9.9991E-05 0.942846 0.00859684 0.0484569
0.973856 0.0259441 9.9982E-05 9.9982E-05
9.9982E-05 0.847249 9.9982E-05 0.152551
0.116367 0.372352 0.0775399 0.433741
9.9982E-05 0.574572 9.9982E-05 0.425228
9.9982E-05 0.987543 0.0122573 9.9982E-05
0.0195071 0.915253 0.00666807 0.0585723
9.998E-05 0.9997 9.998E-05 9.998E-05
0.093087 0.343228 0.105878 0.457807
0.0143531 0.0696612 0.883928 0.0320577
0.0961381 0.285343 0.115238 0.503281
9.9982E-05 0.709865 9.9982E-05 0.289935
9.998E-05 9.998E-05 0.9997 9.998E-05
0.0365079 0.739415 0.0105668 0.213511
9.9982E-05 0.474429 9.9982E-05 0.525371
0.0427787 0.936819 0.0203021 9.9991E-05
0.000749172 0.997807 0.00134377 9.9991E-05
0.00757365 0.97074 0.0215859 9.9991E-05
0.0415099 0.663429 0.0254308 0.269631
0.946552 0.0532481 9.99819E-05 9.99819E-05
9.998E-05 0.9997 9.998E-05 9.998E-05
0.0294284 0.284937 9.9991E-05 0.685534
9.9982E-05 0.637212 9.9982E-05 0.362588
0.995738 0.00406161 9.9982E-05 9.9982E-05
0.0647911 0.312995 0.0452145 0.577
0.125073 0.478811 0.178209 0.217907
0.0720244 0.402488 9.9991E-05 0.525387
0.914671 0.0851293 9.9982E-05 9.9982E-05
9.9982E-05 0.680046 9.9982E-05 0.319754
9.998E-05 9.998E-05 0.9997 9.998E-05
9.9982E-05 0.74004 9.9982E-05 0.25976
9.9991E-05 0.986439 0.00945277 0.00400828
9.998E-05 9.998E-05 0.9997 9.998E-05
9.9982E-05 0.937386 9.9982E-05 0.0624136
0.172899 0.0717159 0.750074 0.00531171
9.9982E-05 0.432185 9.9982E-05 0.567615
0.0350688 0.964731 9.9982E-05 9.9982E-05
0.171394 0.340936 0.0844892 0.40318
9.9991E-05 0.834391 0.0111274 0.154382
9.9982E-05 0.0191666 0.980633 9.9982E-05
9.9991E-05 0.498999 0.00222503 0.498676
