9.9982E-05 0.188818 9.9982E-05 0.810982
9.9982E-05 9.9982E-05 0.00663399 0.993166
0.0132495 9.9982E-05 9.9982E-05 0.986551
0.000441137 0.208023 0.00635086 0.785185
0.056885 0.500342 0.0367089 0.406064
0.125096 0.275295 0.120506 0.479102
0.0703624 0.575049 0.00707346 0.347515
0.0237038 0.613414 0.0456632 0.317219
0.0157614 9.9991E-05 0.0314388 0.9527
9.9982E-05 0.0947921 9.9982E-05 0.905008
9.9982E-05 0.560266 9.9982E-05 0.439534
0.0024563 0.658652 9.9991E-05 0.338791
9.9982E-05 0.5408 9.9982E-05 0.459
0.124785 0.302766 0.15272 0.419729
9.9982E-05 0.261481 9.9982E-05 0.738319
0.0379985 0.262333 0.0534489 0.64622
9.9982E-05 0.651843 9.9982E-05 0.347957
0.173125 9.9991E-05 0.457692 0.369082
9.9982E-05 9.9982E-05 0.0114223 0.988378
0.0452309 0.554143 0.084918 0.315708
0.00253561 0.00680731 9.9991E-05 0.990557
9.9982E-05 0.589848 9.9982E-05 0.409952
0.00190718 0.489052 9.9991E-05 0.508941
0.913434 0.086366 9.9982E-05 9.9982E-05
9.9982E-05 0.492136 9.9982E-05 0.507664
0.0067495 0.554826 0.0242182 0.414206
9.9991E-05 0.00930528 0.00336382 0.987231
9.9982E-05 0.0842569 9.9982E-05 0.915543
9.998E-05 9.998E-05 9.998E-05 0.9997
0.135136 0.351093 0.0962987 0.417472
9.9982E-05 9.9982E-05 0.00829239 0.991508
9.9982E-05 9.9982E-05 0.00127313 0.998527
0.104838 0.36845 0.119253 0.407459
0.0186985 9.9982E-05 9.9982E-05 0.981102
9.9991E-05 0.524813 0.0633841 0.411703
9.9982E-05 0.212464 9.9982E-05 0.787336
0.0393333 0.685391 0.0357059 0.23957
0.0889958 0.612677 0.0864718 0.211855
0.0350236 0.546039 9.9991E-05 0.418837
0.126711 0.384844 0.106554 0.381892
0.0180186 9.9991E-05 0.00823696 0.973644
9.9982E-05 0.102069 9.9982E-05 0.897731
9.9991E-05 0.122234 0.000129595 0.877536
0.0112087 0.123882 0.0190209 0.845889
0.153149 9.9991E-05 0.831803 0.0149484
9.9991E-05 0.0775861 0.00117666 0.921137
9.9982E-05 0.0237373 9.9982E-05 0.976063
0.14347 9.9991E-05 0.838881 0.0175489
9.9982E-05 0.196301 9.9982E-05 0.803499
9.9982E-05 0.406248 9.9982E-05 0.593552
9.9982E-05 0.154214 9.9982E-05 0.845586
9.9982E-05 0.275006 9.9982E-05 0.724794
0.104616 0.0190791 0.14162 0.734685
0.082603 0.438491 9.9991E-05 0.478806
0.0736362 9.9991E-05 0.0562684 0.869995
9.9982E-05 0.00529957 9.9982E-05 0.9945
9.9982E-05 9.9982E-05 0.00863632 0.991164
0.00084926 0.143274 9.9991E-05 0.855777
9.9982E-05 0.118974 9.9982E-05 0.880827
9.998E-05 9.998E-05 9.998E-05 0.9997
0.902528 0.0847108 0.0126608 9.9991E-05
0.012563 9.9991E-05 0.00182541 0.985512
0.0414117 0.435413 0.036085 0.487091
9.9982E-05 9.9982E-05 0.00494581 0.994854
9.9982E-05 9.9982E-05 0.0090187 0.990781
9.9982E-05 0.188074 9.9982E-05 0.811726
9.9982E-05 0.208874 9.9982E-05 0.790926
0.00298147 0.655235 9.9991E-05 0.341684
0.15386 9.9991E-05 0.84441 0.00163011
0.031151 0.511032 0.00108327 0.456734
0.0489777 9.9991E-05 0.0521448 0.898778
0.0112149 0.0538855 0.00552045 0.929379
0.0450648 9.9982E-05 9.9982E-05 0.954735
9.9982E-05 9.9982E-05 0.00234711 0.997453
9.9982E-05 9.9982E-05 0.0441989 0.955601
9.998E-05 9.998E-05 9.998E-05 0.9997
0.0321489 0.590313 9.9991E-05 0.377438
9.9982E-05 0.00422479 9.9982E-05 0.995575
0.750207 0.112599 0.0358675 0.101326
0.00370014 0.246712 9.9991E-05 0.749488
0.00498459 0.00841621 0.00250538 0.984094
0.19823 0.0860546 0.470621 0.245095
0.125433 0.0129463 0.15059 0.711031
0.00726147 0.378737 0.0402579 0.573744
9.9991E-05 0.0845948 0.00872006 0.906585
0.0193389 9.9982E-05 9.9982E-05 0.980461
9.998E-05 9.998E-05 0.9997 9.998E-05
9.9982E-05 0.267143 9.9982E-05 0.732657
9.9982E-05 0.245455 9.9982E-05 0.754345
9.9982E-05 0.583595 9.9982E-05 0.416205
9.9982E-05 0.615235 9.9982E-05 0.384565
9.9982E-05 0.674047 9.9982E-05 0.325753
0.00926733 9.9982E-05 9.9982E-05 0.990533
9.9982E-05 0.246569 9.9982E-05 0.753231
9.9982E-05 0.0285156 9.9982E-05 0.971284
9.9982E-05 0.374363 9.9982E-05 0.625437
0.123754 0.341065 0.139316 0.395865
0.014717 9.9982E-05 9.9982E-05 0.985083
0.0743129 0.495043 9.9991E-05 0.430544
9.9991E-05 0.471011 0.0192764 0.509613
0.897597 0.102203 9.9982E-05 9.9982E-05
9.9982E-05 0.0102831 9.9982E-05 0.989517
9.998E-05 9.998E-05 9.998E-05 0.9997
9.9982E-05 0.710653 9.9982E-05 0.289147
0.140086 9.9991E-05 0.824899 0.0349147
9.9982E-05 0.746394 9.9982E-05 0.253406
0.029662 0.08864 9.9991E-05 0.881598
0.0399917 9.9991E-05 0.009334 0.950574
9.9982E-05 0.640785 9.9982E-05 0.359015
0.140529 9.9991E-05 0.847544 0.0118263
0.752294 0.0799387 0.07273 0.095037
9.9982E-05 0.208058 9.9982E-05 0.791742
9.9982E-05 0.0947533 9.9982E-05 0.905047
9.9982E-05 0.583603 9.9982E-05 0.416197
0.0357451 9.9982E-05 9.9982E-05 0.964055
0.0644021 0.558544 0.0885276 0.288526
0.245905 0.0495887 0.569709 0.134798
0.0416399 0.024617 9.9991E-05 0.933643
9.9982E-05 0.289526 9.9982E-05 0.710275
0.9997 9.998E-05 9.998E-05 9.998E-05
9.9982E-05 0.0690524 9.9982E-05 0.930748
9.9982E-05 0.365048 9.9982E-05 0.634752
9.9982E-05 0.0498784 9.9982E-05 0.949922
9.9991E-05 0.574421 0.00942503 0.416054
9.9991E-05 0.561165 0.0122362 0.426499
0.0274366 0.55248 0.0337025 0.386381
0.0377043 0.513581 0.116352 0.332364
9.9982E-05 0.228347 9.9982E-05 0.771453
0.0121924 0.01393 9.9991E-05 0.973778
0.00603157 0.170483 9.9991E-05 0.823385
0.140547 9.9991E-05 0.794327 0.0650257
0.0457939 0.00118407 9.9991E-05 0.952922
0.164153 9.9991E-05 0.807907 0.0278396
9.9982E-05 0.187434 9.9982E-05 0.812366
0.952145 9.99819E-05 9.99819E-05 0.0476548
9.9982E-05 0.746401 9.9982E-05 0.253399
0.0128828 0.662361 0.0161663 0.308589
0.0244516 0.643357 0.0247014 0.30749
9.9982E-05 0.286583 9.9982E-05 0.713217
0.0236182 0.496013 0.0532126 0.427156
0.00254514 9.9982E-05 9.9982E-05 0.997255
9.9982E-05 0.39037 9.9982E-05 0.60943
0.12496 0.129941 0.15631 0.58879
9.9991E-05 0.130373 0.0295074 0.84002
0.00331652 0.0415326 0.00780234 0.947349
0.972438 9.9982E-05 9.9982E-05 0.0273618
0.171973 0.356505 0.106217 0.365305
0.988906 0.0108944 9.9982E-05 9.9982E-05
9.9982E-05 0.193259 9.9982E-05 0.806541
0.170145 0.242945 0.114111 0.472798
0.141903 0.228518 0.127628 0.501951
9.9991E-05 0.127102 0.00777432 0.865024
9.998E-05 9.998E-05 9.998E-05 0.9997
0.187629 9.9982E-05 0.812171 9.9982E-05
0.164119 0.461607 0.105957 0.268317
9.9982E-05 0.169346 9.9982E-05 0.830454
0.534665 0.00622374 0.13135 0.327761
0.00800962 9.9991E-05 0.0166369 0.975253
9.998E-05 9.998E-05 0.9997 9.998E-05
9.9991E-05 0.0499553 0.0237749 0.92617
0.00649125 0.0240266 0.722483 0.246999
9.9982E-05 0.661652 9.9982E-05 0.338149
0.00200407 9.9991E-05 0.00742993 0.990466
9.9982E-05 9.9982E-05 0.00647546 0.993325
0.105268 0.496814 0.103833 0.294085
0.0373843 9.9991E-05 0.0166718 0.945844
0.97569 0.02411 9.9982E-05 9.9982E-05
0.00266445 9.9982E-05 9.9982E-05 0.997136
9.998E-05 9.998E-05 0.9997 9.998E-05
9.998E-05 9.998E-05 9.998E-05 0.9997
0.0299191 0.574862 9.9991E-05 0.395119
9.9991E-05 0.449794 0.0215057 0.5286
0.0987461 0.490315 0.0846517 0.326287
0.0516323 0.341171 0.0949576 0.512239
0.121144 0.34987 0.141546 0.38744
9.998E-05 9.998E-05 9.998E-05 0.9997
0.0301008 0.442132 9.9991E-05 0.527667
9.9982E-05 0.00562677 9.9982E-05 0.994173
0.0812427 0.423648 0.0497487 0.44536
0.0195242 0.655109 0.036187 0.28918
0.0247726 0.0126257 0.0126556 0.949946
9.9982E-05 0.33 9.9982E-05 0.6698
0.00750618 0.128045 9.9991E-05 0.864349
0.00818536 9.9991E-05 0.00395757 0.987757
0.158936 0.0731889 0.140525 0.62735
9.9991E-05 0.433896 0.0159646 0.55004
0.0448594 0.323884 0.0554553 0.575801
9.9982E-05 0.0537544 0.946046 9.9982E-05
0.0279882 9.9991E-05 0.0195429 0.952369
9.998E-05 9.998E-05 9.998E-05 0.9997
9.9991E-05 0.0470559 0.00836133 0.944483
0.988974 9.9982E-05 9.9982E-05 0.0108259
0.00372358 0.154779 9.9991E-05 0.841397
0.119076 0.430525 0.0933389 0.35706
0.00522865 0.424145 9.9991E-05 0.570526
0.0055855 9.9991E-05 0.0049467 0.989368
0.0181211 0.0742465 9.9991E-05 0.907532
9.998E-05 9.998E-05 9.998E-05 0.9997
0.0865792 0.454729 0.120755 0.337937
0.0183121 0.0475242 0.873476 0.0606873
0.0808057 0.527704 0.117424 0.274066
9.9982E-05 0.289016 9.9982E-05 0.710784
9.998E-05 9.998E-05 0.9997 9.998E-05
0.0414189 0.208072 0.0119089 0.7386
9.9982E-05 0.533816 9.9982E-05 0.465984
0.0414002 9.9991E-05 0.0212807 0.937219
9.9982E-05 9.9982E-05 0.00265651 0.997144
0.0120453 9.9991E-05 0.0195124 0.968342
0.0329555 0.282127 0.0175586 0.667359
0.959663 9.99819E-05 9.99819E-05 0.0401372
0.00187933 9.9982E-05 9.9982E-05 0.997921
0.0226212 0.689981 9.9991E-05 0.287298
9.9982E-05 0.369119 9.9982E-05 0.630681
0.979511 9.9982E-05 9.9982E-05 0.0202893
0.0694992 0.6129 0.037192 0.280409
0.124894 0.224914 0.183195 0.466997
0.0657604 0.528731 9.9991E-05 0.405409
0.916085 9.9982E-05 9.9982E-05 0.0837149
9.9982E-05 0.330441 9.9982E-05 0.669359
9.998E-05 9.998E-05 0.9997 9.998E-05
9.9982E-05 0.270948 9.9982E-05 0.728852
9.9991E-05 0.0122755 0.00712176 0.980503
9.998E-05 9.998E-05 0.9997 9.998E-05
9.9982E-05 0.0502843 9.9982E-05 0.949516
0.176557 9.9991E-05 0.769756 0.0535865
9.9982E-05 0.584903 9.9982E-05 0.414897
0.0216301 9.9982E-05 9.9982E-05 0.97817
0.170102 0.408401 0.0882314 0.333266
9.9991E-05 0.160251 0.0118964 0.827753
9.9982E-05 9.9982E-05 0.991777 0.00802287
0.00571961 0.510367 9.9991E-05 0.483813
