0.342184 0.0306427 9.997E-05 0.606067 0.0128948 0.00791142 9.997E-05 9.997E-05
9.9946E-05 0.0415252 9.9946E-05 0.957875 9.9946E-05 9.9946E-05 9.9946E-05 9.9946E-05
0.0379487 9.9964E-05 9.9964E-05 0.929932 0.00662572 9.9964E-05 0.0250932 9.9964E-05
0.333253 9.9973E-05 0.00723846 0.589051 9.9973E-05 0.00557656 9.9973E-05 0.0645812
0.394616 9.9964E-05 9.9964E-05 0.178892 9.9964E-05 9.9964E-05 0.0331761 0.392915
0.066682 0.644715 9.9964E-05 0.0879305 9.9964E-05 9.9964E-05 9.9964E-05 0.200273
9.9955E-05 9.9955E-05 9.9955E-05 0.191493 0.380544 9.9955E-05 9.9955E-05 0.427464
0.430338 0.219894 9.9964E-05 9.9964E-05 0.196508 9.9964E-05 9.9964E-05 0.15286
0.0398915 9.9982E-05 0.00731911 0.922245 0.0144151 0.0121816 0.00374763 9.9982E-05
0.262155 9.9946E-05 9.9946E-05 0.737245 9.9946E-05 9.9946E-05 9.9946E-05 9.9946E-05
0.323234 9.9964E-05 9.9964E-05 0.197604 0.45275 0.0260114 9.9964E-05 9.9964E-05
0.518494 9.9973E-05 9.9973E-05 0.0262072 0.258485 9.9973E-05 0.00766991 0.188844
0.544709 0.021393 9.9973E-05 0.165131 0.198226 9.9973E-05 9.9973E-05 0.0702418
0.0214751 0.889411 9.99639E-05 9.99639E-05 0.0623052 9.99639E-05 9.99639E-05 0.0264089
0.528312 9.9955E-05 9.9955E-05 0.464307 9.9955E-05 0.0068805 9.9955E-05 9.9955E-05
0.138271 0.0771515 0.0148775 0.496702 9.9973E-05 9.9973E-05 9.9973E-05 0.272699
0.0826772 0.0520968 9.9964E-05 0.145283 0.719543 9.9964E-05 9.9964E-05 9.9964E-05
9.9964E-05 0.467077 0.0212488 0.113895 9.9964E-05 0.397379 9.9964E-05 9.9964E-05
9.9964E-05 0.0223062 0.00937301 0.961485 9.9964E-05 9.9964E-05 9.9964E-05 0.0064357
0.113471 9.9982E-05 0.024238 0.152542 0.258007 9.9982E-05 0.00362044 0.447921
0.0755923 0.00155468 9.9973E-05 0.915279 9.9973E-05 9.9973E-05 0.00421616 0.00305774
0.331299 9.9964E-05 9.9964E-05 0.155169 0.503052 9.9964E-05 0.0100805 9.9964E-05
0.591349 9.9964E-05 9.9964E-05 0.185721 0.040437 9.9964E-05 9.9964E-05 0.182093
0.0989716 9.9955E-05 9.9955E-05 9.9955E-05 9.9955E-05 0.013698 0.886831 9.9955E-05
0.474835 9.99696E-05 9.99696E-05 0.251054 0.263551 9.99696E-05 0.0101598 9.99696E-05
0.256283 0.0108713 0.00109438 0.178937 0.299959 0.0003258 9.9991E-05 0.25243
0.103021 9.9964E-05 9.9964E-05 0.888286 9.9964E-05 0.00488879 0.00340448 9.9964E-05
0.244495 9.9946E-05 9.9946E-05 0.754906 9.9946E-05 9.9946E-05 9.9946E-05 9.9946E-05
0.0189772 9.9946E-05 9.9946E-05 0.980423 9.9946E-05 9.9946E-05 9.9946E-05 9.9946E-05
0.168849 0.608839 9.9964E-05 0.017797 9.9964E-05 9.9964E-05 9.9964E-05 0.204115
9.9946E-05 9.9946E-05 9.9946E-05 0.954083 9.9946E-05 9.9946E-05 9.9946E-05 0.0453171
9.9946E-05 9.9946E-05 9.9946E-05 0.982802 9.9946E-05 9.9946E-05 9.9946E-05 0.0165988
9.9964E-05 0.282083 9.9964E-05 0.192935 0.0274593 9.9964E-05 9.9964E-05 0.497123
9.9946E-05 0.0124698 9.9946E-05 0.986931 9.9946E-05 9.9946E-05 9.9946E-05 9.9946E-05
0.20364 0.0137047 0.0102093 0.220035 0.175345 9.9982E-05 9.9982E-05 0.376866
0.450411 9.9946E-05 9.9946E-05 0.548989 9.9946E-05 9.9946E-05 9.9946E-05 9.9946E-05
0.250978 9.9973E-05 0.0234229 9.9973E-05 0.396925 9.9973E-05 0.0117984 0.316576
9.9973E-05 9.9973E-05 9.9973E-05 0.0843933 0.262901 0.0174619 0.0131137 0.62183
0.684641 0.0244396 9.9982E-05 0.0699573 0.05364 9.9982E-05 0.0440141 0.123108
0.0322873 0.199431 0.0187375 0.177844 9.9973E-05 9.9973E-05 9.9973E-05 0.5714
9.9973E-05 0.0077595 0.0096498 0.964805 0.00353297 9.9973E-05 0.0139526 9.9973E-05
0.207742 9.9955E-05 9.9955E-05 0.779125 0.0126336 9.9955E-05 9.9955E-05 9.9955E-05
0.260905 9.9964E-05 0.00781862 0.730158 9.9964E-05 0.00071892 9.9964E-05 9.9964E-05
0.224956 9.9964E-05 9.9964E-05 0.680139 9.9964E-05 0.0286153 9.9964E-05 0.0658897
9.994E-05 9.994E-05 9.994E-05 9.994E-05 9.994E-05 0.9993 9.994E-05 9.994E-05
9.9955E-05 9.9955E-05 9.9955E-05 0.888785 0.0683985 9.9955E-05 9.9955E-05 0.0423172
0.141549 9.9946E-05 9.9946E-05 0.857851 9.9946E-05 9.9946E-05 9.9946E-05 9.9946E-05
9.994E-05 9.994E-05 9.994E-05 9.994E-05 9.994E-05 0.9993 9.994E-05 9.994E-05
0.425191 9.99459E-05 9.99459E-05 0.574209 9.99459E-05 9.99459E-05 9.99459E-05 9.99459E-05
0.366446 0.0216712 0.00695696 0.35953 0.245096 9.9973E-05 9.9973E-05 9.9973E-05
0.31989 9.9946E-05 9.9946E-05 0.67951 9.9946E-05 9.9946E-05 9.9946E-05 9.9946E-05
0.47352 9.9964E-05 9.9964E-05 0.489553 9.9964E-05 9.9964E-05 0.0202384 0.0162883
9.99639E-05 0.593573 9.99639E-05 0.393257 9.99639E-05 0.00898285 0.0037874 9.99639E-05
0.51452 0.140992 9.9982E-05 0.18378 0.0149933 9.9982E-05 0.0349467 0.110568
9.99639E-05 0.252899 0.0139704 0.713128 9.99639E-05 9.99639E-05 0.0196029 9.99639E-05
0.0977629 9.9955E-05 9.9955E-05 0.895281 9.9955E-05 0.00645625 9.9955E-05 9.9955E-05
9.9964E-05 0.011157 9.9964E-05 0.969859 0.00693209 0.011652 9.9964E-05 9.9964E-05
0.287066 0.0135155 0.00301927 0.684545 9.9982E-05 0.00198289 0.00967088 9.9982E-05
0.290317 9.9946E-05 9.9946E-05 0.709083 9.9946E-05 9.9946E-05 9.9946E-05 9.9946E-05
0.0372854 9.9955E-05 9.9955E-05 0.957507 0.00470774 9.9955E-05 9.9955E-05 9.9955E-05
9.997E-05 0.0920363 0.0172072 9.997E-05 0.0374106 9.997E-05 0.824707 0.0283392
9.9964E-05 9.9964E-05 0.0139575 0.954703 0.0265484 9.9964E-05 0.00439113 9.9964E-05
0.574779 0.225865 0.0124865 0.163273 0.00560122 9.9991E-05 0.0108923 0.00700211
9.9955E-05 9.9955E-05 9.9955E-05 0.948768 0.0348786 0.0158532 9.9955E-05 9.9955E-05
9.9955E-05 9.9955E-05 0.00236745 0.990442 9.9955E-05 9.9955E-05 9.9955E-05 0.00669125
0.360107 9.9955E-05 9.9955E-05 0.634275 9.9955E-05 0.00511781 9.9955E-05 9.9955E-05
0.335378 9.9955E-05 9.9955E-05 0.627903 0.0362194 9.9955E-05 9.9955E-05 9.9955E-05
0.0250756 9.9973E-05 9.9973E-05 0.145684 0.752981 9.9973E-05 0.0160306 0.0599283
9.994E-05 9.994E-05 9.994E-05 9.994E-05 9.994E-05 0.9993 9.994E-05 9.994E-05
0.523815 0.0216333 0.000228525 0.167574 9.9982E-05 9.9982E-05 0.0118079 0.274742
9.996E-05 0.19606 0.0117303 0.779201 9.996E-05 9.996E-05 0.0126085 9.996E-05
0.204591 9.997E-05 0.00303046 0.77485 9.997E-05 0.00967743 0.00755105 9.997E-05
9.9955E-05 0.0301181 9.9955E-05 0.938806 9.9955E-05 9.9955E-05 0.030576 9.9955E-05
9.9955E-05 9.9955E-05 0.00487735 0.991162 0.00346064 9.9955E-05 9.9955E-05 9.9955E-05
9.9982E-05 0.0200172 0.0096348 0.910365 0.00756192 0.0214185 9.9982E-05 0.0308024
0.00294429 9.9964E-05 0.00494371 0.972447 0.0192655 9.9964E-05 9.9964E-05 9.9964E-05
0.287662 0.232076 9.9973E-05 0.0585012 0.418811 9.9973E-05 0.00265042 9.9973E-05
0.0183834 9.9964E-05 9.9964E-05 0.935079 0.0451916 9.9964E-05 9.9964E-05 0.000945959
9.9964E-05 0.247913 9.9964E-05 9.9964E-05 0.0756022 0.00343986 0.672646 9.9964E-05
0.468994 9.9955E-05 9.9955E-05 0.50936 9.9955E-05 9.9955E-05 0.0211466 9.9955E-05
0.0735747 9.9955E-05 9.9955E-05 0.925416 0.000509285 9.9955E-05 9.9955E-05 9.9955E-05
9.9964E-05 0.531492 0.0503409 9.9964E-05 9.9964E-05 0.378453 0.0393143 9.9964E-05
9.9955E-05 0.643726 9.9955E-05 0.339158 9.9955E-05 0.0166165 9.9955E-05 9.9955E-05
0.388066 0.16061 9.9973E-05 0.263249 9.9973E-05 0.000568859 9.9973E-05 0.187206
0.201718 0.0468277 0.00661865 0.744435 9.996E-05 9.996E-05 9.996E-05 9.996E-05
9.9964E-05 0.0355599 9.9964E-05 0.949231 0.00487135 9.9964E-05 0.00993797 9.9964E-05
9.994E-05 9.994E-05 0.9993 9.994E-05 9.994E-05 9.994E-05 9.994E-05 9.994E-05
0.517262 9.99459E-05 9.99459E-05 0.482139 9.99459E-05 9.99459E-05 9.99459E-05 9.99459E-05
0.459723 9.9946E-05 9.9946E-05 0.539677 9.9946E-05 9.9946E-05 9.9946E-05 9.9946E-05
0.367628 9.9964E-05 9.9964E-05 0.176162 0.415532 9.9964E-05 9.9964E-05 0.0402781
0.628086 0.0330223 0.00633281 0.0412131 0.224568 9.9991E-05 0.014015 0.052663
0.240979 9.9955E-05 9.9955E-05 0.074084 0.684437 9.9955E-05 9.9955E-05 9.9955E-05
9.9946E-05 0.0275475 9.9946E-05 0.971853 9.9946E-05 9.9946E-05 9.9946E-05 9.9946E-05
0.48925 9.9946E-05 9.9946E-05 0.51015 9.9946E-05 9.9946E-05 9.9946E-05 9.9946E-05
0.132796 9.9946E-05 9.9946E-05 0.866605 9.9946E-05 9.9946E-05 9.9946E-05 9.9946E-05
0.659385 0.0659022 9.9955E-05 0.274214 9.9955E-05 9.9955E-05 9.9955E-05 9.9955E-05
0.00183741 0.428815 0.000606764 0.132166 0.0302481 9.9982E-05 9.9982E-05 0.406126
9.996E-05 0.033524 9.996E-05 0.959606 9.996E-05 9.996E-05 0.00100149 0.00546915
0.479707 9.9973E-05 9.9973E-05 0.154922 0.06192 9.9973E-05 0.03725 0.265901
0.602455 0.0057682 0.00236941 0.207856 9.9982E-05 0.0165946 9.9982E-05 0.164757
9.99551E-05 9.99551E-05 9.99551E-05 9.99551E-05 9.99551E-05 0.0120053 0.852181 0.135314
0.0124915 9.9964E-05 9.9964E-05 0.955676 0.029805 9.9964E-05 9.9964E-05 0.00162759
9.994E-05 9.994E-05 9.994E-05 0.9993 9.994E-05 9.994E-05 9.994E-05 9.994E-05
0.333051 9.997E-05 9.997E-05 0.010303 0.491351 0.0135667 9.997E-05 0.151428
9.994E-05 9.994E-05 9.994E-05 9.994E-05 9.994E-05 0.9993 9.994E-05 9.994E-05
0.0383858 9.9964E-05 9.9964E-05 0.0458968 0.900369 0.0149489 9.9964E-05 9.9964E-05
0.2279 9.9955E-05 9.9955E-05 0.736691 9.9955E-05 9.9955E-05 0.0349091 9.9955E-05
9.9964E-05 0.04721 0.0033048 0.9285 9.9964E-05 9.9964E-05 0.0205851 9.9964E-05
0.427853 9.9955E-05 9.9955E-05 0.0762649 0.495382 9.9955E-05 9.9955E-05 9.9955E-05
9.994E-05 9.994E-05 9.994E-05 9.994E-05 9.994E-05 0.9993 9.994E-05 9.994E-05
9.9964E-05 0.354579 9.9964E-05 9.9964E-05 9.9964E-05 0.0134611 0.626673 0.00488681
0.201576 9.9964E-05 9.9964E-05 0.656867 0.132883 9.9964E-05 9.9964E-05 0.00827479
0.266674 9.9946E-05 9.9946E-05 0.732727 9.9946E-05 9.9946E-05 9.9946E-05 9.9946E-05
0.460291 9.9964E-05 9.9964E-05 0.177058 0.356611 9.9964E-05 9.9964E-05 0.00564056
9.9955E-05 9.9955E-05 9.9955E-05 0.974642 9.9955E-05 9.9955E-05 0.0207418 0.00411682
0.0295199 0.378597 9.9973E-05 9.9973E-05 0.484774 0.0339306 9.9973E-05 0.0728794
0.0187246 0.29088 0.0816729 9.9982E-05 0.00641416 0.49002 0.112089 9.9982E-05
0.108517 9.9964E-05 0.00247445 0.848295 9.9964E-05 9.9964E-05 0.0403135 9.9964E-05
0.401792 9.99549E-05 9.99549E-05 0.496026 0.101682 9.99549E-05 9.99549E-05 9.99549E-05
9.994E-05 9.994E-05 9.994E-05 9.994E-05 9.994E-05 9.994E-05 0.9993 9.994E-05
0.0935728 9.9964E-05 9.9964E-05 0.831088 0.0616941 0.013245 9.9964E-05 9.9964E-05
0.616069 9.9973E-05 9.9973E-05 0.365251 0.0173514 9.9973E-05 0.000151084 0.000877605
0.206619 9.9946E-05 9.9946E-05 0.792782 9.9946E-05 9.9946E-05 9.9946E-05 9.9946E-05
9.99551E-05 9.99551E-05 0.0147552 0.253421 0.731324 9.99551E-05 9.99551E-05 9.99551E-05
0.29411 0.00797697 9.9982E-05 0.218665 0.354416 0.00772268 9.9982E-05 0.11691
0.566331 0.209444 9.996E-05 0.0221426 9.996E-05 9.996E-05 9.996E-05 0.201683
9.99549E-05 0.556061 9.99549E-05 9.99549E-05 0.439018 9.99549E-05 9.99549E-05 0.0044216
0.43917 9.9955E-05 9.9955E-05 0.544647 9.9955E-05 9.9955E-05 0.0156834 9.9955E-05
0.143639 9.996E-05 9.996E-05 0.843445 9.996E-05 0.0061018 0.00641385 9.996E-05
0.357762 9.9964E-05 9.9964E-05 0.603 9.9964E-05 0.0292905 0.00954808 9.9964E-05
9.9964E-05 0.0730104 0.0536689 9.9964E-05 0.0330591 0.839862 9.9964E-05 9.9964E-05
0.0060796 0.038263 9.9973E-05 0.907113 0.0186839 9.9973E-05 0.0295608 9.9973E-05
0.012974 0.0125245 0.0147194 9.9973E-05 9.9973E-05 0.954768 0.00471414 9.9973E-05
0.371259 9.9946E-05 9.9946E-05 0.628141 9.9946E-05 9.9946E-05 9.9946E-05 9.9946E-05
9.994E-05 9.994E-05 9.994E-05 0.0588592 9.994E-05 9.994E-05 0.940541 9.994E-05
0.419833 9.9967E-05 9.9967E-05 0.00148358 0.573389 9.9967E-05 0.00489439 9.9967E-05
9.9964E-05 0.149048 0.0101046 0.0784024 0.762045 9.9964E-05 9.9964E-05 9.9964E-05
0.178016 0.00769743 0.0391431 0.108809 0.630654 9.9991E-05 0.0317509 0.00382921
0.507084 9.9955E-05 9.9955E-05 0.481727 9.9955E-05 9.9955E-05 0.0106894 9.9955E-05
0.28042 9.9982E-05 0.000909229 0.223641 0.14171 0.0296932 9.9982E-05 0.323426
0.0441016 0.00855964 9.9964E-05 0.94588 9.9964E-05 9.9964E-05 0.00105921 9.9964E-05
0.47606 0.0335354 0.000236897 0.343173 0.132611 0.00168999 0.0125939 9.9991E-05
9.99557E-05 0.78475 0.00620243 0.208548 9.99557E-05 9.99557E-05 9.99557E-05 9.99557E-05
0.157416 9.9973E-05 0.00502925 0.716079 9.9973E-05 0.00849536 9.9973E-05 0.112681
0.159988 0.0268318 0.00630526 0.793724 9.9982E-05 9.9982E-05 0.0084738 0.00447667
9.99549E-05 9.99549E-05 9.99549E-05 0.0409842 9.99549E-05 0.00576503 0.952751 9.99549E-05
9.9973E-05 0.118721 9.9973E-05 0.169403 9.9973E-05 0.00332496 0.0555313 0.65272
9.99461E-05 9.99461E-05 9.99461E-05 9.99461E-05 0.0127811 9.99461E-05 0.986619 9.99461E-05
0.37986 9.9955E-05 9.9955E-05 0.61806 9.9955E-05 0.00158118 9.9955E-05 9.9955E-05
0.164529 0.753155 9.9964E-05 0.0593491 9.9964E-05 9.9964E-05 0.0225669 9.9964E-05
9.996E-05 0.454321 9.996E-05 0.211967 9.996E-05 9.996E-05 0.0109716 0.32234
0.252482 9.9964E-05 9.9964E-05 0.714775 0.0157194 0.016624 9.9964E-05 9.9964E-05
9.9946E-05 9.9946E-05 9.9946E-05 0.976712 0.0226879 9.9946E-05 9.9946E-05 9.9946E-05
9.9946E-05 9.9946E-05 9.9946E-05 9.9946E-05 9.9946E-05 0.992034 0.00736608 9.9946E-05
9.99639E-05 0.445655 9.99639E-05 9.99639E-05 0.200275 9.99639E-05 0.0263865 0.327284
0.342856 9.9955E-05 9.9955E-05 0.656009 9.9955E-05 0.000635422 9.9955E-05 9.9955E-05
9.9973E-05 0.549987 0.000583081 0.0334977 9.9973E-05 0.0254434 0.390189 9.9973E-05
9.9955E-05 0.0303189 9.9955E-05 0.961839 9.9955E-05 0.00734234 9.9955E-05 9.9955E-05
9.994E-05 9.994E-05 0.9993 9.994E-05 9.994E-05 9.994E-05 9.994E-05 9.994E-05
0.117229 0.0465919 0.00457576 0.814454 9.997E-05 0.0168498 9.997E-05 9.997E-05
9.9964E-05 0.341104 0.594679 0.061795 9.9964E-05 0.0020218 9.9964E-05 9.9964E-05
0.41816 0.0597438 0.00121709 0.0190722 0.48365 0.0143979 0.00365876 9.999E-05
9.9973E-05 0.0146937 0.00821088 0.9647 0.00268729 9.9973E-05 9.9973E-05 0.00940821
9.9955E-05 9.9955E-05 0.00374529 0.990038 9.9955E-05 9.9955E-05 9.9955E-05 0.00571737
9.9964E-05 9.9964E-05 0.0129307 0.172516 0.0912559 9.9964E-05 9.9964E-05 0.722897
9.9964E-05 0.0542927 9.9964E-05 0.906279 9.9964E-05 9.9964E-05 0.00343694 0.0355913
0.0184613 9.9955E-05 9.9955E-05 9.9955E-05 0.00729161 9.9955E-05 0.973747 9.9955E-05
0.0016984 9.9964E-05 9.9964E-05 0.993024 9.9964E-05 9.9964E-05 0.00456602 0.000311544
9.994E-05 9.994E-05 0.9993 9.994E-05 9.994E-05 9.994E-05 9.994E-05 9.994E-05
0.00684676 9.9946E-05 9.9946E-05 0.992554 9.9946E-05 9.9946E-05 9.9946E-05 9.9946E-05
0.678744 0.0877156 9.9982E-05 0.0248535 0.00738002 9.9982E-05 0.00837525 0.192732
0.425794 9.9982E-05 0.00572757 0.275516 0.129608 0.012055 9.9982E-05 0.1511
0.141352 0.167058 9.9964E-05 0.0941673 9.9964E-05 9.9964E-05 9.9964E-05 0.597023
0.120979 9.9973E-05 0.0140068 0.328612 9.9973E-05 0.0217863 9.9973E-05 0.514316
0.0690091 0.261083 9.9982E-05 0.14541 9.9982E-05 0.0452434 0.0145125 0.464542
9.994E-05 9.994E-05 9.994E-05 0.9993 9.994E-05 9.994E-05 9.994E-05 9.994E-05
0.469078 9.9973E-05 9.9973E-05 0.280426 0.188647 9.9973E-05 0.0490484 0.0125013
0.0956494 0.00740485 0.00278273 0.893763 9.9964E-05 9.9964E-05 9.9964E-05 9.9964E-05
0.461688 0.135677 9.9982E-05 0.141055 9.9982E-05 0.0196227 0.0449979 0.196759
0.115104 0.17087 9.9973E-05 0.0243455 0.561564 9.9973E-05 9.9973E-05 0.127816
0.0914007 0.0420552 0.0169372 0.837459 9.997E-05 9.997E-05 0.0118482 9.997E-05
0.613412 9.9955E-05 9.9955E-05 0.378924 9.9955E-05 0.00716454 9.9955E-05 9.9955E-05
0.33596 9.9964E-05 9.9964E-05 0.655655 9.9964E-05 0.00250833 0.00547744 9.9964E-05
9.9964E-05 0.0246882 9.9964E-05 0.929112 0.0349264 9.9964E-05 9.9964E-05 0.0108732
9.9955E-05 0.663675 9.9955E-05 0.305197 9.9955E-05 9.9955E-05 0.0306283 9.9955E-05
0.450228 9.9964E-05 9.9964E-05 0.26471 0.0375483 9.9964E-05 9.9964E-05 0.247113
0.320881 0.147262 0.020639 0.332361 9.9982E-05 9.9982E-05 0.00478721 0.17387
0.0152948 9.9973E-05 0.898755 9.9973E-05 0.00705008 9.9973E-05 0.0347678 0.0438326
9.996E-05 0.024416 9.996E-05 0.920074 9.996E-05 9.996E-05 0.00846568 0.0466443
9.9946E-05 0.0117021 9.9946E-05 0.987698 9.9946E-05 9.9946E-05 9.9946E-05 9.9946E-05
0.131581 9.996E-05 0.00431641 0.862365 9.996E-05 9.996E-05 9.996E-05 0.00133703
9.99459E-05 9.99459E-05 9.99459E-05 0.0403624 9.99459E-05 9.99459E-05 0.959038 9.99459E-05
0.283998 0.0229522 0.0164137 0.656149 9.9973E-05 9.9973E-05 9.9973E-05 0.0201875
9.9964E-05 0.20162 9.9964E-05 0.167165 0.0347893 9.9964E-05 9.9964E-05 0.596025
0.360635 9.998E-05 9.998E-05 0.354546 0.239004 0.0105913 0.00890549 0.0261181
9.9955E-05 0.0215696 9.9955E-05 0.974825 9.9955E-05 9.9955E-05 0.00310598 9.9955E-05
0.0618244 0.0911093 9.9982E-05 0.80798 0.0198093 9.9982E-05 0.00680553 0.0122711
9.9955E-05 0.00249019 9.9955E-05 0.994772 0.00223816 9.9955E-05 9.9955E-05 9.9955E-05
9.9964E-05 9.9964E-05 9.9964E-05 0.197999 0.045562 0.0323526 9.9964E-05 0.723686
9.9964E-05 0.146656 0.781149 9.9964E-05 9.9964E-05 0.0390435 0.0327513 9.9964E-05
9.9964E-05 0.18039 9.9964E-05 0.0411179 0.0725921 9.9964E-05 9.9964E-05 0.7055
0.341094 9.9964E-05 9.9964E-05 0.507097 0.124074 0.0273344 9.9964E-05 9.9964E-05
9.995E-05 0.0399596 0.949783 9.995E-05 9.995E-05 0.00975712 9.995E-05 9.995E-05
0.320619 0.0395707 0.0186378 0.526313 9.9982E-05 9.9982E-05 0.0295463 0.0651124
0.298585 9.99549E-05 9.99549E-05 0.260183 0.440732 9.99549E-05 9.99549E-05 9.99549E-05
9.9982E-05 0.0674881 9.9982E-05 0.860187 0.0108849 0.00770177 0.0297036 0.0238344
9.9955E-05 0.00858845 9.9955E-05 0.98153 9.9955E-05 0.00938205 9.9955E-05 9.9955E-05
9.9964E-05 9.9964E-05 9.9964E-05 0.947006 9.9964E-05 0.012893 0.0027687 0.0369323
0.216007 0.0189116 9.9964E-05 0.466364 9.9964E-05 9.9964E-05 9.9964E-05 0.298318
9.99459E-05 9.99459E-05 9.99459E-05 0.0643759 9.99459E-05 9.99459E-05 0.935024 9.99459E-05
0.0353955 9.9964E-05 9.9964E-05 0.962448 9.9964E-05 0.000935612 0.000820932 9.9964E-05
9.9964E-05 0.126609 9.9964E-05 0.0578852 0.759447 9.9964E-05 9.9964E-05 0.0556584
0.590214 9.9955E-05 9.9955E-05 0.371164 9.9955E-05 9.9955E-05 9.9955E-05 0.0381222
0.0167816 9.9964E-05 0.0139381 0.0165466 9.9964E-05 9.9964E-05 0.952334 9.9964E-05
9.9964E-05 9.9964E-05 9.9964E-05 0.131539 0.383645 0.00219041 9.9964E-05 0.482225
0.0861729 0.913227 9.9946E-05 9.9946E-05 9.9946E-05 9.9946E-05 9.9946E-05 9.9946E-05
0.364277 0.129801 9.998E-05 0.10994 0.202279 9.998E-05 0.0229409 0.170562
9.9955E-05 9.9955E-05 9.9955E-05 0.0854829 9.9955E-05 0.00285881 0.911159 9.9955E-05
0.484445 9.9955E-05 9.9955E-05 0.428249 0.0868061 9.9955E-05 9.9955E-05 9.9955E-05
9.994E-05 9.994E-05 0.9993 9.994E-05 9.994E-05 9.994E-05 9.994E-05 9.994E-05
0.464368 0.0124986 9.9973E-05 0.508587 0.00177367 0.012473 9.9973E-05 9.9973E-05
0.0984652 9.9955E-05 9.9955E-05 0.885955 9.9955E-05 0.0150803 9.9955E-05 9.9955E-05
9.994E-05 9.994E-05 0.9993 9.994E-05 9.994E-05 9.994E-05 9.994E-05 9.994E-05
0.170761 9.9946E-05 9.9946E-05 0.828639 9.9946E-05 9.9946E-05 9.9946E-05 9.9946E-05
9.9982E-05 0.0153437 0.0158233 0.0155511 9.9982E-05 0.902773 0.0167195 0.0335893
0.610668 0.100847 9.9973E-05 0.0993431 0.134838 9.9973E-05 9.9973E-05 0.0540044
0.0575293 0.0239316 9.996E-05 0.896962 9.996E-05 9.996E-05 0.0211768 9.996E-05
9.998E-05 0.162729 0.00586435 0.166503 0.0910951 9.998E-05 0.0565333 0.517074
0.227664 0.0549765 0.0130356 0.657512 0.046512 9.9973E-05 9.9973E-05 9.9973E-05
9.9955E-05 0.0747186 0.908916 9.9955E-05 9.9955E-05 0.0158653 9.9955E-05 9.9955E-05
0.527063 9.998E-05 0.00646846 0.179626 0.0730401 9.998E-05 0.0104816 0.203121
