0.194243 9.9982E-05 0.00419731 0.80136 9.9982E-05
9.9982E-05 0.00192821 0.0114632 0.986409 9.9982E-05
9.9973E-05 9.9973E-05 9.9973E-05 0.989964 0.00973609
0.200444 0.0114892 0.00731521 0.780652 9.9991E-05
0.502274 0.00450653 0.0163329 0.40527 0.071617
0.276324 0.0628129 0.0650497 0.467109 0.128705
0.546196 0.0175195 0.00087815 0.369414 0.0659927
0.621685 0.0164195 0.0290278 0.299225 0.0336423
9.999E-05 0.0159814 0.00854247 0.949149 0.0262271
0.106659 9.9973E-05 9.9973E-05 0.893041 9.9973E-05
0.547622 9.9982E-05 0.00963384 0.442544 9.9982E-05
0.673062 9.9982E-05 9.9982E-05 0.316659 0.0100793
0.535429 9.9973E-05 9.9973E-05 0.464271 9.9973E-05
0.282088 0.0932884 0.0740401 0.429434 0.121149
0.257209 9.9973E-05 9.9973E-05 0.742491 9.9973E-05
0.273337 0.0325737 0.0177198 0.639361 0.0370081
0.634302 9.9973E-05 9.9973E-05 0.365399 9.9973E-05
9.999E-05 0.0785659 0.463472 0.352223 0.105639
9.9973E-05 0.0135313 9.9973E-05 0.986169 9.9973E-05
0.537371 0.0483172 0.0402613 0.320395 0.0536554
0.0131335 0.00308734 9.9991E-05 0.979886 0.00379275
0.57128 9.9973E-05 9.9973E-05 0.42842 9.9973E-05
0.493506 9.9973E-05 9.9973E-05 0.506194 9.9973E-05
0.0744987 9.9982E-05 0.0122434 9.9982E-05 0.913058
0.409139 0.035523 0.0441777 0.415748 0.0954125
0.480484 9.9973E-05 9.9973E-05 0.519216 9.9973E-05
0.5633 0.0182529 0.000764768 0.40538 0.0123025
0.017092 9.9982E-05 0.00973803 0.97297 9.9982E-05
0.0895485 9.9973E-05 9.9973E-05 0.910152 9.9973E-05
9.997E-05 9.997E-05 9.997E-05 0.9996 9.997E-05
0.351589 0.0812408 0.0145031 0.414958 0.137709
9.9982E-05 0.00577339 0.00579673 0.98823 9.9982E-05
9.9973E-05 0.00196209 9.9973E-05 0.997738 9.9973E-05
0.361617 0.0734045 0.0475133 0.419565 0.0979004
9.9973E-05 9.9973E-05 9.9973E-05 0.990308 0.00939204
0.527843 0.046281 0.0162133 0.409562 9.9991E-05
0.204805 9.9973E-05 9.9973E-05 0.794895 9.9973E-05
0.676594 0.05121 9.9991E-05 0.246343 0.0257524
0.612369 0.042638 0.0486919 0.222826 0.073475
0.548511 9.9982E-05 9.9982E-05 0.413744 0.0375446
0.39111 0.0731566 0.0518965 0.373007 0.11083
9.9982E-05 0.00676801 9.9982E-05 0.982031 0.0110009
0.0960521 9.9973E-05 9.9973E-05 0.903648 9.9973E-05
0.105903 0.000364673 0.000252037 0.89338 9.9991E-05
0.11414 9.9991E-05 0.0310284 0.854025 0.000706932
9.997E-05 9.997E-05 0.9996 9.997E-05 9.997E-05
0.0601237 9.9973E-05 9.9973E-05 0.939576 9.9973E-05
0.0305346 9.9973E-05 9.9973E-05 0.969166 9.9973E-05
9.997E-05 9.997E-05 0.9996 9.997E-05 9.997E-05
0.193856 9.9973E-05 9.9973E-05 0.805844 9.9973E-05
0.398203 9.9973E-05 9.9973E-05 0.601497 9.9973E-05
0.153533 9.9973E-05 9.9973E-05 0.846167 9.9973E-05
0.266443 9.9973E-05 9.9973E-05 0.733257 9.9973E-05
0.0165262 0.0704728 0.0740045 0.738242 0.100754
0.434716 9.9982E-05 9.9982E-05 0.499136 0.0659485
9.9991E-05 0.0522912 0.00975176 0.86369 0.0741668
9.9973E-05 9.9973E-05 9.9973E-05 0.998772 0.000928047
9.9982E-05 0.00793829 0.00169726 0.990164 9.9982E-05
0.129914 9.9982E-05 0.00585008 0.864036 9.9982E-05
0.11371 9.9973E-05 9.9973E-05 0.88599 9.9973E-05
9.997E-05 9.997E-05 9.997E-05 0.9996 9.997E-05
0.0663144 0.0265184 9.9991E-05 0.0186159 0.888451
9.9982E-05 0.0173411 9.9982E-05 0.972915 0.00954431
0.436156 0.0272537 9.9991E-05 0.496041 0.0404495
0.00270584 9.9982E-05 0.00935395 0.98774 9.9982E-05
9.9982E-05 0.0191199 9.9982E-05 0.978278 0.00240199
0.185677 9.9973E-05 9.9973E-05 0.814023 9.9973E-05
0.21365 9.9973E-05 9.9973E-05 0.78605 9.9973E-05
0.63713 9.9982E-05 9.9982E-05 0.347157 0.0155128
9.997E-05 9.997E-05 0.9996 9.997E-05 9.997E-05
0.51293 0.011239 0.0087028 0.438123 0.0290054
9.9991E-05 0.0415704 0.0147079 0.893124 0.0504973
0.0713054 0.00502514 0.000744845 0.919172 0.00375274
9.9973E-05 9.9973E-05 9.9973E-05 0.946038 0.0536626
9.9973E-05 0.00651037 9.9973E-05 0.99319 9.9973E-05
9.9982E-05 0.013963 0.0404344 0.945403 9.9982E-05
9.9982E-05 0.00319949 0.00100641 0.995594 9.9982E-05
0.577888 9.9982E-05 9.9982E-05 0.393196 0.0287159
0.00436902 9.9973E-05 9.9973E-05 0.995331 9.9973E-05
0.108607 0.0215148 0.0282126 0.0866932 0.754972
0.26153 9.9973E-05 9.9973E-05 0.73817 9.9973E-05
0.0136412 9.9973E-05 9.9973E-05 0.986059 9.9973E-05
0.0726326 0.1129 0.433558 0.264084 0.116824
0.020666 0.071724 0.0846078 0.712712 0.11029
0.37384 0.0200049 0.0238096 0.580918 0.00142693
0.0817574 0.00898866 9.9982E-05 0.909054 9.9982E-05
9.9973E-05 9.9973E-05 9.9973E-05 0.980574 0.0191258
9.997E-05 0.9996 9.997E-05 9.997E-05 9.997E-05
0.268167 9.9973E-05 9.9973E-05 0.731533 9.9973E-05
0.236081 9.9973E-05 9.9973E-05 0.763619 9.9973E-05
0.583366 9.9973E-05 9.9973E-05 0.416334 9.9973E-05
0.609438 9.9973E-05 9.9973E-05 0.390262 9.9973E-05
0.665361 9.9973E-05 9.9973E-05 0.334339 9.9973E-05
9.9982E-05 0.00604426 9.9982E-05 0.98813 0.00562623
0.245595 9.9973E-05 9.9973E-05 0.754105 9.9973E-05
0.028116 9.9982E-05 0.00349139 0.968193 9.9982E-05
0.381576 9.9973E-05 9.9973E-05 0.618124 9.9973E-05
0.338327 0.0859322 0.0691214 0.398695 0.107924
9.9991E-05 0.00380078 0.00345123 0.980207 0.0124413
0.510885 9.9982E-05 9.9982E-05 0.412601 0.0763139
0.476342 9.9982E-05 0.0144157 0.509042 9.9982E-05
0.0971545 9.9982E-05 0.020489 9.9982E-05 0.882157
0.220933 9.9973E-05 9.9973E-05 0.778767 9.9973E-05
0.00976961 9.9982E-05 0.0012957 0.988735 9.9982E-05
9.9973E-05 9.9973E-05 9.9973E-05 0.999405 0.000295357
0.698181 9.9982E-05 0.00866999 0.292949 9.9982E-05
9.997E-05 9.997E-05 0.9996 9.997E-05 9.997E-05
0.717093 9.9973E-05 9.9973E-05 0.282607 9.9973E-05
0.0995073 9.9982E-05 9.9982E-05 0.859525 0.0407678
9.9982E-05 0.0114035 9.9982E-05 0.949664 0.0387323
0.630852 9.9973E-05 9.9973E-05 0.368848 9.9973E-05
9.997E-05 9.997E-05 0.9996 9.997E-05 9.997E-05
0.0880999 0.0376814 0.0493525 0.0813987 0.743467
0.198396 9.9973E-05 9.9973E-05 0.801305 9.9973E-05
0.0945074 9.9973E-05 9.9973E-05 0.905193 9.9973E-05
0.559937 9.9973E-05 9.9973E-05 0.439763 9.9973E-05
9.9973E-05 9.9973E-05 9.9973E-05 0.973767 0.0259332
0.543815 0.0128814 0.0998971 0.29881 0.0445966
0.0578823 0.130875 0.524131 0.10874 0.178372
0.0217378 0.00105011 9.9991E-05 0.940344 0.0367678
0.282663 9.9973E-05 9.9973E-05 0.717037 9.9973E-05
9.997E-05 9.997E-05 9.997E-05 9.997E-05 0.9996
0.0554959 9.9982E-05 0.00168799 0.942616 9.9982E-05
0.357206 9.9973E-05 9.9973E-05 0.642494 9.9973E-05
0.046013 9.9973E-05 9.9973E-05 0.953687 9.9973E-05
0.566897 0.0126092 9.9982E-05 0.420294 9.9982E-05
0.556967 9.9982E-05 0.0198661 0.422967 9.9982E-05
0.540591 0.0068575 0.0269395 0.392281 0.03333
0.512015 0.0847553 0.0210709 0.335985 0.0461733
0.222365 9.9973E-05 9.9973E-05 0.777335 9.9973E-05
0.0176183 9.9991E-05 0.000374097 0.974357 0.0075503
0.165578 9.9991E-05 0.0102822 0.822765 0.00127514
0.015171 0.0758777 0.863459 0.025648 0.019844
9.9982E-05 9.9982E-05 0.00417027 0.953209 0.0424209
0.00886901 0.00650554 0.974907 9.9991E-05 0.00961825
0.179241 9.9982E-05 9.9982E-05 0.818661 0.00189766
9.99729E-05 9.99729E-05 9.99729E-05 0.0405099 0.95919
0.721342 9.99729E-05 9.99729E-05 0.278358 9.99729E-05
0.652043 0.0319098 9.9991E-05 0.312893 0.00305485
0.630532 0.0382126 9.9991E-05 0.299909 0.031246
0.27791 9.9973E-05 9.9973E-05 0.72179 9.9973E-05
0.480326 0.0118901 0.0460983 0.432193 0.0294928
9.9973E-05 9.9973E-05 0.000411631 0.999288 9.9973E-05
0.371257 9.9973E-05 9.9973E-05 0.628443 9.9973E-05
0.12377 0.0992876 0.0568378 0.58273 0.137374
0.131043 0.0122514 0.0193664 0.833148 0.00419128
0.0451573 0.0210872 9.9982E-05 0.933556 9.9982E-05
9.99729E-05 9.99729E-05 9.99729E-05 0.0205444 0.979156
0.344296 0.0654421 0.0604221 0.357676 0.172164
0.018028 9.9973E-05 9.9973E-05 9.9973E-05 0.981672
0.162216 9.9973E-05 9.9973E-05 0.837484 9.9973E-05
0.248597 0.0828061 0.0404914 0.463543 0.164562
0.225106 0.0757849 0.0563655 0.50146 0.141283
0.127794 9.9982E-05 0.0130314 0.858975 9.9982E-05
9.997E-05 9.997E-05 9.997E-05 0.9996 9.997E-05
9.9973E-05 9.9973E-05 0.995375 9.9973E-05 0.00432552
0.451062 0.0528046 0.0630679 0.267154 0.165912
0.162287 9.9973E-05 9.9973E-05 0.837413 9.9973E-05
0.00515064 0.0760009 0.064971 0.322968 0.530909
9.9991E-05 0.00546092 0.00932635 0.970944 0.0141687
9.997E-05 0.9996 9.997E-05 9.997E-05 9.997E-05
0.0392549 0.0147541 0.0192014 0.92669 9.9991E-05
0.00586483 0.652347 0.0512004 0.255513 0.0350754
0.629959 9.9991E-05 0.0127211 0.349305 0.0079147
9.9982E-05 0.00740349 9.9982E-05 0.984957 0.00743905
9.9973E-05 0.00588229 9.9973E-05 0.993818 9.9973E-05
0.479376 0.0546256 0.0409974 0.302162 0.122839
9.9991E-05 0.0140769 0.0101712 0.952543 0.023109
0.0121803 9.9973E-05 9.9973E-05 9.9973E-05 0.98752
9.9982E-05 9.9982E-05 0.003088 0.98997 0.00674249
9.997E-05 0.9996 9.997E-05 9.997E-05 9.997E-05
9.997E-05 9.997E-05 9.997E-05 0.9996 9.997E-05
0.587148 9.9982E-05 9.9982E-05 0.381171 0.0314808
0.441636 0.00250228 0.0275046 0.528257 9.9991E-05
0.46832 0.0494792 0.0388678 0.340495 0.102838
0.345624 0.0454883 0.0548593 0.489163 0.0648652
0.337685 0.0596149 0.103115 0.391445 0.10814
9.9973E-05 9.9973E-05 0.00286923 0.996831 9.9973E-05
0.440373 9.9982E-05 9.9982E-05 0.539157 0.0202703
0.0302191 0.000484401 9.9982E-05 0.969097 9.9982E-05
0.406916 0.00841042 0.0466095 0.445901 0.0921629
0.643325 0.0308084 9.9991E-05 0.288101 0.0376653
0.0254312 0.0163847 9.9991E-05 0.935325 0.0227592
0.324892 9.9973E-05 9.9973E-05 0.674808 9.9973E-05
0.129836 9.9982E-05 9.9982E-05 0.865964 0.00399958
0.000620235 0.00783331 9.9991E-05 0.98778 0.00366659
0.0770518 0.0857598 0.0582052 0.608925 0.170059
0.437536 9.9991E-05 0.0138362 0.54345 0.00507859
0.331289 0.0520268 9.9991E-05 0.570081 0.0465029
0.0407056 0.906715 0.0144062 9.9991E-05 0.038073
9.9991E-05 0.00910377 0.0110222 0.954953 0.0248212
9.9973E-05 9.9973E-05 9.9973E-05 0.996156 0.00354396
0.0521854 0.00554287 9.9982E-05 0.942072 9.9982E-05
9.99729E-05 9.99729E-05 9.99729E-05 0.0228362 0.976864
0.170611 0.00379887 9.9982E-05 0.82539 9.9982E-05
0.423048 0.0353524 0.0573422 0.381123 0.103134
0.412337 9.9973E-05 9.9973E-05 0.587363 9.9973E-05
9.9982E-05 0.00114394 0.00432563 0.99433 9.9982E-05
0.0648906 9.9982E-05 9.9982E-05 0.904238 0.0306711
9.997E-05 9.997E-05 9.997E-05 0.9996 9.997E-05
0.437266 0.0383759 0.0830288 0.368924 0.0724055
0.0214253 0.816591 0.0425023 0.067785 0.0516962
0.503496 0.0814272 0.0355257 0.283752 0.0957986
0.293077 9.9982E-05 0.0137346 0.692989 9.9982E-05
9.9991E-05 0.961535 0.0173544 0.0143188 0.00669222
0.199564 0.0123053 0.00459982 0.742748 0.0407832
0.510107 9.9973E-05 9.9973E-05 0.489593 9.9973E-05
9.9991E-05 0.0134146 0.0125046 0.930798 0.0431828
9.9973E-05 9.9973E-05 0.00844039 0.99126 9.9973E-05
9.9991E-05 0.00486845 0.0143559 0.967982 0.0126935
0.285095 0.018982 0.0152262 0.657334 0.023363
9.99729E-05 9.99729E-05 9.99729E-05 0.0586014 0.941099
9.9973E-05 9.9973E-05 0.000285493 0.999415 9.9973E-05
0.675187 9.9982E-05 9.9982E-05 0.303819 0.0207941
0.368166 9.9973E-05 9.9973E-05 0.631534 9.9973E-05
9.9982E-05 0.00522308 9.9982E-05 0.0151716 0.979405
0.579394 0.019236 0.0276355 0.312963 0.060771
0.209281 0.133117 0.0497918 0.467106 0.140705
0.510853 0.0013344 0.00799131 0.413236 0.0665847
9.9973E-05 9.9973E-05 9.9973E-05 0.0836129 0.916087
0.323784 9.9973E-05 9.9973E-05 0.675916 9.9973E-05
9.997E-05 0.9996 9.997E-05 9.997E-05 9.997E-05
0.262396 9.9973E-05 9.9973E-05 0.737304 9.9973E-05
0.00930738 9.9982E-05 0.0108647 0.979628 9.9982E-05
9.997E-05 0.9996 9.997E-05 9.997E-05 9.997E-05
0.0470031 9.9973E-05 9.9973E-05 0.952697 9.9973E-05
0.0231366 0.00951525 0.908599 0.0386424 0.0201068
0.563838 9.99773E-05 9.99773E-05 0.435862 9.99773E-05
9.9982E-05 0.00161851 9.9982E-05 0.969272 0.0289094
0.400898 0.0825841 0.0129844 0.33846 0.165074
0.151399 0.0183574 9.9982E-05 0.830043 9.9982E-05
9.9982E-05 0.946037 0.0265129 0.0272503 9.9982E-05
0.493004 0.0120561 9.9982E-05 0.49474 9.9982E-05
