9.9991E-05 0.987478 0.0124222
0.0297453 0.970155 9.9991E-05
0.0172869 0.982613 9.9991E-05
0.0178612 0.971074 0.011065
9.9991E-05 0.796012 0.203888
0.117613 0.687002 0.195385
9.999E-05 0.781189 0.218711
0.00113325 0.798512 0.200355
0.0425994 0.957301 9.9991E-05
9.999E-05 0.9998 9.999E-05
9.9991E-05 0.881715 0.118185
9.99911E-05 0.815222 0.184678
9.9991E-05 0.917294 0.0826057
0.146894 0.65182 0.201286
9.9991E-05 0.985719 0.0141811
0.0529971 0.867789 0.0792137
9.99911E-05 0.829587 0.170313
0.486488 0.365334 0.148178
0.0411289 0.958771 9.9991E-05
0.0513146 0.733451 0.215234
0.00847483 0.991425 9.9991E-05
9.9991E-05 0.888049 0.111851
9.9991E-05 0.88964 0.11026
0.00619063 0.110193 0.883617
0.0598857 0.73805 0.202064
9.9991E-05 0.907975 0.091925
9.99911E-05 0.8357 0.1642
0.0105692 0.989331 9.9991E-05
9.999E-05 0.9998 9.999E-05
9.999E-05 0.9998 9.999E-05
0.0838604 0.691673 0.224467
0.0277653 0.972135 9.9991E-05
0.0177419 0.982158 9.9991E-05
0.096083 0.703233 0.200684
0.00947408 0.990426 9.9991E-05
0.0308311 0.844871 0.124298
9.999E-05 0.9998 9.999E-05
9.99911E-05 0.770958 0.228942
0.0499535 0.674552 0.275494
9.9991E-05 0.845843 0.154057
0.10504 0.658511 0.23645
0.0254428 0.974457 9.9991E-05
9.999E-05 0.9998 9.999E-05
0.0127179 0.987182 9.9991E-05
0.0323155 0.967584 9.9991E-05
0.874562 0.00957416 0.115864
0.00961807 0.990282 9.9991E-05
9.999E-05 0.9998 9.999E-05
0.888162 0.00266846 0.109169
9.999E-05 0.9998 9.999E-05
9.9991E-05 0.964538 0.0353624
9.999E-05 0.9998 9.999E-05
9.9991E-05 0.968469 0.0314315
0.151049 0.770496 0.0784544
9.9991E-05 0.842676 0.157224
0.0871728 0.878865 0.0339617
0.00484272 0.995057 9.9991E-05
0.0215365 0.978363 9.9991E-05
0.0114204 0.984984 0.00359602
9.999E-05 0.9998 9.999E-05
9.999E-05 0.9998 9.999E-05
0.0311814 0.129516 0.839303
0.0325645 0.967336 9.9991E-05
0.013579 0.854629 0.131792
0.0111028 0.988797 9.9991E-05
0.0230315 0.976869 9.9991E-05
9.9991E-05 0.995086 0.00481446
9.999E-05 0.9998 9.999E-05
9.99911E-05 0.816041 0.183859
0.88474 0.00200252 0.113257
9.9991E-05 0.853947 0.145953
0.090314 0.896186 0.0135004
0.0232768 0.976623 9.9991E-05
0.0259814 0.968777 0.00524143
0.028498 0.971402 9.9991E-05
0.0647199 0.93518 9.9991E-05
0.0151805 0.984719 9.9991E-05
9.9991E-05 0.816407 0.183493
9.999E-05 0.9998 9.999E-05
0.0546828 0.203906 0.741411
9.9991E-05 0.973121 0.0267795
0.0167165 0.983184 9.9991E-05
0.49851 0.312756 0.188734
0.165711 0.734136 0.100153
0.0393465 0.889282 0.0713718
0.0262444 0.973656 9.9991E-05
0.0194931 0.980407 9.9991E-05
0.9998 9.999E-05 9.999E-05
9.999E-05 0.9998 9.999E-05
9.999E-05 0.9998 9.999E-05
9.9991E-05 0.910771 0.0891294
9.99911E-05 0.873464 0.126436
9.99911E-05 0.891736 0.108164
0.0127513 0.987149 9.9991E-05
9.999E-05 0.9998 9.999E-05
0.00385845 0.996042 9.9991E-05
9.9991E-05 0.958553 0.0413474
0.13642 0.665357 0.198223
0.0171115 0.982788 9.9991E-05
9.9991E-05 0.810469 0.189431
9.9991E-05 0.915733 0.0841668
0.0323936 0.0754601 0.892146
9.999E-05 0.9998 9.999E-05
0.00663353 0.993266 9.9991E-05
0.0161946 0.983705 9.9991E-05
9.99911E-05 0.873211 0.126689
0.873846 0.0366936 0.0894606
9.99911E-05 0.829128 0.170772
0.00860523 0.96373 0.0276644
0.037441 0.961794 0.000765416
9.99911E-05 0.879892 0.120008
0.882446 9.9991E-05 0.117454
0.0919537 0.192275 0.715771
0.000331837 0.993102 0.00656662
9.999E-05 0.9998 9.999E-05
9.9991E-05 0.913228 0.0866717
0.0228817 0.977018 9.9991E-05
0.0799456 0.702548 0.217506
0.581366 0.156602 0.262033
0.0165802 0.982354 0.00106566
9.999E-05 0.9998 9.999E-05
9.9991E-05 0.0638136 0.936086
0.00109958 0.9988 9.9991E-05
9.9991E-05 0.981028 0.0188722
9.999E-05 0.9998 9.999E-05
9.99911E-05 0.876404 0.123496
9.9991E-05 0.877202 0.122698
9.99911E-05 0.81442 0.18548
0.0774534 0.722345 0.200202
9.9991E-05 0.982118 0.0177819
9.999E-05 0.9998 9.999E-05
0.00582675 0.982454 0.0117191
0.818741 0.0577249 0.123535
0.0173157 0.977134 0.00554999
0.840826 0.0246516 0.134522
9.999E-05 0.9998 9.999E-05
0.0048976 0.125466 0.869636
9.99911E-05 0.835422 0.164478
9.99911E-05 0.825087 0.174813
9.99911E-05 0.799358 0.200542
9.9991E-05 0.968565 0.0313354
0.030808 0.810573 0.158619
0.0119454 0.987955 9.9991E-05
9.9991E-05 0.929822 0.0700784
0.166112 0.684124 0.149764
0.0348346 0.960372 0.00479339
0.0358945 0.964006 9.9991E-05
0.0161301 0.0998877 0.883982
0.0983125 0.633937 0.26775
0.00988581 0.0357173 0.954397
9.999E-05 0.9998 9.999E-05
0.108116 0.669811 0.222073
0.124454 0.672583 0.202963
0.0150656 0.984834 9.9991E-05
0.0105759 0.989324 9.9991E-05
0.842602 0.00334137 0.154057
0.0776844 0.608276 0.31404
9.999E-05 0.9998 9.999E-05
0.164011 0.35658 0.479409
0.0372723 0.962628 9.9991E-05
0.9998 9.999E-05 9.999E-05
0.0286981 0.971202 9.9991E-05
0.73881 0.257206 0.00398369
9.99911E-05 0.83853 0.16137
0.0179613 0.981939 9.9991E-05
0.0210813 0.978819 9.9991E-05
0.0737141 0.678642 0.247644
0.0504364 0.949464 9.9991E-05
9.9991E-05 0.0607044 0.939196
0.0105002 0.9894 9.9991E-05
0.9998 9.999E-05 9.999E-05
0.00763877 0.992261 9.9991E-05
9.9991E-05 0.824572 0.175328
0.00692918 0.891149 0.101922
0.0606708 0.694736 0.244593
0.0824639 0.773889 0.143647
0.137273 0.654068 0.208658
0.00689051 0.993009 9.9991E-05
9.9991E-05 0.885639 0.114261
0.00655635 0.993344 9.9991E-05
0.0286385 0.776964 0.194398
9.99911E-05 0.772574 0.227326
0.0271 0.9728 9.9991E-05
9.9991E-05 0.98728 0.0126198
0.00438289 0.990621 0.00499574
0.013683 0.986217 9.9991E-05
0.150319 0.701973 0.147708
9.9991E-05 0.881128 0.118772
0.0409275 0.856806 0.102267
0.969311 0.0293167 0.00137207
0.0365105 0.963389 9.9991E-05
0.0111014 0.988799 9.9991E-05
0.0286635 0.971236 9.9991E-05
0.0182481 0.106278 0.875474
0.00529708 0.988092 0.00661062
0.0821021 0.70491 0.212988
9.9991E-05 0.919867 0.0800334
0.0234377 0.976462 9.9991E-05
0.0174523 0.97472 0.00782816
0.00389095 0.996009 9.9991E-05
0.0887603 0.707519 0.203721
0.892734 0.0857674 0.0214986
0.0871825 0.661814 0.251004
9.9991E-05 0.960103 0.0397969
0.9998 9.999E-05 9.999E-05
0.017619 0.918064 0.064317
9.9991E-05 0.938786 0.061114
0.0491551 0.946476 0.00436846
0.0181688 0.981731 9.9991E-05
0.0371448 0.962755 9.9991E-05
0.0155915 0.901108 0.0833002
0.0149022 0.145076 0.840022
0.00426663 0.995633 9.9991E-05
9.99911E-05 0.799214 0.200686
9.9991E-05 0.969282 0.0306183
0.0267423 0.0949611 0.878297
0.0104994 0.752938 0.236562
0.186782 0.639813 0.173405
9.9991E-05 0.798362 0.201538
0.0073809 0.170554 0.822065
9.999E-05 0.9998 9.999E-05
0.9998 9.999E-05 9.999E-05
9.9991E-05 0.991558 0.00834185
0.0153657 0.984534 9.9991E-05
0.9998 9.999E-05 9.999E-05
9.999E-05 0.9998 9.999E-05
0.791872 0.0742757 0.133852
9.99911E-05 0.925664 0.0742362
0.0154739 0.984426 9.9991E-05
0.079054 0.644308 0.276638
0.0281139 0.971786 9.9991E-05
0.9998 9.999E-05 9.999E-05
9.9991E-05 0.884247 0.115653
