0.0242088 0.0329034 0.0147906 9.9964E-05 0.0117594 9.9964E-05 0.54394 0.371998 9.9964E-05 9.9964E-05
0.0386558 9.9928E-05 9.9928E-05 9.9928E-05 9.9928E-05 9.9928E-05 0.960545 9.9928E-05 9.9928E-05 9.9928E-05
9.9946E-05 0.0247968 9.9946E-05 0.0450487 9.9946E-05 9.9946E-05 0.921504 9.9946E-05 0.00805066 9.9946E-05
9.9946E-05 9.9946E-05 0.00353936 0.230288 9.9946E-05 9.9946E-05 0.569745 0.195828 9.9946E-05 9.9946E-05
0.23248 0.159588 9.9964E-05 9.9964E-05 0.115267 9.9964E-05 0.0337381 0.426867 0.0316613 9.9964E-05
0.696289 0.0679554 9.9946E-05 0.0927153 9.9946E-05 9.9946E-05 0.142441 9.9946E-05 9.9946E-05 9.9946E-05
9.9928E-05 9.9928E-05 9.9928E-05 9.9928E-05 0.787887 9.9928E-05 0.211314 9.9928E-05 9.9928E-05 9.9928E-05
9.99201E-05 9.99201E-05 9.99201E-05 0.999101 9.99201E-05 9.99201E-05 9.99201E-05 9.99201E-05 9.99201E-05 9.99201E-05
0.0143005 0.0308942 0.00479017 9.9982E-05 9.9982E-05 0.0147127 0.906814 0.0102396 0.00605045 0.0119988
9.9928E-05 9.9928E-05 9.9928E-05 9.9928E-05 9.9928E-05 9.9928E-05 0.690739 0.308461 9.9928E-05 9.9928E-05
9.9955E-05 0.539508 0.024853 0.0683215 9.9955E-05 9.9955E-05 0.121838 0.24498 9.9955E-05 9.9955E-05
9.9937E-05 0.268518 9.9937E-05 9.9937E-05 0.391851 9.9937E-05 9.9937E-05 0.338931 9.9937E-05 9.9937E-05
0.037989 0.379745 9.9964E-05 0.0409635 9.9964E-05 0.0230069 0.1298 0.388095 9.9964E-05 9.9964E-05
0.808967 9.99459E-05 9.99459E-05 0.00602387 9.99459E-05 0.082834 0.101576 9.99459E-05 9.99459E-05 9.99459E-05
9.9946E-05 9.9946E-05 0.00141335 0.0810965 9.9946E-05 9.9946E-05 0.40316 0.51373 9.9946E-05 9.9946E-05
0.156505 9.99549E-05 9.99549E-05 9.99549E-05 0.244361 9.99549E-05 0.450378 0.136621 9.99549E-05 0.0116355
0.1149 0.69071 9.9946E-05 9.9946E-05 9.9946E-05 0.135666 0.0581255 9.9946E-05 9.9946E-05 9.9946E-05
0.333459 9.9955E-05 0.428719 9.9955E-05 9.9955E-05 9.9955E-05 0.210746 9.9955E-05 0.00704217 0.0195343
0.0151918 9.9955E-05 0.00122124 9.9955E-05 0.00499057 9.9955E-05 0.977273 9.9955E-05 9.9955E-05 0.000823681
0.00524953 9.9982E-05 0.00153511 0.42355 0.293849 0.0948158 0.134783 9.9982E-05 0.0219189 0.0240996
9.9955E-05 0.00379146 9.9955E-05 9.9955E-05 9.9955E-05 9.9955E-05 0.876237 0.113978 0.00225858 0.00323515
9.99459E-05 0.758705 9.99459E-05 9.99459E-05 9.99459E-05 9.99459E-05 0.110242 0.12201 0.00844376 9.99459E-05
9.9955E-05 9.9955E-05 9.9955E-05 0.0980263 0.177779 9.9955E-05 0.128646 0.588729 0.00632032 9.9955E-05
9.99461E-05 9.99461E-05 0.00803422 0.0739662 9.99461E-05 9.99461E-05 9.99461E-05 0.0246404 0.892759 9.99461E-05
9.9964E-05 0.407471 9.9964E-05 0.0691847 9.9964E-05 9.9964E-05 0.201745 0.307137 0.013738 0.000323743
9.9955E-05 0.0292214 9.9955E-05 0.614864 0.0401441 0.138728 0.176543 9.9955E-05 9.9955E-05 9.9955E-05
9.9928E-05 9.9928E-05 9.9928E-05 9.9928E-05 9.9928E-05 9.9928E-05 0.847469 0.151731 9.9928E-05 9.9928E-05
9.9928E-05 9.9928E-05 9.9928E-05 9.9928E-05 9.9928E-05 9.9928E-05 0.672537 0.326663 9.9928E-05 9.9928E-05
9.99281E-05 9.99281E-05 9.99281E-05 9.99281E-05 9.99281E-05 9.99281E-05 0.973109 0.0260915 9.99281E-05 9.99281E-05
0.661398 0.105666 9.9973E-05 0.0492035 0.0399968 0.0012266 0.0612134 0.0809959 9.9973E-05 9.9973E-05
0.0111616 9.9946E-05 9.9946E-05 0.0105313 0.0301927 9.9946E-05 0.947515 9.9946E-05 9.9946E-05 9.9946E-05
9.9937E-05 9.9937E-05 9.9937E-05 0.00570638 0.0385329 9.9937E-05 0.955061 9.9937E-05 9.9937E-05 9.9937E-05
0.584027 9.9946E-05 9.9946E-05 0.118691 9.9946E-05 0.202255 0.094427 9.9946E-05 9.9946E-05 9.9946E-05
0.00620533 0.0216581 9.9946E-05 9.9946E-05 9.9946E-05 9.9946E-05 0.965592 9.9946E-05 0.00594485 9.9946E-05
0.0580642 9.9973E-05 9.9973E-05 0.173024 0.3139 0.153565 0.245253 0.0481675 9.9973E-05 0.00772645
9.9937E-05 9.9937E-05 9.9937E-05 0.00150441 9.9937E-05 9.9937E-05 0.459062 0.538734 9.9937E-05 9.9937E-05
9.99459E-05 9.99459E-05 9.99459E-05 9.99459E-05 0.672003 0.0523812 9.99459E-05 0.267517 9.99459E-05 0.00749924
0.337588 0.0152651 9.99549E-05 0.200285 0.109069 0.337293 9.99549E-05 9.99549E-05 9.99549E-05 9.99549E-05
9.9955E-05 0.21289 9.9955E-05 0.337623 9.9955E-05 9.9955E-05 0.0657697 0.337551 0.0456673 9.9955E-05
0.512263 9.9955E-05 9.9955E-05 9.9955E-05 0.294053 9.9955E-05 0.0362568 0.146672 9.9955E-05 0.010256
9.99475E-05 0.00125977 9.99475E-05 9.99475E-05 9.99475E-05 9.99475E-05 0.977834 9.99475E-05 0.0155004 0.00480644
9.9946E-05 0.0537738 9.9946E-05 0.00428214 9.9946E-05 9.9946E-05 0.73962 0.201725 9.9946E-05 9.9946E-05
9.9946E-05 9.9946E-05 9.9946E-05 0.0560246 9.9946E-05 9.9946E-05 0.660074 0.281195 9.9946E-05 0.00210725
0.0374721 9.9955E-05 0.0225818 0.0687998 9.9955E-05 9.9955E-05 0.657717 0.21293 9.9955E-05 9.9955E-05
9.99201E-05 9.99201E-05 0.999101 9.99201E-05 9.99201E-05 9.99201E-05 9.99201E-05 9.99201E-05 9.99201E-05 9.99201E-05
9.9955E-05 0.0380292 9.9955E-05 0.0377046 0.041918 0.00240275 0.879446 9.9955E-05 9.9955E-05 9.9955E-05
9.9937E-05 9.9937E-05 9.9937E-05 9.9937E-05 9.9937E-05 0.0101838 0.800407 0.18871 9.9937E-05 9.9937E-05
9.99201E-05 9.99201E-05 0.999101 9.99201E-05 9.99201E-05 9.99201E-05 9.99201E-05 9.99201E-05 9.99201E-05 9.99201E-05
9.9928E-05 9.9928E-05 9.9928E-05 9.9928E-05 9.9928E-05 9.9928E-05 0.517394 0.481807 9.9928E-05 9.9928E-05
0.0279853 0.137041 9.9973E-05 9.9973E-05 0.00580558 0.0975602 0.315 0.407294 9.9973E-05 0.00901328
9.99369E-05 9.99369E-05 9.99369E-05 0.0478015 9.99369E-05 9.99369E-05 0.608363 0.343136 9.99369E-05 9.99369E-05
9.9955E-05 0.12608 9.9955E-05 0.00229019 9.9955E-05 9.9955E-05 0.426736 0.437789 0.00660471 9.9955E-05
0.462155 9.99549E-05 0.0236326 9.99549E-05 9.99549E-05 9.99549E-05 0.499587 9.99549E-05 0.00776226 0.0063634
0.141896 9.9964E-05 9.9964E-05 9.9964E-05 0.0697545 0.111766 0.148211 0.481687 0.0462864 9.9964E-05
0.18218 9.99459E-05 9.99459E-05 9.99459E-05 9.99459E-05 9.99459E-05 0.76459 9.99459E-05 0.0314744 0.0211559
9.9937E-05 9.9937E-05 0.00745561 9.9937E-05 9.9937E-05 9.9937E-05 0.880608 0.111237 9.9937E-05 9.9937E-05
9.9955E-05 0.00767655 0.00956049 0.0205294 9.9955E-05 9.9955E-05 0.961064 9.9955E-05 9.9955E-05 0.000670188
9.9964E-05 0.0225749 0.00200247 0.0386795 9.9964E-05 9.9964E-05 0.668202 0.262277 0.00586358 9.9964E-05
9.99369E-05 0.0395916 9.99369E-05 9.99369E-05 9.99369E-05 9.99369E-05 0.638746 0.320963 9.99369E-05 9.99369E-05
9.9937E-05 9.9937E-05 9.9937E-05 0.00140204 9.9937E-05 9.9937E-05 0.920884 0.0770144 9.9937E-05 9.9937E-05
0.0497813 9.99551E-05 9.99551E-05 9.99551E-05 0.0618689 0.0399746 9.99551E-05 9.99551E-05 0.839132 0.00874304
9.9955E-05 0.0251625 9.9955E-05 9.9955E-05 9.9955E-05 0.0211442 0.937753 9.9955E-05 0.0109347 0.00450621
0.143267 0.0712741 9.9982E-05 0.0972483 0.039598 9.9982E-05 0.142182 0.474117 0.0187482 0.0133655
9.9955E-05 0.0105865 0.00600713 9.9955E-05 9.9955E-05 0.0187347 0.94269 0.0214819 9.9955E-05 9.9955E-05
9.9937E-05 9.9937E-05 9.9937E-05 9.9937E-05 0.012573 9.9937E-05 0.986377 9.9937E-05 9.9937E-05 0.000349943
9.9955E-05 0.00602376 0.00276373 9.9955E-05 0.00571437 9.9955E-05 0.572459 0.41254 9.9955E-05 9.9955E-05
9.9946E-05 0.054495 9.9946E-05 9.9946E-05 9.9946E-05 0.00657878 0.546513 0.391813 9.9946E-05 9.9946E-05
9.99369E-05 0.658957 9.99369E-05 9.99369E-05 0.257486 9.99369E-05 0.082858 9.99369E-05 9.99369E-05 9.99369E-05
9.99201E-05 9.99201E-05 0.999101 9.99201E-05 9.99201E-05 9.99201E-05 9.99201E-05 9.99201E-05 9.99201E-05 9.99201E-05
0.0179071 9.9955E-05 9.9955E-05 0.624953 9.9955E-05 9.9955E-05 0.146362 0.204559 0.00572017 9.9955E-05
0.133589 9.99549E-05 0.00929524 9.99549E-05 9.99549E-05 9.99549E-05 0.81548 9.99549E-05 0.022702 0.0184337
9.9946E-05 9.9946E-05 9.9946E-05 9.9946E-05 9.9946E-05 9.9946E-05 0.738982 0.23724 0.0144775 0.00870088
0.0110634 9.9937E-05 9.9937E-05 9.9937E-05 9.9937E-05 9.9937E-05 0.948951 9.9937E-05 0.0392859 9.9937E-05
9.99281E-05 9.99281E-05 9.99281E-05 9.99281E-05 9.99281E-05 9.99281E-05 0.99332 9.99281E-05 9.99281E-05 0.00588022
0.0324479 0.00670911 0.0267727 9.9964E-05 0.00529933 9.9964E-05 0.925621 9.9964E-05 9.9964E-05 0.00275045
9.9937E-05 9.9937E-05 9.9937E-05 9.9937E-05 9.9937E-05 0.00342961 0.936242 0.0596289 9.9937E-05 9.9937E-05
0.254706 0.522439 9.9955E-05 9.9955E-05 9.9955E-05 0.0402161 0.0106599 0.17148 9.9955E-05 9.9955E-05
9.9955E-05 9.9955E-05 9.9955E-05 0.00179393 0.0138338 0.0309788 0.916562 0.0363319 9.9955E-05 9.9955E-05
0.198106 9.9955E-05 0.00145508 9.9955E-05 0.112387 0.0206227 9.9955E-05 9.9955E-05 0.666929 9.9955E-05
0.00257698 0.0198359 9.9973E-05 9.9973E-05 9.9973E-05 0.0117296 0.432735 0.518149 0.0109621 0.00371137
9.9946E-05 9.9946E-05 0.00390141 9.9946E-05 9.9946E-05 9.9946E-05 0.863667 0.130935 9.9946E-05 0.000896984
0.416067 0.0262253 0.385673 9.9964E-05 9.9964E-05 9.9964E-05 0.0608143 9.9964E-05 0.049188 0.0616321
0.529509 9.9946E-05 0.0353809 9.9946E-05 9.9946E-05 9.9946E-05 0.432089 9.9946E-05 9.9946E-05 0.00242207
0.14107 9.99549E-05 9.99549E-05 0.325056 0.0704207 9.99549E-05 0.283015 0.179939 9.99549E-05 9.99549E-05
0.0168988 9.9964E-05 0.00649298 0.0318084 9.9964E-05 9.9964E-05 0.744408 0.196621 9.9964E-05 0.00337081
0.0298979 0.00747894 9.9946E-05 9.9946E-05 9.9946E-05 9.9946E-05 0.947055 9.9946E-05 0.0149688 9.9946E-05
9.99201E-05 9.99201E-05 9.99201E-05 9.99201E-05 9.99201E-05 9.99201E-05 9.99201E-05 9.99201E-05 9.99201E-05 0.999101
9.99549E-05 0.0395274 0.0114254 9.99549E-05 9.99549E-05 0.00191813 0.401443 0.545187 9.99549E-05 9.99549E-05
9.9928E-05 9.9928E-05 9.9928E-05 9.9928E-05 9.9928E-05 9.9928E-05 0.423753 0.575448 9.9928E-05 9.9928E-05
0.0395493 0.515153 9.9955E-05 9.9955E-05 0.0239801 9.9955E-05 0.0773136 0.343504 9.9955E-05 9.9955E-05
9.9946E-05 9.9946E-05 9.9946E-05 9.9946E-05 0.155761 0.234112 9.9946E-05 0.609187 9.9946E-05 0.000341391
9.9955E-05 0.459709 9.9955E-05 0.113094 9.9955E-05 0.319582 0.0719476 0.0351678 9.9955E-05 9.9955E-05
0.0132673 9.9937E-05 9.9937E-05 9.9937E-05 9.9937E-05 9.9937E-05 0.977729 9.9937E-05 0.00830391 9.9937E-05
9.9937E-05 9.9937E-05 9.9937E-05 0.0595928 9.9937E-05 9.9937E-05 0.426592 0.513116 9.9937E-05 9.9937E-05
9.9946E-05 0.0118414 9.9946E-05 9.9946E-05 9.9946E-05 9.9946E-05 0.832529 0.151583 9.9946E-05 0.00344686
0.0720421 0.020244 9.9955E-05 9.9955E-05 0.00400418 9.9955E-05 0.19241 0.7108 9.9955E-05 9.9955E-05
0.593954 9.9964E-05 0.00080372 0.0598881 0.220228 0.00724613 0.117481 9.9964E-05 9.9964E-05 9.9964E-05
0.0257637 9.9937E-05 9.9937E-05 9.9937E-05 9.9937E-05 9.9937E-05 0.965045 9.9937E-05 0.00849157 9.9937E-05
9.9946E-05 9.9946E-05 9.9946E-05 9.9946E-05 0.32514 9.9946E-05 0.0932038 0.52833 0.0527273 9.9946E-05
9.9955E-05 9.9955E-05 0.00649951 0.399138 0.0273165 9.9955E-05 0.167986 0.39856 9.9955E-05 9.9955E-05
0.00443762 9.99461E-05 0.0164006 9.99461E-05 0.116805 9.99461E-05 9.99461E-05 9.99461E-05 0.861757 9.99461E-05
9.9937E-05 9.9937E-05 9.9937E-05 9.9937E-05 0.0166816 9.9937E-05 0.911019 0.0716002 9.9937E-05 9.9937E-05
9.99201E-05 9.99201E-05 9.99201E-05 9.99201E-05 9.99201E-05 9.99201E-05 0.999101 9.99201E-05 9.99201E-05 9.99201E-05
9.99639E-05 0.232059 9.99639E-05 0.545129 0.0279054 0.117827 0.00128293 0.0753957 9.99639E-05 9.99639E-05
9.9937E-05 9.9937E-05 0.989156 9.9937E-05 9.9937E-05 9.9937E-05 0.0063264 0.00381831 9.9937E-05 9.9937E-05
9.99279E-05 9.99279E-05 9.99279E-05 9.99279E-05 9.99279E-05 0.97105 0.0281507 9.99279E-05 9.99279E-05 9.99279E-05
9.9946E-05 0.00691475 9.9946E-05 9.9946E-05 9.9946E-05 9.9946E-05 0.664458 0.288054 0.039974 9.9946E-05
0.0343654 9.9946E-05 9.9946E-05 9.9946E-05 9.9946E-05 9.9946E-05 0.929718 9.9946E-05 0.0330277 0.00228954
9.99369E-05 0.862922 9.99369E-05 9.99369E-05 9.99369E-05 9.99369E-05 0.0328511 0.103528 9.99369E-05 9.99369E-05
9.99201E-05 9.99201E-05 0.999101 9.99201E-05 9.99201E-05 9.99201E-05 9.99201E-05 9.99201E-05 9.99201E-05 9.99201E-05
0.341845 9.9937E-05 0.0232735 9.9937E-05 9.9937E-05 9.9937E-05 9.9937E-05 9.9937E-05 0.634182 9.9937E-05
9.9946E-05 0.133547 9.9946E-05 9.9946E-05 0.043414 9.9946E-05 0.612287 0.210153 9.9946E-05 9.9946E-05
9.9937E-05 9.9937E-05 9.9937E-05 0.0185432 9.9937E-05 9.9937E-05 0.684589 0.296168 9.9937E-05 9.9937E-05
9.9964E-05 0.20248 9.9964E-05 0.0473728 0.051549 0.147804 0.101298 0.449097 9.9964E-05 9.9964E-05
9.9937E-05 9.9937E-05 9.9937E-05 0.0123184 9.9937E-05 9.9937E-05 0.964117 9.9937E-05 0.0228647 9.9937E-05
0.395167 0.485361 0.0294618 0.0894101 9.9946E-05 9.9946E-05 9.9946E-05 9.9946E-05 9.9946E-05 9.9946E-05
0.239814 0.0342283 0.496071 9.9964E-05 9.9964E-05 9.9964E-05 9.9964E-05 0.0069798 0.130922 0.0915855
9.9955E-05 9.9955E-05 9.9955E-05 9.9955E-05 9.9955E-05 0.0152623 0.81151 0.133861 0.0350869 0.00378058
9.99549E-05 0.0308891 9.99549E-05 0.0582646 9.99549E-05 0.0691673 0.424565 0.416614 9.99549E-05 9.99549E-05
9.9928E-05 0.010987 9.9928E-05 9.9928E-05 9.9928E-05 9.9928E-05 9.9928E-05 9.9928E-05 0.988214 9.9928E-05
9.9946E-05 9.9946E-05 0.0100525 9.9946E-05 9.9946E-05 0.0756166 0.808447 0.105284 9.9946E-05 9.9946E-05
9.9946E-05 0.0451337 9.9946E-05 9.9946E-05 0.0423468 9.9946E-05 0.269861 0.642059 9.9946E-05 9.9946E-05
9.9928E-05 9.9928E-05 9.9928E-05 9.9928E-05 9.9928E-05 9.9928E-05 0.722079 0.277121 9.9928E-05 9.9928E-05
9.9928E-05 9.9928E-05 9.9928E-05 9.9928E-05 9.9928E-05 0.767473 0.231728 9.9928E-05 9.9928E-05 9.9928E-05
0.0420081 0.280057 0.00563771 0.28666 9.9973E-05 0.0828549 0.154324 0.148158 9.9973E-05 9.9973E-05
0.302759 9.9946E-05 9.9946E-05 0.0806365 9.9946E-05 0.262509 9.9946E-05 0.353496 9.9946E-05 9.9946E-05
0.54075 0.189952 9.99369E-05 9.99369E-05 9.99369E-05 0.268598 9.99369E-05 9.99369E-05 9.99369E-05 9.99369E-05
9.9946E-05 9.9946E-05 9.9946E-05 0.00940753 9.9946E-05 9.9946E-05 0.462417 0.507429 0.0201468 9.9946E-05
9.9946E-05 9.9946E-05 0.00896185 9.9946E-05 9.9946E-05 9.9946E-05 0.812863 0.173669 0.00390645 9.9946E-05
9.9955E-05 9.9955E-05 0.0251546 9.9955E-05 9.9955E-05 0.00119102 0.574413 0.384833 0.0139081 9.9955E-05
0.0469001 9.9946E-05 0.863569 0.0358844 9.9946E-05 9.9946E-05 9.9946E-05 9.9946E-05 9.9946E-05 0.0530471
0.0537303 9.9955E-05 9.9955E-05 0.00521065 9.9955E-05 9.9955E-05 0.877116 0.0338021 0.0296411 9.9955E-05
0.00242155 9.9955E-05 0.961207 9.9955E-05 9.9955E-05 9.9955E-05 9.9955E-05 0.0251207 0.000250706 0.0104998
9.9937E-05 9.9937E-05 9.9937E-05 9.9937E-05 9.9937E-05 9.9937E-05 0.569952 0.417903 0.0114453 9.9937E-05
9.99201E-05 9.99201E-05 9.99201E-05 9.99201E-05 9.99201E-05 9.99201E-05 0.0550114 9.99201E-05 0.944189 9.99201E-05
9.99459E-05 0.0915828 9.99459E-05 9.99459E-05 0.0586193 0.512837 9.99459E-05 0.336362 9.99459E-05 9.99459E-05
9.9955E-05 0.19187 9.9955E-05 9.9955E-05 0.450862 0.237686 0.11723 9.9955E-05 9.9955E-05 0.0018531
9.9964E-05 0.168012 9.9964E-05 0.582718 9.9964E-05 0.173878 0.0592288 9.9964E-05 0.0133469 0.00241621
9.9937E-05 9.9937E-05 9.9937E-05 0.140453 9.9937E-05 9.9937E-05 0.400593 0.458255 9.9937E-05 9.9937E-05
0.0331643 0.152159 0.0285842 0.250383 0.22247 9.9973E-05 0.219797 0.0931432 9.9973E-05 9.9973E-05
0.0102189 9.9937E-05 9.9937E-05 9.9937E-05 9.9937E-05 9.9937E-05 0.909161 0.079921 9.9937E-05 9.9937E-05
0.00950288 0.120722 9.9973E-05 0.00231094 9.9973E-05 9.9973E-05 0.26838 0.572334 0.0195519 0.00689824
0.652354 9.99639E-05 0.00866251 9.99639E-05 0.00842606 9.99639E-05 0.307893 9.99639E-05 0.009014 0.0132497
0.0463498 9.9973E-05 0.0152729 0.0890277 0.0571451 9.9973E-05 0.672181 0.11878 9.9973E-05 0.000943833
0.0360251 9.9946E-05 9.9946E-05 9.9946E-05 9.9946E-05 9.9946E-05 0.780076 0.173438 9.9946E-05 0.00986154
9.99369E-05 9.99369E-05 0.00859239 9.99369E-05 9.99369E-05 9.99369E-05 0.0302087 9.99369E-05 0.960499 9.99369E-05
0.449096 9.9973E-05 0.00134075 0.0115404 0.353674 9.9973E-05 0.13051 0.00454198 0.0489977 9.9973E-05
9.99371E-05 0.00728874 9.99371E-05 0.00635951 9.99371E-05 9.99371E-05 9.99371E-05 9.99371E-05 0.985652 9.99371E-05
9.9955E-05 9.9955E-05 0.00252717 0.00207193 9.9955E-05 9.9955E-05 0.566703 0.425425 0.00277325 9.9955E-05
0.627394 0.0184133 9.9964E-05 9.9964E-05 0.0389401 9.9964E-05 0.143188 0.145022 0.026642 9.9964E-05
0.632789 9.9973E-05 9.9973E-05 0.0677261 0.039846 0.00461559 0.20269 0.0133946 0.0386385 9.9973E-05
9.9946E-05 9.9946E-05 0.0248862 9.9946E-05 9.9946E-05 0.0187594 0.650671 0.305084 9.9946E-05 9.9946E-05
9.9937E-05 0.0316061 9.9937E-05 9.9937E-05 9.9937E-05 9.9937E-05 0.947283 0.0204115 9.9937E-05 9.9937E-05
9.9928E-05 9.9928E-05 0.997358 9.9928E-05 9.9928E-05 9.9928E-05 9.9928E-05 9.9928E-05 0.00184303 9.9928E-05
0.519523 9.99459E-05 9.99459E-05 9.99459E-05 0.348976 0.0913617 9.99459E-05 9.99459E-05 0.0395397 9.99459E-05
9.99369E-05 9.99369E-05 9.99369E-05 0.0599122 9.99369E-05 9.99369E-05 0.590922 0.348467 9.99369E-05 9.99369E-05
0.412166 9.99549E-05 0.0304968 9.99549E-05 9.99549E-05 9.99549E-05 0.135453 9.99549E-05 0.408383 0.013001
0.0285263 9.994E-05 9.994E-05 9.994E-05 9.994E-05 9.994E-05 0.957652 9.994E-05 0.00809698 0.00512476
9.99201E-05 9.99201E-05 9.99201E-05 9.99201E-05 9.99201E-05 9.99201E-05 9.99201E-05 9.99201E-05 9.99201E-05 0.999101
0.0325547 9.9964E-05 0.0146489 0.0159014 9.9964E-05 9.9964E-05 0.808446 0.116885 9.9964E-05 0.0111637
0.277545 9.9946E-05 0.0242346 9.9946E-05 9.9946E-05 9.9946E-05 0.102362 9.9946E-05 9.9946E-05 0.595259
9.9955E-05 9.9955E-05 0.0149437 9.9955E-05 9.9955E-05 0.619192 0.00029813 0.350565 0.0145014 9.9955E-05
0.00070435 0.000957993 9.9964E-05 9.9964E-05 0.0513277 9.9964E-05 0.9397 9.9964E-05 0.00476304 0.00214711
9.99201E-05 9.99201E-05 9.99201E-05 9.99201E-05 9.99201E-05 9.99201E-05 0.999101 9.99201E-05 9.99201E-05 9.99201E-05
0.177612 9.99639E-05 0.00577446 0.019997 0.659457 9.99639E-05 0.125829 9.99639E-05 9.99639E-05 0.0109312
0.0877058 9.9946E-05 9.9946E-05 9.9946E-05 0.00377646 9.9946E-05 0.903769 9.9946E-05 0.00414933 9.9946E-05
9.99281E-05 9.99281E-05 9.99281E-05 9.99281E-05 9.99281E-05 0.0372305 9.99281E-05 9.99281E-05 0.96197 9.99281E-05
9.9946E-05 9.9946E-05 0.00232674 9.9946E-05 0.0130427 9.9946E-05 0.972565 0.0114663 9.9946E-05 9.9946E-05
9.99201E-05 9.99201E-05 9.99201E-05 9.99201E-05 9.99201E-05 9.99201E-05 9.99201E-05 9.99201E-05 9.99201E-05 0.999101
9.9928E-05 9.9928E-05 9.9928E-05 9.9928E-05 9.9928E-05 9.9928E-05 0.970002 0.0291987 9.9928E-05 9.9928E-05
0.0190958 0.0820994 9.9964E-05 9.9964E-05 0.355662 9.9964E-05 0.0138291 0.512066 0.0168482 9.9964E-05
9.9973E-05 0.142383 0.00627377 0.17333 0.102934 9.9973E-05 0.254176 0.301848 9.9973E-05 0.0187566
0.566689 9.9946E-05 9.9946E-05 9.9946E-05 0.0489448 0.297095 9.9946E-05 0.0866714 9.9946E-05 9.9946E-05
0.187595 9.99549E-05 0.0141644 0.543025 9.99549E-05 9.99549E-05 0.247563 9.99549E-05 9.99549E-05 0.00715293
0.429637 9.99549E-05 0.0441792 9.99549E-05 0.371694 9.99549E-05 0.152635 0.00135501 9.99549E-05 9.99549E-05
9.9937E-05 9.9937E-05 0.000656094 9.9937E-05 9.9937E-05 0.00844859 0.990196 9.9937E-05 9.9937E-05 9.9937E-05
9.9964E-05 0.235047 0.000851612 9.9964E-05 0.0696452 9.9964E-05 0.207515 0.446313 0.0402284 9.9964E-05
9.9937E-05 9.9937E-05 9.9937E-05 9.9937E-05 9.9937E-05 0.0196307 0.853723 0.125946 9.9937E-05 9.9937E-05
0.130794 9.9973E-05 0.0283142 0.0625274 0.248323 9.9973E-05 0.142682 0.347147 0.0399137 9.9973E-05
0.152997 9.99459E-05 9.99459E-05 9.99459E-05 9.99459E-05 0.808112 0.032107 9.99459E-05 0.00618464 9.99459E-05
0.0538541 9.9955E-05 9.9955E-05 9.9955E-05 9.9955E-05 9.9955E-05 0.81144 0.104299 0.017944 0.0119631
9.9946E-05 9.9946E-05 0.0107828 9.9946E-05 9.9946E-05 0.0219587 0.270353 0.696306 9.9946E-05 9.9946E-05
9.99459E-05 9.99459E-05 0.0118746 9.99459E-05 9.99459E-05 9.99459E-05 0.60561 0.369077 0.0128384 9.99459E-05
0.0090311 9.9964E-05 9.9964E-05 0.0251257 0.0384129 0.00690207 0.917474 9.9964E-05 0.00265443 9.9964E-05
0.559874 9.9946E-05 9.9946E-05 9.9946E-05 9.9946E-05 9.9946E-05 0.379207 9.9946E-05 0.0512618 0.00905696
0.0709157 9.9973E-05 0.0041975 0.121433 0.172375 0.0203613 0.190523 0.419894 9.9973E-05 9.9973E-05
0.071718 0.0528803 9.9982E-05 0.363575 0.0573808 9.9982E-05 0.39534 0.0240704 0.0142638 0.0205713
0.044263 9.9964E-05 0.0070529 9.9964E-05 0.0118447 0.0249323 9.9964E-05 9.9964E-05 0.024458 0.887049
0.041429 9.9955E-05 9.9955E-05 0.0108335 0.0112038 9.9955E-05 0.912473 9.9955E-05 0.0235605 9.9955E-05
0.0219965 9.9937E-05 9.9937E-05 0.00344605 9.9937E-05 9.9937E-05 0.973858 9.9937E-05 9.9937E-05 9.9937E-05
9.9964E-05 0.0275024 0.0056756 9.9964E-05 9.9964E-05 9.9964E-05 0.820885 0.142298 0.00162136 0.00161722
9.99279E-05 9.99279E-05 9.99279E-05 9.99279E-05 9.99279E-05 9.99279E-05 0.0230664 9.99279E-05 0.976134 9.99279E-05
0.0698664 0.0558145 9.9955E-05 9.9955E-05 9.9955E-05 9.9955E-05 0.579134 0.291624 9.9955E-05 0.00306131
0.614802 0.293796 9.9946E-05 0.0551444 9.9946E-05 9.9946E-05 0.0356575 9.9946E-05 9.9946E-05 9.9946E-05
0.0421905 9.9964E-05 0.00734012 9.9964E-05 9.9964E-05 0.222945 0.247755 0.475414 0.00395679 9.9964E-05
0.00707961 9.9937E-05 0.00635527 9.9937E-05 9.9937E-05 9.9937E-05 0.985866 9.9937E-05 9.9937E-05 9.9937E-05
0.00930835 0.00951356 9.9964E-05 0.0540093 0.0689458 9.9964E-05 0.842278 9.9964E-05 0.0155449 9.9964E-05
9.9937E-05 9.9937E-05 9.9937E-05 0.0153016 9.9937E-05 9.9937E-05 0.975576 0.00842292 9.9937E-05 9.9937E-05
0.317845 9.9955E-05 0.0267351 0.157612 0.393258 9.9955E-05 0.104049 9.9955E-05 9.9955E-05 9.9955E-05
0.130832 9.9964E-05 0.0314557 9.9964E-05 9.9964E-05 9.9964E-05 0.00996186 0.000984687 0.0478463 0.77852
0.510009 9.99369E-05 9.99369E-05 9.99369E-05 0.314945 0.174346 9.99369E-05 9.99369E-05 9.99369E-05 9.99369E-05
9.9955E-05 0.126623 0.00777022 0.202532 9.9955E-05 9.9955E-05 0.437448 0.225127 9.9955E-05 9.9955E-05
0.045696 9.9937E-05 0.00542636 9.9937E-05 9.9937E-05 9.9937E-05 9.9937E-05 9.9937E-05 9.9937E-05 0.948178
0.0982371 9.9964E-05 9.9964E-05 9.9964E-05 9.9964E-05 0.00155736 0.473508 0.386592 0.0325207 0.00718441
9.99549E-05 0.250322 9.99549E-05 9.99549E-05 0.0120293 0.208648 0.202945 0.325556 9.99549E-05 9.99549E-05
0.0624433 0.00557428 9.9964E-05 9.9964E-05 9.9964E-05 0.0237703 0.876993 9.9964E-05 0.0200447 0.0107742
9.9928E-05 9.9928E-05 9.9928E-05 9.9928E-05 9.9928E-05 9.9928E-05 0.98829 0.0109105 9.9928E-05 9.9928E-05
9.9955E-05 9.9955E-05 0.0122462 9.9955E-05 0.039971 9.9955E-05 0.945885 9.9955E-05 0.000364265 0.00103328
0.141407 9.9955E-05 9.9955E-05 0.0495805 0.18578 9.9955E-05 0.437968 0.184765 9.9955E-05 9.9955E-05
9.99279E-05 9.99279E-05 9.99279E-05 9.99279E-05 9.99279E-05 9.99279E-05 0.0682453 9.99279E-05 0.930955 9.99279E-05
9.9937E-05 9.9937E-05 0.00735478 9.9937E-05 9.9937E-05 9.9937E-05 0.913428 0.0785174 9.9937E-05 9.9937E-05
0.103101 0.738153 9.99369E-05 9.99369E-05 0.158046 9.99369E-05 9.99369E-05 9.99369E-05 9.99369E-05 9.99369E-05
9.9946E-05 0.0260331 9.9946E-05 0.157538 9.9946E-05 9.9946E-05 0.288455 0.527374 9.9946E-05 9.9946E-05
9.99459E-05 9.99459E-05 9.99459E-05 0.00215911 9.99459E-05 9.99459E-05 9.99459E-05 0.0115499 0.970156 0.0155358
9.99459E-05 9.99459E-05 0.00100961 9.99459E-05 0.842787 0.0183666 0.137237 9.99459E-05 9.99459E-05 9.99459E-05
0.816424 9.9946E-05 9.9946E-05 9.9946E-05 9.9946E-05 9.9946E-05 0.0516285 0.11558 9.9946E-05 0.0157678
0.111689 0.212458 9.9973E-05 0.177158 0.168848 9.9973E-05 0.107427 0.206118 0.0160013 9.9973E-05
9.9946E-05 9.9946E-05 0.000623605 0.0146596 9.9946E-05 9.9946E-05 0.0691468 9.9946E-05 0.91497 9.9946E-05
9.9946E-05 0.0529438 9.9946E-05 9.9946E-05 9.9946E-05 0.0458319 0.338094 0.562531 9.9946E-05 9.9946E-05
9.99279E-05 9.99279E-05 0.00298769 9.99279E-05 9.99279E-05 9.99279E-05 9.99279E-05 9.99279E-05 9.99279E-05 0.996213
9.99459E-05 9.99459E-05 9.99459E-05 0.125828 9.99459E-05 9.99459E-05 0.427869 0.440902 9.99459E-05 0.00480203
9.9946E-05 9.9946E-05 0.0162118 9.9946E-05 9.9946E-05 0.0135778 0.849807 0.119804 9.9946E-05 9.9946E-05
9.99281E-05 9.99281E-05 9.99281E-05 9.99281E-05 9.99281E-05 0.00367383 9.99281E-05 9.99281E-05 9.99281E-05 0.995527
9.9937E-05 9.9937E-05 9.9937E-05 0.000875033 9.9937E-05 9.9937E-05 0.789421 0.209005 9.9937E-05 9.9937E-05
9.9937E-05 9.9937E-05 0.914982 9.9937E-05 9.9937E-05 0.0698814 9.9937E-05 9.9937E-05 9.9937E-05 0.0144368
0.104377 0.33354 0.00341436 9.9955E-05 0.0361526 9.9955E-05 9.9955E-05 0.522017 9.9955E-05 9.9955E-05
0.0271378 9.9946E-05 9.9946E-05 9.9946E-05 9.9946E-05 9.9946E-05 0.844704 0.106426 0.0211324 9.9946E-05
0.288749 9.9955E-05 9.9955E-05 9.9955E-05 0.487475 9.9955E-05 0.158834 9.9955E-05 0.0533547 0.0110876
0.036895 9.9964E-05 0.00105036 9.9964E-05 9.9964E-05 0.0627471 0.619539 0.266086 9.9964E-05 0.0132826
0.0632709 9.9937E-05 0.024971 9.9937E-05 9.9937E-05 9.9937E-05 9.9937E-05 9.9937E-05 9.9937E-05 0.911059
0.00161185 9.9982E-05 9.9982E-05 0.0419176 0.143605 0.116674 0.136229 0.541668 0.00501487 0.0130805
