0.011725 9.9982E-05 9.9982E-05 0.357204 0.0132914 0.00802226 0.59469 0.0148678
9.9946E-05 9.9946E-05 9.9946E-05 9.9946E-05 0.0382858 9.9946E-05 0.961114 9.9946E-05
9.996E-05 9.996E-05 0.0150733 0.0344506 0.00539704 9.996E-05 0.944679 9.996E-05
9.998E-05 0.00270002 9.998E-05 0.337084 0.0324324 0.0441345 0.571727 0.0117224
9.9964E-05 9.9964E-05 0.0305911 0.37644 9.9964E-05 0.444018 0.148551 9.9964E-05
9.9964E-05 9.9964E-05 9.9964E-05 0.0346417 0.601977 0.178971 0.18401 9.9964E-05
0.351399 9.9973E-05 0.00751321 9.9973E-05 0.0146359 0.439901 0.186251 9.9973E-05
0.118283 9.996E-05 9.996E-05 0.460066 0.212976 0.208275 9.996E-05 9.996E-05
0.0172403 0.0123736 0.00339425 0.0322793 0.0237189 9.999E-05 0.905247 0.00564639
9.9946E-05 9.9946E-05 9.9946E-05 0.271619 9.9946E-05 9.9946E-05 0.727781 9.9946E-05
0.312349 9.9973E-05 9.9973E-05 0.386152 9.9973E-05 0.107821 0.18878 0.00459826
0.336783 9.9973E-05 0.0132619 0.449865 9.9973E-05 0.158984 0.0408061 9.9973E-05
0.216038 9.9964E-05 9.9964E-05 0.508899 9.9964E-05 0.103899 0.170763 9.9964E-05
0.0182131 9.996E-05 9.996E-05 9.996E-05 0.809366 0.0839691 0.0880524 9.996E-05
9.9964E-05 0.00501693 9.9964E-05 0.53068 9.9964E-05 9.9964E-05 0.462959 0.000944947
0.0636609 0.00283411 9.9982E-05 0.179759 0.21201 0.104889 0.436647 9.9982E-05
0.627114 9.9982E-05 0.00813897 0.106728 0.0791061 0.0202834 0.158429 9.9982E-05
9.997E-05 0.0177922 0.00188305 9.997E-05 0.381782 9.997E-05 0.17272 0.425524
9.9955E-05 9.9955E-05 9.9955E-05 9.9955E-05 0.00397935 0.0177672 0.977754 9.9955E-05
0.33231 0.0243597 0.00687255 0.171584 0.167122 0.20383 0.0901161 0.003806
9.996E-05 9.996E-05 0.00656674 0.0645928 9.996E-05 0.0215459 0.906895 9.996E-05
0.46025 9.9964E-05 0.0149878 0.345267 9.9964E-05 9.9964E-05 0.179096 9.9964E-05
0.110986 9.9982E-05 0.0143996 0.590785 0.0737062 0.0321139 0.17781 9.9982E-05
0.0107676 9.9973E-05 0.875398 0.0725851 0.0322261 9.9973E-05 9.9973E-05 0.00872311
9.9964E-05 9.9964E-05 9.9964E-05 0.221855 0.268165 0.384179 0.125402 9.9964E-05
0.248196 9.9964E-05 0.0221064 0.445992 9.9964E-05 9.9964E-05 0.283305 9.9964E-05
0.345362 0.000424214 9.9982E-05 0.22119 0.0997466 0.171872 0.161205 9.9982E-05
9.9955E-05 9.9955E-05 9.9955E-05 0.117148 9.9955E-05 9.9955E-05 0.876683 0.00567002
9.9946E-05 9.9946E-05 9.9946E-05 0.282706 9.9946E-05 9.9946E-05 0.716695 9.9946E-05
9.994E-05 9.994E-05 9.994E-05 0.025937 9.994E-05 9.994E-05 0.973463 9.994E-05
9.9964E-05 9.9964E-05 9.9964E-05 0.151919 0.649766 0.135767 0.0621488 9.9964E-05
9.9955E-05 9.9955E-05 9.9955E-05 9.9955E-05 0.0341548 0.0206208 0.944725 9.9955E-05
9.9946E-05 9.9946E-05 9.9946E-05 9.9946E-05 9.9946E-05 0.0251032 0.974297 9.9946E-05
9.9964E-05 0.00261082 9.9964E-05 9.9964E-05 0.215265 0.576824 0.204899 9.9964E-05
9.9946E-05 9.9946E-05 0.00689471 9.9946E-05 9.9946E-05 9.9946E-05 0.992506 9.9946E-05
0.247504 0.0101595 9.9982E-05 0.197097 0.110777 0.266351 0.167913 9.9982E-05
9.9946E-05 9.9946E-05 9.9946E-05 0.517494 9.9946E-05 9.9946E-05 0.481906 9.9946E-05
0.471948 0.00477728 0.00741394 0.26697 0.24859 9.9973E-05 9.9973E-05 9.9973E-05
0.314852 9.9991E-05 0.0157249 0.012514 0.0785729 0.522722 0.0460048 0.00951015
0.111651 9.9973E-05 0.047223 0.589956 9.9973E-05 0.163639 0.0872308 9.9973E-05
0.00297739 0.00589261 9.9982E-05 0.126837 0.483431 0.314613 0.0660486 9.9982E-05
0.0112514 0.0043652 0.0194383 9.997E-05 9.997E-05 0.0146979 0.949947 9.997E-05
0.005207 9.9955E-05 9.9955E-05 0.205121 9.9955E-05 9.9955E-05 0.789172 9.9955E-05
9.9955E-05 0.00101723 9.9955E-05 0.280507 9.9955E-05 9.9955E-05 0.717976 9.9955E-05
9.997E-05 9.997E-05 9.997E-05 0.213891 0.0163816 0.0658969 0.676516 0.0270148
9.994E-05 9.994E-05 9.994E-05 9.994E-05 9.994E-05 9.994E-05 9.994E-05 0.9993
0.0583042 9.9955E-05 9.9955E-05 9.9955E-05 9.9955E-05 0.0624637 0.878732 9.9955E-05
9.9955E-05 9.9955E-05 9.9955E-05 0.161689 9.9955E-05 9.9955E-05 0.837262 0.000548448
9.994E-05 9.994E-05 9.994E-05 9.994E-05 9.994E-05 9.994E-05 9.994E-05 0.9993
9.99459E-05 9.99459E-05 9.99459E-05 0.441017 9.99459E-05 9.99459E-05 0.558384 9.99459E-05
0.170568 9.9964E-05 9.9964E-05 0.439267 0.0453706 9.9964E-05 0.344394 9.9964E-05
9.9946E-05 9.9946E-05 9.9946E-05 0.335145 9.9946E-05 9.9946E-05 0.664255 9.9946E-05
9.9964E-05 9.9964E-05 0.00760606 0.476723 9.9964E-05 0.0500093 0.465262 9.9964E-05
9.9973E-05 0.00437055 0.0200197 9.9973E-05 0.473207 9.9973E-05 0.474901 0.0272025
9.9973E-05 9.9973E-05 0.048182 0.500902 0.103946 0.13801 0.20866 9.9973E-05
9.99639E-05 0.0133982 0.0349999 9.99639E-05 0.194571 9.99639E-05 0.756631 9.99639E-05
9.9955E-05 9.9955E-05 9.9955E-05 0.101941 9.9955E-05 9.9955E-05 0.89637 0.00118928
0.0126784 9.9964E-05 9.9964E-05 9.9964E-05 0.0123708 9.9964E-05 0.96731 0.00724131
9.9982E-05 9.9982E-05 0.00452806 0.26948 0.00854472 0.014473 0.701698 0.00107591
9.99459E-05 9.99459E-05 9.99459E-05 0.311053 9.99459E-05 9.99459E-05 0.688347 9.99459E-05
9.9946E-05 9.9946E-05 9.9946E-05 0.0555264 9.9946E-05 9.9946E-05 0.943874 9.9946E-05
0.0510213 0.00417509 0.838637 9.9973E-05 0.101982 0.00388465 9.9973E-05 9.9973E-05
0.0347909 0.00727912 0.00325537 9.9964E-05 9.9964E-05 9.9964E-05 0.954275 9.9964E-05
0.0607482 0.0202249 0.0321344 0.538947 0.213154 9.9982E-05 0.134592 9.9982E-05
0.00554714 9.996E-05 9.996E-05 0.0386696 9.996E-05 9.996E-05 0.950769 0.00461439
9.9964E-05 0.00189929 0.000549757 9.9964E-05 9.9964E-05 0.0126777 0.984473 9.9964E-05
9.9946E-05 9.9946E-05 9.9946E-05 0.404069 9.9946E-05 9.9946E-05 0.595331 9.9946E-05
0.0549108 9.995E-05 9.995E-05 0.340247 9.995E-05 9.995E-05 0.604343 9.995E-05
0.782715 9.9955E-05 0.023336 9.9955E-05 9.9955E-05 9.9955E-05 0.193449 9.9955E-05
9.994E-05 9.994E-05 9.994E-05 9.994E-05 9.994E-05 9.994E-05 9.994E-05 0.9993
9.997E-05 9.997E-05 0.00485834 0.55423 0.0343197 0.299721 0.106571 9.997E-05
9.996E-05 0.0214948 0.0165274 9.996E-05 0.156927 9.996E-05 0.804651 9.996E-05
9.9973E-05 0.00225847 0.0111483 0.225281 9.9973E-05 9.9973E-05 0.757335 0.00367714
9.9946E-05 9.9946E-05 0.0414567 9.9946E-05 9.9946E-05 9.9946E-05 0.957944 9.9946E-05
0.00427757 9.9955E-05 0.00265743 9.9955E-05 9.9955E-05 9.9955E-05 0.992565 9.9955E-05
9.9964E-05 0.00873041 9.9964E-05 9.9964E-05 9.9964E-05 0.034636 0.928519 0.027715
0.000673579 0.00122558 9.9973E-05 0.0234334 9.9973E-05 9.9973E-05 0.974075 0.000292825
0.330473 9.9982E-05 0.00528716 0.225777 0.056222 0.223684 0.158356 9.9982E-05
0.0202597 9.9955E-05 9.9955E-05 0.0549687 9.9955E-05 9.9955E-05 0.924272 9.9955E-05
0.0816799 9.9964E-05 0.684349 9.9964E-05 0.225468 9.9964E-05 9.9964E-05 0.00810291
9.9955E-05 9.9955E-05 0.0323719 0.478233 9.9955E-05 9.9955E-05 0.488895 9.9955E-05
9.9964E-05 0.00361216 9.9964E-05 0.0881019 9.9964E-05 9.9964E-05 0.898615 0.0092713
0.000476539 0.0669898 0.0473071 9.998E-05 0.414197 9.998E-05 0.0834172 0.387413
9.9955E-05 9.9955E-05 9.9955E-05 9.9955E-05 0.554201 9.9955E-05 0.403636 0.0416639
9.9964E-05 9.9964E-05 9.9964E-05 0.378291 0.140832 0.212952 0.267525 9.9964E-05
9.99635E-05 0.0104513 9.99635E-05 0.226639 0.0334856 9.99635E-05 0.729024 9.99635E-05
9.9955E-05 9.9955E-05 0.00423028 9.9955E-05 0.0392799 9.9955E-05 0.95599 9.9955E-05
9.994E-05 0.9993 9.994E-05 9.994E-05 9.994E-05 9.994E-05 9.994E-05 9.994E-05
0.0210592 9.996E-05 9.996E-05 0.489536 9.996E-05 9.996E-05 0.48814 0.000865193
9.9946E-05 9.9946E-05 9.9946E-05 0.48172 9.9946E-05 9.9946E-05 0.51768 9.9946E-05
0.311526 9.996E-05 9.996E-05 0.421688 9.996E-05 0.108059 0.158327 9.996E-05
0.376342 0.00359723 0.0123174 0.464882 0.00579368 9.9982E-05 0.136867 9.9982E-05
0.68978 9.9955E-05 9.9955E-05 0.207488 9.9955E-05 9.9955E-05 0.102233 9.9955E-05
9.9955E-05 9.9955E-05 0.00702059 9.9955E-05 0.014731 9.9955E-05 0.977749 9.9955E-05
9.99544E-05 9.99544E-05 9.99544E-05 0.518546 9.99544E-05 9.99544E-05 0.480854 9.99544E-05
9.9955E-05 0.00590482 9.9955E-05 0.109462 9.9955E-05 9.9955E-05 0.884133 9.9955E-05
9.9955E-05 9.9955E-05 9.9955E-05 0.688165 0.0486832 9.9955E-05 0.262652 9.9955E-05
0.126287 9.997E-05 9.997E-05 0.0388791 0.771599 9.997E-05 0.0595284 0.00340613
9.9964E-05 9.9964E-05 0.00670034 9.9964E-05 0.0138573 0.00174774 0.977295 9.9964E-05
0.0651124 9.9982E-05 0.0518214 0.475664 0.0191026 0.244556 0.143544 9.9982E-05
9.9973E-05 0.00749063 9.9973E-05 0.57614 9.9973E-05 0.218533 0.180462 0.017074
0.00599591 9.9964E-05 0.840738 9.9964E-05 9.9964E-05 0.135914 9.9964E-05 0.0169526
0.0127291 9.9955E-05 9.9955E-05 0.478871 9.9955E-05 9.9955E-05 0.5079 9.9955E-05
0.0299035 9.9964E-05 9.9964E-05 0.0531274 9.9964E-05 9.9964E-05 0.916393 0.000176672
9.994E-05 9.994E-05 9.994E-05 9.994E-05 9.994E-05 9.994E-05 0.9993 9.994E-05
0.459029 9.9973E-05 9.9973E-05 0.361087 9.9973E-05 0.132778 0.0207822 0.0260236
9.994E-05 9.994E-05 9.994E-05 9.994E-05 9.994E-05 9.994E-05 9.994E-05 0.9993
0.812514 9.9964E-05 9.9964E-05 0.0893022 9.9964E-05 9.9964E-05 0.0818594 0.0159245
9.9964E-05 9.9964E-05 0.0307333 0.246956 0.0046442 9.9964E-05 0.717267 9.9964E-05
9.9964E-05 0.00638423 0.0262193 9.9964E-05 0.0432942 9.9964E-05 0.923702 9.9964E-05
0.530071 9.9955E-05 9.9955E-05 0.381715 9.9955E-05 9.9955E-05 0.087715 9.9955E-05
9.994E-05 9.994E-05 9.994E-05 9.994E-05 9.994E-05 9.994E-05 9.994E-05 0.9993
9.9973E-05 0.000294515 0.633174 9.9973E-05 0.324606 0.00816491 9.9973E-05 0.0334607
0.138325 9.9973E-05 9.9973E-05 0.193681 9.9973E-05 0.00180424 0.659818 0.006072
9.9946E-05 9.9946E-05 9.9946E-05 0.276921 9.9946E-05 9.9946E-05 0.72248 9.9946E-05
0.338994 9.9973E-05 0.000688772 0.489398 9.9973E-05 0.0229118 0.147707 9.9973E-05
9.99461E-05 9.99461E-05 0.0348592 9.99461E-05 9.99461E-05 9.99461E-05 0.964541 9.99461E-05
0.234828 9.9982E-05 9.9982E-05 0.0988855 0.0681584 0.472131 0.0777997 0.0479976
9.9982E-05 0.0947667 0.10859 0.0477817 0.232218 9.9982E-05 0.00713074 0.509313
9.9955E-05 9.9955E-05 0.0403472 0.140599 9.9955E-05 9.9955E-05 0.818554 9.9955E-05
0.0913331 9.9955E-05 9.9955E-05 0.415189 9.9955E-05 9.9955E-05 0.492978 9.9955E-05
9.994E-05 9.994E-05 0.9993 9.994E-05 9.994E-05 9.994E-05 9.994E-05 9.994E-05
0.0298766 9.996E-05 9.996E-05 0.134377 9.996E-05 9.996E-05 0.833411 0.00193636
0.00556819 9.9955E-05 9.9955E-05 0.651544 9.9955E-05 9.9955E-05 0.342388 9.9955E-05
9.9946E-05 9.9946E-05 9.9946E-05 0.237579 9.9946E-05 9.9946E-05 0.761821 9.9946E-05
0.694115 0.0141243 9.9964E-05 9.9964E-05 9.9964E-05 0.0140982 0.277262 9.9964E-05
0.308942 9.9964E-05 9.9964E-05 0.280973 9.9964E-05 0.217239 0.192445 9.9964E-05
0.00828386 9.9973E-05 9.9973E-05 0.48478 0.106111 0.343862 0.0566629 9.9973E-05
0.36413 9.99639E-05 9.99639E-05 0.0227293 0.598737 9.99639E-05 0.0140046 9.99639E-05
9.9955E-05 9.9955E-05 0.0135802 0.452159 9.9955E-05 9.9955E-05 0.533761 9.9955E-05
9.996E-05 9.996E-05 0.0113925 0.142798 9.996E-05 9.996E-05 0.836477 0.0089323
9.9964E-05 9.9964E-05 0.00760017 0.358652 9.9964E-05 9.9964E-05 0.612712 0.0206361
0.00802291 0.05667 9.9964E-05 9.9964E-05 0.0799111 9.9964E-05 9.9964E-05 0.854996
0.00603243 9.997E-05 0.0283919 0.0164239 0.0649477 9.997E-05 0.883904 9.997E-05
9.9973E-05 0.00565085 0.000659788 0.0144024 9.9973E-05 0.0154381 9.9973E-05 0.963549
9.9955E-05 9.9955E-05 0.0022468 0.3885 9.9955E-05 9.9955E-05 0.608754 9.9955E-05
9.99459E-05 9.99459E-05 0.956649 9.99459E-05 9.99459E-05 9.99459E-05 0.0427515 9.99459E-05
0.592949 9.9973E-05 0.00502661 0.390341 0.00274909 9.9973E-05 0.00863385 9.9973E-05
0.683217 0.00878519 9.9973E-05 9.9973E-05 0.0724229 0.0816071 0.153667 9.9973E-05
0.580605 0.0333227 0.0146148 0.206836 0.0748346 9.998E-05 0.0895875 9.998E-05
9.9955E-05 9.9955E-05 0.0107443 0.514528 9.9955E-05 9.9955E-05 0.474228 9.9955E-05
0.224265 0.00482653 0.00358011 0.255648 0.0279703 0.255646 0.202821 0.0252436
9.996E-05 9.996E-05 0.00465072 0.0633173 0.00454721 9.996E-05 0.927085 9.996E-05
0.0918696 9.9973E-05 0.0077694 0.529061 0.0267603 9.9973E-05 0.344239 9.9973E-05
9.995E-05 9.995E-05 0.0129392 9.995E-05 0.708078 9.995E-05 0.278483 9.995E-05
9.99803E-05 9.99803E-05 9.99803E-05 0.15513 9.99803E-05 0.138289 0.6963 0.00988106
9.9964E-05 0.00598069 9.9964E-05 0.170357 0.0380216 9.9964E-05 0.785241 9.9964E-05
9.99549E-05 9.99549E-05 0.954536 9.99549E-05 9.99549E-05 9.99549E-05 0.0360532 0.00891105
9.997E-05 9.997E-05 0.0384906 0.0487697 0.336612 0.459313 0.116515 9.997E-05
0.00603259 9.99461E-05 0.993368 9.99461E-05 9.99461E-05 9.99461E-05 9.99461E-05 9.99461E-05
9.9955E-05 9.9955E-05 0.00456194 0.387063 9.9955E-05 9.9955E-05 0.607876 9.9955E-05
9.9973E-05 9.9973E-05 0.0314373 0.108168 0.66858 0.0254047 0.16611 9.9973E-05
0.00455642 9.9982E-05 0.0117516 0.0032517 0.6832 0.0869473 0.210093 9.9982E-05
9.9964E-05 0.0024985 9.9964E-05 0.290936 9.9964E-05 9.9964E-05 0.680434 0.0257316
0.015567 9.9946E-05 9.9946E-05 9.9946E-05 9.9946E-05 9.9946E-05 0.983833 9.9946E-05
9.9946E-05 9.9946E-05 0.00512969 9.9946E-05 9.9946E-05 9.9946E-05 9.9946E-05 0.994271
0.272258 9.99639E-05 0.0172105 9.99639E-05 0.707503 0.00262805 9.99639E-05 9.99639E-05
9.9955E-05 9.9955E-05 9.9955E-05 0.35038 9.9955E-05 9.9955E-05 0.646163 0.00295653
9.9973E-05 0.0170767 0.416945 9.9973E-05 0.43405 9.9973E-05 0.105392 0.0262369
9.9973E-05 0.000335896 9.9973E-05 9.9973E-05 0.0300554 0.00220597 0.959006 0.00809693
9.994E-05 0.9993 9.994E-05 9.994E-05 9.994E-05 9.994E-05 9.994E-05 9.994E-05
9.9964E-05 9.9964E-05 9.9964E-05 0.127222 0.0632795 9.9964E-05 0.787928 0.0211707
9.9964E-05 0.595332 9.9964E-05 9.9964E-05 0.272031 9.9964E-05 0.111734 0.0205032
0.431205 0.00367124 0.00218252 0.466871 0.0547586 9.999E-05 0.0223168 0.0188952
0.00946142 0.00988191 0.0126373 9.997E-05 9.997E-05 0.0177668 0.949953 9.997E-05
9.995E-05 0.00465128 9.995E-05 9.995E-05 9.995E-05 0.0222702 0.972579 9.995E-05
0.108794 9.9964E-05 0.00812916 9.9964E-05 9.9964E-05 0.750014 0.132663 9.9964E-05
9.9955E-05 9.9955E-05 0.0100413 9.9955E-05 0.0830572 9.9955E-05 0.906402 9.9955E-05
0.00359055 9.99461E-05 0.99581 9.99461E-05 9.99461E-05 9.99461E-05 9.99461E-05 9.99461E-05
9.9955E-05 9.9955E-05 9.9955E-05 9.9955E-05 9.9955E-05 0.012092 0.982172 0.00523622
9.994E-05 0.9993 9.994E-05 9.994E-05 9.994E-05 9.994E-05 9.994E-05 9.994E-05
9.9946E-05 9.9946E-05 9.9946E-05 0.0155044 9.9946E-05 9.9946E-05 0.983896 9.9946E-05
0.119667 9.996E-05 0.0166366 0.643941 0.219356 9.996E-05 9.996E-05 9.996E-05
0.062574 0.019743 9.9982E-05 0.457831 9.9982E-05 0.204815 0.253757 0.00108003
0.216626 9.995E-05 9.995E-05 0.131906 0.650968 9.995E-05 9.995E-05 9.995E-05
9.999E-05 0.011166 0.00588168 0.224793 0.150097 0.358439 0.228238 0.0212846
9.9973E-05 9.9973E-05 0.00366617 9.9973E-05 0.198902 0.572617 0.182766 0.0417486
9.994E-05 9.994E-05 9.994E-05 9.994E-05 9.994E-05 9.994E-05 0.9993 9.994E-05
0.202744 9.99639E-05 0.0539466 0.470734 9.99639E-05 9.99639E-05 0.272175 9.99639E-05
9.9946E-05 9.9946E-05 9.9946E-05 0.129369 9.9946E-05 9.9946E-05 0.870032 9.9946E-05
9.998E-05 9.998E-05 0.0652715 0.390423 0.128911 0.250238 0.146224 0.0187329
0.654629 9.9964E-05 9.9964E-05 0.0391155 0.26592 9.9964E-05 0.0399351 9.9964E-05
9.997E-05 0.00519499 0.000821841 0.110021 0.0640339 9.997E-05 0.819628 9.997E-05
9.9955E-05 9.9955E-05 9.9955E-05 0.657562 9.9955E-05 9.9955E-05 0.33483 0.00710788
9.997E-05 0.00259497 0.00452565 0.329907 9.997E-05 9.997E-05 0.655544 0.00712836
0.00438162 9.9964E-05 9.9964E-05 9.9964E-05 0.0414753 0.0271647 0.926578 9.9964E-05
9.9973E-05 0.0148869 0.0321884 9.9973E-05 0.568871 9.9973E-05 0.378366 0.00538784
0.0237599 9.9964E-05 9.9964E-05 0.466169 9.9964E-05 0.257733 0.251937 9.9964E-05
9.998E-05 0.015962 0.00407907 0.326882 0.144352 0.176706 0.331819 9.998E-05
0.0117715 0.897571 0.0172548 9.9973E-05 0.0699895 9.9973E-05 9.9973E-05 0.00311316
9.997E-05 0.00249221 0.0203443 9.997E-05 0.0510071 0.028754 0.897102 9.997E-05
9.994E-05 9.994E-05 9.994E-05 9.994E-05 0.031652 9.994E-05 0.967748 9.994E-05
9.997E-05 0.0108061 9.997E-05 0.108949 9.997E-05 0.0123379 0.866819 0.000787974
9.99459E-05 9.99459E-05 0.968873 9.99459E-05 9.99459E-05 9.99459E-05 0.0305274 9.99459E-05
9.9964E-05 0.00441037 9.9964E-05 0.301893 0.0726606 9.9964E-05 0.620636 9.9964E-05
9.9946E-05 9.9946E-05 9.9946E-05 9.9946E-05 9.9946E-05 0.843942 0.155458 9.9946E-05
0.168629 9.999E-05 0.0209842 0.455989 0.0467053 0.0179324 0.288595 0.00106543
9.9955E-05 9.9955E-05 9.9955E-05 9.9955E-05 0.0163432 9.9955E-05 0.976919 0.00623768
0.00588089 9.998E-05 0.00327978 0.0551679 0.0377201 0.0542988 0.843453 9.998E-05
0.00892478 9.9946E-05 9.9946E-05 9.9946E-05 9.9946E-05 9.9946E-05 0.990476 9.9946E-05
9.9955E-05 9.9955E-05 9.9955E-05 9.9955E-05 9.9955E-05 0.809254 0.170496 0.0197508
9.9982E-05 0.767579 0.0457165 9.9982E-05 0.0710147 0.0512905 0.0177656 0.0464338
0.213502 9.9955E-05 9.9955E-05 9.9955E-05 0.496419 0.289579 9.9955E-05 9.9955E-05
0.112608 9.998E-05 0.00214955 0.351608 9.998E-05 0.0257946 0.486511 0.0211294
9.9955E-05 0.958223 9.9955E-05 9.9955E-05 0.0352268 9.9955E-05 9.9955E-05 0.00605064
9.998E-05 0.00599356 0.0261092 0.331985 0.0795453 0.0333749 0.522792 9.998E-05
0.402668 9.99549E-05 9.99549E-05 0.318306 9.99549E-05 9.99549E-05 0.278526 9.99549E-05
0.00253279 0.00164476 0.0371706 9.9991E-05 0.0568293 0.00374611 0.893271 0.00470538
9.9955E-05 9.9955E-05 9.9955E-05 9.9955E-05 9.9955E-05 0.0105767 0.982976 0.00594762
9.9964E-05 9.9964E-05 0.00128941 9.9964E-05 9.9964E-05 0.0627393 0.913816 0.021755
9.996E-05 9.996E-05 9.996E-05 0.274446 0.157092 0.150179 0.417883 9.996E-05
9.99459E-05 9.99459E-05 0.942154 9.99459E-05 9.99459E-05 9.99459E-05 0.0572466 9.99459E-05
9.9955E-05 9.9955E-05 9.9955E-05 0.0398916 9.9955E-05 9.9955E-05 0.951939 0.00766952
0.727264 9.997E-05 0.00622347 9.997E-05 0.0698145 0.0728041 0.123594 9.997E-05
0.0145169 9.9973E-05 9.9973E-05 0.613439 0.0205484 0.00565177 0.345544 9.9973E-05
9.996E-05 0.0190451 0.944252 0.0211991 9.996E-05 9.996E-05 0.0151036 9.996E-05
0.341056 9.99549E-05 9.99549E-05 9.99549E-05 9.99549E-05 0.555098 0.103346 9.99549E-05
9.996E-05 0.018623 9.996E-05 0.0598453 0.856246 9.996E-05 0.0648853 9.996E-05
0.135148 9.9982E-05 0.0329985 0.454966 0.200525 0.131075 0.0450878 9.9982E-05
9.9946E-05 9.9946E-05 0.9034 9.9946E-05 9.9946E-05 9.9946E-05 0.0959999 9.9946E-05
0.0807573 9.9955E-05 9.9955E-05 0.501109 9.9955E-05 9.9955E-05 0.417634 9.9955E-05
9.994E-05 0.9993 9.994E-05 9.994E-05 9.994E-05 9.994E-05 9.994E-05 9.994E-05
9.9973E-05 0.00252269 9.9973E-05 0.47726 9.9973E-05 0.00491393 0.506789 0.00821482
9.9955E-05 9.9955E-05 9.9955E-05 0.108143 9.9955E-05 9.9955E-05 0.87984 0.0115173
9.994E-05 0.9993 9.994E-05 9.994E-05 9.994E-05 9.994E-05 9.994E-05 9.994E-05
9.9946E-05 9.9946E-05 9.9946E-05 0.173201 9.9946E-05 9.9946E-05 0.826199 9.9946E-05
0.0369398 0.00836377 0.0155604 9.998E-05 0.0255261 9.998E-05 0.0151214 0.898289
0.115635 9.9973E-05 9.9973E-05 0.56746 9.9973E-05 0.210948 0.10184 0.00381668
9.996E-05 9.996E-05 0.0226623 0.058371 0.0417432 9.996E-05 0.876824 9.996E-05
0.141228 0.00811685 0.0619189 9.998E-05 0.286834 0.378303 0.123399 9.998E-05
0.0412515 0.0101494 9.9973E-05 0.236603 0.0417972 9.9973E-05 0.669899 9.9973E-05
9.9955E-05 0.918821 9.9955E-05 9.9955E-05 0.068634 9.9955E-05 9.9955E-05 0.0120453
0.036855 0.00686011 0.00231064 0.531223 9.9982E-05 0.220841 0.201711 9.9982E-05
