0.192515 0.0014123 9.9982E-05 9.9982E-05 0.805872
9.9973E-05 0.00946385 9.9973E-05 9.9973E-05 0.990236
9.9973E-05 9.9973E-05 9.9973E-05 0.0232632 0.976437
0.209058 0.0121051 0.00666372 9.9991E-05 0.772073
0.492092 0.01747 0.0101082 0.0636109 0.416718
0.280918 0.0791466 0.0584494 0.124095 0.457391
0.562857 0.00057918 0.0118096 0.0738397 0.350915
0.615239 0.0312544 0.0205987 0.0340442 0.298864
9.999E-05 0.0133586 0.0122527 0.00970618 0.964583
0.0985976 9.9973E-05 9.9973E-05 9.9973E-05 0.901102
0.560819 0.00962424 9.9982E-05 9.9982E-05 0.429357
0.666407 9.9982E-05 9.9982E-05 0.00411598 0.329277
0.564684 9.9973E-05 9.9973E-05 9.9973E-05 0.435016
0.28057 0.0648269 0.0863596 0.137217 0.431026
0.267269 9.9973E-05 9.9973E-05 9.9973E-05 0.732431
0.257605 0.0251628 0.0305445 0.0386648 0.648023
0.634042 9.9982E-05 9.9982E-05 0.00648657 0.359271
9.999E-05 0.469375 0.0783843 0.0963212 0.35582
9.9973E-05 9.9973E-05 0.00779618 9.9973E-05 0.991904
0.545752 0.0254643 0.0548373 0.0702348 0.303711
0.0281977 9.9982E-05 0.0007841 9.9982E-05 0.970818
0.608537 9.9973E-05 9.9973E-05 9.9973E-05 0.391163
0.495969 9.9982E-05 9.9982E-05 0.0154718 0.48836
0.076053 0.00623774 9.9982E-05 0.917509 9.9982E-05
0.417381 0.0437353 0.0390821 0.0846461 0.415155
0.501791 9.9973E-05 9.9973E-05 9.9973E-05 0.497909
0.567625 0.00657898 0.0238243 0.00637344 0.395598
0.00325208 0.00383912 9.9991E-05 0.0109957 0.981813
0.0900911 9.9973E-05 9.9973E-05 9.9973E-05 0.909609
9.997E-05 9.997E-05 9.997E-05 9.997E-05 0.9996
0.35611 0.0290368 0.0683251 0.143055 0.403473
9.9982E-05 9.9982E-05 0.00753726 0.00453068 0.987732
9.9973E-05 9.9973E-05 9.9973E-05 0.00310219 0.996598
0.354886 0.0550316 0.0581015 0.109856 0.422124
9.9982E-05 9.9982E-05 0.000235302 0.0151861 0.984379
0.523319 0.0186213 0.0477976 9.9991E-05 0.410163
0.213992 9.9973E-05 9.9973E-05 9.9973E-05 0.785708
0.680508 9.9991E-05 0.0396731 0.0476205 0.232099
0.601561 0.0511049 0.0347921 0.0985765 0.213965
0.553267 9.9982E-05 9.9982E-05 0.0382819 0.408251
0.398648 0.0497559 0.0806575 0.123524 0.347415
9.9982E-05 9.9982E-05 0.00794481 0.00774749 0.984108
0.101443 9.9973E-05 9.9973E-05 9.9973E-05 0.898257
0.11152 9.9973E-05 9.9973E-05 9.9973E-05 0.88818
0.118334 0.0293316 9.9982E-05 9.9982E-05 0.852134
9.997E-05 0.9996 9.997E-05 9.997E-05 9.997E-05
0.0561006 0.00372574 9.9982E-05 9.9982E-05 0.939974
0.0363124 9.9973E-05 9.9973E-05 9.9973E-05 0.963388
9.997E-05 0.9996 9.997E-05 9.997E-05 9.997E-05
0.196825 9.9973E-05 9.9973E-05 9.9973E-05 0.802875
0.405542 9.9973E-05 9.9973E-05 9.9973E-05 0.594158
0.146929 9.9973E-05 9.9973E-05 9.9973E-05 0.852771
0.287795 9.9973E-05 9.9973E-05 9.9973E-05 0.711905
0.0209432 0.0746199 0.060654 0.103095 0.740688
0.419363 0.00339937 9.9991E-05 0.0702034 0.506934
9.9982E-05 9.9982E-05 0.0538754 0.0852187 0.860706
9.9973E-05 0.00790391 9.9973E-05 9.9973E-05 0.991796
9.9973E-05 9.9973E-05 0.00773729 9.9973E-05 0.991963
0.130107 0.00375727 9.9991E-05 0.00580175 0.860234
0.113299 9.9973E-05 9.9973E-05 9.9973E-05 0.886401
9.997E-05 9.997E-05 9.997E-05 9.997E-05 0.9996
0.0775304 9.9991E-05 0.0217074 0.87411 0.026552
9.9982E-05 9.9982E-05 0.0204641 0.00777984 0.971556
0.435304 9.9991E-05 0.0183362 0.055267 0.490993
9.9973E-05 0.0105687 9.9973E-05 9.9973E-05 0.989131
9.9973E-05 9.9973E-05 0.0103383 9.9973E-05 0.989362
0.192619 9.9973E-05 9.9973E-05 9.9973E-05 0.807081
0.216363 9.9973E-05 9.9973E-05 9.9973E-05 0.783337
0.663173 9.9982E-05 9.9982E-05 0.0162891 0.320338
9.997E-05 0.9996 9.997E-05 9.997E-05 9.997E-05
0.507966 0.00283426 0.0112369 0.0389958 0.438967
9.9991E-05 0.0123354 0.0363208 0.0671344 0.884109
0.0788933 9.9991E-05 0.00494525 0.00443372 0.911628
9.9973E-05 9.9973E-05 9.9973E-05 0.0537933 0.945907
9.9982E-05 9.9982E-05 0.00435124 0.0028979 0.992551
9.9982E-05 0.0412812 0.0108859 9.9982E-05 0.947633
9.9973E-05 9.9973E-05 0.00772262 9.9973E-05 0.991977
0.570681 9.9991E-05 0.00385233 0.0482591 0.377107
0.0082042 9.9973E-05 9.9973E-05 9.9973E-05 0.991496
0.119572 0.0202801 0.0222531 0.75307 0.0848245
0.270444 9.9973E-05 9.9973E-05 9.9973E-05 0.729256
0.0208934 9.9982E-05 0.0054403 9.9982E-05 0.973466
0.097514 0.437665 0.109197 0.127686 0.227937
0.0228149 0.0935816 0.0699341 0.12817 0.685499
0.379616 0.0309785 0.0186025 9.9991E-05 0.570703
0.0740204 9.9982E-05 0.0145037 9.9982E-05 0.911276
9.9973E-05 9.9973E-05 9.9973E-05 0.0236913 0.976009
9.997E-05 9.997E-05 0.9996 9.997E-05 9.997E-05
0.286211 9.9973E-05 9.9973E-05 9.9973E-05 0.713489
0.244512 9.9973E-05 9.9973E-05 9.9973E-05 0.755188
0.599728 9.9973E-05 9.9973E-05 9.9973E-05 0.399972
0.638316 9.9973E-05 9.9973E-05 9.9973E-05 0.361384
0.690177 9.9973E-05 9.9973E-05 9.9973E-05 0.309523
9.9973E-05 9.9973E-05 9.9973E-05 0.00870191 0.990998
0.252157 9.9973E-05 9.9973E-05 9.9973E-05 0.747543
0.0273892 0.0012226 9.9982E-05 9.9982E-05 0.971188
0.388218 9.9973E-05 9.9973E-05 9.9973E-05 0.611483
0.345068 0.0835965 0.0651511 0.117511 0.388674
9.9991E-05 0.00497357 0.00225862 0.00479187 0.987876
0.504212 9.9982E-05 9.9982E-05 0.0670386 0.42855
0.464435 0.0269159 0.0006771 9.9991E-05 0.507872
0.0934541 0.0225389 9.9982E-05 0.883807 9.9982E-05
0.235874 9.9973E-05 9.9973E-05 9.9973E-05 0.763827
0.00481311 0.00168393 9.9982E-05 9.9982E-05 0.993303
9.9973E-05 9.9973E-05 9.9973E-05 0.0033328 0.996367
0.713611 0.0078486 9.9982E-05 9.9982E-05 0.27834
9.9973E-05 0.999417 9.9973E-05 9.9973E-05 0.000283088
0.730548 0.00149735 9.9982E-05 9.9982E-05 0.267755
0.0960234 9.9982E-05 9.9982E-05 0.0408528 0.862924
9.9982E-05 9.9982E-05 0.011374 0.0351678 0.953258
0.635045 9.9973E-05 9.9973E-05 9.9973E-05 0.364655
9.997E-05 0.9996 9.997E-05 9.997E-05 9.997E-05
0.0763677 0.0575023 0.0330575 0.748792 0.0842809
0.207554 9.9973E-05 9.9973E-05 9.9973E-05 0.792146
0.113431 9.9973E-05 9.9973E-05 9.9973E-05 0.886269
0.577279 9.9973E-05 9.9973E-05 9.9973E-05 0.422421
9.9982E-05 9.9982E-05 0.000273335 0.0312954 0.968231
0.571564 0.0919849 0.0124398 0.0453548 0.278656
0.0573112 0.528424 0.114512 0.20001 0.0997427
0.0202248 9.9982E-05 9.9982E-05 0.0291325 0.950443
0.299353 9.9973E-05 9.9973E-05 9.9973E-05 0.700347
9.997E-05 9.997E-05 9.997E-05 0.9996 9.997E-05
0.0676242 0.002939 9.9982E-05 9.9982E-05 0.929237
0.363595 9.9973E-05 9.9973E-05 9.9973E-05 0.636105
0.0506401 9.9973E-05 9.9973E-05 9.9973E-05 0.94906
0.578811 9.9982E-05 0.0143923 9.9982E-05 0.406597
0.567582 0.0134733 0.000929415 9.9991E-05 0.417916
0.545896 0.0232621 0.00791355 0.0264142 0.396515
0.507356 0.0103976 0.0892287 0.0510957 0.341922
0.241561 9.9973E-05 9.9973E-05 9.9973E-05 0.758139
0.0245559 0.00331143 9.9991E-05 0.00686365 0.965169
0.162512 0.0132666 9.9991E-05 0.0105807 0.813541
0.0343081 0.8889 0.0514212 0.00262388 0.0227471
9.9982E-05 0.0027435 9.9982E-05 0.0494876 0.947569
0.0105979 0.987644 0.00155844 9.9982E-05 9.9982E-05
0.177864 9.9973E-05 9.9973E-05 9.9973E-05 0.821836
9.99729E-05 9.99729E-05 9.99729E-05 0.969848 0.0298519
0.727277 9.9973E-05 9.9973E-05 9.9973E-05 0.272423
0.658714 9.9991E-05 0.0297038 0.00754094 0.303941
0.631089 9.9991E-05 0.0314493 0.00836624 0.328996
0.284334 9.9973E-05 9.9973E-05 9.9973E-05 0.715366
0.485766 0.0379445 0.0166493 0.0318819 0.427758
9.9973E-05 0.00145375 9.9973E-05 9.9973E-05 0.998246
0.389441 9.9973E-05 9.9973E-05 9.9973E-05 0.61026
0.118341 0.0600145 0.101128 0.143255 0.577262
0.131934 0.0205256 0.0126345 0.0143089 0.820597
0.0615346 0.00563259 0.0115463 0.00801967 0.913267
9.9982E-05 0.000526235 9.9982E-05 0.99806 0.00121358
0.371956 0.0607082 0.0543212 0.160939 0.352076
0.00183454 9.9973E-05 9.9973E-05 0.997866 9.9973E-05
0.178735 9.9973E-05 9.9973E-05 9.9973E-05 0.820965
0.26344 0.0482173 0.0682483 0.154931 0.465163
0.23617 0.0590294 0.0741252 0.159749 0.470926
0.137911 0.0157167 9.9982E-05 9.9982E-05 0.846172
9.997E-05 9.997E-05 9.997E-05 9.997E-05 0.9996
9.997E-05 0.9996 9.997E-05 9.997E-05 9.997E-05
0.4419 0.0633101 0.0397296 0.173106 0.281954
0.163706 9.9973E-05 9.9973E-05 9.9973E-05 0.835994
0.00140801 0.0617263 0.0661837 0.53366 0.337022
9.9991E-05 0.011513 0.00364969 0.014511 0.970226
9.997E-05 9.997E-05 0.9996 9.997E-05 9.997E-05
0.0430456 0.0139998 0.0051881 9.9991E-05 0.937667
9.9991E-05 0.053192 0.648292 0.0436256 0.254791
0.664832 0.00602732 0.00291301 9.9991E-05 0.326128
9.9982E-05 9.9982E-05 0.00422062 0.00745389 0.988126
9.9973E-05 9.9973E-05 0.00885728 9.9973E-05 0.990843
0.500533 0.0446031 0.0641397 0.105612 0.285112
9.9991E-05 0.0104298 0.0155931 0.0370402 0.936837
0.0194836 9.9973E-05 9.9973E-05 0.980216 9.9973E-05
9.9973E-05 0.00603662 9.9973E-05 9.9973E-05 0.993663
9.997E-05 9.997E-05 0.9996 9.997E-05 9.997E-05
9.997E-05 9.997E-05 9.997E-05 9.997E-05 0.9996
0.578408 9.9982E-05 9.9982E-05 0.0248958 0.396496
0.469269 0.00601738 0.010352 9.9991E-05 0.514262
0.495421 0.034592 0.0482296 0.106482 0.315276
0.339554 0.0596574 0.0485525 0.0678735 0.484362
0.334983 0.115649 0.0412954 0.120118 0.387955
9.997E-05 9.997E-05 9.997E-05 9.997E-05 0.9996
0.435881 9.9982E-05 9.9982E-05 0.0287707 0.535148
0.0106808 9.9991E-05 0.00669005 0.00102915 0.9815
0.4283 0.0480804 0.00271956 0.0803419 0.440558
0.664989 0.000853433 0.0375794 0.0300442 0.266534
0.0194851 9.9991E-05 0.0167357 0.0258229 0.937856
0.329086 9.9973E-05 9.9973E-05 9.9973E-05 0.670614
0.143164 9.9973E-05 9.9973E-05 9.9973E-05 0.856536
0.0072807 9.9982E-05 9.9982E-05 0.0184158 0.974103
0.0591399 0.0588961 0.0808364 0.173148 0.627979
0.443285 0.0188187 0.00473506 0.00216887 0.530993
0.337168 0.0146824 0.0354933 0.0410818 0.571575
0.0240511 0.0224392 0.882493 0.0571482 0.0138683
9.9991E-05 0.0111017 0.00859039 0.0406492 0.939559
9.997E-05 9.997E-05 9.997E-05 9.997E-05 0.9996
0.0427828 9.9982E-05 0.0119277 9.9982E-05 0.94509
9.99729E-05 9.99729E-05 9.99729E-05 0.975833 0.0238675
0.150397 9.9991E-05 0.005364 0.0015239 0.842615
0.41507 0.0554627 0.0435673 0.100743 0.385157
0.426917 9.9982E-05 9.9982E-05 0.00684068 0.566042
9.9973E-05 9.9973E-05 0.00513539 9.9973E-05 0.994565
0.0599051 9.9991E-05 0.00436334 0.0282474 0.907384
9.997E-05 9.997E-05 9.997E-05 9.997E-05 0.9996
0.441087 0.0893099 0.0399599 0.0637499 0.365894
0.011802 0.0451387 0.803848 0.0765656 0.0626459
0.498812 0.0487677 0.082423 0.0854921 0.284505
0.307532 0.0158108 9.9982E-05 9.9982E-05 0.676457
9.9982E-05 0.0246592 0.962235 9.9982E-05 0.0129058
0.224989 9.9991E-05 0.0098751 0.0380403 0.726996
0.509867 9.9973E-05 9.9973E-05 9.9973E-05 0.489833
9.9991E-05 0.0152596 0.0113326 0.0380866 0.935221
9.9973E-05 0.0100186 9.9973E-05 9.9973E-05 0.989681
9.9991E-05 0.0249196 0.000712326 0.019474 0.954794
0.279461 0.0166699 0.00294445 0.0354348 0.66549
9.99729E-05 9.99729E-05 9.99729E-05 0.961737 0.0379629
9.9973E-05 0.00457222 9.9973E-05 9.9973E-05 0.995128
0.677405 9.9982E-05 9.9982E-05 0.030317 0.292078
0.375708 9.9973E-05 9.9973E-05 9.9973E-05 0.623992
9.9982E-05 9.9982E-05 0.00809778 0.970927 0.0207753
0.597692 0.027621 0.0188746 0.073439 0.282373
0.206999 0.0702178 0.121171 0.128978 0.472634
0.51877 0.00649799 9.9991E-05 0.0677865 0.406845
9.9973E-05 9.9973E-05 9.9973E-05 0.922718 0.076982
0.353191 9.9973E-05 9.9973E-05 9.9973E-05 0.646509
9.997E-05 9.997E-05 0.9996 9.997E-05 9.997E-05
0.269029 9.9973E-05 9.9973E-05 9.9973E-05 0.730671
9.9973E-05 0.0110609 9.9973E-05 9.9973E-05 0.988639
9.997E-05 9.997E-05 0.9996 9.997E-05 9.997E-05
0.0558554 9.9973E-05 9.9973E-05 9.9973E-05 0.943845
0.00920835 0.925947 0.00890075 0.0136319 0.042312
0.566284 9.9973E-05 9.9973E-05 9.9973E-05 0.433416
9.9973E-05 9.9973E-05 9.9973E-05 0.0305765 0.969124
0.411442 0.0128318 0.0835608 0.172463 0.319703
0.163173 9.9982E-05 0.0230063 9.9982E-05 0.813621
9.9982E-05 0.0342648 0.935162 9.9982E-05 0.0303735
0.51358 9.9991E-05 0.00650302 0.0109933 0.468824
