0.994809 0.00509097 9.9991E-05
0.969224 9.9991E-05 0.0306761
0.990483 9.9991E-05 0.00941685
0.971661 0.00767579 0.0206634
0.807324 0.185063 0.00761278
0.686438 0.192895 0.120667
0.793195 0.206705 9.99911E-05
0.824933 0.161585 0.0134821
0.968551 9.9991E-05 0.0313486
0.9998 9.999E-05 9.999E-05
0.898371 0.101529 9.9991E-05
0.849131 0.150769 9.99911E-05
0.936756 0.0631437 9.9991E-05
0.670765 0.185341 0.143893
0.99577 0.0041302 9.9991E-05
0.892025 0.0600417 0.0479329
0.853451 0.146449 9.99911E-05
0.388207 0.141573 0.47022
0.971528 9.9991E-05 0.0283722
0.759425 0.185083 0.0554924
0.996653 9.9991E-05 0.00324701
0.91018 0.0897201 9.9991E-05
0.912894 0.0870059 9.9991E-05
0.121629 0.869123 0.00924807
0.923331 0.0765686 9.9991E-05
0.870015 0.129885 9.99911E-05
0.985259 9.9991E-05 0.0146415
0.9998 9.999E-05 9.999E-05
0.9998 9.999E-05 9.999E-05
0.692594 0.204168 0.103238
0.978634 9.9991E-05 0.0212661
0.986987 9.9991E-05 0.0129133
0.712826 0.179813 0.10736
0.997007 9.9991E-05 0.00289325
0.859959 0.085743 0.0542985
0.9998 9.999E-05 9.999E-05
0.798013 0.201887 9.99911E-05
0.691029 0.257245 0.0517256
0.858118 0.141782 9.9991E-05
0.681703 0.206447 0.11185
0.973489 9.9991E-05 0.0264109
0.9998 9.999E-05 9.999E-05
0.993451 9.9991E-05 0.00644905
0.965672 0.00317374 0.0311539
0.00652978 0.139851 0.853619
0.986344 9.9991E-05 0.0135563
0.998485 9.9991E-05 0.00141533
0.0250989 0.120727 0.854174
0.9998 9.999E-05 9.999E-05
0.969166 0.030734 9.9991E-05
0.9998 9.999E-05 9.999E-05
0.983528 0.0163722 9.9991E-05
0.759204 0.0945285 0.146267
0.844485 0.155415 9.9991E-05
0.876491 0.0391806 0.0843288
0.99955 9.9991E-05 0.000350489
0.9666 9.9991E-05 0.0333002
0.993067 0.00227106 0.00466168
0.9998 9.999E-05 9.999E-05
0.999612 9.9991E-05 0.000288394
0.120498 0.850464 0.029038
0.974307 9.9991E-05 0.025593
0.860766 0.12538 0.0138541
0.992527 9.9991E-05 0.00737256
0.969274 9.9991E-05 0.0306255
0.9998 9.999E-05 9.999E-05
0.9998 9.999E-05 9.999E-05
0.845366 0.154534 9.99911E-05
0.0163755 0.134683 0.848941
0.875404 0.124496 9.9991E-05
0.903073 0.011698 0.0852291
0.983322 9.9991E-05 0.0165776
0.960299 0.011049 0.0286524
0.983674 9.9991E-05 0.0162256
0.93959 9.9991E-05 0.0603097
0.981832 9.9991E-05 0.0180681
0.844228 0.155672 9.99911E-05
0.9998 9.999E-05 9.999E-05
0.188975 0.741658 0.0693667
0.976933 0.0229674 9.9991E-05
0.988131 9.9991E-05 0.0117692
0.311112 0.207193 0.481695
0.730981 0.111188 0.157831
0.906082 0.0631988 0.0307193
0.975387 9.9991E-05 0.0245131
0.98408 9.9991E-05 0.0158196
9.999E-05 9.999E-05 0.9998
0.9998 9.999E-05 9.999E-05
0.9998 9.999E-05 9.999E-05
0.926354 0.0735456 9.9991E-05
0.897603 0.102297 9.99911E-05
0.928912 0.0709879 9.99911E-05
0.982219 9.9991E-05 0.0176811
0.9998 9.999E-05 9.999E-05
0.9998 9.999E-05 9.999E-05
0.96642 0.0334796 9.9991E-05
0.667829 0.191213 0.140958
0.971419 9.9991E-05 0.0284812
0.835909 0.163991 9.9991E-05
0.916179 0.0837205 9.9991E-05
0.082331 0.895566 0.0221034
0.9998 9.999E-05 9.999E-05
0.986662 9.9991E-05 0.0132377
0.895644 0.104256 9.99911E-05
0.0327318 0.110414 0.856854
0.877112 0.122788 9.99911E-05
0.974726 0.0245451 0.000728635
0.964414 9.9991E-05 0.0354861
0.904477 0.0954227 9.99911E-05
0.00955749 0.128886 0.861556
0.187942 0.733178 0.07888
0.988122 0.0117777 9.9991E-05
0.9998 9.999E-05 9.999E-05
0.923246 0.0766537 9.9991E-05
0.976735 9.9991E-05 0.0231651
0.727559 0.202352 0.0700888
0.172882 0.25442 0.572698
0.983111 9.9991E-05 0.016789
0.9998 9.999E-05 9.999E-05
0.0483149 0.951585 9.9991E-05
0.9998 9.999E-05 9.999E-05
0.990762 0.00913783 9.9991E-05
0.9998 9.999E-05 9.999E-05
0.898149 0.101751 9.99911E-05
0.891617 0.108283 9.9991E-05
0.835621 0.161793 0.00258558
0.750328 0.173286 0.0763855
0.987261 0.0126394 9.9991E-05
0.992397 9.9991E-05 0.00750281
0.991204 0.000967562 0.00782866
0.0776402 0.139231 0.783129
0.969431 0.0132189 0.0173497
0.0279697 0.157347 0.814683
0.995067 0.00483301 9.9991E-05
0.109409 0.890491 9.99909E-05
0.854118 0.145782 9.99911E-05
0.853144 0.146756 9.99911E-05
0.832801 0.167099 9.99911E-05
0.974534 0.0253663 9.9991E-05
0.837961 0.140522 0.021517
0.993234 9.9991E-05 0.00666636
0.947297 0.0526029 9.9991E-05
0.700468 0.135366 0.164167
0.95555 0.00415037 0.0402997
0.980314 9.9991E-05 0.0195864
0.0748786 0.909796 0.0153259
0.649232 0.260523 0.0902445
0.0286282 0.960469 0.0109024
0.9998 9.999E-05 9.999E-05
0.674562 0.209995 0.115443
0.691969 0.179632 0.128399
0.982101 9.9991E-05 0.0177993
0.993275 9.9991E-05 0.00662549
0.00059237 0.165424 0.833983
0.623398 0.294844 0.0817573
0.9998 9.999E-05 9.999E-05
0.362926 0.496872 0.140203
0.967342 9.9991E-05 0.0325581
9.999E-05 9.999E-05 0.9998
0.966146 9.9991E-05 0.0337544
0.273882 9.99911E-05 0.726018
0.86489 0.13501 9.99911E-05
0.980005 9.9991E-05 0.0198946
0.973905 9.9991E-05 0.0259948
0.703772 0.211053 0.0851747
0.955078 9.9991E-05 0.0448222
0.0611932 0.938707 9.9991E-05
0.990353 9.9991E-05 0.00954729
9.999E-05 9.999E-05 0.9998
0.987445 9.9991E-05 0.0124554
0.857236 0.142664 9.9991E-05
0.909601 0.0850185 0.00538033
0.708597 0.228354 0.0630496
0.786418 0.128967 0.0846145
0.661513 0.200375 0.138112
0.992404 9.9991E-05 0.00749609
0.905625 0.094275 9.9991E-05
0.990416 9.9991E-05 0.00948444
0.800102 0.1714 0.0284981
0.812061 0.187839 9.99911E-05
0.964074 9.9991E-05 0.0358264
0.994413 0.00548694 9.9991E-05
0.997992 9.9991E-05 0.00190836
0.993582 9.9991E-05 0.00631801
0.702651 0.153332 0.144017
0.92085 0.0779409 0.00120944
0.86463 0.0865321 0.0488381
0.0361103 0.00121748 0.962672
0.966064 9.9991E-05 0.0338357
0.996316 9.9991E-05 0.00358375
0.981184 9.9991E-05 0.0187162
0.100363 0.899419 0.000217502
0.999178 9.9991E-05 0.000722272
0.718726 0.211864 0.0694099
0.923618 0.0762822 9.9991E-05
0.979792 9.9991E-05 0.0201078
0.973268 0.00190237 0.0248296
0.986816 9.9991E-05 0.0130841
0.717335 0.187949 0.094716
0.0980809 0.0148344 0.887085
0.672648 0.228435 0.0989166
0.970339 0.0283105 0.00134999
9.999E-05 9.999E-05 0.9998
0.932189 0.0526673 0.0151442
0.94092 0.0589797 9.9991E-05
0.956685 0.00721059 0.0361046
0.977812 9.9991E-05 0.0220875
0.971015 9.9991E-05 0.0288852
0.899589 0.0771215 0.0232895
0.124511 0.87505 0.000438291
0.995777 9.9991E-05 0.00412271
0.82433 0.17557 9.99911E-05
0.97107 0.0288299 9.9991E-05
0.0760873 0.914261 0.00965207
0.773789 0.215651 0.01056
0.660461 0.161204 0.178335
0.822559 0.177341 9.9991E-05
0.160662 0.839238 9.9991E-05
0.9998 9.999E-05 9.999E-05
9.999E-05 9.999E-05 0.9998
0.990945 0.00895491 9.9991E-05
0.972202 9.9991E-05 0.0276982
9.999E-05 9.999E-05 0.9998
0.9998 9.999E-05 9.999E-05
0.0773785 0.163167 0.759454
0.941055 0.058845 9.99911E-05
0.978423 9.9991E-05 0.021477
0.663601 0.252981 0.0834181
0.981012 9.9991E-05 0.0188878
0.00469704 9.9991E-05 0.995203
0.90009 0.0998097 9.9991E-05
