0.649567 9.9973E-05 9.9973E-05 0.0232248 9.9973E-05 0.0132384 0.31367
0.950174 9.9955E-05 0.0493267 9.9955E-05 9.9955E-05 9.9955E-05 9.9955E-05
0.971925 9.9964E-05 9.9964E-05 9.9964E-05 0.0124239 9.9964E-05 0.0152508
0.581611 0.00299718 0.0861137 9.9982E-05 9.9982E-05 0.0042461 0.324832
0.111218 9.9982E-05 0.288029 0.0950209 0.0453634 9.9982E-05 0.460169
0.16797 9.9973E-05 0.728917 9.9973E-05 9.9973E-05 0.00201815 0.100795
0.142112 9.9973E-05 0.292928 0.493545 9.9973E-05 9.9973E-05 0.0711151
9.9964E-05 9.9964E-05 0.346005 0.0495493 9.9964E-05 9.9964E-05 0.604046
0.917261 0.0163044 0.00927003 0.0123621 0.00443411 0.00629425 0.0340744
0.771043 9.9955E-05 9.9955E-05 9.9955E-05 9.9955E-05 9.9955E-05 0.228457
0.188013 9.9982E-05 9.9982E-05 0.328297 0.0161485 0.0199897 0.447351
0.0653876 9.9991E-05 0.033741 0.384112 0.0162123 0.00747862 0.492969
0.22232 9.9973E-05 0.0263492 0.237161 9.9973E-05 9.9973E-05 0.513869
0.126768 9.9973E-05 0.836609 0.0124237 9.9973E-05 9.9973E-05 0.0238992
0.516029 9.9964E-05 9.9964E-05 9.9964E-05 9.9964E-05 0.00545921 0.478112
0.451036 0.00354539 0.29433 0.0840489 9.9991E-05 0.00113714 0.165803
0.185531 9.9973E-05 0.0100617 0.688633 9.9973E-05 9.9973E-05 0.115474
0.223525 0.0369841 0.294434 9.9982E-05 0.00671462 0.438142 9.9982E-05
0.952881 0.0126338 0.0336713 9.9973E-05 9.9973E-05 0.000513593 9.9973E-05
0.0624195 0.0175898 0.33837 0.259183 0.0179466 0.00528091 0.299211
0.92051 9.9964E-05 9.9964E-05 9.9964E-05 0.000503458 9.9964E-05 0.0785867
0.186874 9.9973E-05 9.9973E-05 0.393832 0.0099908 9.9973E-05 0.409003
0.201094 9.9982E-05 0.100359 0.065542 0.00255947 9.9982E-05 0.630245
9.9973E-05 9.9973E-05 0.0253735 9.9973E-05 0.876921 0.0129363 0.0844694
0.318537 9.9973E-05 9.9973E-05 0.198773 9.9973E-05 9.9973E-05 0.482289
0.14985 0.00168126 0.185192 0.342225 9.9982E-05 9.9982E-05 0.320852
0.878829 9.9964E-05 9.9964E-05 9.9964E-05 9.9964E-05 0.00275077 0.118021
0.776346 9.9955E-05 9.9955E-05 9.9955E-05 9.9955E-05 9.9955E-05 0.223154
0.984131 9.9955E-05 9.9955E-05 9.9955E-05 9.9955E-05 9.9955E-05 0.0153694
0.102076 9.9982E-05 0.721998 0.0515211 0.000405983 9.9982E-05 0.123798
0.95337 9.9955E-05 0.04613 9.9955E-05 9.9955E-05 9.9955E-05 9.9955E-05
0.98019 9.9955E-05 0.0193101 9.9955E-05 9.9955E-05 9.9955E-05 9.9955E-05
0.122406 9.9973E-05 0.694768 0.138078 9.9973E-05 9.9973E-05 0.0444482
0.973139 9.9964E-05 0.0179018 9.9964E-05 0.00855929 9.9964E-05 9.9964E-05
0.188298 0.0212211 0.248202 0.36693 9.9982E-05 9.9982E-05 0.175149
0.564643 9.9955E-05 9.9955E-05 9.9955E-05 9.9955E-05 9.9955E-05 0.434858
0.0152751 0.0272303 0.159873 0.489273 0.0115586 9.9991E-05 0.296691
9.9964E-05 9.9964E-05 0.488987 0.372842 9.9964E-05 9.9964E-05 0.13777
0.136819 9.9982E-05 0.0812188 0.110055 0.0500387 9.9982E-05 0.621669
0.0729967 0.00618411 0.659021 0.153265 0.0182834 9.9991E-05 0.0901496
0.975945 0.00103316 9.9982E-05 0.011116 0.0103831 0.00132284 9.9982E-05
0.792559 9.9964E-05 9.9964E-05 0.0267141 9.9964E-05 9.9964E-05 0.180327
0.744864 0.00798427 9.9964E-05 9.9964E-05 9.9964E-05 9.9964E-05 0.246752
0.693548 9.9973E-05 0.0777623 9.9973E-05 9.9973E-05 0.022522 0.205868
9.9955E-05 9.9955E-05 0.00198926 9.9955E-05 9.9955E-05 0.997511 9.9955E-05
0.894003 9.9973E-05 0.000665142 0.103357 9.9973E-05 0.00167516 9.9973E-05
0.867747 9.9964E-05 9.9964E-05 9.9964E-05 9.9964E-05 0.000955268 0.130898
9.995E-05 9.995E-05 9.995E-05 9.995E-05 9.995E-05 0.9994 9.995E-05
0.603714 9.99549E-05 9.99549E-05 9.99549E-05 9.99549E-05 9.99549E-05 0.395786
0.419608 0.000851354 9.9973E-05 0.176732 9.9973E-05 9.9973E-05 0.402508
0.684639 9.9955E-05 9.9955E-05 9.9955E-05 9.9955E-05 9.9955E-05 0.314862
0.528745 9.9964E-05 9.9964E-05 9.9964E-05 0.0114299 9.9964E-05 0.459425
0.524146 0.0196174 0.406087 9.9982E-05 0.0203987 0.0295511 9.9982E-05
0.236155 9.9982E-05 0.191691 0.0285533 0.0438747 9.9982E-05 0.499526
0.764877 0.0294704 0.155222 9.9973E-05 0.0501306 9.9973E-05 9.9973E-05
0.927556 9.9973E-05 9.9973E-05 9.9973E-05 0.00689688 0.00355684 0.0616909
0.963465 9.9973E-05 0.00913347 0.020601 9.9973E-05 0.00650074 9.9973E-05
0.741275 9.9982E-05 0.00815693 9.9982E-05 0.0110995 0.00360813 0.235661
0.737074 9.9955E-05 9.9955E-05 9.9955E-05 9.9955E-05 9.9955E-05 0.262426
0.958451 9.9964E-05 9.9964E-05 0.0197135 9.9964E-05 9.9964E-05 0.0214356
9.99731E-05 0.0240825 0.0810088 0.0561718 0.838437 9.99731E-05 9.99731E-05
0.959269 0.0153198 9.9964E-05 0.0250116 9.9964E-05 9.9964E-05 9.9964E-05
0.206152 0.0119063 0.192063 9.9982E-05 0.0314583 9.9982E-05 0.558221
0.967052 9.9973E-05 9.9973E-05 0.0156173 9.9973E-05 0.00778542 0.00924514
0.971741 0.00994796 0.0179113 9.9964E-05 9.9964E-05 9.9964E-05 9.9964E-05
0.65586 9.99584E-05 9.99584E-05 9.99584E-05 9.99584E-05 9.99584E-05 0.34364
0.664252 9.9955E-05 9.9955E-05 9.9955E-05 9.9955E-05 9.9955E-05 0.335248
0.129638 9.9973E-05 9.9973E-05 0.74556 0.0232478 9.9973E-05 0.101254
9.995E-05 9.995E-05 9.995E-05 9.995E-05 9.995E-05 0.9994 9.995E-05
0.111412 9.9964E-05 0.279983 9.9964E-05 9.9964E-05 9.9964E-05 0.608205
0.840058 0.0245973 0.105024 9.9982E-05 0.0244916 0.00562946 9.9982E-05
0.78815 9.9973E-05 9.9973E-05 9.9973E-05 0.00873442 0.000850397 0.201965
0.945072 9.9964E-05 0.0250864 9.9964E-05 0.0294418 9.9964E-05 9.9964E-05
0.991526 9.9955E-05 9.9955E-05 0.00797471 9.9955E-05 9.9955E-05 9.9955E-05
0.919169 0.00813536 0.0234602 0.0218482 9.9982E-05 0.0271873 9.9982E-05
0.966319 0.0042802 9.9973E-05 0.0079809 9.9973E-05 9.9973E-05 0.0211198
0.179865 9.9982E-05 0.15301 0.462798 0.00887159 9.9982E-05 0.195256
0.935091 9.9964E-05 9.9964E-05 0.0261492 9.9964E-05 9.9964E-05 0.0383602
0.00267176 0.00292277 0.207234 0.09166 0.678484 0.016928 9.9991E-05
0.541384 9.9973E-05 9.9973E-05 9.9973E-05 0.021293 0.00158509 0.435438
0.909262 9.9964E-05 9.9964E-05 9.9964E-05 9.9964E-05 0.0140204 0.076318
0.104484 0.0821409 0.352799 0.00068446 0.0654074 0.394383 9.9991E-05
0.442547 0.0153216 0.493253 9.9982E-05 0.0120139 0.0366651 9.9982E-05
0.283469 9.9964E-05 0.293874 9.9964E-05 9.9964E-05 9.9964E-05 0.422258
0.774135 0.0141434 0.0132153 9.9973E-05 9.9973E-05 9.9973E-05 0.198206
0.940122 0.000277268 0.0321634 0.0128493 0.0143877 9.9982E-05 9.9982E-05
9.995E-05 0.9994 9.995E-05 9.995E-05 9.995E-05 9.995E-05 9.995E-05
0.532915 9.99639E-05 9.99639E-05 9.99639E-05 9.99639E-05 0.0011698 0.465515
0.561141 9.99549E-05 9.99549E-05 9.99549E-05 9.99549E-05 9.99549E-05 0.438359
0.19522 9.9973E-05 0.0285192 0.311499 9.9973E-05 9.9973E-05 0.464462
0.104816 0.00939779 0.00942788 0.238308 0.0196844 9.9991E-05 0.618266
0.0895816 9.9964E-05 9.9964E-05 0.514593 9.9964E-05 9.9964E-05 0.395425
0.984256 9.9964E-05 0.00215033 9.9964E-05 0.0131933 9.9964E-05 9.9964E-05
0.52422 9.9955E-05 9.9955E-05 9.9955E-05 9.9955E-05 9.9955E-05 0.47528
0.890062 9.9955E-05 9.9955E-05 9.9955E-05 9.9955E-05 9.9955E-05 0.109438
0.368797 9.9973E-05 0.0374072 9.9973E-05 0.00823794 9.9973E-05 0.585258
0.110749 9.9982E-05 0.749713 0.0645838 9.9982E-05 0.00107939 0.0736748
0.96947 9.9964E-05 0.0299672 9.9964E-05 0.000163226 9.9964E-05 9.9964E-05
0.170641 9.9982E-05 0.121803 0.2337 0.0595391 9.9982E-05 0.414117
0.212658 0.0014961 0.112602 0.0649358 9.9991E-05 0.0187051 0.589503
9.9973E-05 9.9973E-05 0.0680765 0.0452841 0.865644 0.0206957 9.9973E-05
0.959506 9.9973E-05 9.9973E-05 0.00833277 9.9973E-05 0.000139223 0.031722
0.9994 9.995E-05 9.995E-05 9.995E-05 9.995E-05 9.995E-05 9.995E-05
9.9973E-05 9.9973E-05 0.0640216 0.360894 9.9973E-05 0.0179154 0.556869
9.995E-05 9.995E-05 9.995E-05 9.995E-05 9.995E-05 0.9994 9.995E-05
0.0448964 9.9973E-05 9.9973E-05 0.746164 9.9973E-05 0.0106755 0.197964
0.765302 9.9964E-05 9.9964E-05 9.9964E-05 0.0477703 9.9964E-05 0.186528
0.921053 9.9964E-05 0.0478026 9.9964E-05 0.0307445 9.9964E-05 9.9964E-05
0.103444 9.9964E-05 9.9964E-05 0.419868 9.9964E-05 9.9964E-05 0.476287
9.995E-05 9.995E-05 9.995E-05 9.995E-05 9.995E-05 0.9994 9.995E-05
9.9964E-05 9.9964E-05 0.325133 9.9964E-05 0.647435 0.0270319 9.9964E-05
0.687608 9.9964E-05 9.9964E-05 0.107101 9.9964E-05 9.9964E-05 0.204891
0.729441 9.9955E-05 9.9955E-05 9.9955E-05 9.9955E-05 9.9955E-05 0.270059
0.18194 9.9964E-05 9.9964E-05 0.262942 9.9964E-05 9.9964E-05 0.554718
0.968458 9.9964E-05 0.003333 9.9964E-05 0.0278087 9.9964E-05 9.9964E-05
0.0331239 9.9982E-05 0.375769 0.419535 9.9982E-05 0.0434833 0.127889
0.0441061 0.104197 0.17494 0.0279409 0.136961 0.511755 9.9991E-05
0.874168 0.000335863 9.9973E-05 9.9973E-05 0.0470984 9.9973E-05 0.0780983
0.509235 9.99639E-05 9.99639E-05 0.0749312 9.99639E-05 9.99639E-05 0.415434
9.995E-05 9.995E-05 9.995E-05 9.995E-05 0.9994 9.995E-05 9.995E-05
0.852535 9.9973E-05 9.9973E-05 0.0519275 9.9973E-05 0.00156152 0.0936761
0.415063 9.9955E-05 9.9955E-05 9.9955E-05 9.9955E-05 9.9955E-05 0.584437
0.811202 9.9955E-05 9.9955E-05 9.9955E-05 9.9955E-05 9.9955E-05 0.188298
0.259782 0.00880654 9.9964E-05 0.731012 9.9964E-05 9.9964E-05 9.9964E-05
0.153719 9.9982E-05 0.146276 0.23304 9.9982E-05 0.00629176 0.460474
0.100463 9.9973E-05 0.302611 0.174766 9.9973E-05 9.9973E-05 0.42186
0.0973107 0.0206196 0.45088 0.407876 9.9982E-05 9.9982E-05 0.0231137
0.580176 9.9964E-05 9.9964E-05 9.9964E-05 0.0156957 9.9964E-05 0.403728
0.872221 9.9973E-05 9.9973E-05 9.9973E-05 0.00181171 0.005574 0.120093
0.666641 9.9973E-05 9.9973E-05 9.9973E-05 0.00212943 0.0245288 0.3064
0.00898482 0.0569082 0.0528189 0.0112883 0.00597818 0.863922 9.9991E-05
0.895373 9.9973E-05 0.0534214 0.0176767 0.0332291 9.9973E-05 9.9973E-05
9.9982E-05 0.00528106 0.00459654 9.9982E-05 0.0146453 0.964339 0.0109383
0.679986 9.9964E-05 9.9964E-05 9.9964E-05 0.00373047 9.9964E-05 0.315884
0.057696 9.99549E-05 9.99549E-05 9.99549E-05 0.941804 9.99549E-05 9.99549E-05
0.0247965 9.9964E-05 9.9964E-05 0.464539 9.9964E-05 9.9964E-05 0.510264
0.131541 0.00708983 0.0408991 0.82017 9.9973E-05 9.9973E-05 9.9973E-05
0.0793492 0.03247 0.0300581 0.513755 0.0358292 9.9991E-05 0.308438
0.520852 9.9964E-05 9.9964E-05 9.9964E-05 0.00167366 9.9964E-05 0.477075
0.159685 0.00390058 0.283101 0.144593 9.9991E-05 0.0184408 0.390179
0.953307 9.9964E-05 0.00145918 9.9964E-05 9.9964E-05 9.9964E-05 0.0448335
0.419626 0.00766661 9.9982E-05 0.0706695 0.0085446 9.9982E-05 0.493293
0.32654 0.0176821 0.638103 9.9982E-05 0.0134022 0.00407219 9.9982E-05
0.678331 0.00194685 0.111409 9.9991E-05 0.00281371 0.0176544 0.187745
0.817809 0.00919123 0.0292271 9.9982E-05 0.000439466 9.9982E-05 0.143133
0.0276756 9.99639E-05 9.99639E-05 9.99639E-05 0.969084 0.00284063 9.99639E-05
0.068502 9.9973E-05 0.731565 9.9973E-05 0.0346898 9.9973E-05 0.164943
9.99551E-05 9.99551E-05 9.99551E-05 0.00934477 0.990155 9.99551E-05 9.99551E-05
0.647106 9.9964E-05 9.9964E-05 9.9964E-05 9.9964E-05 0.00395822 0.348536
0.182584 0.00181497 0.635323 9.9982E-05 0.0527291 9.9982E-05 0.127349
0.221779 0.0028884 0.729035 9.9982E-05 0.0307832 9.9982E-05 0.0153137
0.72267 9.9964E-05 9.9964E-05 9.9964E-05 9.9964E-05 0.0224636 0.254467
0.994955 9.9955E-05 9.9955E-05 0.00454555 9.9955E-05 9.9955E-05 9.9955E-05
9.9955E-05 9.9955E-05 9.9955E-05 9.9955E-05 0.00699403 0.992506 9.9955E-05
9.99639E-05 9.99639E-05 0.65046 0.315439 0.0337006 9.99639E-05 9.99639E-05
0.701156 9.9964E-05 9.9964E-05 9.9964E-05 9.9964E-05 0.00101985 0.297425
0.164047 0.0245139 0.34567 9.9982E-05 0.40982 0.055749 9.9982E-05
0.951303 9.9973E-05 0.029749 9.9973E-05 0.00547759 0.0131708 9.9973E-05
9.995E-05 0.9994 9.995E-05 9.995E-05 9.995E-05 9.995E-05 9.995E-05
0.848833 0.000197487 0.0506126 9.9982E-05 9.9982E-05 0.0162818 0.0838751
0.131252 0.59581 0.225125 9.9973E-05 9.9973E-05 0.0475135 9.9973E-05
0.077686 0.00850986 9.9982E-05 0.429739 9.9982E-05 0.0214447 0.46242
0.9413 0.00747678 0.0438816 0.00526155 0.00188025 9.9982E-05 9.9982E-05
0.994673 0.00482707 9.9955E-05 9.9955E-05 9.9955E-05 9.9955E-05 9.9955E-05
0.0563243 9.9973E-05 0.50049 0.435215 9.9973E-05 0.00767065 9.9973E-05
0.898862 9.9973E-05 0.0968152 9.9973E-05 0.00391284 0.000109919 9.9973E-05
9.9955E-05 9.9955E-05 9.9955E-05 0.0228048 0.976695 9.9955E-05 9.9955E-05
0.989792 9.9955E-05 9.9955E-05 9.9955E-05 0.00970812 9.9955E-05 9.9955E-05
9.995E-05 0.9994 9.995E-05 9.995E-05 9.995E-05 9.995E-05 9.995E-05
0.9994 9.995E-05 9.995E-05 9.995E-05 9.995E-05 9.995E-05 9.995E-05
0.0778619 9.9982E-05 0.174162 0.102947 0.0262651 9.9982E-05 0.618564
0.311098 0.0148332 0.0773414 0.127226 0.000475425 0.0106346 0.458392
0.0495182 9.9973E-05 0.604925 0.195479 9.9973E-05 9.9973E-05 0.149778
0.197683 0.0118592 0.476725 9.9982E-05 9.9982E-05 0.00384733 0.309685
0.130954 9.9982E-05 0.662744 0.0440797 9.9982E-05 0.0460496 0.115973
0.990494 9.9955E-05 9.9955E-05 9.9955E-05 9.9955E-05 0.00900658 9.9955E-05
0.321247 9.9973E-05 9.9973E-05 0.152608 0.0521581 9.9973E-05 0.473687
0.899963 0.00197033 9.9964E-05 9.9964E-05 9.9964E-05 9.9964E-05 0.0976672
0.158031 9.9982E-05 0.332652 9.9982E-05 0.0523296 0.00857375 0.448213
0.118439 0.00575688 0.115646 0.748431 0.0115267 9.9982E-05 9.9982E-05
0.859421 0.0127459 0.0479959 9.9973E-05 9.9973E-05 9.9973E-05 0.0795372
0.429139 9.9964E-05 9.9964E-05 9.9964E-05 9.9964E-05 0.00699249 0.563469
0.698557 0.000526292 9.9982E-05 9.9982E-05 0.00988296 0.00154162 0.289292
0.91911 9.9964E-05 0.0482779 0.0322121 9.9964E-05 9.9964E-05 9.9964E-05
0.405393 0.0288687 0.509625 9.9982E-05 0.0503991 0.00551507 9.9982E-05
0.253909 9.9982E-05 0.193314 0.0609561 9.9982E-05 0.00208793 0.489533
0.31223 0.0157939 0.289825 9.9982E-05 0.0102201 9.9982E-05 0.371731
9.9982E-05 0.87382 0.0662967 0.0263221 0.0137858 0.0195753 9.9982E-05
0.890623 9.9955E-05 0.108877 9.9955E-05 9.9955E-05 9.9955E-05 9.9955E-05
0.964671 9.9955E-05 0.034829 9.9955E-05 9.9955E-05 9.9955E-05 9.9955E-05
0.867161 0.0098298 0.0057966 9.9973E-05 9.9973E-05 9.9973E-05 0.116913
0.00976601 9.99549E-05 9.99549E-05 9.99549E-05 0.989734 9.99549E-05 9.99549E-05
0.695107 0.00626782 0.0391308 9.9973E-05 9.9973E-05 9.9973E-05 0.259194
0.100959 9.9973E-05 0.625109 0.246099 9.9973E-05 9.9973E-05 0.0275333
0.355792 9.9991E-05 0.0346322 0.162773 0.0143094 0.00791036 0.424483
0.983769 0.00129245 0.0127806 9.9973E-05 9.9973E-05 0.0018584 9.9973E-05
0.84256 9.9982E-05 0.0710101 0.026409 0.0106216 9.9982E-05 0.0491997
0.9994 9.995E-05 9.995E-05 9.995E-05 9.995E-05 9.995E-05 9.995E-05
0.0775219 9.9982E-05 0.593902 0.212856 9.9982E-05 0.0186048 0.096915
0.0206314 0.763962 0.134954 9.9982E-05 0.0401169 0.0401359 9.9982E-05
9.9955E-05 9.9955E-05 0.681285 0.318215 9.9955E-05 9.9955E-05 9.9955E-05
0.524212 9.9973E-05 9.9973E-05 0.120494 9.9973E-05 0.0213636 0.33363
9.9964E-05 0.932266 0.0491315 9.9964E-05 9.9964E-05 0.0182026 9.9964E-05
0.576401 0.00670236 0.0894452 0.00227378 0.0324672 9.9991E-05 0.292611
0.275703 9.99639E-05 9.99639E-05 0.385268 9.99639E-05 9.99639E-05 0.338629
0.874078 0.00134346 0.0688563 0.0170816 0.0284747 0.0100655 9.9991E-05
0.992913 9.9964E-05 0.00433096 9.9964E-05 9.9964E-05 0.00235627 9.9964E-05
0.943432 0.000628771 0.0438019 0.00053892 0.00101071 0.0104877 9.9991E-05
0.416092 9.9964E-05 0.29842 9.9964E-05 9.9964E-05 9.9964E-05 0.285088
0.0394287 9.99549E-05 9.99549E-05 9.99549E-05 0.960072 9.99549E-05 9.99549E-05
0.980151 9.9955E-05 9.9955E-05 9.9955E-05 9.9955E-05 9.9955E-05 0.0193494
0.118218 9.9964E-05 9.9964E-05 0.861968 0.0194136 9.9964E-05 9.9964E-05
0.418667 9.9964E-05 0.0214507 9.9964E-05 9.9964E-05 9.9964E-05 0.559483
9.9964E-05 0.008767 9.9964E-05 9.9964E-05 0.972911 9.9964E-05 0.017922
0.0642332 9.9982E-05 0.315767 0.550051 0.0180883 9.9982E-05 0.0516603
0.153903 0.0337135 0.784662 9.9973E-05 9.9973E-05 9.9973E-05 0.0274221
0.115429 9.9982E-05 0.252324 0.132642 0.0272745 9.9982E-05 0.472131
0.0846108 9.9955E-05 9.9955E-05 9.9955E-05 0.914889 9.9955E-05 9.9955E-05
0.473789 9.9964E-05 9.9964E-05 0.0804298 9.9964E-05 9.9964E-05 0.445381
9.995E-05 0.9994 9.995E-05 9.995E-05 9.995E-05 9.995E-05 9.995E-05
0.516906 0.00339063 9.9973E-05 9.9973E-05 9.9973E-05 0.0079128 0.471491
0.896036 9.9964E-05 9.9964E-05 9.9964E-05 9.9964E-05 0.0179146 0.0856497
9.995E-05 0.9994 9.995E-05 9.995E-05 9.995E-05 9.995E-05 9.995E-05
0.833458 9.9955E-05 9.9955E-05 9.9955E-05 9.9955E-05 9.9955E-05 0.166043
0.00895367 0.0117281 0.0268338 0.0386713 0.0126363 0.899075 0.00210174
0.161396 9.9973E-05 0.108208 0.182357 9.9973E-05 9.9973E-05 0.547739
0.898417 9.9973E-05 0.0271406 9.9973E-05 0.0202791 9.9973E-05 0.0538631
0.081256 0.00264324 0.561744 0.276756 0.0774012 9.9982E-05 9.9982E-05
0.706473 0.0177598 0.0151596 0.0403578 9.9982E-05 9.9982E-05 0.220049
0.00299221 0.913461 0.057926 9.9973E-05 9.9973E-05 0.0253214 9.9973E-05
0.215272 0.00796382 0.0928027 0.145557 0.01365 9.9991E-05 0.524654
