9.9973E-05 9.9973E-05 0.758986 9.9973E-05 0.0169551 0.223759
9.9964E-05 0.0585915 0.941009 9.9964E-05 9.9964E-05 9.9964E-05
9.9973E-05 0.0110888 0.977973 0.0106385 9.9973E-05 9.9973E-05
0.00560754 0.0325904 0.740461 9.9991E-05 0.00876063 0.212481
9.999E-05 0.255578 0.278785 0.0355495 0.00445029 0.425537
9.9991E-05 0.709081 0.207528 0.00914533 0.0236841 0.0504616
9.9973E-05 0.432061 0.158667 9.9973E-05 9.9973E-05 0.408973
0.00573642 0.327602 0.119482 9.9991E-05 0.00340236 0.543677
0.0115343 0.00696786 0.959683 0.00687218 0.0101563 0.00478652
9.9964E-05 9.9964E-05 0.868051 9.9964E-05 9.9964E-05 0.131549
9.9982E-05 0.0253869 0.365692 9.9982E-05 0.0288296 0.579891
9.9982E-05 0.0991871 0.208898 0.0234078 9.9982E-05 0.668307
9.9982E-05 0.0323899 0.372552 0.00401996 9.9982E-05 0.590838
9.9973E-05 0.844605 0.140824 9.9973E-05 9.9973E-05 0.014271
9.9973E-05 9.9973E-05 0.661625 9.9973E-05 0.00216349 0.335911
0.00659235 0.284934 0.524512 9.9991E-05 0.0134192 0.170443
9.9973E-05 0.216561 0.198776 9.9973E-05 9.9973E-05 0.584363
0.0330934 0.30429 0.206836 0.0251943 0.430486 9.9991E-05
0.000814966 0.0595338 0.936971 9.9982E-05 0.00247995 9.9982E-05
0.027527 0.38012 0.145181 0.0058987 0.00913817 0.432135
9.9982E-05 0.000503227 0.963089 0.00512308 9.9982E-05 0.0310848
0.00390108 0.000303374 0.338025 0.0233482 9.9991E-05 0.634322
0.00285322 0.0481172 0.419176 0.0126929 9.9991E-05 0.51706
9.9982E-05 0.0105243 9.9982E-05 0.891872 0.0164735 0.0809301
9.999E-05 0.528405 0.197833 0.00499516 0.00624664 0.26242
0.00514435 9.9991E-05 0.433966 0.0197877 0.00314188 0.53786
0.00843879 0.265051 0.245312 9.9982E-05 9.9982E-05 0.480998
9.9982E-05 9.9982E-05 0.951441 0.00302322 0.00792013 0.0374155
9.9964E-05 9.9964E-05 0.867687 9.9964E-05 9.9964E-05 0.131913
9.9964E-05 9.9964E-05 0.999213 0.000386932 9.9964E-05 9.9964E-05
0.00614229 0.661644 0.185571 0.0163504 9.9991E-05 0.130191
9.9964E-05 0.0680064 0.931594 9.9964E-05 9.9964E-05 9.9964E-05
9.9964E-05 0.0319528 0.967647 9.9964E-05 9.9964E-05 9.9964E-05
0.00464852 0.729249 0.157286 9.9991E-05 0.00490235 0.103814
9.9964E-05 0.0237229 0.975877 9.9964E-05 9.9964E-05 9.9964E-05
0.00787624 0.346189 0.213833 9.9982E-05 9.9982E-05 0.431902
9.9964E-05 9.9964E-05 0.714008 9.9964E-05 9.9964E-05 0.285592
0.0308661 0.293006 0.070233 0.0161715 9.9991E-05 0.589623
9.9973E-05 0.578767 9.9973E-05 9.9973E-05 0.00966929 0.411264
9.9982E-05 0.0402007 0.31085 0.0660532 9.9982E-05 0.582696
0.00966757 0.692346 0.107877 0.0172018 9.9991E-05 0.172808
0.0127242 0.0104383 0.964606 0.0120318 9.9982E-05 9.9982E-05
9.9964E-05 9.9964E-05 0.858668 9.9964E-05 9.9964E-05 0.140932
9.9982E-05 9.9982E-05 0.846925 0.00691408 0.00527091 0.14069
9.9982E-05 0.0355159 0.805308 9.9982E-05 0.0284618 0.130514
9.996E-05 9.996E-05 9.996E-05 9.996E-05 0.9995 9.996E-05
9.9973E-05 0.0544776 0.895714 9.9973E-05 9.9973E-05 0.0495085
9.9964E-05 9.9964E-05 0.955807 9.9964E-05 9.9964E-05 0.0437932
9.996E-05 9.996E-05 9.996E-05 9.996E-05 0.9995 9.996E-05
9.9964E-05 9.9964E-05 0.740693 9.9964E-05 9.9964E-05 0.258907
0.0107372 9.9973E-05 0.555156 9.9973E-05 9.9973E-05 0.433807
9.9964E-05 9.9964E-05 0.817628 9.9964E-05 9.9964E-05 0.181972
9.9964E-05 9.9964E-05 0.665346 9.9964E-05 9.9964E-05 0.334254
0.0173497 0.42219 0.514723 0.0143725 0.0312649 9.9991E-05
9.9982E-05 0.146236 0.397983 0.0533416 9.9982E-05 0.402239
0.0274071 0.157371 0.772567 0.0424549 9.9982E-05 9.9982E-05
9.9973E-05 9.9973E-05 0.967992 9.9973E-05 0.00319431 0.0285136
9.9973E-05 0.0310704 0.963048 9.9973E-05 0.0055816 9.9973E-05
9.9973E-05 9.9973E-05 0.830855 9.9973E-05 0.0119752 0.15687
9.9964E-05 9.9964E-05 0.835439 9.9964E-05 9.9964E-05 0.164161
9.9964E-05 9.9964E-05 0.995433 9.9964E-05 9.9964E-05 0.00416709
0.00937736 0.121057 9.9982E-05 0.848279 9.9982E-05 0.0210865
0.00705607 0.0159185 0.971777 0.00504891 9.9982E-05 9.9982E-05
0.0264027 0.107061 0.392654 0.0433338 9.9991E-05 0.430449
9.9973E-05 0.00258036 0.992126 9.9973E-05 0.00499385 9.9973E-05
0.0017224 0.0382315 0.959746 9.9973E-05 9.9973E-05 9.9973E-05
9.9964E-05 9.9964E-05 0.756724 9.9964E-05 9.9964E-05 0.242876
9.9964E-05 9.9964E-05 0.74546 9.9964E-05 9.9964E-05 0.25414
9.9982E-05 0.136779 0.222686 0.015257 9.9982E-05 0.625078
9.996E-05 9.996E-05 9.996E-05 9.996E-05 0.9995 9.996E-05
9.9982E-05 0.178582 0.324978 0.00531955 9.9982E-05 0.49092
0.0266087 0.112077 0.834648 0.0224567 0.00410945 9.9991E-05
0.00715112 9.9991E-05 0.86281 0.0119864 0.00265084 0.115302
9.9973E-05 0.0418407 0.925047 0.0328124 9.9973E-05 9.9973E-05
0.00448777 0.0187026 0.97651 9.9973E-05 9.9973E-05 9.9973E-05
0.0079037 0.0816957 0.888966 9.9982E-05 0.0212343 9.9982E-05
0.000461189 9.9973E-05 0.995117 9.9973E-05 9.9973E-05 0.00412188
9.9982E-05 0.270899 0.200577 0.0133883 9.9982E-05 0.514935
9.9973E-05 0.00340362 0.983801 9.9973E-05 9.9973E-05 0.0124958
0.00431238 0.279677 9.9991E-05 0.681803 0.00841732 0.0256899
9.9973E-05 9.9973E-05 0.674073 0.0134159 9.9973E-05 0.312211
0.000970368 9.9991E-05 0.964062 0.000317116 0.00817896 0.0263711
0.0745569 0.375409 0.0912587 0.0550134 0.403662 9.9991E-05
0.00361236 0.499993 0.431266 0.0162062 0.0488225 9.9991E-05
0.00113765 0.251009 0.439776 9.9991E-05 0.00792828 0.300048
0.0133885 9.9982E-05 0.86158 9.9982E-05 0.0122882 0.112543
9.9973E-05 0.0522251 0.93835 0.00912477 9.9973E-05 9.9973E-05
0.9995 9.996E-05 9.996E-05 9.996E-05 9.996E-05 9.996E-05
9.99729E-05 9.99729E-05 0.650905 9.99729E-05 0.00391863 0.344876
9.9964E-05 9.9964E-05 0.704369 9.9964E-05 9.9964E-05 0.295231
9.9973E-05 0.0555462 0.339595 9.9973E-05 9.9973E-05 0.604559
0.0124798 0.039685 0.30113 0.0169339 9.9991E-05 0.629672
9.9964E-05 9.9964E-05 0.265344 9.9964E-05 9.9964E-05 0.734257
9.9973E-05 0.0359225 0.956584 0.00719383 9.9973E-05 9.9973E-05
9.9964E-05 9.9964E-05 0.685184 9.9964E-05 9.9964E-05 0.314417
0.00156218 9.9973E-05 0.93428 9.9973E-05 9.9973E-05 0.0638576
9.9964E-05 9.9964E-05 0.559216 9.9964E-05 9.9964E-05 0.440384
9.9982E-05 0.777095 0.134576 9.9982E-05 0.00445994 0.083669
9.9973E-05 0.0555531 0.94247 0.00167745 9.9973E-05 9.9973E-05
9.9982E-05 0.149421 0.285484 0.0749469 9.9982E-05 0.489947
0.0034176 0.0590292 0.431856 9.9991E-05 0.0269175 0.47868
9.9982E-05 0.0919398 9.9982E-05 0.85251 0.0139627 0.0413872
9.99639E-05 9.99639E-05 0.675192 9.99639E-05 9.99639E-05 0.324408
9.9982E-05 0.00390925 0.970879 9.9982E-05 0.00169093 0.0233213
0.000531606 9.9964E-05 0.999069 9.9964E-05 9.9964E-05 9.9964E-05
9.9982E-05 0.0743211 0.173812 9.9982E-05 0.0246964 0.72697
9.996E-05 9.996E-05 9.996E-05 9.996E-05 0.9995 9.996E-05
0.00783697 0.0749592 0.152092 9.9991E-05 0.00771575 0.757296
9.9973E-05 9.9973E-05 0.844278 0.0327367 9.9973E-05 0.122685
0.00139509 0.0670545 0.916466 0.0148846 9.9982E-05 9.9982E-05
9.9964E-05 9.9964E-05 0.290898 9.9964E-05 9.9964E-05 0.708702
9.996E-05 9.996E-05 9.996E-05 9.996E-05 0.9995 9.996E-05
0.00417969 0.321629 9.9982E-05 0.648464 0.0255272 9.9982E-05
9.9973E-05 9.9973E-05 0.749742 9.9973E-05 0.00612744 0.243831
9.9964E-05 9.9964E-05 0.841521 9.9964E-05 9.9964E-05 0.158079
9.9982E-05 0.00185245 0.354337 0.00669554 9.9982E-05 0.636915
9.9973E-05 0.0180074 0.96758 0.0141126 9.9973E-05 9.9973E-05
9.9982E-05 0.515782 0.0527882 9.9982E-05 0.0439653 0.387264
0.0969863 0.196312 0.0474001 0.144294 0.514908 9.99922E-05
0.00446805 9.9982E-05 0.894882 0.0535756 9.9982E-05 0.046874
9.9964E-05 9.9964E-05 0.6677 9.9964E-05 9.9964E-05 0.3319
9.996E-05 9.996E-05 9.996E-05 0.9995 9.996E-05 9.996E-05
9.9973E-05 9.9973E-05 0.908335 9.9973E-05 0.00527547 0.0860897
9.9964E-05 9.9964E-05 0.579819 9.9964E-05 9.9964E-05 0.419781
9.9964E-05 9.9964E-05 0.889774 9.9964E-05 9.9964E-05 0.109826
0.0168727 0.130996 0.302376 9.9982E-05 9.9982E-05 0.549556
0.000686942 0.142647 0.30768 9.9991E-05 0.0143591 0.534527
9.9973E-05 0.332446 0.228351 9.9973E-05 9.9973E-05 0.438903
0.011615 0.598876 0.0903406 9.9982E-05 9.9982E-05 0.298968
9.9973E-05 9.9973E-05 0.701984 0.00927258 9.9973E-05 0.288443
9.9982E-05 9.9982E-05 0.948032 0.005959 0.00591133 0.0398974
9.9982E-05 9.9982E-05 0.76851 0.00506118 0.0258155 0.200413
0.0658146 0.0655304 0.00662149 0.00497291 0.856961 9.9991E-05
9.9973E-05 0.0829232 0.890183 0.0265941 9.9973E-05 9.9973E-05
0.0168332 0.00600654 9.9991E-05 0.012732 0.951319 0.0130091
9.9973E-05 9.9973E-05 0.761707 0.00669807 9.9973E-05 0.231295
9.99639E-05 9.99639E-05 0.0481943 0.951406 9.99639E-05 9.99639E-05
9.9982E-05 0.0277161 0.175868 0.0125565 9.9982E-05 0.783659
0.00164817 0.306718 0.13288 9.9982E-05 9.9982E-05 0.558554
0.0360872 0.128969 0.183053 0.0357892 9.9991E-05 0.616002
9.9982E-05 9.9982E-05 0.651087 0.00903206 0.00101148 0.33867
9.9991E-05 0.259928 0.302421 0.00480236 0.0328126 0.399936
9.9964E-05 0.0147956 0.984805 9.9964E-05 9.9964E-05 9.9964E-05
9.99859E-05 9.99859E-05 0.547559 0.0126007 0.00784161 0.431799
0.0240905 0.648898 0.303499 0.0157751 0.007638 9.9991E-05
9.9982E-05 0.111656 0.766287 9.9982E-05 0.0157666 0.106091
0.0105218 0.0183916 0.892166 0.0066109 9.9991E-05 0.0722095
9.99729E-05 9.99729E-05 0.0157063 0.971929 0.0120645 9.99729E-05
9.9982E-05 0.702772 0.108591 0.0516778 9.9982E-05 0.136759
9.9964E-05 9.9964E-05 9.9964E-05 0.987535 9.9964E-05 0.0120652
9.9973E-05 9.9973E-05 0.771465 9.9973E-05 0.00218353 0.226052
0.00907077 0.635766 0.244703 0.0561146 9.9991E-05 0.0542458
9.9982E-05 0.703234 0.253051 0.0433787 0.00013667 9.9982E-05
9.9973E-05 9.9973E-05 0.812873 9.9973E-05 0.0259625 0.160865
9.996E-05 9.996E-05 0.9995 9.996E-05 9.996E-05 9.996E-05
9.9964E-05 9.9964E-05 9.9964E-05 0.0039431 0.995657 9.9964E-05
9.9973E-05 0.784292 9.9973E-05 0.0365949 9.9973E-05 0.178813
9.9964E-05 9.9964E-05 0.815205 9.9964E-05 9.9964E-05 0.184395
0.0286866 0.355671 0.145625 0.42901 0.040907 9.9991E-05
9.9973E-05 0.0329063 0.959324 9.9973E-05 0.00746966 9.9973E-05
0.9995 9.996E-05 9.996E-05 9.996E-05 9.996E-05 9.996E-05
0.0036551 0.0614137 0.892918 9.9991E-05 0.00967848 0.0322351
0.616734 0.20942 0.149241 9.9982E-05 0.0244048 9.9982E-05
0.00820722 0.0635065 0.218412 0.0177524 0.0198478 0.672274
0.0045865 0.0576592 0.937454 9.9973E-05 9.9973E-05 9.9973E-05
0.00357671 0.00385151 0.992272 9.9973E-05 9.9973E-05 9.9973E-05
9.9973E-05 0.681591 0.0393403 9.9973E-05 9.9973E-05 0.278769
0.000869931 0.105257 0.893573 9.9973E-05 9.9973E-05 9.9973E-05
9.9964E-05 9.9964E-05 9.9964E-05 0.975035 9.9964E-05 0.0245656
9.9964E-05 9.9964E-05 0.996909 9.9964E-05 0.00269151 9.9964E-05
0.9995 9.996E-05 9.996E-05 9.996E-05 9.996E-05 9.996E-05
9.996E-05 9.996E-05 0.9995 9.996E-05 9.996E-05 9.996E-05
9.9982E-05 0.119621 0.287906 0.0287776 9.9982E-05 0.563496
0.00491029 0.0812477 0.437569 0.00132084 0.0143069 0.460645
9.9973E-05 0.668027 0.0647779 9.9973E-05 9.9973E-05 0.266895
0.0141845 0.433877 0.310055 9.9991E-05 0.0250258 0.216758
9.9991E-05 0.68193 0.144593 0.00293792 0.0479908 0.122448
9.9964E-05 9.9964E-05 0.999254 9.9964E-05 0.000345861 9.9964E-05
9.9982E-05 9.9982E-05 0.45575 0.0544148 0.000982362 0.488653
0.00889477 9.9982E-05 0.955872 0.00251399 9.9982E-05 0.0325195
9.9991E-05 0.273155 0.303961 0.0437174 0.0262323 0.352834
0.000535907 0.377184 0.0907302 9.9982E-05 9.9982E-05 0.53135
0.0064358 0.0171763 0.935167 0.0187148 9.9991E-05 0.0224062
9.9973E-05 9.9973E-05 0.609781 9.9973E-05 0.00381326 0.386106
9.9982E-05 9.9982E-05 0.801477 0.0041143 0.0136256 0.180584
9.9964E-05 0.0603023 0.939298 9.9964E-05 9.9964E-05 9.9964E-05
0.0245889 0.545666 0.371666 0.0482818 0.00969657 9.9991E-05
9.9991E-05 0.159562 0.419179 0.00283595 0.0112748 0.407048
0.0170592 0.243022 0.473302 0.0165111 9.9991E-05 0.250005
0.920628 0.0318339 9.9982E-05 0.0283997 9.9982E-05 0.0189389
9.9973E-05 0.104001 0.890586 0.00511259 9.9973E-05 9.9973E-05
9.9964E-05 0.0234007 0.976199 9.9964E-05 9.9964E-05 9.9964E-05
0.00908987 9.9973E-05 0.931333 9.9973E-05 9.9973E-05 0.0592771
9.99639E-05 9.99639E-05 0.0152682 0.984332 9.99639E-05 9.99639E-05
0.0060545 0.04273 0.775521 9.9982E-05 9.9982E-05 0.175495
9.9973E-05 0.699264 0.118597 9.9973E-05 9.9973E-05 0.181839
9.9991E-05 0.0365949 0.495584 0.00425629 0.0145091 0.448956
0.00548652 9.9964E-05 0.994114 9.9964E-05 9.9964E-05 9.9964E-05
9.9982E-05 0.0764423 0.868404 0.00880623 9.9982E-05 0.0461474
9.9964E-05 0.00353809 0.996062 9.9964E-05 9.9964E-05 9.9964E-05
9.9982E-05 0.647168 0.0949657 9.9982E-05 0.0232739 0.234392
0.796917 0.117114 0.0127622 0.0440372 0.02907 9.9991E-05
9.9964E-05 0.789823 9.9964E-05 9.9964E-05 9.9964E-05 0.209778
9.9982E-05 9.9982E-05 0.63033 0.00360569 0.0290108 0.336854
0.968522 0.0241071 9.9982E-05 0.00242588 0.00474537 9.9982E-05
0.0110956 0.0699836 0.685693 0.0319838 9.9991E-05 0.201144
9.9964E-05 9.9964E-05 0.43352 9.9964E-05 9.9964E-05 0.56608
0.00878188 0.083044 0.873017 0.033834 0.00122325 9.9991E-05
9.9973E-05 0.0167459 0.980669 9.9973E-05 0.00228555 9.9973E-05
9.9973E-05 0.0582498 0.929419 9.9973E-05 0.0120315 9.9973E-05
9.9973E-05 0.245584 0.539383 9.9973E-05 9.9973E-05 0.214733
9.99639E-05 9.99639E-05 0.0519899 0.94761 9.99639E-05 9.99639E-05
9.9964E-05 9.9964E-05 0.99673 0.00287002 9.9964E-05 9.9964E-05
9.9973E-05 0.329715 0.0831337 9.9973E-05 9.9973E-05 0.586851
9.9964E-05 9.9964E-05 0.57239 9.9964E-05 9.9964E-05 0.42721
0.00805238 9.9973E-05 0.00104967 0.990598 9.9973E-05 9.9973E-05
9.9973E-05 0.493622 0.0661244 9.9973E-05 9.9973E-05 0.439954
0.0373969 0.770096 0.189638 9.9982E-05 0.00266887 9.9982E-05
9.9982E-05 0.246563 0.263063 0.0444016 9.9982E-05 0.445772
9.9964E-05 9.9964E-05 0.0899 0.9097 9.9964E-05 9.9964E-05
9.9964E-05 9.9964E-05 0.627104 9.9964E-05 9.9964E-05 0.372496
0.995087 9.9973E-05 0.0011584 9.9973E-05 0.00345503 9.9973E-05
0.00254128 9.9982E-05 0.682674 9.9982E-05 0.00441755 0.310167
9.9973E-05 9.9973E-05 0.945416 9.9973E-05 0.0165306 0.0377534
0.9995 9.996E-05 9.996E-05 9.996E-05 9.996E-05 9.996E-05
9.9964E-05 9.9964E-05 0.91343 9.9964E-05 9.9964E-05 0.0861702
0.00531174 0.0438976 0.00348054 0.0179204 0.906164 0.0232255
9.9982E-05 0.0763707 0.336515 9.9982E-05 0.0125871 0.574327
9.9973E-05 0.0395838 0.931679 0.0284372 9.9973E-05 9.9973E-05
0.00625904 0.640874 0.0950746 0.0658929 9.9991E-05 0.191799
0.0139891 0.0323469 0.772449 9.9982E-05 9.9982E-05 0.181015
0.927443 0.0501298 9.9973E-05 9.9973E-05 0.0221275 9.9973E-05
0.0104296 0.0662444 0.400075 0.0208982 9.9991E-05 0.502252
