0.00630916 0.327769 9.9982E-05 9.9982E-05 0.00379341 0.00157141 0.660357
9.9955E-05 9.9955E-05 9.9955E-05 0.0457628 9.9955E-05 9.9955E-05 0.953737
9.9973E-05 0.0450278 9.9973E-05 9.9973E-05 0.0182817 0.00814223 0.928248
0.00705121 0.345272 0.00704439 0.0496724 9.9982E-05 9.9982E-05 0.59076
9.9982E-05 0.411968 9.9982E-05 0.296872 0.0299127 0.128398 0.132649
9.9964E-05 0.0994156 9.9964E-05 0.740942 9.9964E-05 9.9964E-05 0.159243
9.9982E-05 0.00908828 9.9982E-05 0.298889 0.00658418 0.52577 0.159468
9.9973E-05 0.536973 0.00400745 0.324482 9.9973E-05 0.134238 9.9973E-05
0.014192 0.0170045 0.0106294 9.9991E-05 0.0082315 0.0240245 0.925818
9.9955E-05 0.23445 9.9955E-05 9.9955E-05 9.9955E-05 9.9955E-05 0.76505
0.0205262 0.31014 9.9973E-05 9.9973E-05 9.9973E-05 0.407235 0.261799
9.9982E-05 0.473415 9.9982E-05 0.0645649 0.0228395 0.368494 0.0704876
9.9973E-05 0.556038 9.9973E-05 0.0521459 9.9973E-05 0.174376 0.21714
9.9964E-05 9.9964E-05 9.9964E-05 0.826719 9.9964E-05 0.0313086 0.141573
0.0149287 0.48586 9.9964E-05 9.9964E-05 9.9964E-05 9.9964E-05 0.498812
9.9982E-05 0.199991 0.00357937 0.292891 9.9982E-05 0.0513365 0.452002
9.9991E-05 0.0684574 0.00121951 0.046895 0.000528499 0.67732 0.205479
0.418707 9.9982E-05 0.0474638 0.302714 0.0331398 9.9982E-05 0.197775
9.9964E-05 9.9964E-05 0.000233229 0.0450647 9.9964E-05 9.9964E-05 0.954302
0.0124227 0.160708 0.0196164 0.292947 0.0173472 0.398099 0.0988593
9.9964E-05 0.0708456 9.9964E-05 9.9964E-05 0.00698961 9.9964E-05 0.921765
9.9973E-05 0.354598 9.9973E-05 9.9973E-05 0.012807 0.435311 0.196983
9.9982E-05 0.609032 9.9982E-05 0.107341 0.00899694 0.070621 0.203809
0.0118724 0.100323 9.9964E-05 9.9964E-05 0.887405 9.9964E-05 9.9964E-05
9.9973E-05 0.391671 9.9973E-05 9.9973E-05 0.0115514 0.283105 0.313372
0.00124336 0.298253 0.00058876 0.206245 9.9991E-05 0.331442 0.162128
0.000622076 0.114804 9.9973E-05 9.9973E-05 0.00567665 9.9973E-05 0.878598
9.9955E-05 0.212613 9.9955E-05 9.9955E-05 9.9955E-05 9.9955E-05 0.786887
9.9955E-05 0.00919906 9.9955E-05 9.9955E-05 9.9955E-05 9.9955E-05 0.990301
9.9973E-05 0.194305 9.9973E-05 0.740069 0.00221075 9.9973E-05 0.0631151
9.9955E-05 9.9955E-05 9.9955E-05 0.0656685 9.9955E-05 9.9955E-05 0.933832
9.9955E-05 9.9955E-05 9.9955E-05 0.0154761 9.9955E-05 9.9955E-05 0.984024
9.9973E-05 0.0118861 9.9973E-05 0.674262 9.9973E-05 0.17187 0.141682
9.9955E-05 9.9955E-05 9.9955E-05 0.0149691 9.9955E-05 9.9955E-05 0.984531
9.9982E-05 0.264391 0.00573655 0.324366 9.9982E-05 0.251804 0.153502
9.9955E-05 0.419155 9.9955E-05 9.9955E-05 9.9955E-05 9.9955E-05 0.580345
9.9982E-05 0.28281 0.0209601 0.208404 0.0139523 0.473674 9.9982E-05
0.00924804 0.0724503 9.9982E-05 0.502338 0.00965428 0.406109 9.9982E-05
9.9982E-05 0.656684 9.9982E-05 0.0825642 0.0513423 0.0921594 0.11705
9.9982E-05 0.159664 9.9982E-05 0.720556 0.0125684 0.0311566 0.0758556
9.9973E-05 9.9973E-05 0.00352037 9.9973E-05 0.00689046 0.00742077 0.981868
9.9955E-05 0.20411 9.9955E-05 9.9955E-05 9.9955E-05 9.9955E-05 0.79539
0.00193054 0.246939 0.0106852 9.9973E-05 9.9973E-05 9.9973E-05 0.740146
0.0256675 0.221298 9.9973E-05 0.0588842 9.9973E-05 9.9973E-05 0.693851
0.9994 9.995E-05 9.995E-05 9.995E-05 9.995E-05 9.995E-05 9.995E-05
9.9964E-05 9.9964E-05 9.9964E-05 0.0160677 9.9964E-05 0.0873822 0.89615
9.9955E-05 0.13647 9.9955E-05 9.9955E-05 9.9955E-05 9.9955E-05 0.86303
0.9994 9.995E-05 9.995E-05 9.995E-05 9.995E-05 9.995E-05 9.995E-05
9.99549E-05 0.420904 9.99549E-05 9.99549E-05 9.99549E-05 9.99549E-05 0.578596
9.9973E-05 0.410795 0.0103051 9.9973E-05 9.9973E-05 0.174946 0.403653
9.9955E-05 0.306158 9.9955E-05 9.9955E-05 9.9955E-05 9.9955E-05 0.693342
9.9964E-05 0.4645 9.9964E-05 9.9964E-05 0.0127423 9.9964E-05 0.522358
0.0345372 9.9982E-05 0.0125151 0.410225 0.0198295 9.9982E-05 0.522693
9.9982E-05 0.51295 9.9982E-05 0.18758 0.0440109 0.0252266 0.230033
9.9973E-05 9.9973E-05 0.0271743 0.148387 0.0355558 9.9973E-05 0.788583
0.00866747 0.079238 9.9973E-05 9.9973E-05 0.000954598 9.9973E-05 0.91084
0.0122198 9.9982E-05 0.000431946 0.0030026 9.9982E-05 0.00840873 0.975737
9.9973E-05 0.266699 9.9973E-05 0.0161177 0.000803472 9.9973E-05 0.71608
9.9955E-05 0.282489 9.9955E-05 9.9955E-05 9.9955E-05 9.9955E-05 0.717011
9.9964E-05 0.0329495 9.9964E-05 0.0142529 9.9964E-05 9.9964E-05 0.952398
9.9973E-05 9.9973E-05 0.0200432 0.11119 0.821887 0.0465797 9.9973E-05
9.9973E-05 9.9973E-05 0.0177388 9.9973E-05 0.00209122 0.0338921 0.945978
9.9991E-05 0.5371 0.0164602 0.204735 0.0226172 0.00265745 0.216331
0.0175019 9.9964E-05 9.9964E-05 9.9964E-05 9.9964E-05 0.0268169 0.955281
9.9964E-05 9.9964E-05 0.00452358 0.00786118 9.9964E-05 9.9964E-05 0.987215
0.00800648 0.338735 9.9964E-05 9.9964E-05 9.9964E-05 9.9964E-05 0.652859
9.9964E-05 0.287587 9.9964E-05 9.9964E-05 9.9964E-05 0.0512868 0.660726
9.9964E-05 9.9964E-05 9.9964E-05 9.9964E-05 0.0209627 0.769557 0.209081
0.9994 9.995E-05 9.995E-05 9.995E-05 9.995E-05 9.995E-05 9.995E-05
9.9973E-05 0.610231 9.9973E-05 0.254927 0.0056929 9.9973E-05 0.12885
0.000187597 9.9982E-05 0.0227973 0.124298 0.0246893 9.9982E-05 0.827828
0.00868725 0.186902 0.000447921 9.9982E-05 0.0198175 9.9982E-05 0.783946
9.9964E-05 9.9964E-05 9.9964E-05 0.00476001 0.0470937 9.9964E-05 0.947746
0.00245128 9.9973E-05 0.00315108 9.9973E-05 0.00669206 9.9973E-05 0.987406
0.0221643 9.9973E-05 0.00468002 0.040606 9.9973E-05 9.9973E-05 0.93225
9.9955E-05 9.9955E-05 9.9955E-05 9.9955E-05 9.9955E-05 0.0224909 0.977009
9.9982E-05 0.258588 9.9982E-05 0.206243 0.0142067 0.383893 0.136869
9.9964E-05 0.018227 9.9964E-05 9.9964E-05 9.9964E-05 0.0379449 0.943428
0.0156006 9.9973E-05 9.9973E-05 0.209478 0.701232 0.0733892 9.9973E-05
9.9973E-05 0.428351 0.00056966 9.9973E-05 0.0252548 9.9973E-05 0.545525
0.000904983 0.0805176 9.9964E-05 9.9964E-05 9.9964E-05 9.9964E-05 0.918178
0.393856 9.9982E-05 0.0700161 0.388792 0.061001 9.9982E-05 0.0861347
0.0454499 9.9982E-05 0.00942254 0.511844 0.00109628 9.9982E-05 0.431987
0.00449396 0.428379 9.9973E-05 0.292095 9.9973E-05 9.9973E-05 0.274732
0.00616264 0.19102 0.0093174 0.0155006 9.9982E-05 9.9982E-05 0.777799
9.9973E-05 9.9973E-05 9.9973E-05 0.0315181 0.0127085 0.00920011 0.946273
9.995E-05 9.995E-05 0.9994 9.995E-05 9.995E-05 9.995E-05 9.995E-05
0.00244226 0.488904 9.99639E-05 9.99639E-05 9.99639E-05 9.99639E-05 0.508254
9.99549E-05 0.443018 9.99549E-05 9.99549E-05 9.99549E-05 9.99549E-05 0.556482
9.9973E-05 0.409926 9.9973E-05 0.00265335 9.9973E-05 0.367289 0.219831
9.9991E-05 0.535887 0.0176789 0.0140547 0.0202351 0.293148 0.118897
9.9964E-05 0.198245 9.9964E-05 9.9964E-05 9.9964E-05 0.666225 0.13513
9.9955E-05 9.9955E-05 9.9955E-05 0.0138423 9.9955E-05 9.9955E-05 0.985658
9.9955E-05 0.464542 9.9955E-05 9.9955E-05 9.9955E-05 9.9955E-05 0.534959
9.9955E-05 0.108943 9.9955E-05 9.9955E-05 9.9955E-05 9.9955E-05 0.890557
9.9964E-05 0.642565 9.9964E-05 0.02894 9.9964E-05 9.9964E-05 0.328096
0.00949685 0.0240451 9.9982E-05 0.741613 9.9982E-05 0.107176 0.117468
9.9955E-05 9.9955E-05 9.9955E-05 0.0487761 9.9955E-05 9.9955E-05 0.950724
9.9982E-05 0.470335 9.9982E-05 0.13245 0.0534455 0.171895 0.171675
0.00908294 0.610212 0.00447718 0.135501 9.9991E-05 0.033598 0.207029
0.00466945 9.9973E-05 9.9973E-05 0.101734 0.863697 0.0296002 9.9973E-05
9.9964E-05 0.0186809 9.9964E-05 9.9964E-05 9.9964E-05 0.0204266 0.960493
9.995E-05 9.995E-05 9.995E-05 9.995E-05 9.995E-05 9.995E-05 0.9994
0.0318108 0.433351 9.9982E-05 0.0391452 9.9982E-05 0.458955 0.0365377
0.9994 9.995E-05 9.995E-05 9.995E-05 9.995E-05 9.995E-05 9.995E-05
0.00826065 0.0364497 9.9973E-05 9.9973E-05 9.9973E-05 0.863921 0.091069
9.9964E-05 0.21864 9.9964E-05 9.9964E-05 0.0376824 9.9964E-05 0.743277
9.9973E-05 9.9973E-05 0.00402968 0.0386225 0.0217881 9.9973E-05 0.93526
9.9964E-05 0.465646 9.9964E-05 9.9964E-05 9.9964E-05 0.427879 0.106075
0.9994 9.995E-05 9.995E-05 9.995E-05 9.995E-05 9.995E-05 9.995E-05
0.029285 9.9973E-05 0.00536155 0.33257 0.632484 9.9973E-05 9.9973E-05
0.00188911 0.199709 9.9982E-05 0.00416499 9.9982E-05 0.131247 0.66279
9.9955E-05 0.262807 9.9955E-05 9.9955E-05 9.9955E-05 9.9955E-05 0.736693
9.9964E-05 0.426875 9.9964E-05 9.9964E-05 9.9964E-05 0.356636 0.216088
9.9973E-05 9.9973E-05 0.00208475 0.0027561 0.0271955 9.9973E-05 0.967664
0.0457841 0.0235845 9.9982E-05 0.417305 9.9982E-05 0.462407 0.0507199
0.508011 9.9991E-05 0.10165 0.188217 0.141316 0.029503 0.0312034
9.9973E-05 0.105857 0.000880396 9.9973E-05 0.0391771 9.9973E-05 0.853785
0.000106279 0.412981 9.9973E-05 9.9973E-05 9.9973E-05 0.0697378 0.516875
9.9955E-05 9.9955E-05 9.9955E-05 9.9955E-05 0.99908 0.000420078 9.9955E-05
0.00274102 0.0708977 9.9973E-05 9.9973E-05 9.9973E-05 0.061191 0.86487
9.9964E-05 0.575454 9.9964E-05 9.9964E-05 9.9964E-05 0.00640656 0.417739
0.000929398 0.20272 9.9964E-05 9.9964E-05 9.9964E-05 9.9964E-05 0.795951
0.000173409 9.9973E-05 0.0119025 9.9973E-05 9.9973E-05 0.691946 0.295678
0.0176551 0.305759 9.9982E-05 0.0868183 9.9982E-05 0.368349 0.221219
9.9973E-05 0.514771 9.9973E-05 0.346466 9.9973E-05 0.0853344 0.0531284
9.9973E-05 9.9973E-05 0.0110966 0.504416 9.9973E-05 0.392762 0.0914246
9.9964E-05 0.422613 9.9964E-05 9.9964E-05 0.0179666 9.9964E-05 0.559021
0.00215218 0.115358 9.9973E-05 9.9973E-05 0.0129293 9.9973E-05 0.869261
0.0207721 0.331539 9.9973E-05 9.9973E-05 0.00554098 9.9973E-05 0.641848
0.860983 9.9982E-05 0.0602787 0.0395353 9.9982E-05 0.0277058 0.0112977
9.9982E-05 0.00720707 9.9982E-05 0.048792 0.0296767 0.00167936 0.912445
0.958439 0.0129205 0.0102542 9.9973E-05 0.0180861 9.9973E-05 9.9973E-05
9.9955E-05 0.344669 9.9955E-05 9.9955E-05 9.9955E-05 9.9955E-05 0.654832
9.99549E-05 9.99549E-05 9.99549E-05 9.99549E-05 0.964503 9.99549E-05 0.0349973
9.99639E-05 0.388173 9.99639E-05 9.99639E-05 9.99639E-05 0.554516 0.0569111
9.9973E-05 9.9973E-05 0.0191725 0.0851576 9.9973E-05 0.747925 0.147445
9.9991E-05 0.212 0.0360763 0.00888149 0.0346825 0.569903 0.138357
9.9964E-05 0.496824 9.9964E-05 9.9964E-05 0.00584522 9.9964E-05 0.496931
0.0295716 0.291203 9.9991E-05 0.23638 0.00127286 0.23866 0.202813
9.9973E-05 0.0540722 9.9973E-05 0.00981708 0.00147684 9.9973E-05 0.934334
9.9982E-05 0.469719 0.00378341 9.9982E-05 0.0143213 0.106097 0.405879
0.0118474 9.9982E-05 0.0193175 0.67291 0.0142285 9.9982E-05 0.281496
0.00936493 0.181008 9.9973E-05 0.118644 9.9973E-05 9.9973E-05 0.690683
0.0022925 0.145273 0.0120259 0.0222865 0.00134171 9.9991E-05 0.81668
0.00548063 9.9973E-05 0.000754479 9.9973E-05 0.960894 9.9973E-05 0.0325708
9.9982E-05 0.17662 9.9982E-05 0.736338 0.0456418 0.0126865 0.028514
9.9955E-05 9.9955E-05 9.9955E-05 9.9955E-05 0.98531 0.0141905 9.9955E-05
0.00165729 0.360226 9.9973E-05 9.9973E-05 0.00330532 9.9973E-05 0.634512
9.9982E-05 0.120475 0.00235948 0.632369 0.0555453 9.9982E-05 0.189051
0.00102827 0.0282468 9.9982E-05 0.723854 0.0210315 9.9982E-05 0.225639
0.0198417 0.246248 9.9964E-05 9.9964E-05 9.9964E-05 9.9964E-05 0.73351
9.9955E-05 9.9955E-05 9.9955E-05 9.9955E-05 9.9955E-05 0.0205975 0.978903
0.995104 9.9955E-05 9.9955E-05 9.9955E-05 0.00439582 9.9955E-05 9.9955E-05
9.99639E-05 9.99639E-05 9.99639E-05 0.682695 0.0330574 0.283848 9.99639E-05
9.99549E-05 0.328676 9.99549E-05 9.99549E-05 9.99549E-05 9.99549E-05 0.670824
0.0384497 9.9982E-05 0.0298171 0.360278 0.42134 9.9982E-05 0.149915
0.00835836 9.9982E-05 0.000286884 0.0198411 0.00290521 9.9982E-05 0.968408
9.995E-05 9.995E-05 0.9994 9.995E-05 9.995E-05 9.995E-05 9.995E-05
0.0156418 0.132863 0.00302312 0.0405481 9.9982E-05 9.9982E-05 0.807724
0.0135991 9.9973E-05 0.612794 0.254508 9.9973E-05 9.9973E-05 0.118799
0.0137977 0.363211 0.013051 9.9991E-05 0.00578684 0.503999 0.100054
9.9973E-05 9.9973E-05 0.000963178 0.0291871 9.9973E-05 0.00139653 0.968153
9.9955E-05 9.9955E-05 0.00538046 9.9955E-05 9.9955E-05 9.9955E-05 0.99412
9.9973E-05 9.9973E-05 9.9973E-05 0.582717 0.00175781 0.357328 0.0578974
0.00415349 9.9973E-05 9.9973E-05 0.0888188 0.0101146 9.9973E-05 0.896613
9.9964E-05 0.00281715 9.9964E-05 9.9964E-05 0.973266 0.0235165 9.9964E-05
0.00741017 9.9964E-05 9.9964E-05 9.9964E-05 0.00301172 9.9964E-05 0.989178
9.995E-05 9.995E-05 0.9994 9.995E-05 9.995E-05 9.995E-05 9.995E-05
9.995E-05 9.995E-05 9.995E-05 9.995E-05 9.995E-05 9.995E-05 0.9994
9.9982E-05 0.718214 9.9982E-05 0.209255 0.0174249 0.027357 0.0275495
0.0210812 0.387947 0.0105581 0.0580806 0.000427038 0.202997 0.318909
9.9973E-05 0.18773 9.9973E-05 0.639515 9.9973E-05 0.158166 0.0142894
0.0222019 0.320045 0.00333573 0.469604 0.00444273 9.9991E-05 0.180271
0.0418719 0.168618 9.9982E-05 0.677808 9.9982E-05 0.0276714 0.0838309
0.00856014 9.9955E-05 9.9955E-05 9.9955E-05 9.9955E-05 9.9955E-05 0.99094
9.9973E-05 0.471942 9.9973E-05 9.9973E-05 0.0476421 0.174874 0.305242
9.9964E-05 0.0969415 0.00289912 9.9964E-05 9.9964E-05 9.9964E-05 0.89976
0.0205838 0.499622 9.9982E-05 0.291583 0.0542627 9.9982E-05 0.133749
9.9973E-05 0.0645217 9.9973E-05 0.230792 9.9973E-05 0.599847 0.104539
9.9982E-05 0.0799027 0.00648203 0.0494954 0.01553 9.9982E-05 0.84839
0.0064269 0.581407 9.9964E-05 9.9964E-05 9.9964E-05 9.9964E-05 0.411767
0.00585936 0.300313 9.9973E-05 9.9973E-05 0.0151256 9.9973E-05 0.678402
9.9964E-05 9.9964E-05 9.9964E-05 0.0445788 9.9964E-05 0.0281434 0.926878
0.014979 9.9982E-05 0.0138537 0.525646 0.0477489 9.9982E-05 0.397573
9.9973E-05 0.485062 9.9973E-05 0.172229 9.9973E-05 0.083767 0.258643
9.9991E-05 0.369025 0.0187811 0.263687 0.0123363 0.00424501 0.331825
0.00651766 9.9982E-05 0.896326 0.0286358 0.0309818 0.0373391 9.9982E-05
9.9964E-05 9.9964E-05 9.9964E-05 0.0851147 0.00930534 9.9964E-05 0.90518
9.9955E-05 9.9955E-05 9.9955E-05 0.023811 9.9955E-05 9.9955E-05 0.975689
9.9973E-05 0.131463 0.00577738 0.00959611 9.9973E-05 9.9973E-05 0.852864
9.99549E-05 9.99549E-05 9.99549E-05 9.99549E-05 0.962682 9.99549E-05 0.0368187
9.9973E-05 0.266004 0.00617501 0.0475118 9.9973E-05 9.9973E-05 0.68001
9.9973E-05 0.0247366 9.9973E-05 0.645889 9.9973E-05 0.221173 0.107902
0.00142254 0.36872 9.9982E-05 9.9982E-05 0.0131378 0.218071 0.398449
0.00324946 9.9982E-05 0.00222334 0.0108818 0.000585 9.9982E-05 0.98286
9.9982E-05 0.0506202 9.9982E-05 0.0714292 0.0144521 0.0206392 0.842659
9.9955E-05 9.9955E-05 9.9955E-05 9.9955E-05 9.9955E-05 0.00110332 0.998397
0.0284573 0.0141883 9.9982E-05 0.53372 9.9982E-05 0.300592 0.122842
0.0492427 9.9982E-05 0.787172 0.116198 0.033191 9.9982E-05 0.0139967
9.9955E-05 9.9955E-05 9.9955E-05 0.714547 9.9955E-05 0.284953 9.9955E-05
0.0238003 0.34793 9.9973E-05 9.9973E-05 9.9973E-05 0.0918435 0.536126
0.00605469 9.9964E-05 0.961588 0.0319572 9.9964E-05 9.9964E-05 9.9964E-05
0.000920654 0.313257 0.0163717 0.0961869 0.0243017 9.9991E-05 0.548862
9.99639E-05 0.342282 9.99639E-05 9.99639E-05 9.99639E-05 0.370871 0.286448
0.00868744 9.9982E-05 9.9982E-05 0.0822639 0.0190108 0.00745787 0.88238
0.00250148 9.9964E-05 9.9964E-05 0.0109916 9.9964E-05 9.9964E-05 0.986107
0.0127959 9.9982E-05 9.9982E-05 0.0348383 0.00860302 0.0139049 0.929658
9.9964E-05 0.298917 9.9964E-05 0.27933 9.9964E-05 9.9964E-05 0.421353
9.99549E-05 9.99549E-05 9.99549E-05 9.99549E-05 0.951466 9.99549E-05 0.0480344
0.00705047 0.0312555 9.9964E-05 9.9964E-05 9.9964E-05 9.9964E-05 0.961294
9.9964E-05 9.9964E-05 9.9964E-05 0.142257 9.9964E-05 0.739925 0.117418
9.9973E-05 0.590175 0.000496966 0.0302167 9.9973E-05 9.9973E-05 0.378811
9.9973E-05 0.00192555 0.016429 9.9973E-05 0.95955 9.9973E-05 0.0217958
9.9973E-05 9.9973E-05 9.9973E-05 0.349413 0.00319183 0.569128 0.0779668
9.9973E-05 0.0340588 0.0312961 0.790913 9.9973E-05 9.9973E-05 0.143432
9.9982E-05 0.38932 9.9982E-05 0.24492 0.0222277 0.218549 0.124784
0.00554042 9.9964E-05 9.9964E-05 9.9964E-05 0.922176 9.9964E-05 0.0718838
9.9964E-05 0.469943 9.9964E-05 9.9964E-05 9.9964E-05 0.0769633 0.452694
9.995E-05 9.995E-05 0.9994 9.995E-05 9.995E-05 9.995E-05 9.995E-05
0.00761295 0.459394 0.00202466 9.9973E-05 9.9973E-05 9.9973E-05 0.530668
0.00680291 0.102756 9.9964E-05 9.9964E-05 9.9964E-05 9.9964E-05 0.890041
9.995E-05 9.995E-05 0.9994 9.995E-05 9.995E-05 9.995E-05 9.995E-05
9.9955E-05 0.142417 9.9955E-05 9.9955E-05 9.9955E-05 9.9955E-05 0.857083
0.905563 0.006349 0.0160514 0.00367651 0.016604 0.038571 0.0131852
0.00399464 0.625552 9.9982E-05 0.131383 9.9982E-05 0.111489 0.127381
9.9982E-05 0.0446262 0.00126175 0.0220373 0.0191218 9.9982E-05 0.912753
9.9973E-05 9.9973E-05 9.9973E-05 0.575655 0.0704463 0.244912 0.108687
9.9982E-05 0.203318 0.0173622 0.0355211 9.9982E-05 0.0423783 0.70122
0.0213293 9.9964E-05 0.92015 0.0581211 9.9964E-05 9.9964E-05 9.9964E-05
9.9991E-05 0.529213 0.00572814 0.116582 0.00216526 0.13986 0.206351
