9.9973E-05 9.9973E-05 0.0164849 0.74185 0.241365 9.9973E-05
0.0637941 9.9964E-05 9.9964E-05 0.935806 9.9964E-05 9.9964E-05
0.0181687 9.9973E-05 9.9973E-05 0.973463 9.9973E-05 0.00806845
0.0372431 0.00599838 0.0121522 0.726915 0.217591 9.9991E-05
0.280052 9.9982E-05 9.9982E-05 0.243755 0.447417 0.0285762
0.73443 9.9982E-05 0.01025 0.195281 0.0598383 9.9982E-05
0.45469 9.9973E-05 9.9973E-05 0.140648 0.404363 9.9973E-05
0.335543 0.00208948 0.00834915 0.099807 0.554112 9.9991E-05
0.0113183 0.0134932 0.0109027 0.946035 0.00961327 0.00863801
9.9964E-05 9.9964E-05 9.9964E-05 0.85442 0.14518 9.9964E-05
0.0322876 9.9991E-05 0.0336451 0.306157 0.621259 0.00655074
0.10553 9.9982E-05 9.9982E-05 0.213094 0.671481 0.00969422
0.0371277 9.9973E-05 9.9973E-05 0.381189 0.581383 9.9973E-05
0.849791 9.9973E-05 9.9973E-05 0.133807 0.0161022 9.9973E-05
9.9964E-05 9.9964E-05 9.9964E-05 0.675592 0.324009 9.9964E-05
0.293228 0.0111885 0.00325969 0.522927 0.169297 9.9991E-05
0.223793 9.9973E-05 9.9973E-05 0.186699 0.589208 9.9973E-05
0.335005 0.0359775 0.423681 0.195873 9.9991E-05 0.0093636
0.0361062 0.00672155 0.00360107 0.953371 9.9982E-05 9.9982E-05
0.402195 0.0189328 0.00722123 0.108683 0.447418 0.0155499
9.9982E-05 0.000137389 9.9982E-05 0.948751 0.0443792 0.0065327
9.9973E-05 9.9973E-05 9.9973E-05 0.337355 0.631233 0.0311119
0.050648 9.9982E-05 9.9982E-05 0.413538 0.516639 0.018975
9.9973E-05 9.9973E-05 0.0158984 9.9973E-05 0.0776003 0.906201
9.9982E-05 0.00421429 9.9982E-05 0.434679 0.532234 0.0286731
0.233559 0.00344053 9.9982E-05 0.252347 0.510454 9.9982E-05
9.9973E-05 9.9973E-05 0.000875296 0.957303 0.0415221 9.9973E-05
9.9964E-05 9.9964E-05 9.9964E-05 0.854191 0.145409 9.9964E-05
9.996E-05 9.996E-05 9.996E-05 0.9995 9.996E-05 9.996E-05
0.681407 9.9982E-05 9.9982E-05 0.173846 0.130714 0.0138327
0.0645467 9.9964E-05 9.9964E-05 0.935053 9.9964E-05 9.9964E-05
0.0306577 9.9964E-05 9.9964E-05 0.968942 9.9964E-05 9.9964E-05
0.715119 9.9973E-05 9.9973E-05 0.173548 0.111033 9.9973E-05
0.03102 0.00220086 9.9973E-05 0.966479 9.9973E-05 9.9973E-05
0.39155 0.00556095 9.9982E-05 0.212141 0.390548 9.9982E-05
9.9964E-05 9.9964E-05 9.9964E-05 0.716367 0.283233 9.9964E-05
0.300093 0.0233389 9.9991E-05 0.0707875 0.592982 0.0126985
0.588732 9.9973E-05 0.000772916 9.9973E-05 0.410195 9.9973E-05
0.0766229 9.9984E-05 9.9984E-05 0.299246 0.579486 0.044445
0.715146 9.9991E-05 0.00395997 0.117733 0.151996 0.0110657
0.0121674 0.008799 9.9982E-05 0.962352 9.9982E-05 0.0164814
9.9964E-05 9.9964E-05 9.9964E-05 0.86825 0.13135 9.9964E-05
9.9982E-05 0.00922682 0.000483587 0.843167 0.146922 9.9982E-05
0.0492036 9.9982E-05 0.0263977 0.793203 0.130996 9.9982E-05
9.996E-05 9.996E-05 0.9995 9.996E-05 9.996E-05 9.996E-05
0.0568215 9.9973E-05 9.9973E-05 0.880481 0.0623978 9.9973E-05
9.9964E-05 9.9964E-05 9.9964E-05 0.942604 0.0569963 9.9964E-05
9.996E-05 9.996E-05 0.9995 9.996E-05 9.996E-05 9.996E-05
9.9964E-05 9.9964E-05 9.9964E-05 0.73703 0.26257 9.9964E-05
9.9973E-05 0.00921869 9.9973E-05 0.539367 0.451114 9.9973E-05
9.9964E-05 9.9964E-05 9.9964E-05 0.797148 0.202452 9.9964E-05
9.9973E-05 9.9973E-05 9.9973E-05 0.662117 0.33436 0.00322297
0.402038 0.0134221 0.0376124 0.52233 9.9991E-05 0.0244973
0.149167 9.9982E-05 9.9982E-05 0.376522 0.42701 0.0471017
0.155406 0.0254319 9.9982E-05 0.777186 9.9982E-05 0.0417764
9.9982E-05 9.9982E-05 0.00647084 0.973275 0.0144342 0.00562015
0.0341821 9.9973E-05 0.00480991 0.960708 9.9973E-05 9.9973E-05
9.9982E-05 9.9982E-05 0.00712402 0.814889 0.169576 0.00821106
9.9964E-05 9.9964E-05 9.9964E-05 0.821398 0.178203 9.9964E-05
0.0120973 9.9973E-05 9.9973E-05 0.979959 0.00764412 9.9973E-05
0.10264 0.0199911 9.9982E-05 9.9982E-05 0.0244649 0.852704
9.9973E-05 0.0138333 9.9973E-05 0.972134 9.9973E-05 0.013733
0.11952 0.0269317 9.9991E-05 0.384327 0.423854 0.0452682
9.9973E-05 9.9973E-05 0.00872429 0.97643 0.014546 9.9973E-05
0.0164806 0.0016922 9.9973E-05 0.981527 9.9973E-05 9.9973E-05
9.9973E-05 9.9973E-05 0.00907419 0.755284 0.235341 9.9973E-05
9.9964E-05 9.9964E-05 9.9964E-05 0.748369 0.251231 9.9964E-05
0.132965 9.9982E-05 9.9982E-05 0.200832 0.634595 0.0314088
9.996E-05 9.996E-05 0.9995 9.996E-05 9.996E-05 9.996E-05
0.213255 9.9982E-05 9.9982E-05 0.29264 0.483606 0.0102994
0.113049 0.020872 0.0135955 0.828932 9.9991E-05 0.0234517
9.9982E-05 0.00821763 9.9982E-05 0.874529 0.107407 0.00964612
0.0456196 9.9973E-05 9.9973E-05 0.922863 9.9973E-05 0.0312174
0.00519825 9.99701E-05 9.99701E-05 0.994402 9.99701E-05 9.99701E-05
0.0653493 0.00286213 0.0285968 0.902992 9.9982E-05 9.9982E-05
9.9973E-05 0.00269352 9.9973E-05 0.994818 0.00218868 9.9973E-05
0.269114 9.9973E-05 9.9973E-05 0.204561 0.526025 9.9973E-05
9.9964E-05 9.9964E-05 9.9964E-05 0.968456 0.0311438 9.9964E-05
0.26514 0.00132428 0.00833403 9.9991E-05 0.02732 0.697782
9.9973E-05 9.9973E-05 9.9973E-05 0.656693 0.313093 0.0299138
9.9973E-05 9.9973E-05 0.0101295 0.960573 0.0289973 9.9973E-05
0.393431 0.0745018 0.400846 0.0696508 9.9991E-05 0.0614698
0.517196 0.00955282 0.0420313 0.424348 9.9991E-05 0.00677231
0.237225 9.9982E-05 0.0115396 0.43654 0.314495 9.9982E-05
0.0153876 0.0132341 0.00122752 0.86439 0.105661 9.9991E-05
0.0520126 9.9973E-05 9.9973E-05 0.935285 9.9973E-05 0.012402
9.996E-05 0.9995 9.996E-05 9.996E-05 9.996E-05 9.996E-05
9.99639E-05 9.99639E-05 9.99639E-05 0.654736 0.344865 9.99639E-05
9.9964E-05 9.9964E-05 9.9964E-05 0.683616 0.315985 9.9964E-05
0.0732046 9.9973E-05 9.9973E-05 0.322715 0.603781 9.9973E-05
0.00431456 0.011611 9.9991E-05 0.282699 0.679454 0.0218207
0.0220491 9.9982E-05 0.00535755 0.238271 0.734123 9.9982E-05
0.0216002 9.9964E-05 9.9964E-05 0.978 9.9964E-05 9.9964E-05
9.9964E-05 9.9964E-05 9.9964E-05 0.691806 0.307794 9.9964E-05
9.9964E-05 9.9964E-05 9.9964E-05 0.959334 0.0402663 9.9964E-05
9.9973E-05 9.9973E-05 9.9973E-05 0.539335 0.459392 0.000973656
0.774243 9.9982E-05 0.0167147 0.139224 0.0696181 9.9982E-05
0.0550738 0.000721337 9.9973E-05 0.943905 9.9973E-05 9.9973E-05
0.132289 9.9982E-05 9.9982E-05 0.317788 0.478951 0.0707731
0.0727049 0.00816369 0.0212726 0.416468 0.481291 9.9991E-05
0.0992179 9.9982E-05 0.0102159 9.9982E-05 0.0341875 0.856179
0.00368413 9.9982E-05 0.00171992 0.972809 0.0215866 9.9982E-05
9.996E-05 9.996E-05 9.996E-05 0.9995 9.996E-05 9.996E-05
0.106492 0.00302775 0.0295086 0.152289 0.708582 9.9991E-05
9.996E-05 9.996E-05 0.9995 9.996E-05 9.996E-05 9.996E-05
0.0678417 0.0103267 0.0083998 0.155064 0.758268 9.9991E-05
9.9973E-05 9.9973E-05 9.9973E-05 0.833885 0.127877 0.0379388
0.0542099 0.00556293 9.9982E-05 0.922133 9.9982E-05 0.017894
9.9973E-05 9.9973E-05 9.9973E-05 0.280368 0.71231 0.00702249
9.996E-05 9.996E-05 0.9995 9.996E-05 9.996E-05 9.996E-05
0.314038 9.9973E-05 0.0346482 9.9973E-05 9.9973E-05 0.651014
0.000940497 9.9982E-05 0.00451789 0.756138 0.238204 9.9982E-05
9.9964E-05 9.9964E-05 9.9964E-05 0.842669 0.156931 9.9964E-05
0.00299784 9.9982E-05 9.9982E-05 0.349979 0.64338 0.00344262
0.024315 9.9973E-05 9.9973E-05 0.957662 9.9973E-05 0.0177231
0.518483 9.9982E-05 0.0411546 0.0365083 0.403654 9.9982E-05
0.174651 0.0956065 0.526858 0.0423543 0.0220119 0.138518
9.9982E-05 0.000835663 9.9982E-05 0.899524 0.0500715 0.0493689
9.9964E-05 9.9964E-05 9.9964E-05 0.643039 0.356562 9.9964E-05
9.996E-05 9.996E-05 9.996E-05 9.996E-05 9.996E-05 0.9995
9.9973E-05 9.9973E-05 0.00283726 0.907924 0.0889385 9.9973E-05
9.9964E-05 9.9964E-05 9.9964E-05 0.553793 0.445808 9.9964E-05
9.9964E-05 9.9964E-05 9.9964E-05 0.896344 0.103256 9.9964E-05
0.129482 0.0179539 9.9982E-05 0.28637 0.565994 9.9982E-05
0.150126 9.9982E-05 0.0148424 0.311507 0.523325 9.9982E-05
0.318116 9.9991E-05 0.00345556 0.191162 0.48093 0.00623692
0.609434 0.00732077 9.9982E-05 0.0790293 0.304016 9.9982E-05
9.9973E-05 9.9973E-05 9.9973E-05 0.714526 0.281755 0.00341881
9.9982E-05 9.9982E-05 0.00588707 0.934026 0.0493821 0.0105051
9.9982E-05 9.9982E-05 0.0234949 0.771898 0.20052 0.00388704
0.0788718 0.0592604 0.861568 9.9973E-05 9.9973E-05 9.9973E-05
0.0606719 9.9973E-05 9.9973E-05 0.911499 9.9973E-05 0.0275297
0.008442 0.0104216 0.967977 9.9991E-05 0.00416958 0.00888932
9.9973E-05 9.9973E-05 9.9973E-05 0.763415 0.235165 0.00111997
9.99639E-05 9.99639E-05 9.99639E-05 0.0561385 9.99639E-05 0.943462
0.0551172 9.9982E-05 9.9982E-05 0.172624 0.762887 0.00917185
0.3062 0.0140102 9.9982E-05 0.12038 0.559209 9.9982E-05
0.156267 0.0348673 9.9991E-05 0.155075 0.630525 0.0231664
9.9973E-05 9.9973E-05 9.9973E-05 0.655291 0.342823 0.001586
0.274008 9.9991E-05 0.0237638 0.278567 0.423012 0.000549692
0.0369681 9.9964E-05 9.9964E-05 0.962632 9.9964E-05 9.9964E-05
9.9982E-05 0.00126207 9.9982E-05 0.540354 0.445238 0.0129463
0.656473 0.0207003 0.00307675 0.31251 9.9991E-05 0.00714036
0.114835 9.9982E-05 0.0218951 0.755728 0.107341 9.9982E-05
0.0184688 0.00866714 9.9991E-05 0.893281 0.0699062 0.00957645
9.99729E-05 9.99729E-05 0.00852633 0.026384 9.99729E-05 0.96479
0.71986 9.9984E-05 9.9984E-05 0.117692 0.115043 0.0472051
9.9964E-05 9.9964E-05 9.9964E-05 9.9964E-05 0.0150774 0.984523
9.9973E-05 9.9973E-05 9.9973E-05 0.766523 0.229498 0.00367926
0.638421 0.00219458 9.9991E-05 0.254194 0.0503371 0.0547538
0.726613 9.9982E-05 9.9982E-05 0.230835 0.00109496 0.0412573
9.9982E-05 0.000101077 0.0179877 0.817809 0.163902 9.9982E-05
9.996E-05 9.996E-05 9.996E-05 0.9995 9.996E-05 9.996E-05
9.9964E-05 9.9964E-05 0.990245 9.9964E-05 9.9964E-05 0.00935497
0.779981 9.9973E-05 9.9973E-05 9.9973E-05 0.185261 0.0344584
9.9964E-05 9.9964E-05 9.9964E-05 0.796154 0.203446 9.9964E-05
0.362467 0.0305638 0.0413895 0.150081 9.9991E-05 0.4154
0.0441318 9.9973E-05 0.0096761 0.945892 9.9973E-05 9.9973E-05
9.996E-05 0.9995 9.996E-05 9.996E-05 9.996E-05 9.996E-05
0.0543033 0.00750256 0.0137462 0.879043 0.0453047 9.9991E-05
0.217214 0.616043 0.0227866 0.143756 9.9982E-05 9.9982E-05
0.0503676 0.00710525 0.0182877 0.215729 0.685082 0.0234284
0.0462307 0.00201811 9.9973E-05 0.951451 9.9973E-05 9.9973E-05
0.00526526 0.00705469 9.9973E-05 0.98738 9.9973E-05 9.9973E-05
0.663339 9.9982E-05 9.9982E-05 0.0414191 0.281993 0.0130488
0.105284 9.9982E-05 0.000152831 0.892198 9.9982E-05 0.00216534
9.9964E-05 9.9964E-05 9.9964E-05 9.9964E-05 0.0363271 0.963273
9.9973E-05 9.9973E-05 0.00351761 0.988169 9.9973E-05 0.00801341
9.996E-05 0.9995 9.996E-05 9.996E-05 9.996E-05 9.996E-05
9.996E-05 9.996E-05 9.996E-05 0.9995 9.996E-05 9.996E-05
0.13785 9.9982E-05 9.9982E-05 0.256477 0.576549 0.0289242
0.0775643 0.0084397 0.0295708 0.426622 0.457704 9.9991E-05
0.638013 9.9973E-05 9.9973E-05 0.0743811 0.287306 9.9973E-05
0.455198 0.0110731 0.0205631 0.31219 0.200876 9.9991E-05
0.658403 9.9991E-05 0.0609725 0.136487 0.136073 0.00796551
9.9964E-05 9.9964E-05 0.000804324 0.998796 9.9964E-05 9.9964E-05
9.9973E-05 9.9973E-05 9.9973E-05 0.44707 0.505061 0.047569
9.9964E-05 9.9964E-05 9.9964E-05 0.956461 0.0431389 9.9964E-05
0.262762 9.9991E-05 0.0364031 0.294788 0.353359 0.0525873
0.376825 0.00413523 9.9982E-05 0.0838696 0.53497 9.9982E-05
0.028917 0.0150855 9.9991E-05 0.90428 0.0260095 0.0256076
9.9973E-05 9.9973E-05 0.00564418 0.595608 0.398448 9.9973E-05
9.9982E-05 9.9982E-05 0.00131189 0.79439 0.189978 0.0141203
0.082425 9.9964E-05 9.9964E-05 0.917175 9.9964E-05 9.9964E-05
0.544058 0.0229066 0.0149425 0.373588 9.9991E-05 0.0444054
0.154511 0.00126872 0.0129421 0.422756 0.408422 9.9991E-05
0.265781 0.0203255 9.9991E-05 0.442309 0.252658 0.0188273
0.0542727 0.900325 0.0024106 9.9991E-05 0.0192989 0.0235924
0.0865482 9.9982E-05 0.000980221 0.909118 9.9982E-05 0.00315363
0.0293073 9.9964E-05 9.9964E-05 0.970293 9.9964E-05 9.9964E-05
0.00449618 0.0104082 9.9982E-05 0.919353 0.0655423 9.9982E-05
9.99639E-05 9.99639E-05 9.99639E-05 0.0219371 9.99639E-05 0.977663
0.0064328 0.0087579 9.9982E-05 0.817039 0.16757 9.9982E-05
0.710237 9.9973E-05 9.9973E-05 0.107989 0.181474 9.9973E-05
0.0272858 9.9991E-05 0.00391588 0.484886 0.456035 0.0277772
0.00969444 0.00714066 0.00223201 0.980733 9.9982E-05 9.9982E-05
0.0948819 9.9982E-05 9.9982E-05 0.862855 0.0322479 0.00981524
0.0131384 9.9964E-05 9.9964E-05 0.986462 9.9964E-05 9.9964E-05
0.661381 9.9982E-05 0.0248984 0.0912987 0.222222 9.9982E-05
0.117938 0.793571 0.0374102 0.0397438 9.9991E-05 0.0112361
0.824475 9.9964E-05 9.9964E-05 9.9964E-05 0.175126 9.9964E-05
9.9982E-05 9.9982E-05 0.0254442 0.631124 0.34156 0.00167119
0.0206828 0.947441 0.0295873 9.9982E-05 9.9982E-05 0.00208898
0.0735527 0.00674397 9.9991E-05 0.661805 0.219154 0.0386447
9.9964E-05 9.9964E-05 9.9964E-05 0.420804 0.578796 9.9964E-05
0.0769314 0.00311554 0.00607855 0.886942 9.9991E-05 0.026833
0.00861819 0.000456943 0.00603489 0.98469 9.9982E-05 9.9982E-05
0.0543669 0.00289049 0.0107508 0.931792 9.9982E-05 9.9982E-05
0.271451 9.9973E-05 9.9973E-05 0.525421 0.202828 9.9973E-05
9.99639E-05 9.99639E-05 9.99639E-05 0.0388847 9.99639E-05 0.960715
9.9964E-05 9.9964E-05 0.0028087 0.996791 9.9964E-05 9.9964E-05
0.32384 9.9973E-05 9.9973E-05 0.0936081 0.582252 9.9973E-05
9.9964E-05 9.9964E-05 9.9964E-05 0.567167 0.432433 9.9964E-05
9.9973E-05 0.00701179 9.9973E-05 0.026472 9.9973E-05 0.966216
0.530385 9.9973E-05 9.9973E-05 0.0225511 0.446764 9.9973E-05
0.743104 0.048255 0.00033425 0.208107 9.9982E-05 9.9982E-05
0.274621 9.9982E-05 9.9982E-05 0.237349 0.461881 0.0259486
9.9973E-05 9.9973E-05 0.00712409 0.0828898 9.9973E-05 0.909686
9.9964E-05 9.9964E-05 9.9964E-05 0.611218 0.388382 9.9964E-05
9.99639E-05 0.995928 0.00367205 9.99639E-05 9.99639E-05 9.99639E-05
9.9982E-05 0.00204734 0.0122992 0.658812 0.326641 9.9982E-05
9.9973E-05 9.9973E-05 0.0165249 0.951221 0.0319546 9.9973E-05
9.9964E-05 0.989878 9.9964E-05 9.9964E-05 0.00972258 9.9964E-05
9.9964E-05 9.9964E-05 9.9964E-05 0.921815 0.077785 9.9964E-05
0.0232912 0.0129318 0.88944 9.9991E-05 0.0309456 0.043291
0.0975428 9.9982E-05 0.0083921 0.332127 0.561738 9.9982E-05
0.0340802 9.9973E-05 9.9973E-05 0.950814 9.9973E-05 0.0148063
0.66059 0.000108036 9.9991E-05 0.0910103 0.184221 0.0639707
0.00610959 0.0169941 0.00108364 0.778436 0.197276 9.9991E-05
0.0645427 0.919776 0.0153814 9.9973E-05 9.9973E-05 9.9973E-05
0.122432 0.00372661 9.9991E-05 0.379083 0.488737 0.00592117
