0.993296 9.9991E-05 0.00660395
0.967499 0.0324007 9.9991E-05
0.986352 0.013548 9.9991E-05
0.956945 0.0226918 0.0203636
0.784488 9.9991E-05 0.215412
0.676659 0.117778 0.205562
0.765541 9.9991E-05 0.234359
0.784883 0.00318936 0.211928
0.961287 0.0386132 9.9991E-05
0.9998 9.999E-05 9.999E-05
0.865413 9.9991E-05 0.134487
0.799019 9.99911E-05 0.200881
0.917544 9.9991E-05 0.0823561
0.645897 0.135287 0.218816
0.990752 9.9991E-05 0.0091483
0.862822 0.051906 0.0852719
0.814339 9.99911E-05 0.185561
0.403761 0.470311 0.125928
0.968456 0.0314445 9.9991E-05
0.730294 0.0348341 0.234872
0.993461 0.00643881 9.9991E-05
0.860573 9.9991E-05 0.139327
0.879519 9.9991E-05 0.120381
0.104086 0.028862 0.867052
0.725842 0.05787 0.216288
0.896384 9.9991E-05 0.103516
0.835452 9.9991E-05 0.164448
0.986834 0.0130656 9.9991E-05
0.9998 9.999E-05 9.999E-05
0.9998 9.999E-05 9.999E-05
0.677991 0.0877719 0.234238
0.972318 0.0275818 9.9991E-05
0.981772 0.018128 9.9991E-05
0.685941 0.0991822 0.214877
0.988328 0.0115719 9.9991E-05
0.830714 0.0418275 0.127459
0.9998 9.999E-05 9.999E-05
0.741334 9.99911E-05 0.258566
0.666033 0.0368526 0.297115
0.835839 9.9991E-05 0.164061
0.651424 0.0966233 0.251953
0.973207 0.026693 9.9991E-05
0.9998 9.999E-05 9.999E-05
0.998794 0.00110586 9.9991E-05
0.967916 0.0284428 0.00364073
0.0255358 0.863988 0.110476
0.984037 0.0158629 9.9991E-05
0.9998 9.999E-05 9.999E-05
0.0286811 0.876274 0.0950448
0.9998 9.999E-05 9.999E-05
0.941053 9.9991E-05 0.0588466
0.9998 9.999E-05 9.999E-05
0.972456 9.9991E-05 0.0274441
0.76591 0.144925 0.0891658
0.824084 9.9991E-05 0.175816
0.887822 0.082278 0.0299001
0.993882 0.00601822 9.9991E-05
0.971312 0.0285884 9.9991E-05
0.994744 0.0051562 9.9991E-05
0.9998 9.999E-05 9.999E-05
0.9998 9.999E-05 9.999E-05
0.115916 0.0316642 0.852419
0.966247 0.0336527 9.9991E-05
0.844422 0.0107525 0.144826
0.976146 0.023754 9.9991E-05
0.971448 0.0284519 9.9991E-05
0.990538 9.9991E-05 0.00936205
0.9998 9.999E-05 9.999E-05
0.811019 9.99911E-05 0.188881
0.0064063 0.879802 0.113792
0.842166 9.9991E-05 0.157734
0.890266 0.0941768 0.0155569
0.980232 0.0196679 9.9991E-05
0.96872 0.0240705 0.00720938
0.978064 0.0218361 9.9991E-05
0.937274 0.0626264 9.9991E-05
0.988731 0.0111688 9.9991E-05
0.804737 9.9991E-05 0.195163
0.9998 9.999E-05 9.999E-05
0.206052 0.055755 0.738193
0.957667 9.9991E-05 0.0422326
0.986602 0.0132978 9.9991E-05
0.310983 0.48661 0.202407
0.708393 0.166964 0.124643
0.880385 0.0283214 0.0912931
0.963137 0.036763 9.9991E-05
0.983516 0.016384 9.9991E-05
9.999E-05 0.9998 9.999E-05
0.998258 9.9991E-05 0.00164222
0.993065 9.9991E-05 0.00683501
0.89689 9.9991E-05 0.10301
0.85209 9.99911E-05 0.14781
0.903943 9.99911E-05 0.095957
0.979959 0.0199414 9.9991E-05
0.9998 9.999E-05 9.999E-05
0.993376 0.00652388 9.9991E-05
0.945116 9.9991E-05 0.0547842
0.653026 0.125969 0.221004
0.972734 0.0271657 9.9991E-05
0.800176 9.9991E-05 0.199724
0.902841 0.00456397 0.0925948
0.0809378 0.0382337 0.880828
0.9998 9.999E-05 9.999E-05
0.994725 0.00517461 9.9991E-05
0.983599 0.0163012 9.9991E-05
0.854534 9.99911E-05 0.145366
0.0449808 0.86306 0.0919595
0.811944 9.99911E-05 0.187956
0.97385 9.9991E-05 0.02605
0.962132 0.037768 9.9991E-05
0.86714 9.99911E-05 0.13276
0.00448389 0.882477 0.113039
0.170429 0.107452 0.722118
0.98367 9.9991E-05 0.0162301
0.9998 9.999E-05 9.999E-05
0.889098 9.9991E-05 0.110802
0.973012 0.0268885 9.9991E-05
0.70277 0.0631113 0.234118
0.172121 0.577228 0.25065
0.979376 0.0205238 9.9991E-05
0.9998 9.999E-05 9.999E-05
0.0917403 9.9991E-05 0.90816
0.9998 9.999E-05 9.999E-05
0.97514 9.9991E-05 0.0247596
0.9998 9.999E-05 9.999E-05
0.849419 9.99911E-05 0.150481
0.856061 9.9991E-05 0.143839
0.798098 9.99911E-05 0.201802
0.702472 0.0758034 0.221725
0.985448 9.9991E-05 0.0144516
0.989932 0.00996773 9.9991E-05
0.980701 0.00776642 0.0115325
0.061134 0.81141 0.127456
0.976068 0.0233896 0.000541897
0.0208559 0.830864 0.14828
0.996784 9.9991E-05 0.00311648
0.14153 0.012515 0.845955
0.812106 9.9991E-05 0.187794
0.798052 9.99911E-05 0.201848
0.785595 9.99911E-05 0.214305
0.975387 9.9991E-05 0.0245132
0.807376 0.0191916 0.173433
0.983551 0.0163487 9.9991E-05
0.941077 9.9991E-05 0.0588232
0.687475 0.151019 0.161507
0.949013 0.0399057 0.0110814
0.974565 0.0253347 9.9991E-05
0.0987992 0.0312449 0.869956
0.625841 0.0971809 0.276978
0.0368697 0.0171881 0.945942
0.9998 9.999E-05 9.999E-05
0.661781 0.111823 0.226396
0.66773 0.114545 0.217725
0.98336 0.0165405 9.9991E-05
0.994422 0.00547773 9.9991E-05
0.0195428 0.841052 0.139405
0.609718 0.063884 0.326398
0.9998 9.999E-05 9.999E-05
0.361285 0.153119 0.485597
0.963533 0.0363673 9.9991E-05
9.999E-05 0.9998 9.999E-05
0.96695 0.0329502 9.9991E-05
0.269211 0.730689 9.9991E-05
0.823654 9.99911E-05 0.176246
0.975105 0.0247947 9.9991E-05
0.971661 0.0282393 9.9991E-05
0.666594 0.0717285 0.261677
0.96051 0.0393904 9.9991E-05
0.0756785 9.9991E-05 0.924221
0.995423 0.00447735 9.9991E-05
9.999E-05 0.9998 9.999E-05
0.986595 0.0133054 9.9991E-05
0.826935 9.9991E-05 0.172965
0.899205 0.0024119 0.098383
0.682122 0.0543731 0.263505
0.774891 0.0805583 0.14455
0.644295 0.128741 0.226963
0.991482 0.0084177 9.9991E-05
0.886879 9.9991E-05 0.113021
0.991787 0.00811254 9.9991E-05
0.768744 0.0135445 0.217712
0.761209 9.99911E-05 0.238691
0.964996 0.0349045 9.9991E-05
0.973705 9.9991E-05 0.0261948
0.990911 0.00898923 9.9991E-05
0.981279 0.0186213 9.9991E-05
0.686037 0.145643 0.16832
0.873766 0.00895819 0.117276
0.846091 0.0382787 0.115631
0.0240414 0.962677 0.0132812
0.961191 0.0387094 9.9991E-05
0.990938 0.00896234 9.9991E-05
0.984005 0.0158954 9.9991E-05
0.128458 0.0217812 0.84976
0.9998 9.999E-05 9.999E-05
0.687754 0.0682348 0.244011
0.911858 9.9991E-05 0.0880415
0.968514 0.0313863 9.9991E-05
0.979671 0.0145779 0.00575098
0.99275 0.00715009 9.9991E-05
0.66529 0.0821341 0.252576
0.0981072 0.886173 0.0157195
0.631967 0.0838291 0.284204
0.953901 0.00495034 0.0411485
9.999E-05 0.9998 9.999E-05
0.92409 0.00913851 0.0667719
0.921638 9.9991E-05 0.0782616
0.946011 0.0459632 0.00802577
0.976954 0.0229463 9.9991E-05
0.963839 0.0360614 9.9991E-05
0.892608 0.0249828 0.0824096
0.125293 0.0222216 0.852485
0.994987 0.00491289 9.9991E-05
0.771298 9.99911E-05 0.228602
0.961021 9.9991E-05 0.0388794
0.0944268 0.0381565 0.867417
0.735813 9.99911E-05 0.264087
0.647537 0.176032 0.176431
0.792218 9.9991E-05 0.207682
0.163847 0.0111523 0.825001
0.9998 9.999E-05 9.999E-05
9.999E-05 0.9998 9.999E-05
0.971038 9.9991E-05 0.0288619
0.981592 0.0183077 9.9991E-05
9.999E-05 0.9998 9.999E-05
0.9998 9.999E-05 9.999E-05
0.0602184 0.776948 0.162834
0.913497 9.99911E-05 0.0864029
0.976605 0.0232951 9.9991E-05
0.638398 0.0720836 0.289518
0.97612 0.0237801 9.9991E-05
0.00561308 0.994287 9.9991E-05
0.878809 9.9991E-05 0.121091
