9.9955E-05 0.00943529 0.608284 9.9955E-05 9.9955E-05 9.9955E-05 0.351555 9.9955E-05 0.0302264
9.9946E-05 9.9946E-05 0.969618 9.9946E-05 9.9946E-05 9.9946E-05 9.9946E-05 0.00761695 0.022165
9.9955E-05 9.9955E-05 0.946999 9.9955E-05 0.0171553 9.9955E-05 0.0316422 0.00370395 9.9955E-05
9.9973E-05 0.014822 0.547386 0.00573581 9.9973E-05 0.0403338 0.353155 9.9973E-05 0.0382674
9.9964E-05 9.9964E-05 0.151602 9.9964E-05 0.0275865 0.444702 0.35285 0.0228593 9.9964E-05
9.9964E-05 0.00809289 0.123193 9.9964E-05 9.9964E-05 0.146151 0.0460687 9.9964E-05 0.676095
0.442707 9.9964E-05 0.178203 9.9964E-05 9.9964E-05 0.213001 9.9964E-05 0.0108309 0.154858
9.9955E-05 9.9955E-05 9.9955E-05 0.000325478 9.9955E-05 0.501423 0.474667 9.9955E-05 0.0230851
0.0165218 0.014281 0.925858 0.00794034 0.00717196 9.9973E-05 0.0279268 9.9973E-05 9.9973E-05
9.9937E-05 9.9937E-05 0.711199 9.9937E-05 9.9937E-05 9.9937E-05 0.288102 9.9937E-05 9.9937E-05
0.402432 9.9955E-05 0.193186 9.9955E-05 9.9955E-05 9.9955E-05 0.361739 0.0421437 9.9955E-05
0.410273 0.00221478 9.9964E-05 9.9964E-05 0.011828 9.9964E-05 0.48012 9.9964E-05 0.0951648
0.204775 9.9955E-05 0.172088 9.9955E-05 9.9955E-05 0.124349 0.498288 9.9955E-05 9.9955E-05
9.99549E-05 9.99549E-05 0.069265 9.99549E-05 9.99549E-05 0.12684 9.99549E-05 0.00550084 0.797894
9.9955E-05 0.00721384 0.431509 9.9955E-05 9.9955E-05 9.9955E-05 0.548098 0.012679 9.9955E-05
0.0565827 9.9973E-05 0.474442 0.0100579 9.9973E-05 0.136692 0.130922 9.9973E-05 0.191004
0.646455 9.9964E-05 0.158391 9.9964E-05 9.9964E-05 0.0291089 0.117347 9.9964E-05 0.0482983
9.9964E-05 0.332224 0.162247 0.0132645 9.9964E-05 9.9964E-05 9.9964E-05 0.194142 0.297723
9.9946E-05 9.9946E-05 0.939995 9.9946E-05 9.9946E-05 9.9946E-05 9.9946E-05 0.0135301 0.0458752
0.422662 9.9982E-05 0.0684476 0.0215701 0.0242117 0.0516488 0.140504 9.9982E-05 0.270756
9.9955E-05 9.9955E-05 0.891991 9.9955E-05 0.0108864 0.00821171 0.0884115 9.9955E-05 9.9955E-05
0.492807 9.9955E-05 0.160325 9.9955E-05 0.000752392 9.9955E-05 0.345615 9.9955E-05 9.9955E-05
0.127481 0.00421079 0.190256 9.9973E-05 0.0078642 0.121886 0.548003 9.9973E-05 9.9973E-05
0.0118862 0.00963989 9.99551E-05 9.99551E-05 0.89146 9.99551E-05 0.0865146 9.99551E-05 9.99551E-05
0.244813 9.9964E-05 0.226165 9.9964E-05 0.0112267 9.9964E-05 0.480289 0.0371055 9.9964E-05
0.32684 9.9973E-05 0.185707 9.9973E-05 9.9973E-05 0.218081 0.228408 0.0291921 0.0114716
9.9946E-05 0.000612266 0.86062 9.9946E-05 9.9946E-05 9.9946E-05 0.138168 9.9946E-05 9.9946E-05
9.9937E-05 9.9937E-05 0.73393 9.9937E-05 9.9937E-05 9.9937E-05 0.265371 9.9937E-05 9.9937E-05
9.99388E-05 9.99388E-05 0.974589 9.99388E-05 9.99388E-05 9.99388E-05 0.0247116 9.99388E-05 9.99388E-05
0.0120619 9.9973E-05 0.00524513 9.9973E-05 9.9973E-05 0.0924286 0.173977 0.0323262 0.683661
9.9946E-05 9.9946E-05 0.946266 9.9946E-05 9.9946E-05 0.0295292 9.9946E-05 9.9946E-05 0.0236056
9.9937E-05 9.9937E-05 0.973435 9.9937E-05 9.9937E-05 0.0258659 9.9937E-05 9.9937E-05 9.9937E-05
9.9964E-05 0.00408771 0.193474 0.00190064 9.9964E-05 0.532127 9.9964E-05 9.9964E-05 0.268011
0.00531298 9.9955E-05 0.972078 9.9955E-05 0.00671789 9.9955E-05 9.9955E-05 9.9955E-05 0.0153917
0.319566 9.9982E-05 0.171628 0.0049465 9.9982E-05 0.130238 0.170093 0.0281063 0.175223
9.9937E-05 9.9937E-05 0.484601 9.9937E-05 9.9937E-05 9.9937E-05 0.514699 9.9937E-05 9.9937E-05
0.5373 9.9964E-05 9.9964E-05 0.0115399 0.0170436 9.9964E-05 0.215448 9.9964E-05 0.218268
0.103998 0.00424591 0.118652 0.00212942 0.00706238 0.763613 9.99729E-05 9.99729E-05 9.99729E-05
0.0656996 9.9964E-05 0.0651758 9.9964E-05 0.0510944 0.172423 0.645207 9.9964E-05 9.9964E-05
0.0467219 9.9955E-05 9.9955E-05 9.9955E-05 9.9955E-05 0.0336363 0.162629 9.9955E-05 0.756513
9.9955E-05 9.9955E-05 0.976534 0.00516463 0.0104856 0.00731576 9.9955E-05 9.9955E-05 9.9955E-05
0.010314 9.9946E-05 0.765921 9.9946E-05 9.9946E-05 9.9946E-05 0.223166 9.9946E-05 9.9946E-05
9.9946E-05 9.9946E-05 0.680556 9.9946E-05 9.9946E-05 9.9946E-05 0.288637 0.0302077 9.9946E-05
9.9964E-05 0.0204739 0.666333 9.9964E-05 9.9964E-05 0.0186486 0.240659 9.9964E-05 0.0534849
9.993E-05 0.999201 9.993E-05 9.993E-05 9.993E-05 9.993E-05 9.993E-05 9.993E-05 9.993E-05
0.0536468 9.9955E-05 0.880575 9.9955E-05 9.9955E-05 0.0643679 9.9955E-05 0.000910394 9.9955E-05
9.9937E-05 9.9937E-05 0.831016 9.9937E-05 9.9937E-05 9.9937E-05 0.168284 9.9937E-05 9.9937E-05
9.993E-05 0.999201 9.993E-05 9.993E-05 9.993E-05 9.993E-05 9.993E-05 9.993E-05 9.993E-05
9.99369E-05 9.99369E-05 0.53707 9.99369E-05 9.99369E-05 9.99369E-05 0.46223 9.99369E-05 9.99369E-05
0.178204 9.9964E-05 0.337825 0.00520409 9.9964E-05 9.9964E-05 0.436091 9.9964E-05 0.0422752
9.9946E-05 0.00356014 0.661604 9.9946E-05 9.9946E-05 9.9946E-05 0.334237 9.9946E-05 9.9946E-05
9.9955E-05 9.9955E-05 0.46697 9.9955E-05 0.00415094 0.0526033 0.475776 9.9955E-05 9.9955E-05
9.99639E-05 0.0305397 0.452808 9.99639E-05 0.0021925 9.99639E-05 9.99639E-05 0.0117994 0.502261
0.0205485 9.9982E-05 0.17859 9.9982E-05 0.0552969 0.101094 0.503867 0.0125877 0.127816
9.996E-05 9.996E-05 0.755217 0.0255054 0.0312363 9.996E-05 9.996E-05 0.000126994 0.187514
9.9946E-05 0.00177314 0.890525 9.9946E-05 9.9946E-05 9.9946E-05 0.107102 9.9946E-05 9.9946E-05
0.0174728 0.00500092 0.964322 0.00197104 9.9964E-05 9.9964E-05 9.9964E-05 9.9964E-05 0.0108331
9.9982E-05 0.00620333 0.676195 9.9982E-05 0.0040225 0.00354159 0.304025 0.0040765 0.0017361
9.9937E-05 9.9937E-05 0.691946 9.9937E-05 9.9937E-05 9.9937E-05 0.307355 9.9937E-05 9.9937E-05
9.9946E-05 9.9946E-05 0.926931 9.9946E-05 9.9946E-05 0.00142801 0.0710415 9.9946E-05 9.9946E-05
0.0530111 9.99641E-05 9.99641E-05 0.0236925 0.815556 9.99641E-05 9.99641E-05 0.0106118 0.0967292
0.0276878 9.9955E-05 0.949905 0.0112633 0.0106446 9.9955E-05 9.9955E-05 9.9955E-05 9.9955E-05
0.0286359 9.9973E-05 0.13893 0.0139934 0.0313896 9.9973E-05 0.544276 9.9973E-05 0.242475
0.00626627 0.0156365 0.932585 9.9964E-05 9.9964E-05 9.9964E-05 0.0374736 0.00763891 9.9964E-05
9.9937E-05 9.9937E-05 0.995381 0.00391937 9.9937E-05 9.9937E-05 9.9937E-05 9.9937E-05 9.9937E-05
9.9964E-05 0.00419538 0.580763 9.9964E-05 9.9964E-05 0.00618422 0.387643 0.0208146 9.9964E-05
0.0422414 9.9946E-05 0.605712 9.9946E-05 9.9946E-05 9.9946E-05 0.351447 9.9946E-05 9.9946E-05
0.781545 9.9955E-05 0.192075 9.9955E-05 0.0236098 0.00227025 9.9955E-05 9.9955E-05 9.9955E-05
9.993E-05 0.999201 9.993E-05 9.993E-05 9.993E-05 9.993E-05 9.993E-05 9.993E-05 9.993E-05
9.9955E-05 9.9955E-05 0.168228 9.9955E-05 0.00251195 0.398281 0.430479 9.9955E-05 9.9955E-05
9.99639E-05 9.99639E-05 0.815554 0.0162629 0.02151 9.99639E-05 9.99639E-05 0.0114883 0.134785
9.9964E-05 0.00183643 0.752084 0.00971049 0.0197897 9.9964E-05 0.21618 9.9964E-05 9.9964E-05
9.9946E-05 9.9946E-05 0.954379 9.9946E-05 0.0392791 9.9946E-05 9.9946E-05 9.9946E-05 0.0057421
9.9946E-05 0.00603072 0.990028 0.00334183 9.9946E-05 9.9946E-05 9.9946E-05 9.9946E-05 9.9946E-05
9.9964E-05 0.028533 0.92783 0.00228279 9.9964E-05 0.0220932 9.9964E-05 9.9964E-05 0.0188612
0.028291 0.00263839 0.957282 0.00153181 9.9964E-05 9.9964E-05 0.00985667 9.9964E-05 9.9964E-05
0.369214 9.9982E-05 0.059934 9.9982E-05 0.00835711 0.000958772 0.327516 0.0528202 0.180999
0.0395715 9.9946E-05 0.939832 9.9946E-05 9.9946E-05 9.9946E-05 0.0199973 9.9946E-05 9.9946E-05
0.0642662 9.9955E-05 9.9955E-05 9.9955E-05 0.674699 9.9955E-05 9.9955E-05 0.0445107 0.216024
9.9964E-05 0.00176463 0.453217 0.00016097 0.0301872 9.9964E-05 0.51427 9.9964E-05 9.9964E-05
9.99637E-05 0.00211249 0.885004 9.99637E-05 9.99637E-05 9.99637E-05 0.105367 0.00701677 9.99637E-05
9.99459E-05 9.99459E-05 0.0241884 9.99459E-05 9.99459E-05 9.99459E-05 9.99459E-05 0.968001 0.00721044
9.9955E-05 0.0414433 0.381946 0.00108154 9.9955E-05 9.9955E-05 9.9955E-05 9.9955E-05 0.575029
9.9964E-05 0.00314784 0.331049 9.9964E-05 9.9964E-05 0.285074 0.310092 9.9964E-05 0.0702365
9.9955E-05 9.9955E-05 0.759666 0.0133784 9.9955E-05 9.9955E-05 0.205158 9.9955E-05 0.021297
9.9955E-05 9.9955E-05 0.952497 9.9955E-05 0.0100799 9.9955E-05 9.9955E-05 0.00987935 0.0270443
9.993E-05 9.993E-05 9.993E-05 0.999201 9.993E-05 9.993E-05 9.993E-05 9.993E-05 9.993E-05
9.99459E-05 0.0103492 0.45628 9.99459E-05 9.99459E-05 9.99459E-05 0.532771 9.99459E-05 9.99459E-05
9.9937E-05 9.9937E-05 0.50513 9.9937E-05 9.9937E-05 9.9937E-05 0.49417 9.9937E-05 9.9937E-05
0.390078 9.9955E-05 0.17917 9.9955E-05 9.9955E-05 0.0346111 0.395642 9.9955E-05 9.9955E-05
0.303437 9.9973E-05 0.0479191 0.00899302 0.0103185 9.9973E-05 0.567769 9.9973E-05 0.0612634
0.682801 9.9946E-05 0.11427 9.9946E-05 9.9946E-05 9.9946E-05 0.202329 9.9946E-05 9.9946E-05
9.9937E-05 9.9937E-05 0.985294 9.9937E-05 0.0140068 9.9937E-05 9.9937E-05 9.9937E-05 9.9937E-05
9.9946E-05 9.9946E-05 0.463003 9.9946E-05 9.9946E-05 9.9946E-05 0.525503 0.0108939 9.9946E-05
9.9937E-05 9.9937E-05 0.86232 9.9937E-05 9.9937E-05 9.9937E-05 0.13698 9.9937E-05 9.9937E-05
9.9946E-05 9.9946E-05 0.230726 9.9946E-05 9.9946E-05 9.9946E-05 0.690176 9.9946E-05 0.078498
0.150952 0.00663094 0.0356959 9.9964E-05 9.9964E-05 9.9964E-05 9.9964E-05 0.0116979 0.794623
9.9964E-05 9.9964E-05 0.960293 9.9964E-05 0.0123486 0.00467782 9.9964E-05 0.00166895 0.0206119
0.118853 9.997E-05 0.0648344 9.997E-05 0.0455081 0.0411395 0.55914 9.997E-05 0.170225
0.0408208 0.0226874 0.182628 0.00238868 9.9982E-05 0.110672 0.599808 9.9982E-05 0.040796
9.99461E-05 9.99461E-05 9.99461E-05 9.99461E-05 0.844719 0.0914761 9.99461E-05 0.0632056 9.99461E-05
0.0205502 9.9946E-05 0.941644 9.9946E-05 9.9946E-05 9.9946E-05 0.0372063 9.9946E-05 9.9946E-05
9.993E-05 9.993E-05 0.999201 9.993E-05 9.993E-05 9.993E-05 9.993E-05 9.993E-05 9.993E-05
0.534863 0.0181992 0.0299404 9.99639E-05 9.99639E-05 0.123858 0.29274 9.99639E-05 9.99639E-05
9.9937E-05 0.994327 9.9937E-05 9.9937E-05 9.9937E-05 9.9937E-05 9.9937E-05 0.00497356 9.9937E-05
0.836092 0.0115979 0.0654172 9.9955E-05 9.9955E-05 9.9955E-05 0.0863933 9.9955E-05 9.9955E-05
9.9955E-05 9.9955E-05 0.696237 9.9955E-05 0.0277258 9.9955E-05 0.264673 0.0108643 9.9955E-05
9.9955E-05 9.9955E-05 0.932696 0.00531113 0.0227382 9.9955E-05 9.9955E-05 9.9955E-05 0.038755
0.507341 9.9946E-05 0.0789009 9.9946E-05 9.9946E-05 9.9946E-05 0.413158 9.9946E-05 9.9946E-05
9.993E-05 0.999201 9.993E-05 9.993E-05 9.993E-05 9.993E-05 9.993E-05 9.993E-05 9.993E-05
9.9955E-05 9.9955E-05 9.9955E-05 9.9955E-05 0.62461 0.0172157 9.9955E-05 0.0790951 0.27858
0.148141 0.0011243 0.625304 9.9964E-05 9.9964E-05 9.9964E-05 0.213422 9.9964E-05 0.0116083
9.9937E-05 9.9937E-05 0.695144 9.9937E-05 9.9937E-05 9.9937E-05 0.304157 9.9937E-05 9.9937E-05
0.390636 9.9946E-05 0.171764 9.9946E-05 9.9946E-05 9.9946E-05 0.437 9.9946E-05 9.9946E-05
9.9946E-05 9.9946E-05 0.959793 9.9946E-05 0.0267811 0.0128265 9.9946E-05 9.9946E-05 9.9946E-05
0.246447 9.9955E-05 0.138966 9.9955E-05 9.9955E-05 0.509776 9.9955E-05 0.104311 9.9955E-05
9.99369E-05 0.048935 9.99369E-05 9.99369E-05 9.99369E-05 9.99369E-05 9.99369E-05 0.950365 9.99369E-05
9.9946E-05 9.9946E-05 0.824876 9.9946E-05 0.0406729 9.9946E-05 0.133852 9.9946E-05 9.9946E-05
0.10678 0.00285735 0.470122 9.99549E-05 9.99549E-05 9.99549E-05 0.419741 9.99549E-05 9.99549E-05
9.993E-05 9.993E-05 9.993E-05 9.993E-05 0.999201 9.993E-05 9.993E-05 9.993E-05 9.993E-05
0.0590341 0.0061713 0.835693 9.9955E-05 9.9955E-05 9.9955E-05 0.0986016 9.9955E-05 9.9955E-05
0.0200582 9.9946E-05 0.34068 9.9946E-05 9.9946E-05 9.9946E-05 0.638662 9.9946E-05 9.9946E-05
9.9946E-05 0.000624084 0.752188 9.9946E-05 9.9946E-05 9.9946E-05 0.246588 9.9946E-05 9.9946E-05
0.678082 9.9964E-05 0.269883 0.00709703 9.9964E-05 0.0367371 9.9964E-05 0.00780177 9.9964E-05
0.221189 9.9964E-05 0.164445 9.9964E-05 9.9964E-05 0.288922 0.31751 0.00753371 9.9964E-05
9.9964E-05 9.9964E-05 0.0340858 9.9964E-05 9.9964E-05 0.282934 0.507947 0.020584 0.154049
0.411696 9.99549E-05 9.99549E-05 0.0126823 9.99549E-05 9.99549E-05 0.00445731 9.99549E-05 0.570665
9.9955E-05 9.9955E-05 0.479406 9.9955E-05 0.027265 9.9955E-05 0.489731 0.0030989 9.9955E-05
9.995E-05 0.00584134 0.824225 9.995E-05 0.0118853 9.995E-05 0.157549 9.995E-05 9.995E-05
9.99549E-05 0.0234768 0.590916 9.99549E-05 0.0192929 9.99549E-05 0.365815 9.99549E-05 9.99549E-05
0.018284 0.749794 9.9964E-05 0.0468674 9.9964E-05 9.9964E-05 9.9964E-05 0.177354 0.00730097
0.00944014 9.9973E-05 0.902852 9.9973E-05 0.0220134 9.9973E-05 0.00671112 0.00123275 0.0574503
9.9964E-05 0.923756 9.9964E-05 0.0144375 0.0151952 0.0358268 9.9964E-05 0.0103843 9.9964E-05
9.9946E-05 9.9946E-05 0.582051 9.9946E-05 9.9946E-05 9.9946E-05 0.401071 0.0162781 9.9946E-05
9.99369E-05 9.99369E-05 0.0468918 9.99369E-05 0.952409 9.99369E-05 9.99369E-05 9.99369E-05 9.99369E-05
0.557909 9.99639E-05 0.00289393 9.99639E-05 0.00804839 9.99639E-05 0.419076 0.0116729 9.99639E-05
0.732003 9.9955E-05 0.109036 0.00864028 9.9955E-05 9.9955E-05 9.9955E-05 9.9955E-05 0.149821
0.613164 9.998E-05 0.0992653 0.0253143 0.0240619 0.0121973 0.196124 0.0296734 9.998E-05
9.9955E-05 9.9955E-05 0.454574 9.9955E-05 0.000365889 0.0343851 0.510175 9.9955E-05 9.9955E-05
0.2547 0.0118684 0.228197 9.9991E-05 0.000474081 0.210559 0.190806 0.0319661 0.0713295
9.9946E-05 9.9946E-05 0.934939 9.9946E-05 9.9946E-05 9.9946E-05 0.0562213 9.9946E-05 0.00824025
0.124841 0.00104932 0.31865 0.0115039 0.0118784 9.9982E-05 0.509994 9.9982E-05 0.0218836
9.99549E-05 9.99549E-05 0.225337 0.0130014 9.99549E-05 9.99549E-05 9.99549E-05 0.0275428 0.733619
9.9982E-05 0.00532867 0.697416 0.00502774 9.9982E-05 0.0803989 0.161924 0.000259499 0.0494451
9.9973E-05 0.00536469 0.777017 0.00464018 0.0140871 9.9973E-05 0.166895 9.9973E-05 0.0316965
9.99549E-05 0.0100243 0.0398429 9.99549E-05 0.949058 9.99549E-05 9.99549E-05 9.99549E-05 0.000575063
9.9964E-05 9.9964E-05 0.0700711 9.9964E-05 0.049723 0.303726 0.0409742 9.9964E-05 0.535106
0.00824223 9.99371E-05 9.99371E-05 9.99371E-05 0.991058 9.99371E-05 9.99371E-05 9.99371E-05 9.99371E-05
9.9946E-05 0.00166818 0.593813 9.9946E-05 9.9946E-05 9.9946E-05 0.40392 9.9946E-05 9.9946E-05
9.996E-05 9.996E-05 0.0981742 9.996E-05 0.0253611 9.996E-05 0.133434 0.0517804 0.69085
9.9973E-05 0.00324713 0.192804 9.9973E-05 0.00739076 0.0898939 0.00776895 9.9973E-05 0.698595
0.00023122 0.0262579 0.689975 9.9973E-05 0.00189491 9.9973E-05 0.276402 0.00493823 9.9973E-05
0.011817 9.9946E-05 0.984134 0.00344908 9.9946E-05 9.9946E-05 9.9946E-05 9.9946E-05 9.9946E-05
9.9946E-05 0.965628 9.9946E-05 9.9946E-05 0.0154869 9.9946E-05 9.9946E-05 0.018285 9.9946E-05
0.258687 9.9955E-05 9.9955E-05 9.9955E-05 0.0239906 0.0569699 9.9955E-05 9.9955E-05 0.659853
9.99459E-05 0.00751194 0.634317 9.99459E-05 9.99459E-05 9.99459E-05 0.357571 9.99459E-05 9.99459E-05
9.99639E-05 0.0435179 0.122271 0.0230796 0.417874 9.99639E-05 9.99639E-05 9.99639E-05 0.392857
9.9964E-05 0.00536324 0.949651 0.000325173 9.9964E-05 9.9964E-05 9.9964E-05 0.00363822 0.0406229
9.993E-05 9.993E-05 9.993E-05 0.999201 9.993E-05 9.993E-05 9.993E-05 9.993E-05 9.993E-05
9.9964E-05 0.00246467 0.812005 9.9964E-05 9.9964E-05 9.9964E-05 0.133774 0.0223197 0.0290368
9.9955E-05 9.9955E-05 0.087875 0.571982 9.9955E-05 9.9955E-05 9.9955E-05 0.134806 0.204837
0.478184 0.0205031 0.0345076 0.000230098 0.0134431 0.0537196 0.399212 9.9982E-05 9.9982E-05
0.00224046 9.9955E-05 0.957203 0.00520235 9.9955E-05 9.9955E-05 9.9955E-05 9.9955E-05 0.0348545
9.9937E-05 9.9937E-05 0.976519 9.9937E-05 9.9937E-05 0.0227814 9.9937E-05 9.9937E-05 9.9937E-05
0.136807 9.9973E-05 0.12734 0.0102112 0.00136985 0.538453 9.9973E-05 9.9973E-05 0.185519
9.9955E-05 9.9955E-05 0.909322 9.9955E-05 0.00582735 0.00139917 9.9955E-05 9.9955E-05 0.0829517
0.00100724 9.99551E-05 9.99551E-05 9.99551E-05 0.976784 0.00123431 0.0204742 9.99551E-05 9.99551E-05
9.9955E-05 0.00298392 0.979617 9.9955E-05 0.000891118 9.9955E-05 0.0160077 9.9955E-05 9.9955E-05
9.993E-05 9.993E-05 9.993E-05 0.999201 9.993E-05 9.993E-05 9.993E-05 9.993E-05 9.993E-05
9.993E-05 9.993E-05 0.999201 9.993E-05 9.993E-05 9.993E-05 9.993E-05 9.993E-05 9.993E-05
0.14091 9.9955E-05 9.9955E-05 9.9955E-05 0.00219547 9.9955E-05 0.637658 9.9955E-05 0.218737
0.155693 0.0129847 0.303781 0.0149046 9.9973E-05 0.136165 0.376173 9.9973E-05 9.9973E-05
9.9964E-05 9.9964E-05 0.166353 9.9964E-05 0.020726 0.689333 0.00805933 9.9964E-05 0.115128
9.9982E-05 0.00273291 0.336155 0.00996599 0.00264737 0.511425 0.096855 0.0400184 9.9982E-05
9.9973E-05 0.0218739 0.0601308 9.9973E-05 9.9973E-05 0.180166 0.135007 0.0442514 0.558271
9.9937E-05 9.9937E-05 0.98728 9.9937E-05 9.9937E-05 0.0120205 9.9937E-05 9.9937E-05 9.9937E-05
0.229966 9.99639E-05 0.255796 9.99639E-05 0.0435705 9.99639E-05 0.457743 0.0125253 9.99639E-05
9.9946E-05 9.9946E-05 0.86724 0.000759708 9.9946E-05 9.9946E-05 0.131401 9.9946E-05 9.9946E-05
9.9973E-05 0.00981798 0.0240535 9.9973E-05 0.0384562 9.9973E-05 0.547044 0.0287077 0.351621
0.569987 9.9955E-05 0.00460052 9.9955E-05 9.9955E-05 9.9955E-05 0.120715 9.9955E-05 0.304197
9.9973E-05 9.9973E-05 0.839822 0.0132414 0.00896818 9.9973E-05 0.10847 0.0039126 0.0252855
9.9946E-05 0.0138412 0.320718 9.9946E-05 9.9946E-05 9.9946E-05 0.664841 9.9946E-05 9.9946E-05
9.9955E-05 0.0039173 0.633535 9.9955E-05 0.0143628 9.9955E-05 0.347685 9.9955E-05 9.9955E-05
0.0379263 9.9946E-05 0.915705 9.9946E-05 9.9946E-05 9.9946E-05 9.9946E-05 9.9946E-05 0.0457691
9.9964E-05 0.0115884 0.342113 0.0140976 0.0400704 9.9964E-05 9.9964E-05 9.9964E-05 0.591731
0.0610225 0.00568174 0.266232 0.000275254 9.9982E-05 0.205082 0.428806 9.9982E-05 0.0327008
9.9973E-05 9.9973E-05 0.375391 0.0230712 0.0172842 0.241097 0.273202 9.9973E-05 0.069655
9.9955E-05 9.9955E-05 9.9955E-05 0.870871 0.0168467 0.0380043 9.9955E-05 0.0737786 9.9955E-05
9.9955E-05 9.9955E-05 0.92001 9.9955E-05 0.00981432 0.00448111 9.9955E-05 9.9955E-05 0.0651945
9.9937E-05 9.9937E-05 0.961192 9.9937E-05 9.9937E-05 9.9937E-05 9.9937E-05 9.9937E-05 0.0381081
9.9955E-05 9.9955E-05 0.850265 0.00228149 9.9955E-05 0.0234944 0.123459 9.9955E-05 9.9955E-05
9.99459E-05 0.00518929 0.0399103 9.99459E-05 0.954301 9.99459E-05 9.99459E-05 9.99459E-05 9.99459E-05
9.9964E-05 9.9964E-05 0.647384 0.0123855 9.9964E-05 0.0232179 0.286675 9.9964E-05 0.0299386
9.9946E-05 9.9946E-05 0.192907 9.9946E-05 9.9946E-05 0.627317 9.9946E-05 9.9946E-05 0.179176
0.215507 9.9973E-05 0.333952 9.9973E-05 0.00988092 0.0465999 0.385181 0.00857971 9.9973E-05
9.9955E-05 9.9955E-05 0.977478 9.9955E-05 0.00403807 9.9955E-05 9.9955E-05 0.0085297 0.00945477
0.0376002 9.9964E-05 0.817238 9.9964E-05 0.0157793 9.9964E-05 0.0462957 9.9964E-05 0.0826872
9.9937E-05 9.9937E-05 0.997437 9.9937E-05 9.9937E-05 9.9937E-05 0.00186307 9.9937E-05 9.9937E-05
9.9955E-05 0.0327445 0.226076 9.9955E-05 9.9955E-05 0.73918 9.9955E-05 9.9955E-05 0.00149929
9.9964E-05 9.9964E-05 0.0134165 0.760325 0.0268911 9.9964E-05 9.9964E-05 0.124798 0.0741694
0.120932 9.9946E-05 9.9946E-05 9.9946E-05 9.9946E-05 0.454796 9.9946E-05 9.9946E-05 0.423673
0.109129 0.0188752 0.506334 9.9973E-05 9.9973E-05 0.03625 0.323968 0.00514431 9.9973E-05
9.9946E-05 0.0131002 9.9946E-05 0.950804 9.9946E-05 9.9946E-05 9.9946E-05 9.9946E-05 0.0354963
9.9982E-05 9.9982E-05 0.498889 0.00929602 0.0210719 0.0409224 0.330175 0.0100608 0.0893843
0.393102 9.99459E-05 0.249471 9.99459E-05 9.99459E-05 9.99459E-05 0.356827 9.99459E-05 9.99459E-05
0.0157773 9.9973E-05 0.869996 0.00227752 0.0225341 9.9973E-05 9.9973E-05 0.015032 0.0740836
9.9946E-05 0.00486814 0.991119 9.9946E-05 9.9946E-05 9.9946E-05 9.9946E-05 9.9946E-05 0.00341298
9.9955E-05 0.0105354 0.940231 9.9955E-05 0.00142065 0.0473128 9.9955E-05 9.9955E-05 9.9955E-05
9.9955E-05 9.9955E-05 0.369375 9.9955E-05 9.9955E-05 0.0716156 0.303362 9.9955E-05 0.255148
9.99369E-05 9.99369E-05 0.061879 9.99369E-05 0.937421 9.99369E-05 9.99369E-05 9.99369E-05 9.99369E-05
9.9946E-05 9.9946E-05 0.939355 9.9946E-05 9.9946E-05 9.9946E-05 0.0588285 0.00121718 9.9946E-05
0.76663 9.9946E-05 0.074241 9.9946E-05 9.9946E-05 9.9946E-05 9.9946E-05 9.9946E-05 0.15853
0.00611151 9.9964E-05 0.331486 9.9964E-05 9.9964E-05 0.0525595 0.602254 9.9964E-05 0.00718946
9.99549E-05 9.99549E-05 0.0119937 0.0139888 0.959215 9.99549E-05 0.0143024 9.99549E-05 9.99549E-05
0.601071 0.000617131 0.0329234 9.9955E-05 9.9955E-05 9.9955E-05 9.9955E-05 9.9955E-05 0.364889
9.9955E-05 9.9955E-05 0.00756953 0.0204589 9.9955E-05 9.9955E-05 0.0650308 9.9955E-05 0.906441
0.207348 9.9973E-05 0.0698899 9.9973E-05 0.0291851 0.0721605 0.397444 9.9973E-05 0.223672
9.9937E-05 9.9937E-05 0.0873945 9.9937E-05 0.911906 9.9937E-05 9.9937E-05 9.9937E-05 9.9937E-05
0.0755427 9.9946E-05 0.378876 9.9946E-05 9.9946E-05 9.9946E-05 0.544981 9.9946E-05 9.9946E-05
9.993E-05 9.993E-05 9.993E-05 0.999201 9.993E-05 9.993E-05 9.993E-05 9.993E-05 9.993E-05
9.9964E-05 0.014222 0.474626 0.00129523 9.9964E-05 0.0260374 0.48342 9.9964E-05 9.9964E-05
9.9955E-05 0.00239096 0.882804 9.9955E-05 9.9955E-05 9.9955E-05 0.0996301 0.0146748 9.9955E-05
9.993E-05 9.993E-05 9.993E-05 0.999201 9.993E-05 9.993E-05 9.993E-05 9.993E-05 9.993E-05
9.9937E-05 9.9937E-05 0.822762 9.9937E-05 9.9937E-05 9.9937E-05 0.176539 9.9937E-05 9.9937E-05
0.00828076 0.871727 0.00584909 0.0126918 0.0175413 0.000456621 0.0178189 0.0332964 0.0323386
0.0995199 9.9973E-05 0.132294 9.9973E-05 9.9973E-05 0.178743 0.577703 0.0098078 0.00163223
9.996E-05 9.996E-05 0.858998 9.996E-05 0.014332 9.996E-05 0.0739942 0.0003348 0.0519412
0.243137 9.9964E-05 0.0657111 9.9964E-05 0.0612011 0.0507133 9.9964E-05 9.9964E-05 0.578838
0.0335478 9.9973E-05 0.655124 0.0153584 9.9973E-05 0.015513 0.250602 9.9973E-05 0.0295549
9.9955E-05 0.0139871 9.9955E-05 0.90705 9.9955E-05 9.9955E-05 9.9955E-05 0.020338 0.0581247
0.0385372 9.9964E-05 0.149424 0.0152742 9.9964E-05 0.231704 0.564661 9.9964E-05 9.9964E-05
