9.9964E-05 9.9964E-05 0.0120798 9.9964E-05 0.00972716 9.9964E-05 0.631765 0.346029
9.9946E-05 9.9946E-05 9.9946E-05 9.9946E-05 0.0394514 9.9946E-05 0.959949 9.9946E-05
0.00917458 0.00643855 9.9964E-05 9.9964E-05 9.9964E-05 9.9964E-05 0.958022 0.0259645
9.9982E-05 9.9982E-05 0.0105954 0.00693699 0.0747697 0.00357221 0.569511 0.334415
0.0341513 9.9982E-05 0.00494188 0.339205 0.0694994 9.9982E-05 0.144789 0.407214
0.00319555 9.9973E-05 9.9973E-05 0.0206315 0.771047 9.9973E-05 0.0998621 0.104964
9.9964E-05 0.108682 9.9964E-05 0.637398 9.9964E-05 9.9964E-05 0.202625 0.0508955
9.9955E-05 0.232238 9.9955E-05 9.9955E-05 0.342165 9.9955E-05 9.9955E-05 0.425097
0.0111411 0.0378715 0.0105791 9.9991E-05 0.0117619 0.00860471 0.902759 0.0171826
9.9946E-05 9.9946E-05 9.9946E-05 9.9946E-05 9.9946E-05 9.9946E-05 0.74832 0.251081
0.0107384 0.328662 0.01942 0.0536881 9.9982E-05 9.9982E-05 0.197163 0.390129
9.9964E-05 0.0643217 9.9964E-05 0.337273 9.9964E-05 9.9964E-05 0.00158605 0.59642
9.9973E-05 0.175036 9.9973E-05 0.0288756 0.069038 9.9973E-05 0.165356 0.561395
9.99639E-05 0.0772051 9.99639E-05 9.99639E-05 0.885635 9.99639E-05 0.0278524 0.00890793
9.9955E-05 9.9955E-05 9.9955E-05 9.9955E-05 9.9955E-05 0.00693574 0.51753 0.475035
9.9973E-05 9.9973E-05 0.000674412 0.148026 0.233329 9.9973E-05 0.454284 0.163386
0.000407096 0.711831 9.9973E-05 0.0799474 0.0266152 9.9973E-05 0.180899 9.9973E-05
0.0143087 9.9973E-05 0.446704 9.9973E-05 0.346291 0.0225689 0.169828 9.9973E-05
9.9955E-05 9.9955E-05 9.9955E-05 0.0286114 9.9955E-05 0.00336011 0.967529 9.9955E-05
0.0225138 0.162093 0.0108228 0.42218 0.0757528 0.0313561 0.0972896 0.177992
0.005946 9.9964E-05 9.9964E-05 9.9964E-05 0.00714384 9.9964E-05 0.910071 0.0764389
0.00702119 0.403146 9.9973E-05 0.0415112 9.9973E-05 9.9973E-05 0.189493 0.358529
0.0121538 9.9964E-05 9.9964E-05 0.1584 9.9964E-05 9.9964E-05 0.228863 0.600183
0.887129 0.0166439 0.00917595 9.9973E-05 0.0264736 9.9973E-05 9.9973E-05 0.0602777
0.0191344 0.306454 9.9964E-05 9.9964E-05 9.9964E-05 9.9964E-05 0.30686 0.367152
9.9982E-05 0.371842 9.9982E-05 0.193249 0.064508 0.00238926 0.191174 0.176638
9.9955E-05 9.9955E-05 0.00236728 9.9955E-05 9.9955E-05 9.9955E-05 0.889827 0.107306
9.9946E-05 9.9946E-05 9.9946E-05 9.9946E-05 9.9946E-05 9.9946E-05 0.768648 0.230752
9.9946E-05 9.9946E-05 9.9946E-05 9.9946E-05 9.9946E-05 9.9946E-05 0.977883 0.0215176
0.00213608 9.9973E-05 9.9973E-05 0.0911897 0.692005 9.9973E-05 0.0331885 0.181181
9.9955E-05 9.9955E-05 9.9955E-05 0.0387736 0.0165455 9.9955E-05 0.944181 9.9955E-05
9.9946E-05 9.9946E-05 9.9946E-05 0.0365413 9.9946E-05 9.9946E-05 0.962859 9.9946E-05
9.9964E-05 0.240661 9.9964E-05 0.0131717 0.660715 9.9964E-05 0.0850531 9.9964E-05
9.9955E-05 0.00744192 9.9955E-05 9.9955E-05 0.0129717 9.9955E-05 0.979087 9.9955E-05
9.9982E-05 0.0652933 9.9982E-05 0.49981 0.000403972 0.0181159 0.222473 0.193704
9.9946E-05 9.9946E-05 9.9946E-05 9.9946E-05 9.9946E-05 9.9946E-05 0.560286 0.439114
9.9973E-05 0.0793915 9.9973E-05 0.511257 9.9973E-05 0.0278739 0.00800134 0.373177
0.0151633 0.437543 0.0163999 0.209221 0.321373 9.9973E-05 9.9973E-05 9.9973E-05
0.0423665 0.0287466 9.9991E-05 0.111764 0.0581324 0.00178445 0.104807 0.652299
0.00709902 9.99835E-05 0.0106693 0.385854 0.40436 9.99835E-05 0.099148 0.09267
0.0175414 9.9955E-05 9.9955E-05 9.9955E-05 9.9955E-05 0.00716333 0.974796 9.9955E-05
9.9955E-05 0.0421504 9.9955E-05 9.9955E-05 9.9955E-05 9.9955E-05 0.782164 0.175186
9.9964E-05 9.9964E-05 0.00350103 9.9964E-05 9.9964E-05 0.00552419 0.72833 0.262245
9.9973E-05 9.9973E-05 0.0200693 0.00680051 0.0409946 9.9973E-05 0.694086 0.23775
9.994E-05 9.994E-05 0.9993 9.994E-05 9.994E-05 9.994E-05 9.994E-05 9.994E-05
9.9955E-05 0.0506246 9.9955E-05 0.0570491 9.9955E-05 9.9955E-05 0.891827 9.9955E-05
9.9946E-05 9.9946E-05 9.9946E-05 9.9946E-05 9.9946E-05 9.9946E-05 0.855324 0.144076
9.994E-05 9.994E-05 0.9993 9.994E-05 9.994E-05 9.994E-05 9.994E-05 9.994E-05
9.99459E-05 9.99459E-05 9.99459E-05 9.99459E-05 9.99459E-05 9.99459E-05 0.588995 0.410406
9.9973E-05 0.182091 9.9973E-05 0.00133346 9.9973E-05 0.00913761 0.382672 0.424467
9.99459E-05 9.99459E-05 9.99459E-05 9.99459E-05 9.99459E-05 9.99459E-05 0.677708 0.321692
0.00383989 0.0299188 9.9964E-05 9.9964E-05 9.9964E-05 9.9964E-05 0.51007 0.455771
0.00163036 9.99639E-05 0.0207063 9.99639E-05 0.511238 9.99639E-05 0.466026 9.99639E-05
0.0542732 0.0651732 9.9982E-05 0.0328793 0.164172 9.9982E-05 0.218935 0.464368
0.0331888 9.99639E-05 9.99639E-05 9.99639E-05 0.200616 0.0106712 0.755124 9.99639E-05
9.9955E-05 9.9955E-05 0.00348833 9.9955E-05 9.9955E-05 9.9955E-05 0.918511 0.0775012
9.9964E-05 0.0180221 0.00975212 9.9964E-05 9.9964E-05 0.00589087 0.965935 9.9964E-05
9.9964E-05 9.9964E-05 0.0104668 9.9964E-05 0.01757 9.9964E-05 0.704688 0.266876
9.9946E-05 9.9946E-05 9.9946E-05 9.9946E-05 9.9946E-05 9.9946E-05 0.725674 0.273726
9.9964E-05 0.00843336 9.9964E-05 9.9964E-05 0.000184582 9.9964E-05 0.958728 0.0322546
0.867389 0.00584295 9.99731E-05 0.111537 0.00274897 0.0121826 9.99731E-05 9.99731E-05
0.00628105 0.044448 9.9964E-05 9.9964E-05 9.9964E-05 0.0122662 0.936605 9.9964E-05
0.0202156 9.9982E-05 9.9982E-05 0.0266109 0.207016 0.0159701 0.206442 0.523546
9.9964E-05 0.0415776 0.0117463 9.9964E-05 9.9964E-05 9.9964E-05 0.944673 0.00160325
9.9955E-05 9.9955E-05 9.9955E-05 9.9955E-05 0.000191963 0.00850764 0.990801 9.9955E-05
0.00602583 9.9964E-05 0.00246473 9.9964E-05 9.9964E-05 9.9964E-05 0.615158 0.375951
9.9955E-05 0.0379285 9.9955E-05 9.9955E-05 9.9955E-05 9.9955E-05 0.612152 0.34942
0.00370332 0.547795 9.9973E-05 0.179589 9.9973E-05 9.9973E-05 0.148664 0.119949
9.994E-05 9.994E-05 0.9993 9.994E-05 9.994E-05 9.994E-05 9.994E-05 9.994E-05
0.0111516 9.9973E-05 9.9973E-05 0.0784509 0.221867 9.9973E-05 0.0888813 0.599349
0.0117062 9.99729E-05 0.00748338 9.99729E-05 0.168637 0.0139785 0.797895 9.99729E-05
0.0131566 9.9973E-05 0.00476481 9.9973E-05 9.9973E-05 0.00228977 0.773596 0.205893
0.0361582 9.9955E-05 9.9955E-05 9.9955E-05 0.0293455 9.9955E-05 0.933997 9.9955E-05
0.0021807 0.00142827 9.9973E-05 0.00365033 9.9973E-05 0.00488055 0.98756 9.9973E-05
9.9966E-05 9.9966E-05 0.0273429 0.0299466 0.0281545 9.9966E-05 0.914156 9.9966E-05
9.9955E-05 0.00763925 9.9955E-05 9.9955E-05 9.9955E-05 9.9955E-05 0.977544 0.0143174
9.9973E-05 0.446485 9.9973E-05 0.0305092 0.201839 9.9973E-05 0.116919 0.203948
9.9955E-05 0.0271865 9.9955E-05 9.9955E-05 9.9955E-05 9.9955E-05 0.944207 0.0281066
0.681228 9.9964E-05 0.0224437 0.170018 0.12591 9.9964E-05 9.9964E-05 9.9964E-05
0.0145111 9.9964E-05 9.9964E-05 9.9964E-05 0.0125819 9.9964E-05 0.513055 0.459452
9.9955E-05 9.9955E-05 0.00909903 9.9955E-05 9.9955E-05 9.9955E-05 0.910088 0.0803129
0.068111 0.0131855 0.379001 9.9982E-05 0.423009 0.0548911 0.0616028 9.9982E-05
0.00227522 9.9964E-05 0.0324221 9.9964E-05 0.597468 9.9964E-05 0.367435 9.9964E-05
9.9964E-05 9.9964E-05 9.9964E-05 0.0838786 0.249084 9.9964E-05 0.278902 0.387735
9.9973E-05 9.9973E-05 0.00288482 9.9973E-05 0.0337964 0.00495829 0.767751 0.19031
0.0117567 9.9964E-05 9.9964E-05 0.0222545 0.027082 9.9964E-05 0.938507 9.9964E-05
9.994E-05 9.994E-05 9.994E-05 9.994E-05 9.994E-05 0.9993 9.994E-05 9.994E-05
9.99549E-05 9.99549E-05 0.00314766 9.99549E-05 9.99549E-05 9.99549E-05 0.491324 0.505029
9.99459E-05 9.99459E-05 9.99459E-05 9.99459E-05 9.99459E-05 9.99459E-05 0.539679 0.459722
9.9964E-05 0.389504 9.9964E-05 9.9964E-05 0.0292379 9.9964E-05 0.177863 0.402996
9.9973E-05 0.0818823 9.9973E-05 0.20587 9.9973E-05 0.00981843 0.0785174 0.623612
9.9955E-05 0.662619 9.9955E-05 9.9955E-05 9.9955E-05 9.9955E-05 0.0947187 0.242163
0.00256958 9.9955E-05 9.9955E-05 9.9955E-05 0.00813317 9.9955E-05 0.988797 9.9955E-05
9.9946E-05 9.9946E-05 9.9946E-05 9.9946E-05 9.9946E-05 9.9946E-05 0.525719 0.473681
9.9955E-05 9.9955E-05 0.0025975 9.9955E-05 9.9955E-05 9.9955E-05 0.866433 0.13047
9.9955E-05 9.9955E-05 9.9955E-05 9.9955E-05 0.0485864 9.9955E-05 0.30629 0.644624
9.9973E-05 9.9973E-05 0.00869977 0.276681 0.584736 9.9973E-05 0.115861 0.0137224
0.00670725 9.9955E-05 9.9955E-05 9.9955E-05 0.0415117 9.9955E-05 0.951281 9.9955E-05
0.0522103 9.9964E-05 9.9964E-05 0.2846 9.9964E-05 9.9964E-05 0.17913 0.483661
9.9982E-05 9.9982E-05 0.0170066 0.173063 0.0118517 0.00287978 0.257615 0.537384
0.844474 9.9964E-05 0.0215403 0.129061 0.00452516 9.9964E-05 9.9964E-05 9.9964E-05
9.9964E-05 0.00496618 9.9964E-05 0.0264096 9.9964E-05 9.9964E-05 0.911361 0.0568635
9.994E-05 9.994E-05 9.994E-05 9.994E-05 9.994E-05 9.994E-05 0.9993 9.994E-05
9.9973E-05 0.324904 0.0164439 0.197353 9.9973E-05 9.9973E-05 0.0107334 0.450265
9.994E-05 9.994E-05 0.9993 9.994E-05 9.994E-05 9.994E-05 9.994E-05 9.994E-05
9.99549E-05 0.925122 0.00556868 9.99549E-05 9.99549E-05 9.99549E-05 0.0688095 9.99549E-05
0.0427732 9.9955E-05 9.9955E-05 9.9955E-05 9.9955E-05 9.9955E-05 0.753953 0.202774
0.0311133 9.9964E-05 9.9964E-05 9.9964E-05 0.0306817 0.000621084 0.937184 9.9964E-05
9.9955E-05 0.531156 9.9955E-05 9.9955E-05 9.9955E-05 9.9955E-05 0.105365 0.362979
9.994E-05 9.994E-05 0.9993 9.994E-05 9.994E-05 9.994E-05 9.994E-05 9.994E-05
0.619151 9.9955E-05 0.0183436 9.9955E-05 0.362005 9.9955E-05 9.9955E-05 9.9955E-05
9.9973E-05 0.0818761 0.00686687 0.0253524 9.9973E-05 9.9973E-05 0.65344 0.232165
9.9946E-05 9.9946E-05 9.9946E-05 9.9946E-05 9.9946E-05 9.9946E-05 0.719615 0.279785
9.9964E-05 0.172219 9.9964E-05 0.133504 9.9964E-05 9.9964E-05 0.161498 0.532379
0.0231832 0.0008358 9.9964E-05 9.9964E-05 0.0154501 9.9964E-05 0.960131 9.9964E-05
9.9964E-05 0.517992 0.0286551 9.9964E-05 0.445684 9.9964E-05 9.9964E-05 0.00726938
0.128715 0.036059 0.510658 9.9982E-05 0.219888 0.092388 0.0120915 9.9982E-05
0.0388353 9.9964E-05 9.9964E-05 9.9964E-05 9.9964E-05 0.00587264 0.849742 0.10515
9.9955E-05 0.0601173 9.9955E-05 9.9955E-05 9.9955E-05 9.9955E-05 0.510944 0.428439
0.9993 9.994E-05 9.994E-05 9.994E-05 9.994E-05 9.994E-05 9.994E-05 9.994E-05
9.9964E-05 0.0510771 0.00331615 9.9964E-05 9.9964E-05 9.9964E-05 0.836187 0.10902
9.9946E-05 9.9946E-05 9.9946E-05 9.9946E-05 9.9946E-05 9.9946E-05 0.372104 0.627296
9.9946E-05 9.9946E-05 9.9946E-05 9.9946E-05 9.9946E-05 9.9946E-05 0.786474 0.212927
9.9955E-05 0.754867 9.9955E-05 9.9955E-05 9.9955E-05 0.0117157 0.232917 9.9955E-05
9.9973E-05 0.307849 0.0115366 9.9973E-05 0.142954 9.9973E-05 0.153816 0.383544
9.9973E-05 0.135794 9.9973E-05 0.243574 0.152973 9.9973E-05 0.123068 0.344291
9.99549E-05 0.47083 9.99549E-05 9.99549E-05 0.525069 0.00360058 9.99549E-05 9.99549E-05
0.00656584 9.9955E-05 9.9955E-05 9.9955E-05 9.9955E-05 9.9955E-05 0.578103 0.414832
0.00629228 9.9964E-05 0.00987141 9.9964E-05 9.9964E-05 9.9964E-05 0.855803 0.127633
0.0114676 9.9964E-05 0.0180569 9.9964E-05 9.9964E-05 9.9964E-05 0.647338 0.322738
9.9964E-05 0.0251721 0.863354 9.9964E-05 0.0589342 0.0521394 9.9964E-05 9.9964E-05
0.0308677 9.9973E-05 9.9973E-05 0.0168703 0.0578415 9.9973E-05 0.886651 0.00746983
9.9964E-05 9.9964E-05 0.956901 9.9964E-05 0.0133305 0.00886866 9.9964E-05 0.0204999
0.00245707 9.9955E-05 9.9955E-05 9.9955E-05 9.9955E-05 9.9955E-05 0.656062 0.340981
0.962603 9.99459E-05 9.99459E-05 9.99459E-05 9.99459E-05 9.99459E-05 0.0367972 9.99459E-05
0.0109204 0.598591 9.99639E-05 9.99639E-05 9.99639E-05 9.99639E-05 0.0206698 0.369419
9.9964E-05 0.57736 9.9964E-05 0.274862 9.9964E-05 0.0117003 0.135678 9.9964E-05
0.0299195 0.596615 9.9991E-05 0.0241646 0.0526622 0.0278011 0.081616 0.187121
0.0167151 9.9955E-05 9.9955E-05 9.9955E-05 9.9955E-05 9.9955E-05 0.517546 0.465239
0.00838666 9.9991E-05 0.0310966 0.329436 0.0553509 0.00385774 0.201597 0.370175
9.9946E-05 9.9946E-05 9.9946E-05 9.9946E-05 9.9946E-05 9.9946E-05 0.960752 0.0386482
0.0137471 0.0892642 0.00413256 9.9991E-05 0.00907667 0.0038131 0.375574 0.504292
9.99639E-05 9.99639E-05 9.99639E-05 0.0167011 0.722008 0.00645169 0.25444 9.99639E-05
9.9973E-05 9.9973E-05 0.0172472 0.130221 0.0105907 9.9973E-05 0.708904 0.132738
9.9964E-05 9.9964E-05 9.9964E-05 9.9964E-05 0.0462764 0.00634726 0.785734 0.161242
0.950145 9.99639E-05 0.00469145 9.99639E-05 0.0204563 9.99639E-05 0.0243073 9.99639E-05
0.0533668 9.9973E-05 9.9973E-05 0.293311 0.494247 9.9973E-05 0.0961078 0.0626668
0.981369 0.0180315 9.99461E-05 9.99461E-05 9.99461E-05 9.99461E-05 9.99461E-05 9.99461E-05
9.9946E-05 9.9946E-05 9.9946E-05 9.9946E-05 9.9946E-05 9.9946E-05 0.642497 0.356903
0.0491781 9.9964E-05 9.9964E-05 9.9964E-05 0.729337 9.9964E-05 0.102511 0.118574
0.0280671 0.0242119 9.9982E-05 0.0802035 0.688308 9.9982E-05 0.175889 0.00312118
9.9964E-05 0.0171434 0.0244753 9.9964E-05 9.9964E-05 9.9964E-05 0.728102 0.22988
9.9955E-05 0.019886 9.9955E-05 9.9955E-05 9.9955E-05 9.9955E-05 0.978354 0.00125989
0.00590363 9.9946E-05 0.993497 9.9946E-05 9.9946E-05 9.9946E-05 9.9946E-05 9.9946E-05
0.0293366 0.0132489 9.99729E-05 0.59127 0.335061 9.99729E-05 0.0307839 9.99729E-05
9.9946E-05 9.9946E-05 9.9946E-05 9.9946E-05 9.9946E-05 9.9946E-05 0.679703 0.319697
0.390724 9.9973E-05 0.0362947 9.9973E-05 0.477841 0.00379717 0.0910429 9.9973E-05
0.00138452 9.9973E-05 0.0113417 9.9973E-05 0.0253233 0.0041119 0.957539 9.9973E-05
9.994E-05 9.994E-05 9.994E-05 9.994E-05 9.994E-05 0.9993 9.994E-05 9.994E-05
9.9973E-05 9.9973E-05 0.00369651 9.9973E-05 0.0625444 0.00772599 0.837971 0.0877623
9.9964E-05 9.9964E-05 0.0157759 9.9964E-05 0.296838 0.60783 0.0791562 9.9964E-05
0.00757673 0.494702 0.022878 9.9991E-05 0.0363532 0.00202754 0.0510584 0.385304
9.9964E-05 9.9964E-05 9.9964E-05 0.0355829 0.00108493 0.00678476 0.956148 9.9964E-05
9.9955E-05 9.9955E-05 9.9955E-05 0.00174625 9.9955E-05 0.0103648 0.987389 9.9955E-05
9.99729E-05 9.99729E-05 0.0213103 0.803925 0.0213546 0.0151412 0.137969 9.99729E-05
0.00696834 9.9982E-05 0.00699297 0.0205009 0.0491132 0.00223475 0.91399 9.9982E-05
0.983467 0.0159331 9.99461E-05 9.99461E-05 9.99461E-05 9.99461E-05 9.99461E-05 9.99461E-05
0.00285243 9.9964E-05 0.00398239 0.00173765 9.9964E-05 9.9964E-05 0.991028 9.9964E-05
9.994E-05 9.994E-05 9.994E-05 9.994E-05 9.994E-05 0.9993 9.994E-05 9.994E-05
9.994E-05 9.994E-05 9.994E-05 9.994E-05 9.994E-05 9.994E-05 0.9993 9.994E-05
0.00572576 9.9973E-05 9.9973E-05 0.232411 0.0862859 9.9973E-05 0.0835664 0.591711
9.9982E-05 0.0855299 0.0136071 0.156985 9.9982E-05 0.0103677 0.302078 0.431233
9.9964E-05 0.231272 9.9964E-05 0.0895038 0.571898 9.9964E-05 9.9964E-05 0.106926
0.0014338 9.9991E-05 0.0162632 0.21257 0.298289 0.009656 0.226033 0.235655
0.00561288 9.99729E-05 0.0617663 0.461608 0.291947 9.99729E-05 0.178765 9.99729E-05
9.994E-05 9.994E-05 9.994E-05 9.994E-05 9.994E-05 9.994E-05 0.9993 9.994E-05
0.0492198 0.0588775 9.9973E-05 0.070293 9.9973E-05 9.9973E-05 0.270081 0.551229
0.000367135 9.9964E-05 9.9964E-05 9.9964E-05 9.9964E-05 0.000104643 0.896029 0.103099
0.0493796 9.9982E-05 0.0223607 0.16172 0.194935 9.9982E-05 0.151694 0.41971
9.9973E-05 0.575879 9.9973E-05 0.253517 0.0856181 0.00663639 0.0780496 9.9973E-05
0.0088474 9.9973E-05 9.9973E-05 9.9973E-05 0.0733172 0.00862803 0.830749 0.0781587
9.9955E-05 9.9955E-05 0.00307651 9.9955E-05 9.9955E-05 9.9955E-05 0.396634 0.59979
0.0146312 9.9973E-05 0.00896044 9.9973E-05 9.9973E-05 0.00319504 0.668598 0.304316
9.9964E-05 0.0145276 9.9964E-05 0.0412413 0.0288037 9.9964E-05 0.915028 9.9964E-05
0.0268974 9.9973E-05 0.00333974 9.9973E-05 0.613564 0.0066982 0.349201 9.9973E-05
9.9982E-05 0.00157796 0.0061082 0.143706 0.108071 9.9982E-05 0.261772 0.478565
0.00490021 9.9982E-05 9.9982E-05 0.0906207 0.235946 0.0129448 0.325472 0.329916
0.0368501 0.0268684 0.00448078 0.00958569 0.0249921 0.897023 9.9982E-05 9.9982E-05
0.00248631 9.9964E-05 9.9964E-05 0.0443513 0.0523126 9.9964E-05 0.90045 9.9964E-05
9.9946E-05 9.9946E-05 9.9946E-05 9.9946E-05 0.0270203 9.9946E-05 0.97238 9.9946E-05
9.9964E-05 9.9964E-05 9.9964E-05 9.9964E-05 0.00869911 0.0135212 0.859569 0.117811
0.969091 9.99549E-05 0.000846172 9.99549E-05 9.99549E-05 9.99549E-05 0.0295634 9.99549E-05
9.9955E-05 9.9955E-05 9.9955E-05 9.9955E-05 0.0877412 9.9955E-05 0.64362 0.268139
9.9964E-05 0.0578457 9.9964E-05 0.470375 0.314806 9.9964E-05 0.156574 9.9964E-05
0.00754607 0.238216 0.00313814 9.9982E-05 0.0171761 9.9982E-05 0.380264 0.35346
0.00284891 9.9964E-05 9.9964E-05 9.9964E-05 0.00444052 0.000416346 0.991894 9.9964E-05
0.0107111 9.9973E-05 9.9973E-05 0.0705176 0.0304405 9.9973E-05 0.834807 0.0532243
9.9946E-05 9.9946E-05 9.9946E-05 9.9946E-05 0.0041029 9.9946E-05 0.995297 9.9946E-05
9.9982E-05 0.038012 0.0300712 0.441392 0.316942 9.9982E-05 0.117824 0.0555586
0.0336018 9.9964E-05 0.040588 9.9964E-05 0.154656 0.770754 9.9964E-05 9.9964E-05
9.9955E-05 0.202495 9.9955E-05 0.285742 0.511264 9.9955E-05 9.9955E-05 9.9955E-05
9.9964E-05 0.13998 0.0229968 9.9964E-05 9.9964E-05 9.9964E-05 0.525528 0.311096
9.9955E-05 9.9955E-05 0.0141255 9.9955E-05 0.0316962 0.953679 9.9955E-05 9.9955E-05
0.0256946 9.9973E-05 9.9973E-05 9.9973E-05 0.101703 0.008034 0.532565 0.331704
9.99549E-05 0.400189 9.99549E-05 9.99549E-05 9.99549E-05 9.99549E-05 0.256438 0.342873
0.0318455 0.0123496 0.00072727 9.9973E-05 0.0612088 9.9973E-05 0.893569 9.9973E-05
9.9946E-05 9.9946E-05 0.0031444 9.9946E-05 9.9946E-05 9.9946E-05 0.996256 9.9946E-05
9.9964E-05 9.9964E-05 0.0152274 0.0234064 9.9964E-05 0.00282343 0.958143 9.9964E-05
9.9964E-05 9.9964E-05 9.9964E-05 0.138457 0.186704 9.9964E-05 0.440535 0.233905
0.932555 9.99459E-05 9.99459E-05 9.99459E-05 9.99459E-05 9.99459E-05 0.0668454 9.99459E-05
9.9955E-05 9.9955E-05 0.0049027 9.9955E-05 9.9955E-05 9.9955E-05 0.967638 0.026959
9.9964E-05 0.320077 9.9964E-05 0.478999 9.9964E-05 9.9964E-05 0.0713493 0.129175
9.9964E-05 0.03392 9.9964E-05 9.9964E-05 0.0335557 9.9964E-05 0.362634 0.56949
0.978507 9.9955E-05 9.9955E-05 9.9955E-05 9.9955E-05 0.00851277 0.0124801 9.9955E-05
9.99549E-05 9.99549E-05 9.99549E-05 0.834003 9.99549E-05 9.99549E-05 0.101674 0.0638226
9.9964E-05 9.9964E-05 9.9964E-05 9.9964E-05 0.868658 0.0123475 0.0387884 0.079806
0.0235154 0.0141381 9.9982E-05 0.274368 0.121713 9.9982E-05 0.115531 0.450534
0.906759 9.9946E-05 9.9946E-05 9.9946E-05 9.9946E-05 9.9946E-05 0.0926409 9.9946E-05
9.9964E-05 0.0901982 0.000319633 9.9964E-05 9.9964E-05 9.9964E-05 0.460103 0.44898
9.99459E-05 9.99459E-05 0.00258804 9.99459E-05 9.99459E-05 0.996812 9.99459E-05 9.99459E-05
9.99639E-05 9.99639E-05 0.0108116 9.99639E-05 9.99639E-05 0.0135402 0.507731 0.467517
9.9955E-05 9.9955E-05 0.00635435 9.9955E-05 9.9955E-05 9.9955E-05 0.89535 0.0977956
9.99461E-05 0.00218957 9.99461E-05 9.99461E-05 9.99461E-05 0.997211 9.99461E-05 9.99461E-05
9.9946E-05 9.9946E-05 9.9946E-05 9.9946E-05 9.9946E-05 9.9946E-05 0.829556 0.169845
0.0258168 0.0458272 0.881317 9.9973E-05 0.0322447 0.014494 9.9973E-05 9.9973E-05
9.9973E-05 0.0187005 9.9973E-05 0.111755 0.0906361 9.9973E-05 0.0912411 0.687368
0.018846 9.9964E-05 9.9964E-05 9.9964E-05 0.0383477 9.9964E-05 0.893925 0.0484817
0.0623711 9.9973E-05 9.9973E-05 0.553714 0.216764 0.0110828 0.155768 9.9973E-05
9.9973E-05 0.0474119 9.9973E-05 9.9973E-05 0.0411908 0.0112253 0.669003 0.230869
9.9955E-05 9.9955E-05 0.0204948 9.9955E-05 0.0824409 0.896564 9.9955E-05 9.9955E-05
0.00376709 0.0961672 9.9982E-05 0.177884 9.9982E-05 0.0128191 0.252113 0.457049
