9.9946E-05 0.56233 0.00557188 0.266908 9.9946E-05 9.9946E-05 9.9946E-05 0.164591 9.9946E-05 9.9946E-05
0.00942012 0.962824 9.9937E-05 9.9937E-05 9.9937E-05 9.9937E-05 9.9937E-05 9.9937E-05 0.0270566 9.9937E-05
9.9955E-05 0.919636 9.9955E-05 0.0505224 0.0101101 9.9955E-05 0.0151693 9.9955E-05 0.00406244 9.9955E-05
0.0301549 0.467121 0.00883409 0.361625 9.9973E-05 0.00258391 9.9973E-05 9.9973E-05 0.0430523 0.0863292
0.429973 0.00422019 9.9964E-05 0.455858 0.0272099 9.9964E-05 0.0226888 0.0596501 9.9964E-05 9.9964E-05
0.153281 0.112481 9.9973E-05 0.032569 0.00149951 9.9973E-05 9.9973E-05 0.0122175 0.646209 0.0414431
0.410534 0.144637 9.9955E-05 9.9955E-05 9.9955E-05 9.9955E-05 0.0468651 0.324901 9.9955E-05 0.072564
9.9937E-05 9.9937E-05 9.9937E-05 0.10748 9.9937E-05 9.9937E-05 9.9937E-05 9.9937E-05 0.184137 0.707683
9.9955E-05 0.894009 0.0188939 0.053134 9.9955E-05 0.0080279 0.0254354 9.9955E-05 9.9955E-05 9.9955E-05
9.9928E-05 0.611713 9.9928E-05 0.387487 9.9928E-05 9.9928E-05 9.9928E-05 9.9928E-05 9.9928E-05 9.9928E-05
9.9964E-05 0.0606808 0.0111259 0.423994 0.0169506 9.9964E-05 0.0805814 9.9964E-05 9.9964E-05 0.406267
9.9937E-05 9.9937E-05 0.00458462 0.103844 9.9937E-05 9.9937E-05 9.9937E-05 0.890872 9.9937E-05 9.9937E-05
0.0254249 0.116437 9.9964E-05 0.405565 9.9964E-05 9.9964E-05 0.0986519 0.20232 9.9964E-05 0.151201
0.0699412 0.00299693 9.99639E-05 0.00646094 9.99639E-05 9.99639E-05 0.0139795 9.99639E-05 0.862979 0.0432422
9.9946E-05 0.296777 0.00292089 0.647933 9.9946E-05 9.9946E-05 9.9946E-05 9.9946E-05 9.9946E-05 0.0517689
0.0819075 0.4472 0.00984721 9.99549E-05 9.99549E-05 9.99549E-05 9.99549E-05 0.32795 0.132596 9.99549E-05
9.9946E-05 0.163995 9.9946E-05 0.0644432 9.9946E-05 9.9946E-05 0.677296 0.0936666 9.9946E-05 9.9946E-05
9.9955E-05 0.13306 0.411852 9.9955E-05 0.00625391 0.0118401 9.9955E-05 9.9955E-05 0.436494 9.9955E-05
0.0344182 0.959137 0.00325067 9.9946E-05 9.9946E-05 0.00259428 9.9946E-05 9.9946E-05 9.9946E-05 9.9946E-05
0.272674 0.0978468 0.0133284 9.9964E-05 0.013763 0.0322765 9.9964E-05 9.9964E-05 9.9964E-05 0.569712
9.99534E-05 0.865197 9.99534E-05 0.105543 9.99534E-05 0.00265502 9.99534E-05 0.0260051 9.99534E-05 9.99534E-05
9.99459E-05 0.107284 9.99459E-05 0.214281 9.99459E-05 9.99459E-05 9.99459E-05 0.324483 9.99459E-05 0.353352
0.0444722 0.088016 9.9973E-05 0.480317 0.00719737 0.00511096 9.9973E-05 0.3179 9.9973E-05 0.0566865
9.9955E-05 9.9955E-05 0.00632453 0.0337423 0.891266 9.9955E-05 9.9955E-05 9.9955E-05 0.0229511 0.045216
0.583908 0.081791 9.9946E-05 0.248289 9.9946E-05 9.9946E-05 9.9946E-05 9.9946E-05 0.0854121 9.9946E-05
9.9955E-05 0.173523 9.9955E-05 0.40453 0.0171586 9.9955E-05 0.0227046 9.9955E-05 9.9955E-05 0.381584
0.159047 0.18774 9.9973E-05 0.0433723 9.9973E-05 0.000843327 0.180734 0.0576868 9.9973E-05 0.370277
9.9937E-05 0.819864 0.000734968 0.178702 9.9937E-05 9.9937E-05 9.9937E-05 9.9937E-05 9.9937E-05 9.9937E-05
9.9928E-05 0.634022 9.9928E-05 0.365178 9.9928E-05 9.9928E-05 9.9928E-05 9.9928E-05 9.9928E-05 9.9928E-05
9.9928E-05 0.94965 9.9928E-05 0.049551 9.9928E-05 9.9928E-05 9.9928E-05 9.9928E-05 9.9928E-05 9.9928E-05
9.9937E-05 0.025014 9.9937E-05 9.9937E-05 9.9937E-05 9.9937E-05 9.9937E-05 0.296358 0.677928 9.9937E-05
0.0370051 0.941169 9.9946E-05 9.9946E-05 9.9946E-05 9.9946E-05 9.9946E-05 0.0194008 0.00182509 9.9946E-05
0.00660806 0.97559 9.9937E-05 9.9937E-05 9.9937E-05 9.9937E-05 9.9937E-05 9.9937E-05 9.9937E-05 0.017102
0.606281 0.195789 9.9955E-05 9.9955E-05 9.9955E-05 0.00397803 0.102258 9.9955E-05 0.0911941 9.9955E-05
9.9937E-05 0.974712 9.9937E-05 9.9937E-05 0.00502801 9.9937E-05 0.0195604 9.9937E-05 9.9937E-05 9.9937E-05
0.167612 0.181288 9.9982E-05 0.0732611 9.9982E-05 0.00421257 0.155147 0.0432497 0.103341 0.271689
9.9928E-05 0.339556 9.9928E-05 0.659644 9.9928E-05 9.9928E-05 9.9928E-05 9.9928E-05 9.9928E-05 9.9928E-05
9.9964E-05 9.9964E-05 9.9964E-05 0.0617572 0.00266644 0.0321229 0.22125 0.574749 0.107055 9.9964E-05
0.573023 0.0249997 0.00960718 9.99639E-05 0.00186797 9.99639E-05 0.294886 0.0952169 9.99639E-05 9.99639E-05
0.0490568 0.0081536 9.9964E-05 0.470271 0.0445506 9.9964E-05 9.9964E-05 0.199362 9.9964E-05 0.228207
0.500012 0.0893771 9.9982E-05 0.0564192 0.000731093 0.00980183 9.9982E-05 0.0503021 0.268469 0.0246882
9.9946E-05 0.974706 9.9946E-05 9.9946E-05 0.0125681 0.00186389 9.9946E-05 9.9946E-05 9.9946E-05 0.0102622
9.9946E-05 0.708993 9.9946E-05 0.233031 9.9946E-05 9.9946E-05 0.0168219 0.0405542 9.9946E-05 9.9946E-05
9.9964E-05 0.613697 9.9964E-05 0.34848 0.00394277 0.00453092 9.9964E-05 9.9964E-05 0.013115 0.0158344
0.0508536 0.610546 0.0271681 0.281834 9.9964E-05 9.9964E-05 9.9964E-05 0.0021218 0.0270768 9.9964E-05
9.99201E-05 9.99201E-05 0.999101 9.99201E-05 9.99201E-05 9.99201E-05 9.99201E-05 9.99201E-05 9.99201E-05 9.99201E-05
0.0422283 0.865715 9.9946E-05 9.9946E-05 9.9946E-05 9.9946E-05 9.9946E-05 0.0179844 9.9946E-05 0.0734723
9.9928E-05 0.780952 9.9928E-05 0.218249 9.9928E-05 9.9928E-05 9.9928E-05 9.9928E-05 9.9928E-05 9.9928E-05
9.99201E-05 9.99201E-05 0.999101 9.99201E-05 9.99201E-05 9.99201E-05 9.99201E-05 9.99201E-05 9.99201E-05 9.99201E-05
9.9928E-05 0.467606 9.9928E-05 0.531595 9.9928E-05 9.9928E-05 9.9928E-05 9.9928E-05 9.9928E-05 9.9928E-05
9.9964E-05 0.207465 9.9964E-05 0.444169 9.9964E-05 0.00304878 0.0581439 0.238492 0.0482815 9.9964E-05
9.9946E-05 0.514646 9.9946E-05 0.479041 9.9946E-05 0.000525613 9.9946E-05 9.9946E-05 9.9946E-05 0.00518781
0.00864095 0.372618 9.9955E-05 0.482619 0.00649542 9.9955E-05 9.9955E-05 0.129127 9.9955E-05 9.9955E-05
9.9946E-05 0.460924 0.0201972 9.9946E-05 9.9946E-05 0.00415192 9.9946E-05 9.9946E-05 0.514128 9.9946E-05
0.0982059 0.148013 9.9973E-05 0.345505 0.0499476 9.9973E-05 0.0370676 0.277252 0.0437086 9.9973E-05
9.99459E-05 0.725157 9.99459E-05 9.99459E-05 0.0349746 0.0113427 9.99459E-05 9.99459E-05 0.227926 9.99459E-05
9.9928E-05 0.84395 9.9928E-05 0.155251 9.9928E-05 9.9928E-05 9.9928E-05 9.9928E-05 9.9928E-05 9.9928E-05
9.9955E-05 0.969983 0.00380943 9.9955E-05 9.9955E-05 0.00165675 9.9955E-05 0.0110552 9.9955E-05 0.0129963
9.9964E-05 0.626754 0.00910424 0.291975 0.00447399 9.9964E-05 9.9964E-05 0.0226276 9.9964E-05 0.0446652
9.9937E-05 0.615896 9.9937E-05 0.382153 9.9937E-05 9.9937E-05 9.9937E-05 0.00125079 9.9937E-05 9.9937E-05
9.9937E-05 0.923566 9.9937E-05 0.0708006 9.9937E-05 9.9937E-05 0.00493412 9.9937E-05 9.9937E-05 9.9937E-05
9.99461E-05 9.99461E-05 9.99461E-05 9.99461E-05 0.822161 0.0166687 0.0839645 9.99461E-05 0.0766057 9.99461E-05
9.9964E-05 0.967947 0.000105786 9.9964E-05 0.0047834 0.00851414 0.00948391 0.00876597 9.9964E-05 9.9964E-05
9.9973E-05 0.0529997 9.9973E-05 0.433794 0.0240051 0.00863557 9.9973E-05 0.266782 0.195384 0.0180998
9.9955E-05 0.898898 0.0120339 0.0588073 9.9955E-05 9.9955E-05 0.0101833 0.0195776 9.9955E-05 9.9955E-05
0.00146327 0.994697 9.9937E-05 9.9937E-05 9.9937E-05 0.00314041 9.9937E-05 9.9937E-05 9.9937E-05 9.9937E-05
0.00918457 0.501662 0.00683219 0.444953 0.00460592 9.9973E-05 0.000147284 0.032315 9.9973E-05 9.9973E-05
9.9946E-05 0.469914 9.9946E-05 0.488126 9.9946E-05 9.9946E-05 9.9946E-05 0.0397509 9.9946E-05 0.00160941
9.9937E-05 0.0723132 9.9937E-05 9.9937E-05 9.9937E-05 9.9937E-05 0.060148 0.866839 9.9937E-05 9.9937E-05
9.99201E-05 9.99201E-05 0.999101 9.99201E-05 9.99201E-05 9.99201E-05 9.99201E-05 9.99201E-05 9.99201E-05 9.99201E-05
0.387102 9.9937E-05 9.9937E-05 0.548338 9.9937E-05 9.9937E-05 9.9937E-05 9.9937E-05 9.9937E-05 0.0638602
9.99459E-05 0.801422 9.99459E-05 9.99459E-05 0.0209307 0.0181832 9.99459E-05 9.99459E-05 0.158865 9.99459E-05
9.9955E-05 0.660558 0.0053345 0.311312 0.010313 0.0119822 9.9955E-05 9.9955E-05 9.9955E-05 9.9955E-05
9.9937E-05 0.947941 9.9937E-05 9.9937E-05 0.0480918 9.9937E-05 9.9937E-05 9.9937E-05 0.00326718 9.9937E-05
9.9937E-05 0.985406 9.9937E-05 9.9937E-05 9.9937E-05 0.0011153 9.9937E-05 9.9937E-05 9.9937E-05 0.012779
0.00701836 0.912074 0.0295552 9.9964E-05 9.9964E-05 0.00448669 9.9964E-05 9.9964E-05 0.0157029 0.0307634
9.9937E-05 0.939169 9.9937E-05 0.0538395 9.9937E-05 9.9937E-05 0.00629199 9.9937E-05 9.9937E-05 9.9937E-05
0.0399177 0.16291 9.9964E-05 9.9964E-05 9.9964E-05 9.9964E-05 0.195412 0.540697 0.0563048 0.0043589
0.00608581 0.929473 9.9964E-05 0.0347044 9.9964E-05 9.9964E-05 0.00142251 0.00229827 9.9964E-05 0.0256161
9.99551E-05 9.99551E-05 0.0112796 9.99551E-05 0.675769 9.99551E-05 0.0194156 0.0592755 0.233761 9.99551E-05
9.9973E-05 0.349306 9.9973E-05 0.52783 0.019402 0.00537996 0.0065591 0.0709168 0.0203066 9.9973E-05
9.9937E-05 0.854952 0.00451734 0.139831 9.9937E-05 9.9937E-05 9.9937E-05 9.9937E-05 9.9937E-05 9.9937E-05
9.9964E-05 0.0611887 0.389007 9.9964E-05 0.0430184 0.0619036 0.00526609 9.9964E-05 0.439217 9.9964E-05
9.99369E-05 0.375812 0.0249243 9.99369E-05 9.99369E-05 9.99369E-05 9.99369E-05 9.99369E-05 0.598564 9.99369E-05
0.234519 0.181099 9.99549E-05 0.374609 9.99549E-05 9.99549E-05 9.99549E-05 9.99549E-05 0.111414 0.0978596
9.9955E-05 0.658958 9.9955E-05 0.267345 9.9955E-05 0.00178382 9.9955E-05 0.0187325 0.0526809 9.9955E-05
9.9946E-05 0.943796 9.9946E-05 9.9946E-05 0.000307424 9.9946E-05 9.9946E-05 0.0318475 0.023449 9.9946E-05
9.99201E-05 9.99201E-05 9.99201E-05 9.99201E-05 9.99201E-05 0.999101 9.99201E-05 9.99201E-05 9.99201E-05 9.99201E-05
9.99459E-05 0.360814 0.00503666 0.518507 9.99459E-05 9.99459E-05 9.99459E-05 0.115043 9.99459E-05 9.99459E-05
9.99369E-05 0.386055 9.99369E-05 0.506242 9.99369E-05 9.99369E-05 9.99369E-05 0.107003 9.99369E-05 9.99369E-05
9.9946E-05 0.0960092 9.9946E-05 0.212447 9.9946E-05 9.9946E-05 0.0672138 0.623731 9.9946E-05 9.9946E-05
9.9973E-05 0.00795353 9.9973E-05 0.45962 0.00992797 0.000334526 0.196627 0.0574047 9.9973E-05 0.267832
9.9937E-05 0.0525495 9.9937E-05 0.134128 9.9937E-05 9.9937E-05 9.9937E-05 9.9937E-05 9.9937E-05 0.812623
9.9937E-05 0.983489 9.9937E-05 9.9937E-05 0.00766548 9.9937E-05 9.9937E-05 9.9937E-05 0.00814621 9.9937E-05
9.9946E-05 0.317011 9.9946E-05 0.661701 9.9946E-05 9.9946E-05 9.9946E-05 9.9946E-05 0.0142679 0.00642023
9.9928E-05 0.792203 9.9928E-05 0.206998 9.9928E-05 9.9928E-05 9.9928E-05 9.9928E-05 9.9928E-05 9.9928E-05
9.9955E-05 0.141938 9.9955E-05 0.66835 9.9955E-05 9.9955E-05 0.00318024 0.131191 0.0548421 9.9955E-05
0.202424 0.0549746 9.9946E-05 9.9946E-05 9.9946E-05 9.9946E-05 9.9946E-05 9.9946E-05 0.603753 0.138249
0.00758946 0.975255 9.9955E-05 9.9955E-05 0.00972625 0.000865891 9.9955E-05 9.9955E-05 0.00606382 9.9955E-05
0.139348 0.0531408 9.9964E-05 0.325459 0.0499303 9.9964E-05 0.0215667 0.410155 9.9964E-05 9.9964E-05
0.154514 0.0573115 0.00783678 0.561019 9.9955E-05 9.9955E-05 9.9955E-05 9.9955E-05 9.9955E-05 0.218819
0.12522 9.99461E-05 0.0051102 9.99461E-05 0.847246 9.99461E-05 9.99461E-05 0.0218243 9.99461E-05 9.99461E-05
9.9937E-05 0.381284 9.9937E-05 0.584221 9.9937E-05 9.9937E-05 9.9937E-05 0.0337957 9.9937E-05 9.9937E-05
9.9946E-05 0.907156 0.00504805 0.0505003 9.9946E-05 9.9946E-05 9.9946E-05 0.0366961 9.9946E-05 9.9946E-05
9.99201E-05 0.999101 9.99201E-05 9.99201E-05 9.99201E-05 9.99201E-05 9.99201E-05 9.99201E-05 9.99201E-05 9.99201E-05
0.0448926 9.99549E-05 0.0121768 0.143921 9.99549E-05 9.99549E-05 0.039587 9.99549E-05 9.99549E-05 0.758923
9.99201E-05 9.99201E-05 0.999101 9.99201E-05 9.99201E-05 9.99201E-05 9.99201E-05 9.99201E-05 9.99201E-05 9.99201E-05
9.99279E-05 9.99279E-05 9.99279E-05 0.119879 9.99279E-05 9.99279E-05 0.879321 9.99279E-05 9.99279E-05 9.99279E-05
9.9946E-05 0.659932 9.9946E-05 0.201741 0.0335693 9.9946E-05 9.9946E-05 0.104159 9.9946E-05 9.9946E-05
0.00972138 0.95418 9.9946E-05 9.9946E-05 0.0298238 0.00567512 9.9946E-05 9.9946E-05 9.9946E-05 9.9946E-05
9.9946E-05 0.04003 9.9946E-05 0.150068 9.9946E-05 9.9946E-05 9.9946E-05 0.568743 9.9946E-05 0.240559
9.99201E-05 9.99201E-05 0.999101 9.99201E-05 9.99201E-05 9.99201E-05 9.99201E-05 9.99201E-05 9.99201E-05 9.99201E-05
0.0658899 9.9946E-05 0.0210213 9.9946E-05 0.638201 9.9946E-05 9.9946E-05 9.9946E-05 0.274289 9.9946E-05
9.9955E-05 0.620727 0.00129845 0.158944 9.9955E-05 9.9955E-05 9.9955E-05 0.15631 9.9955E-05 0.0622205
9.9937E-05 0.607943 9.9937E-05 0.373677 9.9937E-05 9.9937E-05 9.9937E-05 9.9937E-05 9.9937E-05 0.0176813
9.9955E-05 0.0754067 9.9955E-05 0.359299 9.9955E-05 9.9955E-05 0.016379 0.0240232 9.9955E-05 0.524392
0.00376925 0.958081 9.9946E-05 0.021349 0.0162006 9.9946E-05 9.9946E-05 9.9946E-05 9.9946E-05 9.9946E-05
0.212376 0.0424122 0.0515464 0.0173728 9.9982E-05 9.9982E-05 0.16589 0.223281 0.198725 0.0881966
9.9955E-05 9.9955E-05 0.493095 9.9955E-05 0.132202 0.101837 9.9955E-05 0.0350578 0.237307 9.9955E-05
9.9946E-05 0.778783 9.9946E-05 0.183831 0.0363883 0.000398411 9.9946E-05 9.9946E-05 9.9946E-05 9.9946E-05
9.99369E-05 0.373568 9.99369E-05 0.466623 9.99369E-05 9.99369E-05 9.99369E-05 9.99369E-05 9.99369E-05 0.159109
9.9928E-05 9.9928E-05 9.9928E-05 9.9928E-05 0.998986 9.9928E-05 9.9928E-05 9.9928E-05 9.9928E-05 0.000214173
9.9955E-05 0.793323 0.00359788 0.152126 9.9955E-05 9.9955E-05 0.046873 9.9955E-05 9.9955E-05 0.00358089
9.9937E-05 0.20183 9.9937E-05 0.579891 9.9937E-05 9.9937E-05 9.9937E-05 0.21758 9.9937E-05 9.9937E-05
9.9928E-05 0.699574 9.9928E-05 0.299626 9.9928E-05 9.9928E-05 9.9928E-05 9.9928E-05 9.9928E-05 9.9928E-05
9.9946E-05 0.236371 9.9946E-05 0.0276085 9.9946E-05 9.9946E-05 0.602321 9.9946E-05 9.9946E-05 0.1331
0.102285 0.11162 0.0133841 0.252295 9.9973E-05 9.9973E-05 9.9973E-05 0.161641 0.00807688 0.350399
0.335442 0.0148513 9.9964E-05 0.377236 0.00336195 9.9964E-05 0.259347 9.9964E-05 0.00936223 9.9964E-05
9.99369E-05 9.99369E-05 9.99369E-05 9.99369E-05 9.99369E-05 9.99369E-05 0.510941 0.0197032 0.468656 9.99369E-05
0.023717 0.382498 9.9946E-05 0.57489 0.0182952 9.9946E-05 9.9946E-05 9.9946E-05 9.9946E-05 9.9946E-05
9.9946E-05 0.750805 0.0043381 0.237044 0.00721312 9.9946E-05 9.9946E-05 9.9946E-05 9.9946E-05 9.9946E-05
9.9955E-05 0.487474 0.0220135 0.477069 0.0116012 9.9955E-05 9.9955E-05 9.9955E-05 9.9955E-05 0.00134246
9.9955E-05 9.9955E-05 0.844146 9.9955E-05 9.9955E-05 0.0627909 0.0201557 9.9955E-05 0.0678792 0.00452863
9.9964E-05 0.876876 9.9964E-05 0.0130014 0.0212774 9.9964E-05 9.9964E-05 0.0259235 0.054384 0.00813813
0.0114915 9.9946E-05 0.95607 0.00298553 9.9946E-05 9.9946E-05 9.9946E-05 9.9946E-05 0.0288532 9.9946E-05
9.9946E-05 0.483306 9.9946E-05 0.496536 0.0117764 9.9946E-05 9.9946E-05 9.9946E-05 9.9946E-05 0.00778236
9.99279E-05 0.0517453 9.99279E-05 9.99279E-05 0.947455 9.99279E-05 9.99279E-05 9.99279E-05 9.99279E-05 9.99279E-05
9.99459E-05 9.99459E-05 9.99459E-05 0.283978 9.99459E-05 9.99459E-05 0.492335 0.187859 9.99459E-05 0.0352283
0.053139 0.111321 9.9964E-05 9.9964E-05 9.9964E-05 0.0137531 0.449673 0.34643 0.0252838 9.9964E-05
9.9964E-05 0.107554 9.9964E-05 9.9964E-05 0.0316847 0.0256785 0.171114 0.246668 9.9964E-05 0.416901
9.9955E-05 0.311151 9.9955E-05 0.60411 0.0173743 9.9955E-05 0.0662425 9.9955E-05 9.9955E-05 0.000621742
0.146927 0.250411 0.0295608 0.0157825 0.0159995 9.9982E-05 9.9982E-05 0.0998967 0.00856759 0.432655
9.9937E-05 0.887983 9.9937E-05 0.103878 9.9937E-05 9.9937E-05 9.9937E-05 9.9937E-05 0.00743901 9.9937E-05
9.9982E-05 0.180561 9.9982E-05 0.575539 0.00665466 0.0132965 0.016892 0.0547169 0.0502092 0.10193
9.99279E-05 0.231508 9.99279E-05 9.99279E-05 9.99279E-05 9.99279E-05 9.99279E-05 9.99279E-05 0.767693 9.99279E-05
0.134312 0.631514 0.0135883 0.210588 9.9955E-05 9.9955E-05 9.9955E-05 9.9955E-05 9.9955E-05 0.0094979
9.9946E-05 0.692464 9.9946E-05 0.232893 9.9946E-05 0.0111745 9.9946E-05 9.9946E-05 0.0628682 9.9946E-05
9.99369E-05 0.0408814 0.00928695 9.99369E-05 0.949132 9.99369E-05 9.99369E-05 9.99369E-05 9.99369E-05 9.99369E-05
0.617293 0.137044 0.00305647 9.9973E-05 0.0508836 0.00141381 9.9973E-05 0.0336843 0.156325 9.9973E-05
9.99371E-05 9.99371E-05 9.99371E-05 9.99371E-05 0.981521 9.99371E-05 9.99371E-05 0.0099947 9.99371E-05 0.00778435
9.9946E-05 0.517606 0.00030809 0.441701 9.9946E-05 9.9946E-05 9.9946E-05 0.0397843 9.9946E-05 9.9946E-05
9.9955E-05 0.0346906 9.9955E-05 0.145499 0.025964 9.9955E-05 9.9955E-05 9.9955E-05 0.738872 0.0544749
0.329496 0.200256 9.9946E-05 9.9946E-05 0.0216029 9.9946E-05 9.9946E-05 9.9946E-05 0.448045 9.9946E-05
9.99459E-05 0.583724 0.0233402 0.363524 9.99459E-05 9.99459E-05 0.028812 9.99459E-05 9.99459E-05 9.99459E-05
9.9937E-05 0.944713 9.9937E-05 0.0375963 9.9937E-05 9.9937E-05 9.9937E-05 0.0169915 9.9937E-05 9.9937E-05
9.9928E-05 9.9928E-05 0.978575 9.9928E-05 0.0206255 9.9928E-05 9.9928E-05 9.9928E-05 9.9928E-05 9.9928E-05
0.154722 9.99549E-05 9.99549E-05 9.99549E-05 0.0220054 9.99549E-05 0.28023 9.99549E-05 0.525955 0.0165882
0.0139068 0.530104 0.00171233 0.453677 9.9946E-05 9.9946E-05 9.9946E-05 9.9946E-05 9.9946E-05 9.9946E-05
9.99549E-05 0.0770888 0.0305817 9.99549E-05 0.393133 0.00384806 9.99549E-05 9.99549E-05 0.494848 9.99549E-05
9.9937E-05 0.966002 0.00537218 9.9937E-05 9.9937E-05 9.9937E-05 9.9937E-05 9.9937E-05 0.0279262 9.9937E-05
9.99201E-05 9.99201E-05 9.99201E-05 9.99201E-05 9.99201E-05 0.999101 9.99201E-05 9.99201E-05 9.99201E-05 9.99201E-05
9.9955E-05 0.758253 0.00905105 0.150962 9.9955E-05 0.00449755 9.9955E-05 9.9955E-05 0.0767363 9.9955E-05
9.9946E-05 0.0897836 0.0171782 9.9946E-05 9.9946E-05 0.59601 9.9946E-05 9.9946E-05 0.296429 9.9946E-05
9.9964E-05 9.9964E-05 0.0142322 0.355296 0.0107925 9.9964E-05 0.476818 0.0521594 9.9964E-05 0.090302
9.9955E-05 0.969954 9.9955E-05 9.9955E-05 9.9955E-05 0.00132273 0.0117149 0.00988157 0.00662742 9.9955E-05
0.00195339 0.99292 9.9937E-05 9.9937E-05 9.9937E-05 0.00442751 9.9937E-05 9.9937E-05 9.9937E-05 9.9937E-05
0.693303 0.107545 9.9955E-05 9.9955E-05 0.00818932 0.00156654 0.188896 9.9955E-05 9.9955E-05 9.9955E-05
9.9937E-05 0.909723 0.00392061 9.9937E-05 9.9937E-05 9.9937E-05 9.9937E-05 9.9937E-05 0.0856568 9.9937E-05
9.99281E-05 9.99281E-05 9.99281E-05 9.99281E-05 0.969895 9.99281E-05 0.0293056 9.99281E-05 9.99281E-05 9.99281E-05
9.99281E-05 0.968568 9.99281E-05 0.0306326 9.99281E-05 9.99281E-05 9.99281E-05 9.99281E-05 9.99281E-05 9.99281E-05
9.99201E-05 9.99201E-05 9.99201E-05 9.99201E-05 9.99201E-05 0.999101 9.99201E-05 9.99201E-05 9.99201E-05 9.99201E-05
9.9937E-05 0.977375 9.9937E-05 0.0201005 9.9937E-05 9.9937E-05 9.9937E-05 0.00182451 9.9937E-05 9.9937E-05
9.9955E-05 9.9955E-05 9.9955E-05 0.30594 0.0125997 0.000369597 9.9955E-05 0.611733 0.0688573 9.9955E-05
0.1624 0.185177 0.008289 0.39518 9.9973E-05 0.00631939 9.9973E-05 0.205127 9.9973E-05 0.0372084
0.122699 9.9946E-05 9.9946E-05 0.0798064 9.9946E-05 9.9946E-05 0.342773 9.9946E-05 0.454122 9.9946E-05
0.492271 0.191046 0.0212752 0.253029 9.9964E-05 0.0122832 9.9964E-05 9.9964E-05 0.0296959 9.9964E-05
0.496645 0.15226 0.0453451 9.99549E-05 9.99549E-05 9.99549E-05 9.99549E-05 0.0793036 0.225946 9.99549E-05
9.9928E-05 0.994855 9.9928E-05 9.9928E-05 9.9928E-05 9.9928E-05 0.00434584 9.9928E-05 9.9928E-05 9.9928E-05
9.99549E-05 0.181719 9.99549E-05 0.370218 0.0447702 9.99549E-05 9.99549E-05 0.192225 9.99549E-05 0.210568
9.9928E-05 0.823485 9.9928E-05 0.175716 9.9928E-05 9.9928E-05 9.9928E-05 9.9928E-05 9.9928E-05 9.9928E-05
0.309485 0.0826615 0.0248996 0.353355 0.0493242 9.9973E-05 9.9973E-05 0.150166 0.0298089 9.9973E-05
9.99459E-05 0.0799683 9.99459E-05 9.99459E-05 0.00555839 9.99459E-05 0.820796 9.99459E-05 0.0930772 9.99459E-05
9.9955E-05 0.811587 9.9955E-05 0.118986 0.0102377 0.00798836 9.9955E-05 9.9955E-05 0.0507016 9.9955E-05
0.00329339 0.135284 0.0126913 0.838377 0.00258396 9.9964E-05 0.00736996 9.9964E-05 9.9964E-05 9.9964E-05
9.995E-05 0.543962 0.00889613 0.422271 0.0128282 9.995E-05 9.995E-05 0.0115434 9.995E-05 9.995E-05
0.00952189 0.937932 9.9955E-05 9.9955E-05 9.9955E-05 9.9955E-05 0.0338826 0.0055174 9.9955E-05 0.0126466
0.00598885 0.339412 0.00703379 9.9973E-05 0.0356967 0.00192791 0.00556796 9.9973E-05 0.604073 9.9973E-05
0.19296 0.194754 0.00203505 0.358803 9.9964E-05 9.9964E-05 0.0477617 0.203287 9.9964E-05 9.9964E-05
0.0721398 0.309447 9.9973E-05 0.16424 9.9973E-05 0.0228415 9.9973E-05 0.262737 0.156019 0.0122763
0.0344606 9.9955E-05 0.0165449 9.9955E-05 0.022102 0.899501 0.0268913 9.9955E-05 9.9955E-05 9.9955E-05
0.0274961 0.926392 0.00847111 9.9973E-05 0.00851256 0.00146072 9.9973E-05 9.9973E-05 0.0146622 0.0127056
9.9928E-05 0.984825 9.9928E-05 9.9928E-05 9.9928E-05 9.9928E-05 9.9928E-05 9.9928E-05 0.0143755 9.9928E-05
9.9964E-05 0.760074 0.00815737 0.166857 0.00201662 0.00613875 9.9964E-05 0.0563567 9.9964E-05 9.9964E-05
9.99279E-05 0.0416703 9.99279E-05 9.99279E-05 0.95753 9.99279E-05 9.99279E-05 9.99279E-05 9.99279E-05 9.99279E-05
9.9946E-05 0.565693 9.9946E-05 0.301559 9.9946E-05 9.9946E-05 9.9946E-05 0.0750587 0.05709 9.9946E-05
0.82603 0.173171 9.99281E-05 9.99281E-05 9.99281E-05 9.99281E-05 9.99281E-05 9.99281E-05 9.99281E-05 9.99281E-05
0.00692036 0.272632 0.00135095 0.376301 0.0113796 9.9964E-05 0.331016 9.9964E-05 9.9964E-05 9.9964E-05
9.9946E-05 0.990998 9.9946E-05 0.000540688 9.9946E-05 0.00309863 9.9946E-05 9.9946E-05 0.00476307 9.9946E-05
0.0576845 0.810486 9.9973E-05 0.0431234 0.00816888 9.9973E-05 9.9973E-05 0.0260657 0.0319356 0.022236
9.9928E-05 0.983489 9.9928E-05 9.9928E-05 9.9928E-05 9.9928E-05 9.9928E-05 9.9928E-05 9.9928E-05 0.0157111
0.718437 0.149938 0.0163428 9.99459E-05 9.99459E-05 9.99459E-05 9.99459E-05 0.114683 9.99459E-05 9.99459E-05
0.0181548 9.9964E-05 0.0314956 9.9964E-05 0.024089 0.776085 9.9964E-05 9.9964E-05 0.130918 0.0188587
0.722566 9.9946E-05 9.9946E-05 9.9946E-05 9.9946E-05 9.9946E-05 0.055338 9.9946E-05 0.159163 0.062333
0.00100684 0.383616 0.0238676 0.380687 9.9964E-05 9.9964E-05 0.109608 0.100814 9.9964E-05 9.9964E-05
9.9937E-05 9.9937E-05 0.0104848 9.9937E-05 9.9937E-05 0.932961 9.9937E-05 9.9937E-05 0.0558545 9.9937E-05
0.029347 0.450928 9.9973E-05 0.272367 0.0287179 0.00690673 9.9973E-05 0.1466 0.0648346 9.9973E-05
9.99549E-05 0.169615 9.99549E-05 0.273027 9.99549E-05 9.99549E-05 0.158922 0.236273 9.99549E-05 0.161662
0.0297815 0.891474 0.00972361 9.9964E-05 0.0248754 9.9964E-05 0.00724726 9.9964E-05 0.0364985 9.9964E-05
9.9937E-05 0.977409 9.9937E-05 0.00452158 9.9937E-05 9.9937E-05 9.9937E-05 0.0173703 9.9937E-05 9.9937E-05
0.0329801 0.936648 0.0164656 9.9955E-05 9.9955E-05 0.000236088 9.9955E-05 0.0131707 9.9955E-05 9.9955E-05
0.117878 0.428012 9.9955E-05 0.115386 9.9955E-05 9.9955E-05 9.9955E-05 0.24756 0.0906637 9.9955E-05
9.99279E-05 0.0753023 9.99279E-05 9.99279E-05 0.923898 9.99279E-05 9.99279E-05 9.99279E-05 9.99279E-05 9.99279E-05
9.9937E-05 0.911737 0.00254367 0.08502 9.9937E-05 9.9937E-05 9.9937E-05 9.9937E-05 9.9937E-05 9.9937E-05
9.99459E-05 0.00595874 9.99459E-05 9.99459E-05 9.99459E-05 9.99459E-05 9.99459E-05 0.142486 0.107998 0.742957
0.0511383 0.200838 9.9955E-05 0.642573 9.9955E-05 9.9955E-05 9.9955E-05 0.0367082 9.9955E-05 0.068243
9.99369E-05 9.99369E-05 9.99369E-05 0.0256995 0.960152 0.0134485 9.99369E-05 9.99369E-05 9.99369E-05 9.99369E-05
0.419783 0.0802409 9.9955E-05 9.9955E-05 0.00660488 9.9955E-05 9.9955E-05 0.0323076 9.9955E-05 0.460564
9.9928E-05 9.9928E-05 9.9928E-05 0.100069 9.9928E-05 9.9928E-05 9.9928E-05 9.9928E-05 0.899132 9.9928E-05
0.192572 0.0264565 9.997E-05 0.332331 0.0379381 9.997E-05 0.0953331 0.220578 0.0944923 9.997E-05
9.9937E-05 0.096366 9.9937E-05 0.00567138 0.897263 9.9937E-05 9.9937E-05 9.9937E-05 9.9937E-05 9.9937E-05
9.9946E-05 0.257938 9.9946E-05 0.624905 9.9946E-05 9.9946E-05 0.0919044 9.9946E-05 9.9946E-05 0.0246527
9.99201E-05 9.99201E-05 9.99201E-05 9.99201E-05 9.99201E-05 0.999101 9.99201E-05 9.99201E-05 9.99201E-05 9.99201E-05
9.9955E-05 0.375247 9.9955E-05 0.521974 9.9955E-05 0.00838301 9.9955E-05 9.9955E-05 0.0167312 0.0771645
9.9946E-05 0.838649 0.00813374 0.147102 9.9946E-05 9.9946E-05 0.00551625 9.9946E-05 9.9946E-05 9.9946E-05
9.99281E-05 9.99281E-05 9.99281E-05 9.99281E-05 9.99281E-05 0.992562 0.00663865 9.99281E-05 9.99281E-05 9.99281E-05
9.9928E-05 0.744074 9.9928E-05 0.255127 9.9928E-05 9.9928E-05 9.9928E-05 9.9928E-05 9.9928E-05 9.9928E-05
9.9964E-05 0.0206461 0.891373 9.9964E-05 0.00982662 0.0194023 0.0574707 9.9964E-05 0.000880961 9.9964E-05
9.9955E-05 0.0693603 0.00806541 0.272499 9.9955E-05 9.9955E-05 9.9955E-05 0.626713 0.0228625 9.9955E-05
9.9946E-05 0.82085 9.9946E-05 0.112032 0.0135359 9.9946E-05 9.9946E-05 9.9946E-05 0.0529825 9.9946E-05
0.184737 0.0427662 9.9973E-05 9.9973E-05 0.0487763 0.000356645 9.9973E-05 0.0654667 0.414175 0.243423
9.9964E-05 0.569416 9.9964E-05 0.309861 9.9964E-05 0.012286 0.0309187 9.9964E-05 0.0574811 0.0196375
9.9937E-05 9.9937E-05 0.0249713 9.9937E-05 9.9937E-05 0.921424 9.9937E-05 9.9937E-05 0.0529052 9.9937E-05
0.230354 0.0406157 9.9964E-05 0.56071 9.9964E-05 0.000863891 0.0989101 9.9964E-05 9.9964E-05 0.0681471
