0.59657 9.997E-05 0.0143453 0.0210225 9.997E-05 0.349404 9.997E-05 0.0183583
0.945525 9.9955E-05 9.9955E-05 0.0533597 0.000615291 9.9955E-05 9.9955E-05 9.9955E-05
0.943158 0.00885594 9.9964E-05 0.00465417 9.9964E-05 0.0429323 9.9964E-05 9.9964E-05
0.590736 9.9973E-05 9.9973E-05 9.9973E-05 0.0818313 0.317164 0.00276221 0.00720672
0.145561 0.0423925 9.9964E-05 9.9964E-05 0.411877 0.39977 9.9964E-05 9.9964E-05
0.177026 9.9973E-05 9.9973E-05 0.579084 0.231576 0.010955 9.9973E-05 0.00105874
0.195058 9.9955E-05 0.354321 9.9955E-05 0.450122 9.9955E-05 9.9955E-05 9.9955E-05
9.9964E-05 9.9964E-05 0.087289 0.140048 0.305844 0.46642 9.9964E-05 9.9964E-05
0.933885 0.0120254 0.00265608 9.9982E-05 9.9982E-05 0.0264858 0.00922545 0.0155227
0.723543 9.9946E-05 9.9946E-05 9.9946E-05 9.9946E-05 0.275857 9.9946E-05 9.9946E-05
0.169288 9.9973E-05 0.285817 9.9973E-05 0.0230278 0.499374 9.9973E-05 0.0221935
0.0463279 0.0152558 0.422697 9.9973E-05 0.0979533 0.417466 9.9973E-05 9.9973E-05
0.150437 9.9973E-05 0.137849 0.0141423 0.0865985 0.610673 9.9973E-05 9.9973E-05
0.0441757 9.99639E-05 9.99639E-05 0.802393 0.108567 0.0444644 9.99639E-05 9.99639E-05
0.464683 9.9964E-05 9.9964E-05 9.9964E-05 9.9964E-05 0.526042 0.00875389 0.000122002
0.458247 9.9973E-05 0.0686459 0.167289 0.17623 0.129288 9.9973E-05 9.9973E-05
0.160795 9.9964E-05 0.621278 0.0923149 9.9964E-05 0.125212 9.9964E-05 9.9964E-05
0.12987 0.0101193 9.9973E-05 0.437986 9.9973E-05 9.9973E-05 0.0144949 0.40723
0.957459 9.995E-05 9.995E-05 9.995E-05 0.0342346 9.995E-05 0.00780711 9.995E-05
0.132814 0.0130917 0.249778 9.9982E-05 0.440821 0.136214 0.0270818 9.9982E-05
0.918673 0.00807512 9.9955E-05 9.9955E-05 9.9955E-05 0.0727518 9.9955E-05 9.9955E-05
0.15947 0.00744435 0.452176 9.9964E-05 9.9964E-05 0.38051 9.9964E-05 9.9964E-05
0.194182 0.00283791 0.063126 9.9973E-05 0.150527 0.589027 9.9973E-05 9.9973E-05
9.9973E-05 0.879352 9.9973E-05 0.0254965 0.00680202 0.0746024 9.9973E-05 0.0134476
0.169737 0.00569541 9.9973E-05 0.141784 0.488167 0.194317 9.9973E-05 9.9973E-05
0.261574 0.018476 0.2323 9.9964E-05 9.9964E-05 0.48725 9.9964E-05 9.9964E-05
0.169286 9.9973E-05 0.227708 9.9973E-05 0.307557 0.294927 0.000221726 9.9973E-05
0.8787 0.000263983 9.996E-05 9.996E-05 9.996E-05 0.117176 9.996E-05 0.00346067
0.739869 9.9946E-05 9.9946E-05 9.9946E-05 9.9946E-05 0.259531 9.9946E-05 9.9946E-05
0.972421 9.9946E-05 9.9946E-05 9.9946E-05 9.9946E-05 0.0269794 9.9946E-05 9.9946E-05
9.9955E-05 9.9955E-05 9.9955E-05 0.732771 0.0617063 0.205023 9.9955E-05 9.9955E-05
0.953602 9.9955E-05 9.9955E-05 0.0131066 0.0327921 9.9955E-05 9.9955E-05 9.9955E-05
0.972749 9.99604E-05 0.00174803 9.99604E-05 0.0250032 9.99604E-05 9.99604E-05 9.99604E-05
0.194909 9.9955E-05 9.9955E-05 0.257319 0.547272 9.9955E-05 9.9955E-05 9.9955E-05
0.98541 9.9946E-05 9.9946E-05 0.0139902 9.9946E-05 9.9946E-05 9.9946E-05 9.9946E-05
0.14232 9.9982E-05 0.188645 0.125633 0.301067 0.238956 0.00317856 9.9982E-05
0.515419 9.9946E-05 9.9946E-05 9.9946E-05 9.9946E-05 0.483981 9.9946E-05 9.9946E-05
0.0127023 0.0130833 0.591675 0.11084 0.0509052 0.190934 0.0297615 9.9991E-05
0.064329 0.00975403 0.269342 9.997E-05 0.649191 9.997E-05 9.997E-05 0.00708367
0.0558933 0.0514358 0.0262488 9.997E-05 0.206474 0.659648 9.997E-05 9.997E-05
0.147633 0.00559282 9.9982E-05 0.278037 0.486247 0.072076 0.0102147 9.9982E-05
0.96215 0.0202978 0.0056248 9.9973E-05 0.00300744 9.9973E-05 0.00862034 9.9973E-05
0.780556 9.9955E-05 0.00822281 9.9955E-05 9.9955E-05 0.210722 9.9955E-05 9.9955E-05
0.733438 0.00295236 9.9964E-05 9.9964E-05 9.9964E-05 0.260975 0.00223509 9.9964E-05
0.699128 9.9973E-05 9.9973E-05 0.00439238 0.0505384 0.216079 9.9973E-05 0.029562
0.00195072 9.996E-05 9.996E-05 9.996E-05 0.00208651 9.996E-05 0.00842203 0.987141
0.888191 9.9955E-05 0.0705785 9.9955E-05 0.040731 9.9955E-05 9.9955E-05 9.9955E-05
0.859427 9.9946E-05 9.9946E-05 9.9946E-05 9.9946E-05 0.139973 9.9946E-05 9.9946E-05
9.994E-05 9.994E-05 9.994E-05 9.994E-05 9.994E-05 9.994E-05 9.994E-05 0.9993
0.579033 9.99459E-05 9.99459E-05 9.99459E-05 9.99459E-05 0.420367 9.99459E-05 9.99459E-05
0.327498 9.9964E-05 0.203352 0.0524322 9.9964E-05 0.416317 9.9964E-05 9.9964E-05
0.662012 9.9946E-05 9.9946E-05 9.9946E-05 9.9946E-05 0.337388 9.9946E-05 9.9946E-05
0.500459 0.0087509 0.00823021 9.9973E-05 0.0212269 0.461033 9.9973E-05 9.9973E-05
0.444772 0.00301592 9.996E-05 0.52531 9.996E-05 9.996E-05 9.996E-05 0.0265021
0.166744 0.040355 9.997E-05 0.189352 0.0812834 0.521965 9.997E-05 9.997E-05
0.732313 0.0218937 9.99639E-05 0.23602 9.99639E-05 9.99639E-05 0.00937368 9.99639E-05
0.903573 9.9955E-05 9.9955E-05 9.9955E-05 9.9955E-05 0.0884728 9.9955E-05 0.00745423
0.962762 9.9973E-05 0.00291332 0.0114922 0.0195823 9.9973E-05 9.9973E-05 0.00295046
0.658974 0.00440179 9.998E-05 0.036045 9.998E-05 0.280786 0.000367442 0.0192254
0.707011 9.9946E-05 9.9946E-05 9.9946E-05 9.9946E-05 0.292389 9.9946E-05 9.9946E-05
0.944484 9.9946E-05 9.9946E-05 9.9946E-05 9.9946E-05 0.0549167 9.9946E-05 9.9946E-05
9.997E-05 0.812987 0.0520384 0.0913968 0.0297606 9.997E-05 0.0135173 9.997E-05
0.969742 0.0077097 0.0213365 9.9964E-05 9.9964E-05 9.9964E-05 0.000811548 9.9964E-05
0.111068 0.00435356 0.00275142 0.293556 9.9982E-05 0.573178 0.0148933 9.9982E-05
0.957789 9.9955E-05 0.0379865 9.9955E-05 9.9955E-05 9.9955E-05 9.9955E-05 0.00372458
0.995471 9.9955E-05 9.9955E-05 9.9955E-05 0.00188312 9.9955E-05 0.00214603 9.9955E-05
0.630746 9.9955E-05 9.9955E-05 9.9955E-05 9.9955E-05 0.360952 9.9955E-05 0.00780221
0.598678 9.9955E-05 0.02266 9.9955E-05 9.9955E-05 0.378162 9.9955E-05 9.9955E-05
0.174808 0.0165503 0.808142 9.9955E-05 9.9955E-05 9.9955E-05 9.9955E-05 9.9955E-05
9.994E-05 9.994E-05 9.994E-05 9.994E-05 9.994E-05 9.994E-05 9.994E-05 0.9993
0.15465 0.00181702 9.9964E-05 9.9964E-05 0.321876 0.521257 9.9964E-05 9.9964E-05
0.784955 0.0155452 9.997E-05 0.184937 9.997E-05 9.997E-05 0.009693 0.00457021
0.792279 0.00495686 9.997E-05 9.997E-05 9.997E-05 0.193071 0.00719476 0.00219805
0.943334 0.0320408 9.9955E-05 0.0241252 9.9955E-05 9.9955E-05 9.9955E-05 9.9955E-05
0.998119 0.00128172 9.9946E-05 9.9946E-05 9.9946E-05 9.9946E-05 9.9946E-05 9.9946E-05
0.909776 9.998E-05 0.0048229 0.035687 0.0144963 9.998E-05 0.00338897 0.0316285
0.971104 9.9955E-05 9.9955E-05 9.9955E-05 9.9955E-05 0.0247679 0.00362796 9.9955E-05
0.0956735 9.9964E-05 0.397776 0.249964 9.9964E-05 0.256186 9.9964E-05 9.9964E-05
0.941494 9.9955E-05 9.9955E-05 9.9955E-05 0.0169708 0.0410356 9.9955E-05 9.9955E-05
9.996E-05 0.63574 0.0883699 0.262649 9.996E-05 9.996E-05 9.996E-05 0.0128409
0.502274 0.0160507 9.9964E-05 0.00236507 9.9964E-05 0.47891 9.9964E-05 9.9964E-05
0.909411 0.00138706 9.9964E-05 9.9964E-05 9.9964E-05 0.0841007 9.9964E-05 0.00470178
0.0455755 0.0534247 9.9973E-05 0.45872 9.9973E-05 9.9973E-05 0.0579254 0.384054
0.367488 9.9955E-05 9.9955E-05 0.598074 9.9955E-05 9.9955E-05 9.9955E-05 0.0339379
0.303255 9.996E-05 9.996E-05 0.0999746 0.265448 0.330923 9.996E-05 9.996E-05
0.752052 9.9964E-05 9.9964E-05 0.0480774 9.9964E-05 0.189445 0.0100257 9.9964E-05
0.94369 0.0229782 9.9955E-05 0.0328321 9.9955E-05 9.9955E-05 9.9955E-05 9.9955E-05
9.994E-05 9.994E-05 9.994E-05 9.994E-05 9.994E-05 9.994E-05 0.9993 9.994E-05
0.490355 9.99549E-05 9.99549E-05 9.99549E-05 9.99549E-05 0.501352 9.99549E-05 0.00779312
0.529858 0.00228638 9.9955E-05 9.9955E-05 9.9955E-05 0.467356 9.9955E-05 9.9955E-05
0.153312 9.996E-05 0.298163 9.996E-05 0.098591 0.449535 9.996E-05 9.996E-05
0.0546424 0.0125246 0.297293 0.0499366 0.00294211 0.576433 0.00612851 9.999E-05
0.091098 9.9955E-05 0.614774 9.9955E-05 9.9955E-05 0.293628 9.9955E-05 9.9955E-05
0.966028 9.9946E-05 9.9946E-05 0.0333718 9.9946E-05 9.9946E-05 9.9946E-05 9.9946E-05
0.487249 9.9946E-05 9.9946E-05 9.9946E-05 9.9946E-05 0.512151 9.9946E-05 9.9946E-05
0.864671 9.9946E-05 9.9946E-05 9.9946E-05 9.9946E-05 0.134729 9.9946E-05 9.9946E-05
0.275068 0.00258035 9.9964E-05 0.0459112 9.9964E-05 0.676041 9.9964E-05 9.9964E-05
0.177358 9.9955E-05 9.9955E-05 0.40172 0.420422 9.9955E-05 9.9955E-05 9.9955E-05
0.958364 0.0197113 9.9964E-05 0.018815 9.9964E-05 9.9964E-05 0.00270977 9.9964E-05
0.183224 0.057756 0.222887 0.0115354 0.132473 0.391925 9.998E-05 9.998E-05
0.205553 9.997E-05 9.997E-05 9.997E-05 0.201314 0.575851 0.00545653 0.0115262
9.99551E-05 0.859497 9.99551E-05 9.99551E-05 0.12515 9.99551E-05 9.99551E-05 0.0148529
0.509962 9.9946E-05 9.9946E-05 9.9946E-05 9.9946E-05 0.489439 9.9946E-05 9.9946E-05
0.953651 9.9955E-05 0.0334208 9.9955E-05 9.9955E-05 0.0124285 9.9955E-05 9.9955E-05
0.9993 9.994E-05 9.994E-05 9.994E-05 9.994E-05 9.994E-05 9.994E-05 9.994E-05
9.9964E-05 9.9964E-05 0.366178 9.9964E-05 0.186097 0.44026 9.9964E-05 0.00706579
9.994E-05 9.994E-05 9.994E-05 9.994E-05 9.994E-05 9.994E-05 9.994E-05 0.9993
0.0424651 9.9964E-05 0.77664 9.9964E-05 9.9964E-05 0.167401 9.9964E-05 0.0130938
0.767143 0.0237407 9.9955E-05 9.9955E-05 9.9955E-05 0.208616 9.9955E-05 9.9955E-05
0.941098 0.0148163 9.9964E-05 0.0380659 9.9964E-05 9.9964E-05 0.00561983 9.9964E-05
0.0821999 9.9955E-05 0.465014 9.9955E-05 9.9955E-05 0.452286 9.9955E-05 9.9955E-05
9.994E-05 9.994E-05 9.994E-05 9.994E-05 9.994E-05 9.994E-05 9.994E-05 0.9993
9.9964E-05 0.63119 9.9964E-05 0.310589 0.0271161 9.9964E-05 9.9964E-05 0.0307046
0.649916 9.9973E-05 0.150958 9.9973E-05 0.0104847 0.183413 9.9973E-05 0.00492827
0.712958 9.9946E-05 9.9946E-05 9.9946E-05 9.9946E-05 0.286442 9.9946E-05 9.9946E-05
0.145033 0.00362161 0.335574 9.996E-05 9.996E-05 0.515371 9.996E-05 9.996E-05
0.967148 0.0321822 9.9955E-05 0.000170017 9.9955E-05 9.9955E-05 9.9955E-05 9.9955E-05
0.0131349 9.998E-05 0.350929 0.341541 0.123404 0.134422 9.998E-05 0.0363686
9.9964E-05 0.124277 9.9964E-05 0.308961 9.9964E-05 9.9964E-05 0.0849817 0.48138
0.844156 0.042458 9.9955E-05 9.9955E-05 9.9955E-05 0.112886 9.9955E-05 9.9955E-05
0.461925 9.9964E-05 0.0735991 9.9964E-05 9.9964E-05 0.457987 9.9964E-05 0.00608847
9.994E-05 0.9993 9.994E-05 9.994E-05 9.994E-05 9.994E-05 9.994E-05 9.994E-05
0.828655 9.996E-05 0.0359195 9.996E-05 9.996E-05 0.133057 9.996E-05 0.00196883
0.363494 9.9955E-05 0.0534327 9.9955E-05 9.9955E-05 0.582573 9.9955E-05 9.9955E-05
0.774406 9.995E-05 9.995E-05 9.995E-05 9.995E-05 0.222418 9.995E-05 0.00267639
0.259054 9.997E-05 0.668131 9.997E-05 9.997E-05 0.0599769 0.0113573 0.00118133
0.192166 9.998E-05 0.316755 0.0062727 0.137122 0.34375 9.998E-05 0.00373401
0.0339423 9.9964E-05 9.9964E-05 0.182688 0.253344 0.529626 9.9964E-05 9.9964E-05
9.99549E-05 9.99549E-05 0.350685 0.58143 9.99549E-05 0.0673851 9.99549E-05 9.99549E-05
0.501839 0.0162052 9.9955E-05 9.9955E-05 9.9955E-05 0.481456 9.9955E-05 9.9955E-05
0.841929 9.9955E-05 9.9955E-05 9.9955E-05 9.9955E-05 0.154059 9.9955E-05 0.00351225
0.632188 0.0120985 9.996E-05 9.996E-05 9.996E-05 0.334229 9.996E-05 0.0210846
9.9973E-05 0.00527942 0.00755988 0.0862607 9.9973E-05 9.9973E-05 0.0613269 0.839273
0.887739 0.0220672 0.0165023 0.0693016 9.997E-05 0.00408972 9.997E-05 9.997E-05
9.9973E-05 0.00330957 9.9973E-05 9.9973E-05 0.0182386 0.00436313 0.0162528 0.957536
0.604839 0.00659758 9.9955E-05 9.9955E-05 9.9955E-05 0.388064 9.9955E-05 9.9955E-05
0.0518841 0.947516 9.99459E-05 9.99459E-05 9.99459E-05 9.99459E-05 9.99459E-05 9.99459E-05
9.99459E-05 9.99459E-05 0.607091 9.99459E-05 9.99459E-05 0.39231 9.99459E-05 9.99459E-05
0.0969272 9.9964E-05 0.786886 0.0983049 9.9964E-05 9.9964E-05 0.017482 9.9964E-05
0.0920747 0.0431066 0.605358 9.9982E-05 0.0203955 0.205769 0.0330963 9.9982E-05
0.478495 0.00823354 9.9955E-05 9.9955E-05 9.9955E-05 0.512772 9.9955E-05 9.9955E-05
0.213211 9.998E-05 0.148491 9.998E-05 0.325315 0.28725 0.00436212 0.0211716
0.939786 9.9964E-05 9.9964E-05 0.000963687 0.00158328 0.0572676 9.9964E-05 9.9964E-05
0.323621 0.0135391 0.0788864 0.0449071 9.9973E-05 0.538747 9.9973E-05 9.9973E-05
0.215413 9.99459E-05 9.99459E-05 0.783987 9.99459E-05 9.99459E-05 9.99459E-05 9.99459E-05
0.713994 9.9964E-05 9.9964E-05 9.9964E-05 0.129711 0.149029 9.9964E-05 0.00686629
0.767413 9.9964E-05 9.9964E-05 0.0421466 9.9964E-05 0.176736 0.0133041 9.9964E-05
0.0292412 0.965905 9.995E-05 9.995E-05 9.995E-05 9.995E-05 9.995E-05 0.00435352
0.174938 0.0433577 9.9964E-05 0.161051 0.620254 9.9964E-05 9.9964E-05 9.9964E-05
9.99461E-05 0.988331 0.0110689 9.99461E-05 9.99461E-05 9.99461E-05 9.99461E-05 9.99461E-05
0.622889 0.00291886 9.9964E-05 9.9964E-05 9.9964E-05 0.373578 9.9964E-05 0.000214512
0.116127 0.0296632 9.997E-05 0.655689 0.0681798 0.130042 9.997E-05 9.997E-05
0.224403 0.00490071 9.997E-05 0.508623 0.256032 9.997E-05 9.997E-05 0.00574132
0.698482 9.9955E-05 9.9955E-05 9.9955E-05 9.9955E-05 0.283916 9.9955E-05 0.0171023
0.994081 9.9946E-05 0.00531951 9.9946E-05 9.9946E-05 9.9946E-05 9.9946E-05 9.9946E-05
9.9946E-05 0.00924976 9.9946E-05 9.9946E-05 9.9946E-05 9.9946E-05 9.9946E-05 0.990151
9.996E-05 0.0212365 0.291966 0.619762 0.066636 9.996E-05 9.996E-05 9.996E-05
0.664993 9.9955E-05 9.9955E-05 9.9955E-05 9.9955E-05 0.32989 9.9955E-05 0.00461736
0.0665345 0.358802 9.99639E-05 0.542401 9.99639E-05 9.99639E-05 9.99639E-05 0.0318619
0.98081 9.9964E-05 9.9964E-05 0.0160301 9.9964E-05 9.9964E-05 0.00073503 0.00202527
9.994E-05 9.994E-05 9.994E-05 9.994E-05 9.994E-05 9.994E-05 0.9993 9.994E-05
0.821555 9.9964E-05 9.9964E-05 0.0681933 9.9964E-05 0.10005 9.9964E-05 0.00980161
0.0800443 9.9964E-05 9.9964E-05 0.304779 9.9964E-05 9.9964E-05 0.594528 0.0202485
9.9964E-05 9.9964E-05 0.349699 0.0895476 9.9964E-05 0.545279 9.9964E-05 0.0150745
0.967321 9.9964E-05 0.0148493 0.00904685 9.9964E-05 9.9964E-05 0.00838326 9.9964E-05
0.985276 9.9946E-05 9.9946E-05 9.9946E-05 0.0141247 9.9946E-05 9.9946E-05 9.9946E-05
0.110778 9.9973E-05 0.169121 0.0896137 0.617955 9.9973E-05 0.0122332 9.9973E-05
0.900336 9.9964E-05 9.9964E-05 0.0974396 0.00135796 9.9964E-05 0.000466653 9.9964E-05
9.99461E-05 0.959287 9.99461E-05 9.99461E-05 9.99461E-05 0.0401131 9.99461E-05 9.99461E-05
0.986087 0.00808665 9.9955E-05 9.9955E-05 9.9955E-05 9.9955E-05 9.9955E-05 0.00532689
9.994E-05 9.994E-05 9.994E-05 9.994E-05 9.994E-05 9.994E-05 0.9993 9.994E-05
0.996616 9.9946E-05 9.9946E-05 9.9946E-05 9.9946E-05 9.9946E-05 0.00278434 9.9946E-05
0.0250951 0.0131412 0.209909 0.174132 0.0144381 0.563085 9.998E-05 9.998E-05
0.259813 9.998E-05 0.103041 9.998E-05 0.189746 0.426587 0.0123242 0.00828939
9.996E-05 9.996E-05 0.171963 0.517749 0.164888 0.145 9.996E-05 9.996E-05
0.289699 0.0027138 9.9982E-05 9.9982E-05 0.507531 0.163705 0.0107329 0.0254186
0.202147 9.996E-05 9.996E-05 0.174931 0.57038 9.996E-05 9.996E-05 0.0521428
0.9993 9.994E-05 9.994E-05 9.994E-05 9.994E-05 9.994E-05 9.994E-05 9.994E-05
0.271295 0.0581719 0.190944 9.997E-05 9.997E-05 0.471909 9.997E-05 0.00738037
0.881335 9.9955E-05 9.9955E-05 9.9955E-05 9.9955E-05 0.116515 0.00165001 9.9955E-05
0.201013 0.052052 9.998E-05 0.0463537 0.321494 0.357693 9.998E-05 0.0211948
0.0337138 9.9964E-05 0.649311 0.232866 9.9964E-05 0.0837093 9.9964E-05 9.9964E-05
0.832293 0.00946646 9.997E-05 0.0589275 9.997E-05 0.0887756 0.0102374 9.997E-05
0.36842 9.9955E-05 9.9955E-05 9.9955E-05 9.9955E-05 0.620561 9.9955E-05 0.0105195
0.657044 0.0122927 9.9964E-05 9.9964E-05 9.9964E-05 0.321827 9.9964E-05 0.00843662
0.937075 9.9964E-05 0.0340953 0.0141489 0.0142808 9.9964E-05 9.9964E-05 9.9964E-05
0.348138 0.0465571 9.9964E-05 0.597318 9.9964E-05 9.9964E-05 0.00758648 9.9964E-05
0.2619 9.997E-05 0.0499128 0.0302587 0.222095 0.435534 9.997E-05 9.997E-05
0.349089 0.0082446 9.998E-05 0.130376 0.200417 0.292002 0.0196715 9.998E-05
9.9982E-05 0.0411442 0.0102801 0.0289746 0.0143636 9.9982E-05 0.898632 0.00640586
0.931808 0.000726581 9.996E-05 0.00666313 0.0604024 9.996E-05 9.996E-05 9.996E-05
0.988773 9.9946E-05 9.9946E-05 0.010627 9.9946E-05 9.9946E-05 9.9946E-05 9.9946E-05
0.860422 9.996E-05 9.996E-05 9.996E-05 0.00937117 0.118519 0.0112878 9.996E-05
0.0302678 0.967192 9.99549E-05 9.99549E-05 9.99549E-05 9.99549E-05 9.99549E-05 0.00204088
0.668106 9.9973E-05 9.9973E-05 0.0557032 0.0157473 0.252543 0.00760049 9.9973E-05
0.213745 0.00238409 9.996E-05 0.0601784 0.723292 9.996E-05 9.996E-05 9.996E-05
0.315928 0.015441 0.115365 0.0316797 0.0509587 0.46386 9.999E-05 0.00666872
0.975569 9.9955E-05 9.9955E-05 0.0196658 9.9955E-05 9.9955E-05 0.00426576 9.9955E-05
0.829996 0.00769083 0.0192502 0.034628 0.0713018 0.0369336 9.998E-05 9.998E-05
0.994858 9.9946E-05 0.00454259 9.9946E-05 9.9946E-05 9.9946E-05 9.9946E-05 9.9946E-05
0.192209 9.996E-05 0.00917827 9.996E-05 0.787561 9.996E-05 9.996E-05 0.0106519
0.00370468 0.0274175 9.998E-05 0.155372 9.998E-05 0.00986811 0.778194 0.0252437
0.0562077 9.9964E-05 0.0813855 0.219848 0.642159 9.9964E-05 9.9964E-05 9.9964E-05
0.485368 9.9964E-05 0.13941 9.9964E-05 9.9964E-05 0.352278 9.9964E-05 0.0225438
9.9955E-05 9.9955E-05 9.9955E-05 0.0367309 9.9955E-05 9.9955E-05 0.95187 0.0108996
0.511098 0.0281829 9.9982E-05 0.102341 0.00391915 0.343517 0.0107428 9.9982E-05
0.223525 9.99549E-05 0.380743 9.99549E-05 9.99549E-05 0.395232 9.99549E-05 9.99549E-05
0.876841 0.0152233 0.0152022 0.070568 0.0103271 9.999E-05 0.000835626 0.010903
0.995608 9.9955E-05 9.9955E-05 9.9955E-05 0.00294746 9.9955E-05 9.9955E-05 0.000944752
0.944495 9.9955E-05 9.9955E-05 9.9955E-05 0.0429296 9.9955E-05 9.9955E-05 0.0120751
0.4666 9.996E-05 9.996E-05 0.10082 0.209169 0.223011 9.996E-05 9.996E-05
0.0497708 0.949629 9.99459E-05 9.99459E-05 9.99459E-05 9.99459E-05 9.99459E-05 9.99459E-05
0.952123 9.9955E-05 9.9955E-05 9.9955E-05 9.9955E-05 0.0439827 9.9955E-05 0.00339463
0.112058 0.0011986 0.796148 0.0901955 9.996E-05 9.996E-05 9.996E-05 9.996E-05
0.361512 0.00781784 9.997E-05 9.997E-05 0.0338987 0.593923 0.00254908 9.997E-05
0.0113609 0.972415 9.9964E-05 9.9964E-05 9.9964E-05 0.00535977 0.0104643 9.9964E-05
0.114139 9.9955E-05 0.387826 9.9955E-05 0.497535 9.9955E-05 9.9955E-05 9.9955E-05
0.0271805 9.9955E-05 9.9955E-05 0.8894 9.9955E-05 0.0829196 9.9955E-05 9.9955E-05
0.156035 0.0325293 0.17078 0.0569481 0.25304 0.330467 9.998E-05 9.998E-05
0.0826758 0.915789 9.9955E-05 9.9955E-05 9.9955E-05 9.9955E-05 9.9955E-05 0.00103587
0.40221 9.9955E-05 0.0549609 9.9955E-05 9.9955E-05 0.542329 9.9955E-05 9.9955E-05
0.0010931 9.99549E-05 9.99549E-05 9.99549E-05 9.99549E-05 9.99549E-05 0.997695 0.000711695
0.489354 9.997E-05 9.997E-05 9.997E-05 0.00925957 0.488984 0.00600423 0.00609761
0.88056 9.9955E-05 9.9955E-05 9.9955E-05 9.9955E-05 0.101063 9.9955E-05 0.0178769
9.99461E-05 9.99461E-05 0.00409522 9.99461E-05 9.99461E-05 9.99461E-05 0.995305 9.99461E-05
0.829781 9.9946E-05 9.9946E-05 9.9946E-05 9.9946E-05 0.16962 9.9946E-05 9.9946E-05
9.998E-05 0.0171005 9.998E-05 0.0639123 0.00793513 0.0197623 0.0130257 0.878064
0.0437154 9.9973E-05 0.106523 0.148405 0.042781 0.658276 9.9973E-05 9.9973E-05
0.889969 0.0235562 9.996E-05 0.0391261 9.996E-05 0.0469486 9.996E-05 9.996E-05
0.0825013 0.0604446 0.18642 0.36791 0.302425 9.9973E-05 9.9973E-05 9.9973E-05
0.663918 9.9973E-05 0.02465 0.0448453 9.9973E-05 0.251309 0.0149779 9.9973E-05
9.9955E-05 9.9955E-05 9.9955E-05 0.0630346 9.9955E-05 9.9955E-05 0.915958 0.0205073
0.174481 0.00292391 0.0856914 9.998E-05 0.209413 0.522724 0.00456655 9.998E-05
