0.767995 9.9982E-05 0.229902 9.9982E-05 0.00190371
0.950056 0.0496438 9.9973E-05 9.9973E-05 9.9973E-05
0.990052 9.9973E-05 9.9973E-05 9.9973E-05 0.009648
0.725329 0.0211366 0.228154 0.0246348 0.00074589
0.254155 0.286899 0.418222 9.9991E-05 0.0406242
0.205034 0.720579 0.053929 0.00319814 0.0172603
0.150036 0.451359 0.398405 9.9982E-05 9.9982E-05
0.127323 0.297154 0.565233 0.0101901 9.9991E-05
0.941044 0.00455779 0.0165697 0.0287619 0.00906694
0.871005 9.9973E-05 0.128695 9.9973E-05 9.9973E-05
0.38896 0.028178 0.567114 9.9991E-05 0.0156485
0.211356 0.115186 0.660976 9.9991E-05 0.0123819
0.39916 0.0318892 0.56875 9.9982E-05 9.9982E-05
0.137329 0.84228 0.0201911 9.9982E-05 9.9982E-05
0.662774 9.9973E-05 0.336926 9.9973E-05 9.9973E-05
0.528814 0.29607 0.172921 0.00209512 9.9991E-05
0.208785 0.21793 0.573085 9.9982E-05 9.9982E-05
0.194924 0.328312 9.9991E-05 0.39491 0.0817554
0.956092 0.0394301 9.9982E-05 0.00427811 9.9982E-05
0.157538 0.387318 0.414956 0.0326703 0.00751807
0.962446 0.00438954 0.0295134 9.9991E-05 0.00355108
0.354435 9.9982E-05 0.6291 9.9982E-05 0.0162647
0.426393 0.0270873 0.522796 9.9991E-05 0.0236238
9.9982E-05 0.026425 0.0612446 9.9982E-05 0.91213
0.465345 9.9982E-05 0.517457 9.9982E-05 0.0169981
0.259402 0.256959 0.483438 9.9982E-05 9.9982E-05
0.946896 9.9991E-05 0.0434376 0.00567449 0.00389224
0.873581 9.9973E-05 0.126119 9.9973E-05 9.9973E-05
0.9996 9.997E-05 9.997E-05 9.997E-05 9.997E-05
0.188637 0.66735 0.136424 9.9991E-05 0.00748925
0.933371 0.0663286 9.9973E-05 9.9973E-05 9.9973E-05
0.972159 0.0275412 9.9973E-05 9.9973E-05 9.9973E-05
0.165443 0.697221 0.137135 9.9982E-05 9.9982E-05
0.972279 0.0263104 9.9982E-05 9.9982E-05 0.00121063
0.235944 0.376938 0.386919 9.9982E-05 9.9982E-05
0.725257 9.9973E-05 0.274443 9.9973E-05 9.9973E-05
0.0992558 0.273542 0.598059 0.00911444 0.0200282
9.9982E-05 0.582218 0.411562 9.9982E-05 0.00602043
0.334046 0.0610565 0.551149 9.9991E-05 0.0536484
0.128331 0.680072 0.179311 0.0121868 9.9991E-05
0.945878 0.0303201 9.9991E-05 0.00722321 0.0164791
0.872438 9.9973E-05 0.127262 9.9973E-05 9.9973E-05
0.86508 9.9982E-05 0.132351 0.00236936 9.9982E-05
0.80891 0.0541376 0.121834 0.0150184 9.9991E-05
0.0354721 9.9982E-05 9.9982E-05 0.824513 0.139815
0.894198 0.0597057 0.0458968 9.9982E-05 9.9982E-05
0.955428 9.9973E-05 0.0442724 9.9973E-05 9.9973E-05
0.0258746 9.9982E-05 9.9982E-05 0.831576 0.142349
0.75473 9.9973E-05 0.24497 9.9973E-05 9.9973E-05
0.555537 0.0121253 0.425926 0.00631135 9.9991E-05
0.816447 9.9973E-05 0.183253 9.9973E-05 9.9973E-05
0.660126 9.9973E-05 0.339574 9.9973E-05 9.9973E-05
0.513972 0.415375 9.9991E-05 0.0378045 0.0327488
0.393673 0.14247 0.401114 9.9991E-05 0.062643
0.776971 0.180273 9.9991E-05 0.0107882 0.0318681
0.977367 9.9973E-05 0.0223332 9.9973E-05 9.9973E-05
0.966163 0.0308566 9.9982E-05 0.00278088 9.9982E-05
0.831568 0.00384129 0.161465 9.9991E-05 0.00302635
0.836773 9.9973E-05 0.162927 9.9973E-05 9.9973E-05
0.994145 9.9973E-05 0.00555497 9.9973E-05 9.9973E-05
9.9982E-05 0.137309 0.0238451 9.9982E-05 0.838646
0.969565 0.0166722 9.9982E-05 0.0135627 9.9982E-05
0.412587 0.109021 0.425787 0.0296159 0.0229892
0.996755 9.9973E-05 0.00294464 9.9973E-05 9.9973E-05
0.974935 0.0247656 9.9973E-05 9.9973E-05 9.9973E-05
0.771531 9.9973E-05 0.228169 9.9973E-05 9.9973E-05
0.766713 9.9973E-05 0.232987 9.9973E-05 9.9973E-05
0.231429 0.111418 0.629364 9.9991E-05 0.0276892
0.00658979 9.9982E-05 9.9982E-05 0.848969 0.144241
0.339956 0.175839 0.460191 9.9991E-05 0.0239139
0.797821 0.157921 9.9991E-05 0.0226101 0.0215478
0.874769 9.9991E-05 0.106835 0.00621193 0.0120842
0.931153 0.0451646 9.9982E-05 9.9982E-05 0.0234829
0.992487 0.00197778 9.9982E-05 0.0053351 9.9982E-05
0.897402 0.0783659 9.9982E-05 0.024032 9.9982E-05
0.989046 9.9973E-05 9.9973E-05 0.0106544 9.9973E-05
0.21005 0.295058 0.494692 9.9982E-05 9.9982E-05
0.984024 9.9973E-05 0.0156763 9.9973E-05 9.9973E-05
9.9982E-05 0.265995 0.0368255 9.9982E-05 0.696979
0.685592 9.9982E-05 0.300676 9.9982E-05 0.013532
0.976715 9.9973E-05 0.022985 9.9973E-05 9.9973E-05
0.0971087 0.396228 9.9991E-05 0.400354 0.10621
0.456516 0.477821 9.9991E-05 0.0516153 0.0139478
0.461453 0.242174 0.296173 9.9982E-05 9.9982E-05
0.880415 0.00399476 0.101397 0.0140933 9.9991E-05
0.943423 0.0494582 9.9982E-05 9.9982E-05 0.006919
9.997E-05 9.997E-05 9.997E-05 0.9996 9.997E-05
0.670544 9.99729E-05 0.329156 9.99729E-05 9.99729E-05
0.703897 9.9973E-05 0.295803 9.9973E-05 9.9973E-05
0.360715 0.0537338 0.585351 9.9982E-05 9.9982E-05
0.311491 0.000193608 0.674624 0.00663819 0.00705344
0.284714 9.9973E-05 0.714987 9.9973E-05 9.9973E-05
0.974631 0.0164133 9.9982E-05 9.9982E-05 0.00875562
0.693936 9.9973E-05 0.305764 9.9973E-05 9.9973E-05
0.935219 9.9973E-05 0.0644814 9.9973E-05 9.9973E-05
0.571476 9.9982E-05 0.424984 9.9982E-05 0.00334034
0.122972 0.783644 0.0896216 0.00366244 9.9991E-05
0.956504 0.0431962 9.9973E-05 9.9973E-05 9.9973E-05
0.329885 0.162018 0.46296 9.9991E-05 0.0450374
0.424089 0.0724234 0.480766 0.022622 9.9991E-05
9.9982E-05 0.104877 0.0269826 9.9982E-05 0.86794
0.97502 0.00564905 0.0191306 9.9982E-05 9.9982E-05
0.9996 9.997E-05 9.997E-05 9.997E-05 9.997E-05
0.193778 0.0777752 0.712273 0.0160734 9.9991E-05
0.0335143 9.9982E-05 9.9982E-05 0.835725 0.13056
0.180584 0.0392848 0.754426 0.0256055 9.9991E-05
0.849029 9.9982E-05 0.119546 9.9982E-05 0.0312248
0.928859 0.0531891 9.9982E-05 9.9982E-05 0.0177517
0.297697 9.9982E-05 0.70134 9.9982E-05 0.000762802
0.024645 9.9982E-05 9.9982E-05 0.822918 0.152237
9.9982E-05 0.327865 9.9982E-05 0.0144496 0.657485
0.759391 9.9973E-05 0.240309 9.9973E-05 9.9973E-05
0.856135 9.9973E-05 0.143565 9.9973E-05 9.9973E-05
0.37346 9.9973E-05 0.62624 9.9973E-05 9.9973E-05
0.947936 0.0263907 9.9982E-05 9.9982E-05 0.0254731
0.049239 0.523246 0.409275 0.0181401 9.9991E-05
0.0619221 0.186034 9.9991E-05 0.532099 0.219845
0.923534 9.9982E-05 0.047304 9.9982E-05 0.0289624
0.664564 9.9973E-05 0.335136 9.9973E-05 9.9973E-05
9.9973E-05 9.9973E-05 0.00241504 9.9973E-05 0.997285
0.89915 9.9973E-05 0.10055 9.9973E-05 9.9973E-05
0.57285 9.9973E-05 0.42685 9.9973E-05 9.9973E-05
0.907518 9.9973E-05 0.0921822 9.9973E-05 9.9973E-05
0.333565 0.140006 0.522931 0.00339717 9.9991E-05
0.319326 0.132829 0.540297 0.00744844 9.9991E-05
0.259567 0.297956 0.440893 9.9991E-05 0.00148379
0.0851372 0.616524 0.298139 9.9982E-05 9.9982E-05
0.720763 9.9982E-05 0.271418 9.9982E-05 0.00761973
0.937867 9.9982E-05 0.0528576 9.9982E-05 0.00907569
0.767512 9.9991E-05 0.195937 0.0119158 0.0245352
0.0330226 0.0425811 9.9991E-05 0.780791 0.143505
0.886982 0.0888331 9.9982E-05 9.9982E-05 0.0239845
0.0182569 9.9991E-05 0.00536296 0.811011 0.165269
0.790557 9.9982E-05 0.208954 9.9982E-05 0.000289189
0.0464208 9.99729E-05 9.99729E-05 9.99729E-05 0.953279
0.21491 0.0270188 0.743397 9.9991E-05 0.0145749
0.136599 0.304873 0.558328 9.9982E-05 9.9982E-05
0.182086 0.132943 0.628089 0.033025 0.0238571
0.654242 9.9982E-05 0.345057 9.9982E-05 0.000500558
0.283422 0.260313 0.432029 0.0212455 0.0029898
0.99155 0.00815051 9.9973E-05 9.9973E-05 9.9973E-05
0.553055 9.9991E-05 0.433698 0.000897143 0.0122497
0.287713 0.684819 9.9991E-05 0.0197516 0.00761621
0.793948 0.10842 0.0906449 0.00688699 9.9991E-05
0.886927 0.0465641 0.0663086 9.9982E-05 9.9982E-05
0.0378541 9.99729E-05 9.99729E-05 9.99729E-05 0.961846
0.111227 0.706074 0.141034 9.9991E-05 0.0415641
9.9973E-05 9.9973E-05 0.0241739 9.9973E-05 0.975526
0.767522 9.9982E-05 0.228163 9.9982E-05 0.00411498
0.256578 0.618967 0.0707423 0.00453224 0.0491805
0.246264 0.718954 9.9982E-05 9.9982E-05 0.0345821
0.832232 9.9982E-05 0.154769 0.0127991 9.9982E-05
0.9996 9.997E-05 9.997E-05 9.997E-05 9.997E-05
0.00697379 9.9982E-05 9.9982E-05 0.804632 0.188195
9.9982E-05 0.791014 0.179484 9.9982E-05 0.0293015
0.803961 9.9973E-05 0.195739 9.9973E-05 9.9973E-05
0.126221 0.38009 9.9991E-05 0.0627092 0.430879
0.955574 0.0351963 9.9982E-05 0.00902965 9.9982E-05
9.997E-05 9.997E-05 9.997E-05 0.9996 9.997E-05
0.904096 0.0455782 0.0351309 0.0150952 9.9991E-05
0.0854269 0.25382 9.9982E-05 0.660553 9.9982E-05
0.264028 0.0192501 0.67569 0.024893 0.0161389
0.913769 0.085931 9.9973E-05 9.9973E-05 9.9973E-05
0.985894 0.0111165 9.9982E-05 0.00278987 9.9982E-05
0.0533613 0.654691 0.291747 9.9982E-05 9.9982E-05
0.881423 0.109178 9.9982E-05 9.9982E-05 0.00919925
9.9973E-05 9.9973E-05 0.0190862 9.9973E-05 0.980614
0.988783 0.00434698 9.9982E-05 9.9982E-05 0.00666977
9.997E-05 9.997E-05 9.997E-05 0.9996 9.997E-05
0.9996 9.997E-05 9.997E-05 9.997E-05 9.997E-05
0.295571 0.124339 0.554199 9.9991E-05 0.0257906
0.443853 0.05649 0.462824 0.0303219 0.00651162
0.0493616 0.667997 0.282442 9.9982E-05 9.9982E-05
0.324057 0.401181 0.240247 0.0278258 0.00668868
0.144395 0.66822 0.146663 0.026522 0.0142009
0.9996 9.997E-05 9.997E-05 9.997E-05 9.997E-05
0.461634 9.9982E-05 0.478445 9.9982E-05 0.0597214
0.96198 9.9973E-05 0.0377199 9.9973E-05 9.9973E-05
0.319441 0.241952 0.355164 0.0117696 0.0716722
0.0973597 0.361017 0.541424 9.9982E-05 9.9982E-05
0.906884 0.0462198 0.0336112 0.00382567 0.00945884
0.615957 9.9973E-05 0.383743 9.9973E-05 9.9973E-05
0.792608 9.9982E-05 0.18664 9.9982E-05 0.0205516
0.922882 0.0768181 9.9973E-05 9.9973E-05 9.9973E-05
0.360076 0.552425 9.9991E-05 0.0332916 0.0541065
0.419426 0.157201 0.414746 0.00852631 9.9991E-05
0.473283 0.210483 0.276154 0.0326767 0.00740288
9.9982E-05 0.0202867 0.0334648 0.946048 9.9982E-05
0.91221 0.0874904 9.9973E-05 9.9973E-05 9.9973E-05
0.96133 0.0383702 9.9973E-05 9.9973E-05 9.9973E-05
0.917258 9.9982E-05 0.0771217 0.00542056 9.9982E-05
0.0338017 9.99729E-05 9.99729E-05 9.99729E-05 0.965898
0.796362 0.0230733 0.173846 9.9991E-05 0.00661843
0.101447 0.707452 0.190901 9.9982E-05 9.9982E-05
0.519047 0.00450588 0.44796 0.00396493 0.024523
0.989204 0.00774441 9.9982E-05 0.00285209 9.9982E-05
0.863465 0.0764357 0.0553439 9.9991E-05 0.00465577
0.986841 0.0128595 9.9973E-05 9.9973E-05 9.9973E-05
0.0770992 0.671809 0.240138 0.0108539 9.9991E-05
0.013079 0.152074 9.9982E-05 0.834647 9.9982E-05
9.9973E-05 0.76781 0.23189 9.9973E-05 9.9973E-05
0.650653 9.99832E-05 0.336292 9.99832E-05 0.0128549
9.9973E-05 0.0184661 9.9973E-05 0.981234 9.9973E-05
0.679502 0.0695347 0.210111 0.000519249 0.0403336
0.419061 9.9973E-05 0.580639 9.9973E-05 9.9973E-05
0.878106 0.0889371 9.9991E-05 0.0146528 0.0182038
0.993584 0.00611646 9.9973E-05 9.9973E-05 9.9973E-05
0.924971 0.0669513 9.9982E-05 0.00787817 9.9982E-05
0.55923 0.230935 0.209635 9.9982E-05 9.9982E-05
0.038225 9.99729E-05 9.99729E-05 9.99729E-05 0.961475
0.9996 9.997E-05 9.997E-05 9.997E-05 9.997E-05
0.123549 0.296256 0.579995 9.9982E-05 9.9982E-05
0.576398 9.9973E-05 0.423302 9.9973E-05 9.9973E-05
0.0139023 9.9973E-05 9.9973E-05 9.9973E-05 0.985798
0.0673039 0.474148 0.458348 9.9982E-05 9.9982E-05
0.17982 0.782135 9.9982E-05 0.0378452 9.9982E-05
0.257576 0.233618 0.458097 9.9991E-05 0.0506096
0.0660362 9.9973E-05 9.9973E-05 9.9973E-05 0.933664
0.604079 9.9973E-05 0.395621 9.9973E-05 9.9973E-05
9.997E-05 9.997E-05 9.997E-05 0.9996 9.997E-05
0.691982 9.9991E-05 0.305868 0.0014901 0.000559935
0.945048 9.9982E-05 0.0456068 0.00914479 9.9982E-05
9.997E-05 9.997E-05 9.997E-05 0.9996 9.997E-05
0.921261 9.9973E-05 0.0784391 9.9973E-05 9.9973E-05
0.0578707 9.9991E-05 0.0112105 0.756332 0.174487
0.334984 0.0993385 0.565478 9.9982E-05 9.9982E-05
0.949378 0.032885 9.9982E-05 9.9982E-05 0.017537
0.100826 0.655705 0.191669 9.9991E-05 0.0516998
0.787485 0.00737739 0.180291 0.0247469 9.9991E-05
9.9973E-05 0.0357876 9.9973E-05 0.963912 9.9973E-05
0.39211 0.0761683 0.517265 0.00203529 0.012421
