0.0130072 9.9973E-05 0.230212 9.9973E-05 0.756481 9.9973E-05
9.9964E-05 9.9964E-05 9.9964E-05 9.9964E-05 0.949407 0.0501936
9.9973E-05 9.9973E-05 9.9973E-05 0.0156376 0.977004 0.00705808
0.00987663 0.014484 0.2303 9.9991E-05 0.730986 0.0142535
0.00132911 9.9991E-05 0.430473 0.0537603 0.251794 0.262544
0.0186732 9.9991E-05 0.0606717 0.00556927 0.212981 0.702005
9.9973E-05 9.9973E-05 0.405363 9.9973E-05 0.132889 0.461448
0.00720907 0.0031149 0.552835 0.00658902 0.139333 0.290918
0.0163439 0.00994179 0.0108199 0.00834727 0.943706 0.010841
9.9964E-05 9.9964E-05 0.139971 9.9964E-05 0.859629 9.9964E-05
0.0208883 9.9991E-05 0.606062 0.0125337 0.356184 0.00423174
0.00344168 9.9991E-05 0.688046 0.029208 0.187382 0.0918224
9.9973E-05 9.9973E-05 0.586454 9.9973E-05 0.366862 0.0463846
0.00497185 9.9982E-05 0.0314898 9.9982E-05 0.131688 0.83165
0.000154735 0.00282672 0.335735 9.9982E-05 0.661083 9.9982E-05
0.0030272 0.00037197 0.17494 9.9991E-05 0.524816 0.296745
9.9973E-05 9.9973E-05 0.587759 9.9973E-05 0.178442 0.233499
0.429196 0.0339544 9.9991E-05 0.0215801 0.215313 0.299857
9.9973E-05 0.00686756 9.9973E-05 9.9973E-05 0.934362 0.0584701
0.00932193 0.0268004 0.441333 0.017175 0.13323 0.37214
9.9982E-05 0.000438602 0.0315475 0.00921179 0.958602 9.9982E-05
9.9991E-05 0.0100558 0.645892 0.0153642 0.326327 0.00226096
9.9982E-05 9.9982E-05 0.5308 0.0112359 0.407983 0.0497813
0.0180333 9.9982E-05 0.0764545 0.88988 9.9982E-05 0.0154323
9.9973E-05 9.9973E-05 0.545372 0.00943356 0.444895 9.9973E-05
9.9973E-05 9.9973E-05 0.505528 9.9973E-05 0.246656 0.247516
0.00212275 9.9982E-05 0.0324439 0.00907918 0.956154 9.9982E-05
9.9964E-05 9.9964E-05 0.149704 9.9964E-05 0.849896 9.9964E-05
9.996E-05 9.996E-05 9.996E-05 9.996E-05 0.9995 9.996E-05
9.9982E-05 9.9982E-05 0.132544 0.0158527 0.171646 0.679757
9.9964E-05 9.9964E-05 9.9964E-05 9.9964E-05 0.93102 0.0685805
9.9964E-05 9.9964E-05 9.9964E-05 9.9964E-05 0.957875 0.0417252
9.9973E-05 9.9973E-05 0.146093 9.9973E-05 0.170274 0.683333
9.9964E-05 9.9964E-05 9.9964E-05 9.9964E-05 0.97881 0.0207903
9.9982E-05 0.0221671 0.425179 9.9982E-05 0.218856 0.333598
9.9964E-05 9.9964E-05 0.300721 9.9964E-05 0.698879 9.9964E-05
9.9991E-05 0.0212506 0.583072 0.00748795 0.0716 0.316489
0.00900112 9.9982E-05 0.410783 0.000659006 9.9982E-05 0.579356
9.9991E-05 0.0011859 0.581976 0.0602199 0.31171 0.044808
0.000252908 0.0132332 0.192975 0.00522093 0.104031 0.684287
9.9982E-05 0.0124457 9.9982E-05 0.00727463 0.975762 0.00431769
9.9964E-05 9.9964E-05 0.136269 9.9964E-05 0.863331 9.9964E-05
9.9973E-05 0.00712247 0.138786 9.9973E-05 0.853792 9.9973E-05
0.0303671 9.9982E-05 0.125917 9.9982E-05 0.792874 0.0506423
0.9995 9.996E-05 9.996E-05 9.996E-05 9.996E-05 9.996E-05
9.9973E-05 9.9973E-05 0.0559542 9.9973E-05 0.886066 0.0576798
9.9964E-05 9.9964E-05 0.0487376 9.9964E-05 0.950863 9.9964E-05
0.9995 9.996E-05 9.996E-05 9.996E-05 9.996E-05 9.996E-05
9.99639E-05 9.99639E-05 0.262688 9.99639E-05 0.736912 9.99639E-05
9.9982E-05 0.0118191 0.451359 9.9982E-05 0.535109 0.00151213
9.9964E-05 9.9964E-05 0.206788 9.9964E-05 0.792812 9.9964E-05
9.9973E-05 9.9973E-05 0.341852 0.00824341 0.649605 9.9973E-05
0.0393309 0.0112994 9.9991E-05 0.0215007 0.517764 0.410004
9.9982E-05 9.9982E-05 0.421896 0.0572712 0.372435 0.148198
9.9982E-05 0.0232064 9.9982E-05 0.0438241 0.768004 0.164766
0.00123264 9.9982E-05 0.0195916 0.000307571 0.978668 9.9982E-05
0.00480953 0.00229475 9.9982E-05 9.9982E-05 0.956665 0.0360303
0.00836129 9.9982E-05 0.165464 0.00397942 0.821996 9.9982E-05
9.9964E-05 9.9964E-05 0.171817 9.9964E-05 0.827783 9.9964E-05
9.9964E-05 9.9964E-05 0.0198796 9.9964E-05 0.979721 9.9964E-05
9.9982E-05 0.0141898 0.00746024 0.836054 9.9982E-05 0.142096
9.9982E-05 0.0146601 9.9982E-05 0.0120584 0.971268 0.00181399
0.0140799 0.0205296 0.436818 0.0414798 0.384284 0.102808
0.00793788 9.9964E-05 9.9964E-05 9.9964E-05 0.991662 9.9964E-05
9.9973E-05 0.0069073 9.9973E-05 9.9973E-05 0.968813 0.0239795
0.00358181 9.9973E-05 0.247831 9.9973E-05 0.748288 9.9973E-05
9.9964E-05 9.9964E-05 0.254294 9.9964E-05 0.745306 9.9964E-05
9.9982E-05 9.9982E-05 0.639335 0.0165861 0.187049 0.15683
0.9995 9.996E-05 9.996E-05 9.996E-05 9.996E-05 9.996E-05
9.9991E-05 0.00118245 0.481437 0.0112411 0.31998 0.18606
0.00537607 0.0225706 9.9991E-05 0.0226623 0.829998 0.119293
0.00509606 9.9982E-05 0.0914535 0.00871669 0.894534 9.9982E-05
9.9973E-05 9.9973E-05 9.9973E-05 0.0324228 0.909742 0.0575355
9.9982E-05 0.000710373 9.9982E-05 0.00470736 0.990878 0.00350397
0.0249031 9.9973E-05 9.9973E-05 9.9973E-05 0.890682 0.0841146
0.0055815 0.0032625 9.9973E-05 9.9973E-05 0.990856 9.9973E-05
9.9973E-05 9.9973E-05 0.511829 9.9973E-05 0.211403 0.276468
9.9973E-05 9.9973E-05 0.0248918 9.9973E-05 0.964896 0.00991206
0.0116177 0.00247731 0.0150935 0.701344 9.9991E-05 0.269368
9.9973E-05 9.9973E-05 0.321373 0.0161832 0.662144 9.9973E-05
0.00319008 0.00216282 0.0254808 0.00348718 0.965579 9.9991E-05
0.395122 0.0700653 9.9991E-05 0.0587924 0.071047 0.404874
0.0434647 0.00889239 9.9991E-05 0.011137 0.416714 0.519691
0.00647866 9.9982E-05 0.321376 9.9982E-05 0.457973 0.213972
0.00995247 0.00266614 0.0907174 9.9991E-05 0.87397 0.0225941
9.9973E-05 9.9973E-05 9.9973E-05 0.00495631 0.93112 0.063624
9.996E-05 0.9995 9.996E-05 9.996E-05 9.996E-05 9.996E-05
0.00640051 9.99729E-05 0.338827 9.99729E-05 0.654472 9.99729E-05
9.99639E-05 9.99639E-05 0.326905 9.99639E-05 0.672695 9.99639E-05
9.9973E-05 9.9973E-05 0.616089 9.9973E-05 0.324861 0.0587499
9.9991E-05 0.00910629 0.661325 0.0186944 0.296621 0.0141537
9.9973E-05 9.9973E-05 0.750992 9.9973E-05 0.235097 0.0136111
9.9973E-05 9.9973E-05 9.9973E-05 0.0118588 0.97582 0.0120207
9.9964E-05 9.9964E-05 0.314919 9.9964E-05 0.684682 9.9964E-05
9.9964E-05 9.9964E-05 0.0544551 9.9964E-05 0.945145 9.9964E-05
9.9964E-05 9.9964E-05 0.455855 9.9964E-05 0.543745 9.9964E-05
0.00679625 9.9982E-05 0.101307 9.9982E-05 0.117078 0.774618
9.9964E-05 9.9964E-05 9.9964E-05 9.9964E-05 0.956767 0.0428331
9.9982E-05 9.9982E-05 0.486106 0.0727696 0.338834 0.102091
0.021536 0.0055577 0.478906 9.9991E-05 0.411409 0.0824913
0.0151964 9.9982E-05 0.0408946 0.844248 9.9982E-05 0.099461
0.00118452 9.9982E-05 0.0263289 9.9982E-05 0.967159 0.00512783
9.996E-05 9.996E-05 9.996E-05 9.996E-05 0.9995 9.996E-05
0.0181225 0.00326443 0.723309 9.9991E-05 0.159123 0.0960802
0.9995 9.996E-05 9.996E-05 9.996E-05 9.996E-05 9.996E-05
0.0112043 0.0114148 0.761933 9.9991E-05 0.156964 0.0583847
9.9973E-05 9.9973E-05 0.136086 0.0370218 0.826592 9.9973E-05
9.9982E-05 0.00364753 9.9982E-05 0.0283005 0.908789 0.0590633
9.9964E-05 9.9964E-05 0.737759 9.9964E-05 0.261841 9.9964E-05
0.9995 9.996E-05 9.996E-05 9.996E-05 9.996E-05 9.996E-05
0.0201324 0.0034829 9.9982E-05 0.659421 9.9982E-05 0.316764
0.00924907 9.9991E-05 0.236784 0.00401506 0.74781 0.00204181
9.9964E-05 9.9964E-05 0.164792 9.9964E-05 0.834808 9.9964E-05
9.9973E-05 9.9973E-05 0.647478 9.9973E-05 0.341227 0.0109955
0.00301979 9.9982E-05 9.9982E-05 0.0309401 0.954129 0.0117108
0.0417586 9.9982E-05 0.406067 9.9982E-05 0.0381204 0.513854
0.507873 0.10358 0.00727675 0.146803 0.0324884 0.201979
9.9982E-05 0.000480427 0.0539545 0.0324951 0.91287 9.9982E-05
9.99639E-05 9.99639E-05 0.367205 9.99639E-05 0.632395 9.99639E-05
9.996E-05 9.996E-05 9.996E-05 0.9995 9.996E-05 9.996E-05
0.00236591 9.9973E-05 0.0956864 9.9973E-05 0.901648 9.9973E-05
9.9964E-05 9.9964E-05 0.434466 9.9964E-05 0.565134 9.9964E-05
9.9964E-05 9.9964E-05 0.115204 9.9964E-05 0.884396 9.9964E-05
9.9982E-05 0.00794882 0.553576 9.9982E-05 0.276174 0.162101
0.0142542 9.9982E-05 0.54145 9.9982E-05 0.297501 0.146595
9.9973E-05 9.9973E-05 0.471899 9.9973E-05 0.209926 0.317875
9.9982E-05 0.0143199 0.314091 9.9982E-05 0.0622507 0.609138
9.9973E-05 9.9973E-05 0.273275 0.00885042 0.717575 9.9973E-05
0.00628077 9.9982E-05 0.0522756 0.012165 0.929079 9.9982E-05
0.0213558 9.9982E-05 0.192655 0.00115082 0.784639 9.9982E-05
0.849997 0.0543061 0.0119165 0.0112257 0.00475576 0.0677992
9.9973E-05 9.9973E-05 9.9973E-05 0.0266326 0.885669 0.0873982
0.955823 0.0132653 0.00472718 0.0104759 9.9991E-05 0.0156084
9.9973E-05 9.9973E-05 0.239915 0.00947761 0.750307 9.9973E-05
9.99639E-05 9.99639E-05 9.99639E-05 0.956806 0.0427939 9.99639E-05
9.9973E-05 9.9973E-05 0.768779 9.9973E-05 0.164097 0.0668233
9.9982E-05 0.0110979 0.564643 9.9982E-05 0.122448 0.301611
9.9991E-05 0.0421157 0.623335 0.0265935 0.174491 0.133364
9.9973E-05 9.9973E-05 0.34425 0.00393534 0.651514 9.9973E-05
0.0219117 9.9991E-05 0.445571 0.00685957 0.274616 0.250942
9.9973E-05 9.9973E-05 0.00759495 9.9973E-05 0.978268 0.013837
0.00936291 0.00577378 0.44003 0.0120212 0.532712 9.9991E-05
9.9982E-05 0.0258258 9.9982E-05 0.00285318 0.30204 0.669081
0.010206 9.9982E-05 0.103527 9.9982E-05 0.759088 0.126979
9.9991E-05 0.0151518 0.0673769 0.00282998 0.901526 0.0130151
0.00863507 9.9973E-05 9.9973E-05 0.975537 0.0155283 9.9973E-05
0.00149067 9.9991E-05 0.149072 0.0526686 0.0906266 0.706042
9.9964E-05 9.9964E-05 0.00654408 0.993056 9.9964E-05 9.9964E-05
9.9964E-05 9.9964E-05 0.255331 9.9964E-05 0.74427 9.9964E-05
9.9991E-05 0.00601379 0.0667344 0.069884 0.219106 0.638162
0.00346108 9.9991E-05 0.0169953 0.0251895 0.249679 0.704576
0.0257053 9.9973E-05 0.170925 9.9973E-05 0.803069 9.9973E-05
9.9964E-05 0.00148324 9.9964E-05 9.9964E-05 0.998117 9.9964E-05
0.9995 9.996E-05 9.996E-05 9.996E-05 9.996E-05 9.996E-05
9.9973E-05 9.9973E-05 0.191898 0.0367701 9.9973E-05 0.771032
9.9964E-05 9.9964E-05 0.212568 9.9964E-05 0.787032 9.9964E-05
0.0496925 0.0285135 9.9991E-05 0.42364 0.132067 0.365987
9.9973E-05 0.00313823 9.9973E-05 9.9973E-05 0.952536 0.0440254
9.996E-05 0.9995 9.996E-05 9.996E-05 9.996E-05 9.996E-05
0.00950371 0.00921204 0.0429584 9.9991E-05 0.912367 0.0258585
0.0239388 0.601217 9.9982E-05 9.9982E-05 0.164562 0.210082
0.0235623 0.000539661 0.681403 0.0133549 0.238798 0.0423425
9.9973E-05 0.000455708 9.9973E-05 9.9973E-05 0.940071 0.0591733
9.9964E-05 0.007404 9.9964E-05 9.9964E-05 0.992196 9.9964E-05
9.9982E-05 9.9982E-05 0.278925 0.00363631 0.0411212 0.676117
9.9982E-05 0.000369213 9.9982E-05 0.00528286 0.894682 0.0994663
9.9964E-05 9.9964E-05 0.0326082 0.966992 9.9964E-05 9.9964E-05
0.00644237 9.9982E-05 9.9982E-05 0.00786887 0.981664 0.00382471
9.996E-05 0.9995 9.996E-05 9.996E-05 9.996E-05 9.996E-05
9.9964E-05 0.000835917 9.9964E-05 9.9964E-05 0.998764 9.9964E-05
9.9991E-05 0.00154237 0.57985 0.0247945 0.287437 0.106276
0.018746 0.0156964 0.449403 0.00673557 0.442495 0.0669234
9.9982E-05 9.9982E-05 0.277076 0.0200993 0.0518996 0.650725
0.027414 0.00447001 0.222091 0.00761262 0.325024 0.413388
0.052262 9.9991E-05 0.125268 0.0120117 0.114558 0.695801
0.00194802 9.9964E-05 9.9964E-05 9.9964E-05 0.997652 9.9964E-05
9.9973E-05 9.9973E-05 0.492854 0.0453672 0.461479 9.9973E-05
9.9964E-05 9.9964E-05 0.0432432 9.9964E-05 0.956357 9.9964E-05
0.0275188 9.9991E-05 0.359975 0.0636282 0.325262 0.223516
9.9982E-05 0.00120741 0.534366 9.9982E-05 0.0835479 0.380679
9.9991E-05 0.0100105 0.0232065 0.0174027 0.906203 0.0430776
0.00311385 9.9973E-05 0.411041 9.9973E-05 0.585546 9.9973E-05
9.9973E-05 9.9973E-05 0.184413 0.0108036 0.804483 9.9973E-05
9.9964E-05 9.9964E-05 9.9964E-05 9.9964E-05 0.932302 0.0672986
0.0215056 0.0194993 9.9991E-05 0.0324593 0.378523 0.547913
0.014722 9.9982E-05 0.41887 9.9982E-05 0.4191 0.147108
9.9991E-05 0.0227529 0.271281 0.0196656 0.454506 0.231694
0.00801797 0.893571 0.0247604 0.0250645 9.9991E-05 0.0484861
9.9973E-05 9.9973E-05 9.9973E-05 0.00309663 0.897551 0.0990527
9.9964E-05 9.9964E-05 9.9964E-05 9.9964E-05 0.973058 0.0265417
0.00379777 0.00570397 0.0577452 9.9982E-05 0.932553 9.9982E-05
9.99639E-05 9.99639E-05 9.99639E-05 0.974787 0.0248129 9.99639E-05
9.9982E-05 0.00527166 0.191134 9.9982E-05 0.786182 0.0172124
9.9973E-05 9.9973E-05 0.191931 9.9973E-05 0.103115 0.704654
0.00197877 9.9991E-05 0.465323 0.0253234 0.4933 0.0139754
0.00305802 0.000880444 9.9982E-05 9.9982E-05 0.987913 0.00794887
9.9973E-05 9.9973E-05 0.0465448 9.9973E-05 0.861503 0.091652
9.996E-05 9.996E-05 9.996E-05 9.996E-05 0.9995 9.996E-05
0.0193892 9.9982E-05 0.244087 9.9982E-05 0.0948312 0.641493
0.0398061 0.782785 9.9991E-05 0.0343113 0.017841 0.125156
9.9964E-05 9.9964E-05 0.210564 9.9964E-05 9.9964E-05 0.789036
0.0254298 9.9973E-05 0.342237 9.9973E-05 0.632034 9.9973E-05
0.0130994 0.953987 9.9973E-05 9.9973E-05 9.9973E-05 0.0326133
9.9991E-05 0.013742 0.233217 0.0359231 0.658322 0.0586961
9.9964E-05 9.9964E-05 0.593305 9.9964E-05 0.406295 9.9964E-05
0.00168962 0.00025364 9.9991E-05 0.0179201 0.904483 0.0755538
0.00161036 9.9973E-05 9.9973E-05 9.9973E-05 0.983331 0.0147592
0.00844467 0.00101862 9.9982E-05 9.9982E-05 0.945868 0.0444686
9.9982E-05 9.9982E-05 0.209868 0.00303236 0.535857 0.251043
9.99639E-05 9.99639E-05 9.99639E-05 0.948855 0.0507456 9.99639E-05
0.00243705 9.9964E-05 9.9964E-05 9.9964E-05 0.997163 9.9964E-05
9.9973E-05 9.9973E-05 0.604577 9.9973E-05 0.0759327 0.31919
9.9973E-05 9.9973E-05 0.425363 0.000191432 0.574145 9.9973E-05
9.9973E-05 0.0105103 9.9973E-05 0.974925 0.0142651 9.9973E-05
9.9973E-05 9.9973E-05 0.443787 9.9973E-05 0.0735623 0.48235
9.9973E-05 0.0412105 9.9973E-05 9.9973E-05 0.206175 0.752315
9.9982E-05 9.9982E-05 0.472859 0.0337415 0.251738 0.241462
0.00247755 9.9973E-05 9.9973E-05 0.913136 0.0840868 9.9973E-05
9.9964E-05 9.9964E-05 0.401703 9.9964E-05 0.597897 9.9964E-05
0.00243229 0.997168 9.9964E-05 9.9964E-05 9.9964E-05 9.9964E-05
0.00389011 0.000237785 0.327031 9.9982E-05 0.668642 9.9982E-05
0.0205545 9.9973E-05 0.0402131 9.9973E-05 0.938932 9.9973E-05
9.996E-05 0.9995 9.996E-05 9.996E-05 9.996E-05 9.996E-05
9.9964E-05 9.9964E-05 0.0804782 9.9964E-05 0.919122 9.9964E-05
0.888343 0.0128482 0.0313283 0.0104632 0.0100665 0.046951
0.00811661 9.9982E-05 0.598831 9.9982E-05 0.313755 0.0790973
9.9973E-05 9.9973E-05 9.9973E-05 0.0238232 0.950881 0.0249958
9.9991E-05 0.00877468 0.191659 0.072533 0.0868288 0.640105
9.9982E-05 0.00858017 0.187854 9.9982E-05 0.759668 0.0436977
0.0238027 0.922945 9.9973E-05 9.9973E-05 9.9973E-05 0.0529527
9.9991E-05 0.0248552 0.498177 0.0170738 0.377482 0.0823122
