9.9982E-05 0.23525 0.0174562 0.00570952 0.741384 9.9982E-05
9.9964E-05 9.9964E-05 9.9964E-05 9.9964E-05 0.939334 0.0602658
9.9982E-05 0.0082574 9.9982E-05 0.0132901 0.971155 0.00709739
0.00624721 0.224506 0.0152804 9.9991E-05 0.730213 0.0236537
9.9982E-05 0.429637 9.9982E-05 0.0450105 0.255766 0.269386
9.999E-05 0.047462 0.0147125 0.00793051 0.204093 0.725702
9.9973E-05 0.411669 9.9973E-05 9.9973E-05 0.120744 0.467287
0.00874557 0.546334 0.00332096 9.9991E-05 0.121553 0.319946
0.0132279 0.00854166 0.00555162 0.00830309 0.942236 0.02214
9.9964E-05 0.140372 9.9964E-05 9.9964E-05 0.859228 9.9964E-05
9.999E-05 0.59834 0.0197243 0.00143572 0.353624 0.0267767
9.9982E-05 0.685619 9.9982E-05 0.0192481 0.181333 0.1136
9.9973E-05 0.569151 9.9973E-05 9.9973E-05 0.383322 0.0472271
9.9973E-05 0.0215563 9.9973E-05 9.9973E-05 0.1549 0.823244
9.9964E-05 0.344489 9.9964E-05 9.9964E-05 0.655111 9.9964E-05
0.00722991 0.190926 0.00148051 9.9991E-05 0.516329 0.283935
9.9973E-05 0.591096 9.9973E-05 9.9973E-05 0.17963 0.228974
0.0304254 9.9991E-05 0.427362 0.0204251 0.184758 0.33693
0.00328271 9.9973E-05 9.9973E-05 9.9973E-05 0.966148 0.030269
0.023314 0.447684 0.00184557 0.0191141 0.127813 0.380229
0.00813353 0.0320454 9.9982E-05 0.0010014 0.95862 9.9982E-05
0.00199544 0.645941 9.9982E-05 0.0260314 0.325833 9.9982E-05
9.999E-05 0.535344 0.00150906 0.0235469 0.392392 0.0471083
9.9982E-05 0.0736497 0.0234282 0.899889 9.9982E-05 0.00283269
0.00266256 0.534653 9.9982E-05 0.0214141 0.44107 9.9982E-05
0.00478694 0.507403 0.00294505 9.9991E-05 0.22563 0.259135
9.9973E-05 0.0356317 0.00651121 9.9973E-05 0.957557 9.9973E-05
9.9964E-05 0.138848 9.9964E-05 9.9964E-05 0.860752 9.9964E-05
9.996E-05 9.996E-05 9.996E-05 9.996E-05 0.9995 9.996E-05
9.9982E-05 0.12616 9.9982E-05 0.0200485 0.155164 0.698428
9.9964E-05 9.9964E-05 9.9964E-05 9.9964E-05 0.922545 0.0770556
9.9964E-05 9.9964E-05 9.9964E-05 9.9964E-05 0.959136 0.0404643
9.9973E-05 0.139275 9.9973E-05 9.9973E-05 0.136924 0.723502
9.9964E-05 9.9964E-05 9.9964E-05 9.9964E-05 0.962972 0.0366283
0.0140609 0.391064 9.9982E-05 9.9982E-05 0.243049 0.351627
9.9964E-05 0.289171 9.9964E-05 9.9964E-05 0.710429 9.9964E-05
0.0237313 0.605717 9.9991E-05 0.0114451 0.0724899 0.286517
9.9973E-05 0.410279 0.0172041 9.9973E-05 9.9973E-05 0.572217
0.0033173 0.580549 9.9991E-05 0.0547035 0.31075 0.05058
0.0137256 0.178211 0.00198323 0.0123755 0.114016 0.679689
0.0106807 9.9982E-05 9.9982E-05 0.00837508 0.962836 0.0179086
9.9964E-05 0.139448 9.9964E-05 9.9964E-05 0.860152 9.9964E-05
0.000802607 0.153087 0.00277565 9.9982E-05 0.843134 9.9982E-05
9.9982E-05 0.127277 0.0267396 9.9982E-05 0.807869 0.0379142
9.996E-05 9.996E-05 0.9995 9.996E-05 9.996E-05 9.996E-05
9.9991E-05 0.0462692 0.000457542 0.00106637 0.895438 0.0566688
9.9964E-05 0.0595169 9.9964E-05 9.9964E-05 0.940083 9.9964E-05
9.996E-05 9.996E-05 0.9995 9.996E-05 9.996E-05 9.996E-05
9.9964E-05 0.259922 9.9964E-05 9.9964E-05 0.739678 9.9964E-05
0.00846861 0.440609 9.9973E-05 9.9973E-05 0.550622 9.9973E-05
9.9964E-05 0.199811 9.9964E-05 9.9964E-05 0.799789 9.9964E-05
9.9964E-05 0.345628 9.9964E-05 9.9964E-05 0.653972 9.9964E-05
0.0159337 9.9991E-05 0.0383993 0.0162791 0.496862 0.432426
9.9982E-05 0.409583 9.9982E-05 0.0555468 0.39094 0.14373
0.0283949 9.9982E-05 9.9982E-05 0.0346092 0.776374 0.160422
9.9973E-05 0.0135695 0.00831014 9.9973E-05 0.97782 9.9973E-05
9.9973E-05 9.9973E-05 0.0092626 9.9973E-05 0.97199 0.0184476
9.9982E-05 0.169018 0.0055155 0.00679968 0.818467 9.9982E-05
9.9964E-05 0.167547 9.9964E-05 9.9964E-05 0.832054 9.9964E-05
9.9973E-05 0.0148397 9.9973E-05 9.9973E-05 0.980886 0.00397395
0.0122746 0.0036906 9.9982E-05 0.849821 9.9982E-05 0.134014
0.00572775 9.9974E-05 9.9974E-05 0.0146752 0.979297 9.9974E-05
0.0233305 0.426426 0.00878636 0.0248397 0.404978 0.111639
9.9964E-05 9.9964E-05 0.0122279 9.9964E-05 0.987372 9.9964E-05
9.9973E-05 9.9973E-05 9.9973E-05 0.00178492 0.96521 0.0327055
9.9973E-05 0.238585 0.00128485 9.9973E-05 0.75983 9.9973E-05
9.9964E-05 0.25772 9.9964E-05 9.9964E-05 0.741881 9.9964E-05
9.9982E-05 0.633059 9.9982E-05 0.0157875 0.206383 0.14457
9.996E-05 9.996E-05 0.9995 9.996E-05 9.996E-05 9.996E-05
9.9982E-05 0.468416 9.9982E-05 0.00856644 0.319304 0.203513
0.0287607 9.9991E-05 0.000470223 0.0219523 0.810495 0.138222
0.00600987 0.10136 0.00601698 0.0163945 0.870118 9.9991E-05
9.9973E-05 9.9973E-05 9.9973E-05 0.029174 0.938194 0.032332
0.00187526 9.9973E-05 9.9973E-05 9.9973E-05 0.985151 0.0126739
0.00161369 9.9982E-05 0.0263663 9.9982E-05 0.909817 0.0620033
0.00638562 9.9964E-05 9.9964E-05 9.9964E-05 0.993215 9.9964E-05
9.9973E-05 0.527593 9.9973E-05 9.9973E-05 0.183969 0.288138
9.9964E-05 0.0252137 9.9964E-05 9.9964E-05 0.974386 9.9964E-05
9.9973E-05 0.0223807 9.9973E-05 0.670661 9.9973E-05 0.306658
9.9973E-05 0.322733 9.9973E-05 0.00618169 0.670786 9.9973E-05
9.9973E-05 0.0272688 0.00121987 9.9973E-05 0.971211 9.9973E-05
0.0683858 9.9991E-05 0.397457 0.0513654 0.0761929 0.406499
0.00780073 9.9991E-05 0.0410755 0.000695631 0.442877 0.507451
9.9982E-05 0.299828 0.000711565 9.9982E-05 0.41411 0.285151
0.0125586 0.0944653 0.00321275 9.9991E-05 0.883206 0.00645736
9.9973E-05 9.9973E-05 9.9973E-05 0.00390839 0.947538 0.0482532
0.9995 9.996E-05 9.996E-05 9.996E-05 9.996E-05 9.996E-05
9.99639E-05 0.352243 9.99639E-05 9.99639E-05 0.647357 9.99639E-05
9.99639E-05 0.317633 9.99639E-05 9.99639E-05 0.681967 9.99639E-05
9.9973E-05 0.614784 9.9973E-05 9.9973E-05 0.311831 0.073085
0.0158031 0.686331 9.9982E-05 0.0139311 0.283735 9.9982E-05
9.9973E-05 0.739548 9.9973E-05 9.9973E-05 0.239218 0.020934
9.9964E-05 9.9964E-05 9.9964E-05 9.9964E-05 0.966171 0.0334291
9.9964E-05 0.308985 9.9964E-05 9.9964E-05 0.690615 9.9964E-05
0.00142211 0.0712853 9.9973E-05 9.9973E-05 0.926993 9.9973E-05
9.9964E-05 0.464959 9.9964E-05 9.9964E-05 0.534641 9.9964E-05
9.9982E-05 0.0952534 0.00907366 9.9982E-05 0.113736 0.781737
9.9973E-05 9.9973E-05 9.9973E-05 0.00560672 0.951185 0.0429081
9.9982E-05 0.480648 9.9982E-05 0.0788875 0.321142 0.119122
0.0046362 0.5046 0.0325097 9.9991E-05 0.406782 0.051372
9.9982E-05 0.0414024 0.0115255 0.857314 9.9982E-05 0.0895578
9.9964E-05 0.0200962 9.9964E-05 9.9964E-05 0.979504 9.9964E-05
9.996E-05 9.996E-05 9.996E-05 9.996E-05 0.9995 9.996E-05
9.9982E-05 0.719918 0.0234298 9.9982E-05 0.179604 0.0768483
9.9964E-05 9.9964E-05 0.987073 9.9964E-05 0.0125268 9.9964E-05
0.0054584 0.750637 0.0135698 9.9991E-05 0.146612 0.0836224
9.9973E-05 0.1304 9.9973E-05 0.0348494 0.834451 9.9973E-05
0.00798273 9.9982E-05 9.9982E-05 0.0221223 0.920764 0.0489311
9.9964E-05 0.738516 9.9964E-05 9.9964E-05 0.261084 9.9964E-05
9.996E-05 9.996E-05 0.9995 9.996E-05 9.996E-05 9.996E-05
9.9973E-05 9.9973E-05 0.0365543 0.649504 9.9973E-05 0.313642
9.9973E-05 0.248961 0.00364675 9.9973E-05 0.747092 9.9973E-05
9.9964E-05 0.160913 9.9964E-05 9.9964E-05 0.838687 9.9964E-05
9.9973E-05 0.642847 9.9973E-05 0.00448056 0.352373 9.9973E-05
9.9973E-05 9.9973E-05 9.9973E-05 0.0217449 0.953914 0.0240408
9.9982E-05 0.385608 0.0401688 9.9982E-05 0.0519877 0.522035
0.10194 0.0123218 0.511055 0.135091 0.0531503 0.186442
0.00517721 0.0479218 9.9982E-05 0.0367812 0.90992 9.9982E-05
9.9964E-05 0.355269 9.9964E-05 9.9964E-05 0.644331 9.9964E-05
9.996E-05 9.996E-05 9.996E-05 0.9995 9.996E-05 9.996E-05
9.9973E-05 0.0905552 0.00800411 9.9973E-05 0.901141 9.9973E-05
9.9964E-05 0.435643 9.9964E-05 9.9964E-05 0.563957 9.9964E-05
9.9964E-05 0.107262 9.9964E-05 9.9964E-05 0.892339 9.9964E-05
0.00442508 0.540866 9.9982E-05 9.9982E-05 0.294204 0.160305
0.000118472 0.528236 0.012624 9.9991E-05 0.311257 0.147664
9.9982E-05 0.468812 0.00127538 9.9982E-05 0.201526 0.328187
0.00484983 0.313291 9.9982E-05 9.9982E-05 0.0460804 0.635579
9.9973E-05 0.288305 9.9973E-05 0.00553416 0.705861 9.9973E-05
9.9982E-05 0.0433435 0.00810922 0.00752913 0.940818 9.9982E-05
9.9982E-05 0.198947 0.0147448 0.0124949 0.773613 9.9982E-05
0.0566082 0.00874944 0.865922 0.00597686 9.9991E-05 0.0626439
9.9973E-05 9.9973E-05 9.9973E-05 0.0276944 0.889991 0.0820144
0.0137759 0.0168506 0.967752 0.0014214 9.9982E-05 9.9982E-05
9.9973E-05 0.225458 9.9973E-05 0.00781024 0.766431 9.9973E-05
9.99639E-05 9.99639E-05 9.99639E-05 0.949071 0.0505291 9.99639E-05
9.9973E-05 0.785872 9.9973E-05 9.9973E-05 0.143377 0.0704517
0.00349653 0.570069 9.9982E-05 9.9982E-05 0.135246 0.290989
0.0350215 0.617751 9.9991E-05 0.0241329 0.18011 0.142885
9.9964E-05 0.334709 9.9964E-05 9.9964E-05 0.664891 9.9964E-05
9.9982E-05 0.437247 0.0271048 9.9982E-05 0.267009 0.268439
9.9973E-05 9.9973E-05 9.9973E-05 0.00847179 0.967886 0.0233427
0.0041317 0.433776 0.0085615 0.00948378 0.543947 9.9991E-05
0.0209937 9.9991E-05 0.0172897 0.00382867 0.306117 0.651671
9.9982E-05 0.109837 0.00827389 9.9982E-05 0.755152 0.126537
0.0100423 0.0653866 9.9991E-05 0.00649804 0.89533 0.0226433
9.99729E-05 9.99729E-05 0.00964512 0.963636 0.0264191 9.99729E-05
9.9982E-05 0.118583 9.9982E-05 0.050574 0.123509 0.707134
9.9964E-05 0.0187339 9.9964E-05 0.980866 9.9964E-05 9.9964E-05
9.9973E-05 0.233002 0.00048575 9.9973E-05 0.766212 9.9973E-05
0.0156024 0.0840276 0.0107564 0.0381087 0.267013 0.584492
9.9973E-05 9.9973E-05 9.9973E-05 0.0383558 0.245746 0.715598
9.9973E-05 0.179211 0.0213105 9.9973E-05 0.799178 9.9973E-05
9.9973E-05 0.00890985 9.9973E-05 9.9973E-05 0.984138 0.00665178
9.996E-05 9.996E-05 0.9995 9.996E-05 9.996E-05 9.996E-05
9.9973E-05 0.179572 9.9973E-05 0.0419743 9.9973E-05 0.778153
9.9964E-05 0.192792 9.9964E-05 9.9964E-05 0.806808 9.9964E-05
0.0278526 9.9991E-05 0.0377405 0.432583 0.15193 0.349795
0.00302502 9.9982E-05 0.000993657 9.9982E-05 0.959727 0.0360545
0.9995 9.996E-05 9.996E-05 9.996E-05 9.996E-05 9.996E-05
0.0144572 0.0395501 0.00723019 9.9991E-05 0.895507 0.0431552
0.604891 9.9982E-05 0.0222384 9.9982E-05 0.121822 0.250849
0.00823596 0.696294 0.0296863 0.00715072 0.218027 0.040606
0.012062 9.9982E-05 9.9982E-05 0.00529687 0.91803 0.0644114
0.000447552 9.9964E-05 9.9964E-05 9.9964E-05 0.999153 9.9964E-05
9.9973E-05 0.276876 9.9973E-05 9.9973E-05 0.0503981 0.672426
9.99639E-05 9.99639E-05 9.99639E-05 9.99639E-05 0.876511 0.123089
9.9964E-05 0.0313386 9.9964E-05 0.968262 9.9964E-05 9.9964E-05
9.9973E-05 9.9973E-05 0.00434821 9.9973E-05 0.995142 0.000209994
0.9995 9.996E-05 9.996E-05 9.996E-05 9.996E-05 9.996E-05
0.00360009 9.9964E-05 9.9964E-05 9.9964E-05 0.996 9.9964E-05
9.9982E-05 0.587467 9.9982E-05 0.0302961 0.254814 0.127223
0.0122502 0.456415 0.0271443 0.00308718 0.438229 0.0628738
9.9973E-05 0.270754 9.9973E-05 9.9973E-05 0.0805357 0.64841
0.0103092 0.231573 0.0271752 0.00469363 0.314857 0.411393
9.9982E-05 0.126439 0.0525295 9.9982E-05 0.127465 0.693367
9.996E-05 9.996E-05 9.996E-05 9.996E-05 0.9995 9.996E-05
9.9982E-05 0.503524 0.00206686 0.038142 0.456068 9.9982E-05
0.00794636 0.0416854 9.9982E-05 0.00260541 0.947563 9.9982E-05
9.9991E-05 0.358085 0.0466327 0.0535328 0.314177 0.227472
0.00244726 0.540914 9.9982E-05 9.9982E-05 0.0829006 0.373539
0.0197581 0.0267329 9.9991E-05 0.0180567 0.89083 0.0445227
9.9973E-05 0.408329 0.00797652 9.9973E-05 0.583395 9.9973E-05
9.9982E-05 0.178897 0.00589535 0.0104556 0.804552 9.9982E-05
9.9964E-05 9.9964E-05 9.9964E-05 9.9964E-05 0.93816 0.0614397
0.0202774 9.9991E-05 0.00898856 0.0544092 0.381351 0.534874
0.000162513 0.427909 0.0135282 9.9991E-05 0.404654 0.153647
0.0237309 0.272711 9.9991E-05 0.011535 0.449436 0.242487
0.892342 0.0336565 0.00777432 0.0271349 9.9991E-05 0.0389919
9.9973E-05 9.9973E-05 9.9973E-05 0.00569063 0.904158 0.0898514
9.9964E-05 9.9964E-05 9.9964E-05 9.9964E-05 0.972589 0.0270113
0.0067459 0.0719785 9.9973E-05 9.9973E-05 0.920976 9.9973E-05
9.99639E-05 9.99639E-05 9.99639E-05 0.971377 0.0282232 9.99639E-05
0.010979 0.181085 9.9991E-05 0.00477361 0.778507 0.024556
9.9973E-05 0.180275 9.9973E-05 9.9973E-05 0.111548 0.707877
9.9991E-05 0.475144 0.0117109 0.00828334 0.49454 0.0102212
9.9973E-05 9.9973E-05 0.00721659 9.9973E-05 0.969711 0.0227721
9.9982E-05 0.0301716 9.9982E-05 0.00741161 0.874642 0.0875749
9.9964E-05 9.9964E-05 9.9964E-05 9.9964E-05 0.99448 0.0051201
9.9982E-05 0.260235 0.022632 9.9982E-05 0.0658419 0.651091
0.783681 9.9991E-05 0.0402214 0.0396693 0.0220913 0.114237
9.9964E-05 0.207154 9.9964E-05 9.9964E-05 9.9964E-05 0.792446
9.9973E-05 0.348982 0.0247982 9.9973E-05 0.62592 9.9973E-05
0.954351 9.9982E-05 0.00820797 0.0050718 9.9982E-05 0.0321692
0.011244 0.21206 9.9991E-05 0.0399076 0.681181 0.0555078
9.9964E-05 0.573644 9.9964E-05 9.9964E-05 0.425956 9.9964E-05
0.00507071 9.9991E-05 0.0127561 0.0109818 0.874168 0.0969233
9.9964E-05 9.9964E-05 9.9964E-05 9.9964E-05 0.994696 0.00490372
9.9973E-05 9.9973E-05 0.0126461 9.9973E-05 0.932635 0.0544188
9.9973E-05 0.216609 9.9973E-05 9.9973E-05 0.527549 0.255542
9.99639E-05 9.99639E-05 9.99639E-05 0.94297 0.0566299 9.99639E-05
9.9964E-05 9.9964E-05 0.00388674 9.9964E-05 0.995713 9.9964E-05
9.9973E-05 0.600874 9.9973E-05 9.9973E-05 0.0788719 0.319954
9.9964E-05 0.424089 9.9964E-05 9.9964E-05 0.575511 9.9964E-05
0.0150849 9.9973E-05 9.9973E-05 0.98116 0.00345502 9.9973E-05
9.9973E-05 0.445056 9.9973E-05 9.9973E-05 0.0607072 0.493937
0.0450855 9.9973E-05 9.9973E-05 9.9973E-05 0.211436 0.743179
9.9991E-05 0.467816 0.00397708 0.0263068 0.262741 0.239058
9.9964E-05 9.9964E-05 9.9964E-05 0.916015 0.0835847 9.9964E-05
9.9964E-05 0.405732 9.9964E-05 9.9964E-05 0.593868 9.9964E-05
0.995002 9.9964E-05 0.00459843 9.9964E-05 9.9964E-05 9.9964E-05
9.9973E-05 0.323761 0.00231022 9.9973E-05 0.673629 9.9973E-05
0.00489163 0.0349313 0.0161836 9.9982E-05 0.943793 9.9982E-05
0.997905 0.00169559 9.9964E-05 9.9964E-05 9.9964E-05 9.9964E-05
9.9964E-05 0.0984016 9.9964E-05 9.9964E-05 0.901199 9.9964E-05
0.0166868 0.0370523 0.918782 0.00268686 0.00314904 0.0216425
9.9982E-05 0.598291 0.0164823 9.9982E-05 0.319566 0.0654607
9.9973E-05 9.9973E-05 9.9973E-05 0.0264021 0.951246 0.0220522
0.00762938 0.196935 9.9991E-05 0.0556645 0.089524 0.650148
0.0164543 0.189825 0.00249485 9.9991E-05 0.772551 0.0185747
0.913581 9.9973E-05 0.0289578 9.9973E-05 9.9973E-05 0.0571616
0.0152253 0.521921 9.9991E-05 0.00804572 0.377633 0.0770746
