9.9982E-05 0.190616 9.9982E-05 0.809184
0.00165967 9.9982E-05 9.9982E-05 0.99814
9.9982E-05 9.9982E-05 0.0131829 0.986617
0.0175207 0.194311 9.9991E-05 0.788068
0.0240923 0.473767 0.0745391 0.427602
0.13116 0.28045 0.127652 0.460738
0.0144224 0.570908 0.0609437 0.353726
0.043971 0.608953 0.0287315 0.318345
0.0263475 9.9991E-05 0.0172663 0.956286
9.9982E-05 0.106599 9.9982E-05 0.893201
9.9982E-05 0.558869 9.9982E-05 0.440931
9.999E-05 0.646279 0.0247952 0.328826
9.9982E-05 0.541253 9.9982E-05 0.458547
0.153298 0.282455 0.118991 0.445255
9.9982E-05 0.255183 9.9982E-05 0.744617
0.0451021 0.270558 0.0414614 0.642878
9.9991E-05 0.636443 0.00293044 0.360527
0.460884 9.9991E-05 0.161722 0.377294
0.0174354 9.9982E-05 9.9982E-05 0.982365
0.0841786 0.551242 0.0559805 0.308599
9.9991E-05 0.00427663 0.0120376 0.983586
9.9982E-05 0.595514 9.9982E-05 0.404286
9.9982E-05 0.501235 9.9982E-05 0.498565
9.9982E-05 0.0875795 0.912221 9.9982E-05
9.9982E-05 0.469041 9.9982E-05 0.530759
0.0223686 0.55557 0.00943522 0.412626
9.9991E-05 0.00478016 0.00258908 0.992531
9.9982E-05 0.0973532 9.9982E-05 0.902447
9.998E-05 9.998E-05 9.998E-05 0.9997
0.109356 0.338316 0.131173 0.421156
0.00659229 9.9982E-05 9.9982E-05 0.993208
9.998E-05 9.998E-05 9.998E-05 0.9997
0.12062 0.350259 0.0964892 0.432632
9.9982E-05 9.9982E-05 0.00631262 0.993487
0.0606048 0.519728 9.9991E-05 0.419567
9.9982E-05 0.221348 9.9982E-05 0.778452
0.0309485 0.662909 0.0406799 0.265463
0.0903179 0.59436 0.0874451 0.227877
9.9991E-05 0.547634 0.0292712 0.422995
0.134485 0.386227 0.107833 0.371455
0.00296802 9.9991E-05 0.00535508 0.991577
9.9982E-05 0.0974135 9.9982E-05 0.902387
9.9982E-05 0.10738 9.9982E-05 0.89242
0.0180378 0.121403 0.00141612 0.859143
0.839234 9.9991E-05 0.147576 0.0130903
9.9991E-05 0.0616149 0.00748077 0.930804
9.9982E-05 0.0275094 9.9982E-05 0.972291
0.833079 9.9991E-05 0.128836 0.0379854
9.9982E-05 0.204258 9.9982E-05 0.795542
9.9982E-05 0.39494 9.9982E-05 0.60486
9.9982E-05 0.13984 9.9982E-05 0.85996
9.9982E-05 0.287896 9.9982E-05 0.711904
0.127361 0.0222263 0.122936 0.727477
9.9991E-05 0.432532 0.07799 0.489378
0.0545922 9.9991E-05 0.0753608 0.869947
9.9982E-05 0.000791189 9.9982E-05 0.999009
0.0205392 9.9982E-05 9.9982E-05 0.979261
9.9991E-05 0.127844 0.00388085 0.868175
9.9982E-05 0.124079 9.9982E-05 0.875721
9.998E-05 9.998E-05 9.998E-05 0.9997
0.0108498 0.0847045 0.881059 0.023387
0.0055886 9.9991E-05 0.0100476 0.984264
0.0265704 0.426985 0.0511879 0.495256
9.998E-05 9.998E-05 9.998E-05 0.9997
0.0108883 9.9991E-05 0.0142655 0.974746
9.9982E-05 0.195171 9.9982E-05 0.804629
9.9982E-05 0.19992 9.9982E-05 0.79988
9.9991E-05 0.654809 0.0172085 0.327883
0.836248 9.9991E-05 0.144289 0.0193626
0.0127171 0.499719 0.0257976 0.461767
0.0531707 9.9991E-05 0.0532385 0.893491
9.9991E-05 0.0693058 0.00963371 0.920961
9.9982E-05 9.9982E-05 0.053797 0.946003
0.00074159 9.9982E-05 9.9982E-05 0.999058
0.0486622 9.9982E-05 9.9982E-05 0.951138
9.998E-05 9.998E-05 9.998E-05 0.9997
9.9991E-05 0.574883 0.0325602 0.392456
9.998E-05 9.998E-05 9.998E-05 0.9997
0.0489238 0.112796 0.767382 0.0708979
9.9982E-05 0.263898 9.9982E-05 0.735902
0.0124516 0.00346243 9.9991E-05 0.983986
0.480887 0.0830027 0.196464 0.239646
0.153494 0.0187886 0.130411 0.697307
0.0412289 0.364146 0.00222724 0.592398
0.0163157 0.085369 9.9991E-05 0.898215
9.9982E-05 9.9982E-05 0.0220532 0.977747
0.9997 9.998E-05 9.998E-05 9.998E-05
9.9982E-05 0.275702 9.9982E-05 0.724098
9.9982E-05 0.249508 9.9982E-05 0.750292
9.9982E-05 0.578925 9.9982E-05 0.420875
9.9982E-05 0.607995 9.9982E-05 0.391805
9.9982E-05 0.678495 9.9982E-05 0.321305
9.9982E-05 9.9982E-05 0.00203087 0.997769
9.9982E-05 0.24343 9.9982E-05 0.75637
9.9982E-05 0.0294902 9.9982E-05 0.97031
9.9982E-05 0.386551 9.9982E-05 0.613249
0.150202 0.323865 0.116744 0.409188
9.9982E-05 9.9982E-05 0.0187031 0.981097
9.9991E-05 0.491285 0.0698191 0.438796
0.0292597 0.462813 9.9991E-05 0.507827
9.9982E-05 0.10461 0.89519 9.9982E-05
9.9982E-05 0.0212118 9.9982E-05 0.978588
9.998E-05 9.998E-05 9.998E-05 0.9997
0.00402301 0.70568 9.9991E-05 0.290197
0.842857 9.9991E-05 0.118984 0.0380593
9.9982E-05 0.726451 9.9982E-05 0.273349
9.9991E-05 0.105274 0.0255511 0.869075
0.00285492 9.9991E-05 0.0399188 0.957126
9.9982E-05 0.643668 9.9982E-05 0.356132
0.841886 9.9991E-05 0.132539 0.0254757
0.0676896 0.0702131 0.769149 0.0929484
9.9982E-05 0.215167 9.9982E-05 0.784633
9.9982E-05 0.11384 9.9982E-05 0.88596
9.9982E-05 0.568539 9.9982E-05 0.431261
9.9982E-05 9.9982E-05 0.0284181 0.971382
0.0943558 0.554096 0.0640593 0.287489
0.574591 0.0406011 0.255007 0.129801
9.9991E-05 0.0178377 0.031925 0.950137
9.9982E-05 0.300502 9.9982E-05 0.699298
9.998E-05 9.998E-05 0.9997 9.998E-05
9.9982E-05 0.0654384 9.9982E-05 0.934362
9.9982E-05 0.352936 9.9982E-05 0.646864
9.9982E-05 0.0575456 9.9982E-05 0.942254
0.0110077 0.569093 9.9991E-05 0.419799
0.011219 0.55646 9.9991E-05 0.432221
0.023445 0.551299 0.0350596 0.390196
0.105932 0.497351 0.0455104 0.351207
9.9982E-05 0.221565 9.9982E-05 0.778235
9.9991E-05 0.0395761 0.00415505 0.956169
9.9991E-05 0.148888 0.00498156 0.84603
0.781901 9.9991E-05 0.142595 0.0754043
0.00353812 0.0118521 0.0456717 0.938938
0.806509 9.9991E-05 0.15752 0.0358707
9.9982E-05 0.181657 9.9982E-05 0.818143
9.99819E-05 9.99819E-05 0.966571 0.033229
9.9982E-05 0.730208 9.9982E-05 0.269592
0.0313523 0.648208 0.00242744 0.318012
0.0230196 0.636023 0.0274475 0.31351
9.9991E-05 0.276977 0.00170315 0.721219
0.0505706 0.503749 0.0265958 0.419085
9.9982E-05 9.9982E-05 0.00044484 0.999355
9.9982E-05 0.370803 9.9982E-05 0.628997
0.158792 0.122494 0.142154 0.57656
0.0302656 0.132487 0.00422766 0.83302
0.00801322 0.0581247 0.000643833 0.933218
9.9982E-05 9.9982E-05 0.993042 0.00675784
0.103812 0.361973 0.186503 0.347711
9.9982E-05 0.00723023 0.99257 9.9982E-05
9.9982E-05 0.191852 9.9982E-05 0.807948
0.103869 0.244363 0.177414 0.474354
0.134474 0.218119 0.135727 0.51168
0.00941796 0.130737 9.9991E-05 0.859745
9.998E-05 9.998E-05 9.998E-05 0.9997
0.82474 9.9991E-05 0.172712 0.00244813
0.106365 0.442835 0.165951 0.28485
9.9982E-05 0.161477 9.9982E-05 0.838323
0.122187 9.9991E-05 0.547889 0.329824
0.0132322 9.9991E-05 0.0117449 0.974923
0.9997 9.998E-05 9.998E-05 9.998E-05
0.0241806 0.0360327 0.00232292 0.937464
0.716373 0.00746457 0.00490215 0.27126
9.9982E-05 0.634208 9.9982E-05 0.365592
0.00455493 9.9991E-05 0.0120127 0.983332
0.0104594 9.9982E-05 9.9982E-05 0.989341
0.100817 0.487354 0.0992862 0.312543
0.00977415 9.9991E-05 0.0377668 0.952359
9.9982E-05 0.0307611 0.969039 9.9982E-05
9.9982E-05 9.9982E-05 0.00792157 0.991878
0.9997 9.998E-05 9.998E-05 9.998E-05
9.998E-05 9.998E-05 9.998E-05 0.9997
9.9991E-05 0.580263 0.0315425 0.388095
0.0227807 0.448055 9.9991E-05 0.529064
0.0910944 0.486432 0.104316 0.318158
0.0938009 0.347281 0.0584663 0.500452
0.151603 0.333739 0.126849 0.387809
9.998E-05 9.998E-05 9.998E-05 0.9997
9.9991E-05 0.437254 0.01694 0.545706
9.9982E-05 0.0105203 9.9982E-05 0.98928
0.036957 0.397843 0.100778 0.464423
0.0326275 0.643211 0.024158 0.300004
0.00441951 0.0292368 0.0198326 0.946511
9.9982E-05 0.328104 9.9982E-05 0.671696
9.9982E-05 0.13073 9.9982E-05 0.86907
9.9991E-05 0.0126338 0.0101331 0.977133
0.148996 0.0621205 0.15538 0.633504
0.0162959 0.444593 9.9991E-05 0.539011
0.0442218 0.321539 0.0418926 0.592347
0.950318 0.0494824 9.9982E-05 9.9982E-05
0.00680445 9.9991E-05 0.0252536 0.967842
9.998E-05 9.998E-05 9.998E-05 0.9997
0.0114788 0.0401098 9.9991E-05 0.948311
9.9982E-05 9.9982E-05 0.980619 0.0191814
9.9982E-05 0.157501 9.9982E-05 0.842299
0.0846497 0.409456 0.117732 0.388162
9.9991E-05 0.424722 0.00467925 0.570499
0.0064146 9.9982E-05 9.9982E-05 0.993385
0.0138782 0.0640252 0.018147 0.90395
0.00367281 9.9982E-05 9.9982E-05 0.996127
0.112763 0.453562 0.0730662 0.360609
0.880233 0.0446778 0.0106353 0.0644536
0.118228 0.51648 0.0971779 0.268114
9.9982E-05 0.298434 9.9982E-05 0.701366
0.9997 9.998E-05 9.998E-05 9.998E-05
0.00395039 0.218729 0.0437509 0.73357
9.9982E-05 0.520681 9.9982E-05 0.479119
0.0167869 0.00767476 0.0396627 0.935876
9.998E-05 9.998E-05 9.998E-05 0.9997
0.0130782 9.9991E-05 0.00929085 0.977531
0.0222734 0.278499 0.0479606 0.651267
9.99819E-05 9.99819E-05 0.958186 0.041614
9.998E-05 9.998E-05 9.998E-05 0.9997
9.9991E-05 0.685428 0.0253536 0.289118
9.9982E-05 0.369643 9.9982E-05 0.630157
9.9982E-05 9.9982E-05 0.979195 0.0206049
0.0384435 0.57911 0.0799317 0.302514
0.179908 0.224891 0.128879 0.466322
0.00772063 0.526103 0.0654123 0.400764
9.9982E-05 9.9982E-05 0.915121 0.0846789
9.9982E-05 0.329892 9.9982E-05 0.669908
0.9997 9.998E-05 9.998E-05 9.998E-05
9.9982E-05 0.268388 9.9982E-05 0.731412
0.00688491 0.0147155 9.9991E-05 0.9783
0.9997 9.998E-05 9.998E-05 9.998E-05
9.9982E-05 0.0469868 9.9982E-05 0.952813
0.758765 0.00462069 0.154173 0.0824409
9.9982E-05 0.578182 9.9982E-05 0.421618
9.9982E-05 9.9982E-05 0.0349417 0.964858
0.0956075 0.397043 0.163657 0.343692
0.0187004 0.172017 9.9991E-05 0.809182
0.987778 9.9982E-05 9.9982E-05 0.0120219
0.00587181 0.499994 0.010104 0.48403
