0.075419 9.9955E-05 9.9955E-05 9.9955E-05 0.0155439 0.00061685 9.9955E-05 0.315334 0.592587 9.9955E-05
9.9946E-05 9.9946E-05 0.00233517 9.9946E-05 9.9946E-05 0.0350454 0.00916797 9.9946E-05 0.952852 9.9946E-05
9.9946E-05 9.9946E-05 9.9946E-05 0.0152659 9.9946E-05 0.00222397 9.9946E-05 0.0289421 0.952968 9.9946E-05
9.9964E-05 9.9964E-05 0.0012125 9.9964E-05 0.00678008 0.0344173 0.0402369 0.36375 0.553203 9.9964E-05
0.0338434 9.9964E-05 0.0328039 0.0185301 9.9964E-05 9.9964E-05 0.401894 0.408353 0.104176 9.9964E-05
0.00923933 9.9964E-05 9.9964E-05 9.9964E-05 0.00593759 0.743799 0.0979018 0.0904174 0.0523051 9.9964E-05
0.318819 0.0307365 9.9964E-05 0.000698008 9.9964E-05 9.9964E-05 0.470555 0.0154912 0.163301 9.9964E-05
9.99461E-05 0.180224 9.99461E-05 9.99461E-05 9.99461E-05 0.187116 0.140219 0.491842 9.99461E-05 9.99461E-05
0.0268391 9.9964E-05 9.9964E-05 0.00724648 0.0133102 9.9964E-05 9.9964E-05 0.0229149 0.917609 0.0116801
9.9928E-05 9.9928E-05 9.9928E-05 9.9928E-05 9.9928E-05 9.9928E-05 9.9928E-05 0.289305 0.709896 9.9928E-05
0.303829 0.103353 0.0483408 9.9955E-05 9.9955E-05 9.9955E-05 9.9955E-05 0.440859 0.103119 9.9955E-05
0.202686 0.395991 9.9955E-05 0.00965857 9.9955E-05 9.9955E-05 9.9955E-05 0.371212 0.0199522 9.9955E-05
0.356324 9.9955E-05 9.9955E-05 9.9955E-05 9.9955E-05 0.000594167 0.0447715 0.446302 0.151509 9.9955E-05
0.0563621 9.99369E-05 9.99369E-05 9.99369E-05 9.99369E-05 0.890733 0.0522053 9.99369E-05 9.99369E-05 9.99369E-05
9.9937E-05 9.9937E-05 0.0194649 9.9937E-05 9.9937E-05 9.9937E-05 9.9937E-05 0.604769 0.375067 9.9937E-05
9.9973E-05 0.0991916 9.9973E-05 9.9973E-05 0.00284974 0.131773 0.159318 0.142792 0.455724 0.00805139
0.0529977 0.743472 9.9946E-05 9.9946E-05 9.9946E-05 9.9946E-05 9.9946E-05 0.0892067 0.113724 9.9946E-05
9.9964E-05 9.9964E-05 0.176716 0.00466532 0.336667 0.346371 9.9964E-05 9.9964E-05 0.132711 0.00246867
9.9946E-05 9.9946E-05 0.00778109 9.9946E-05 9.9946E-05 9.9946E-05 0.0362901 9.9946E-05 0.955084 0.00024487
0.182848 0.126914 9.9982E-05 0.0115082 0.00518838 9.9982E-05 0.409916 0.142277 0.0979082 0.0232402
9.9955E-05 0.0162811 9.9955E-05 0.00612694 9.9955E-05 9.9955E-05 9.9955E-05 0.0904602 0.885201 0.00143044
0.466266 0.10193 9.9964E-05 0.016631 9.9964E-05 9.9964E-05 9.9964E-05 0.290995 0.122546 0.00123119
0.17299 9.9973E-05 9.9973E-05 0.0116957 0.00759298 0.0151111 0.101864 0.549003 0.141443 9.9973E-05
0.00711771 9.9955E-05 9.9955E-05 0.873027 0.013496 0.0463768 9.9955E-05 0.0594828 9.9955E-05 9.9955E-05
9.9955E-05 9.9955E-05 0.020746 9.9955E-05 9.9955E-05 0.0796489 0.55667 0.205846 0.13659 9.9955E-05
0.369762 9.9955E-05 0.0247124 0.00304757 9.9955E-05 9.9955E-05 9.9955E-05 0.391988 0.209991 9.9955E-05
0.424102 9.9973E-05 0.00396212 9.9973E-05 9.9973E-05 0.0628335 0.199806 0.186214 0.120975 0.00180676
9.9946E-05 9.9946E-05 9.9946E-05 0.00265577 0.0145919 9.9946E-05 9.9946E-05 0.147266 0.834887 9.9946E-05
9.9937E-05 0.00468712 9.9937E-05 9.9937E-05 9.9937E-05 9.9937E-05 9.9937E-05 0.294034 0.700579 9.9937E-05
9.99281E-05 9.99281E-05 9.99281E-05 9.99281E-05 9.99281E-05 9.99281E-05 9.99281E-05 0.0232174 0.975983 9.99281E-05
0.135449 9.9937E-05 9.9937E-05 9.9937E-05 9.9937E-05 0.760014 9.9937E-05 0.103837 9.9937E-05 9.9937E-05
9.9937E-05 9.9937E-05 9.9937E-05 9.9937E-05 9.9937E-05 9.9937E-05 0.0424625 9.9937E-05 0.955354 0.00148413
0.0127805 9.9937E-05 9.9937E-05 9.9937E-05 9.9937E-05 9.9937E-05 0.0226007 9.9937E-05 0.963919 9.9937E-05
9.9955E-05 9.9955E-05 9.9955E-05 9.9955E-05 0.00386707 0.219359 0.572871 9.9955E-05 0.202852 0.000552064
0.00167191 9.9937E-05 9.9937E-05 9.9937E-05 9.9937E-05 0.0101272 9.9937E-05 9.9937E-05 0.987501 9.9937E-05
0.156786 0.368334 0.01507 9.9973E-05 9.9973E-05 9.9973E-05 0.211222 0.0220588 0.223327 0.0029022
9.9928E-05 9.9928E-05 9.9928E-05 9.9928E-05 9.9928E-05 9.9928E-05 9.9928E-05 0.562156 0.437044 9.9928E-05
9.99369E-05 0.852563 9.99369E-05 9.99369E-05 9.99369E-05 9.99369E-05 9.99369E-05 0.131294 9.99369E-05 0.0154435
0.329288 9.99639E-05 9.99639E-05 0.00164512 0.00879545 0.0248678 0.629113 9.99639E-05 0.00589026 9.99639E-05
0.0121468 0.111927 9.9964E-05 0.0393912 9.9964E-05 9.9964E-05 0.180906 0.651488 0.00374069 9.9964E-05
0.0068641 9.9973E-05 9.9973E-05 0.00448378 9.9973E-05 0.154826 0.65722 0.0299466 0.13067 0.0156895
0.00794607 9.9955E-05 9.9955E-05 0.0167806 9.9955E-05 0.0151928 9.9955E-05 9.9955E-05 0.954656 0.00492485
0.0593013 9.9937E-05 9.9937E-05 9.9937E-05 9.9937E-05 9.9937E-05 9.9937E-05 0.180508 0.759491 9.9937E-05
9.9937E-05 9.9937E-05 0.0342337 9.9937E-05 9.9937E-05 9.9937E-05 9.9937E-05 0.312141 0.652926 9.9937E-05
9.9955E-05 9.9955E-05 9.9955E-05 9.9955E-05 0.014501 0.0527707 0.0220755 0.276269 0.633884 9.9955E-05
9.99201E-05 9.99201E-05 9.99201E-05 9.99201E-05 0.998978 0.000222883 9.99201E-05 9.99201E-05 9.99201E-05 9.99201E-05
0.055702 0.0572224 0.00688106 9.9955E-05 9.9955E-05 9.9955E-05 0.0131104 9.9955E-05 0.866584 9.9955E-05
9.9928E-05 9.9928E-05 9.9928E-05 9.9928E-05 9.9928E-05 9.9928E-05 9.9928E-05 0.158744 0.840456 9.9928E-05
9.99201E-05 9.99201E-05 9.99201E-05 9.99201E-05 0.999101 9.99201E-05 9.99201E-05 9.99201E-05 9.99201E-05 9.99201E-05
9.99279E-05 9.99279E-05 9.99279E-05 9.99279E-05 9.99279E-05 9.99279E-05 9.99279E-05 0.478841 0.520359 9.99279E-05
0.190362 0.0892937 0.0204127 9.9955E-05 9.9955E-05 9.9955E-05 9.9955E-05 0.364308 0.335124 9.9955E-05
9.9928E-05 9.9928E-05 9.9928E-05 9.9928E-05 9.9928E-05 9.9928E-05 9.9928E-05 0.401983 0.597217 9.9928E-05
0.0769594 9.9946E-05 9.9946E-05 0.00627729 9.9946E-05 9.9946E-05 9.9946E-05 0.458453 0.45771 9.9946E-05
9.99369E-05 9.99369E-05 9.99369E-05 9.99369E-05 0.013769 0.565941 9.99369E-05 9.99369E-05 0.419591 9.99369E-05
0.0846499 0.0085568 0.0166234 0.050045 9.9982E-05 0.0751056 0.15948 0.43051 0.17483 9.9982E-05
9.99459E-05 9.99459E-05 9.99459E-05 0.0341289 9.99459E-05 0.232701 9.99459E-05 9.99459E-05 0.727087 0.00548368
9.9946E-05 9.9946E-05 9.9946E-05 0.000993218 0.00874869 9.9946E-05 9.9946E-05 0.134756 0.854903 9.9946E-05
0.0167122 9.9946E-05 9.9946E-05 9.9946E-05 0.0066041 0.00742051 9.9946E-05 9.9946E-05 0.968663 9.9946E-05
9.9964E-05 0.00675582 0.000214129 9.9964E-05 0.00905597 9.9964E-05 0.01968 0.299816 0.664078 9.9964E-05
0.00306421 9.9937E-05 9.9937E-05 9.9937E-05 9.9937E-05 9.9937E-05 9.9937E-05 0.327949 0.668287 9.9937E-05
0.00455022 9.9937E-05 9.9937E-05 9.9937E-05 9.9937E-05 9.9937E-05 9.9937E-05 0.0533644 0.941386 9.9937E-05
9.99641E-05 0.087601 0.0162114 0.839618 9.99641E-05 0.0453789 0.00669376 9.99641E-05 9.99641E-05 0.00409661
0.0337758 9.9955E-05 0.00381189 0.00109378 9.9955E-05 9.9955E-05 9.9955E-05 9.9955E-05 0.951096 0.00972296
9.9964E-05 0.167246 9.9964E-05 0.0187298 9.9964E-05 0.175639 9.9964E-05 0.50772 0.121749 0.0085156
9.99546E-05 0.04407 0.00553736 9.99546E-05 9.99546E-05 9.99546E-05 9.99546E-05 0.0011179 0.948675 9.99546E-05
9.9937E-05 9.9937E-05 9.9937E-05 9.9937E-05 9.9937E-05 9.9937E-05 0.00989446 9.9937E-05 0.984329 0.00507689
9.9937E-05 9.9937E-05 0.0224917 9.9937E-05 9.9937E-05 9.9937E-05 9.9937E-05 0.446441 0.530368 9.9937E-05
0.0316909 9.9937E-05 9.9937E-05 9.9937E-05 9.9937E-05 9.9937E-05 9.9937E-05 0.414133 0.553477 9.9937E-05
0.711765 0.125211 9.9946E-05 0.0251328 9.9946E-05 9.9946E-05 9.9946E-05 9.9946E-05 0.137291 9.9946E-05
9.99201E-05 9.99201E-05 9.99201E-05 9.99201E-05 0.999101 9.99201E-05 9.99201E-05 9.99201E-05 9.99201E-05 9.99201E-05
9.9955E-05 9.9955E-05 9.9955E-05 0.0035176 9.9955E-05 0.00491191 0.340878 0.577083 0.0731102 9.9955E-05
9.99549E-05 9.99549E-05 9.99549E-05 0.0213223 0.00871044 0.16498 9.99549E-05 9.99549E-05 0.791595 0.0128917
9.9946E-05 9.9946E-05 9.9946E-05 0.0075679 9.9946E-05 9.9946E-05 9.9946E-05 0.256956 0.729622 0.00525427
9.9937E-05 9.9937E-05 9.9937E-05 0.0293083 9.9937E-05 0.0220498 9.9937E-05 9.9937E-05 0.947942 9.9937E-05
9.9937E-05 0.0186427 9.9937E-05 9.9937E-05 9.9937E-05 9.9937E-05 9.9937E-05 9.9937E-05 0.975876 0.00478172
9.9955E-05 9.9955E-05 9.9955E-05 9.9955E-05 0.0296677 0.0454825 0.0025513 9.9955E-05 0.919775 0.00202405
9.9937E-05 9.9937E-05 9.9937E-05 9.9937E-05 9.9937E-05 9.9937E-05 9.9937E-05 0.0508178 0.948141 0.000341389
0.3588 0.269405 0.070236 9.9964E-05 9.9964E-05 0.0694265 9.9964E-05 0.115829 0.115904 9.9964E-05
0.0296737 9.9937E-05 9.9937E-05 9.9937E-05 9.9937E-05 9.9937E-05 9.9937E-05 0.0393762 0.930251 9.9937E-05
9.9946E-05 0.13037 0.0547685 0.643927 9.9946E-05 0.170335 9.9946E-05 9.9946E-05 9.9946E-05 9.9946E-05
0.00553679 0.00526326 9.9964E-05 0.0214779 9.9964E-05 0.00466825 9.9964E-05 0.535893 0.426761 9.9964E-05
9.9946E-05 9.9946E-05 9.9946E-05 9.9946E-05 0.00605133 9.9946E-05 9.9946E-05 0.122856 0.868367 0.00212515
9.99369E-05 9.99369E-05 0.932191 9.99369E-05 9.99369E-05 0.0327981 9.99369E-05 9.99369E-05 0.0343117 9.99369E-05
9.99369E-05 9.99369E-05 9.99369E-05 9.99369E-05 0.0391499 0.629019 9.99369E-05 9.99369E-05 0.331132 9.99369E-05
9.9946E-05 9.9946E-05 9.9946E-05 9.9946E-05 9.9946E-05 0.147014 0.208986 0.412693 0.230707 9.9946E-05
9.9955E-05 9.9955E-05 9.9955E-05 9.9955E-05 0.000194822 0.0321416 9.9955E-05 0.23542 0.720999 0.0107449
9.9955E-05 0.00768525 0.00979275 0.0124788 9.9955E-05 0.0271234 9.9955E-05 9.9955E-05 0.94242 9.9955E-05
9.99201E-05 9.99201E-05 9.99201E-05 9.99201E-05 9.99201E-05 9.99201E-05 9.99201E-05 9.99201E-05 9.99201E-05 0.999101
0.0377062 9.99459E-05 9.99459E-05 9.99459E-05 0.0087875 9.99459E-05 9.99459E-05 0.526731 0.426175 9.99459E-05
9.9928E-05 9.9928E-05 9.9928E-05 9.9928E-05 9.9928E-05 9.9928E-05 9.9928E-05 0.543809 0.455392 9.9928E-05
0.491392 9.9946E-05 9.9946E-05 9.9946E-05 9.9946E-05 9.9946E-05 0.053965 0.308483 0.14556 9.9946E-05
0.39679 9.9964E-05 9.9964E-05 0.0180892 9.9964E-05 0.0478512 0.0225861 0.509355 9.9964E-05 0.00492801
0.7757 9.9937E-05 9.9937E-05 9.9937E-05 9.9937E-05 9.9937E-05 9.9937E-05 0.182627 0.0409729 9.9937E-05
9.9928E-05 9.9928E-05 9.9928E-05 9.9928E-05 9.9928E-05 0.0359566 9.9928E-05 9.9928E-05 0.963244 9.9928E-05
9.9928E-05 9.9928E-05 9.9928E-05 9.9928E-05 9.9928E-05 9.9928E-05 9.9928E-05 0.599425 0.399776 9.9928E-05
9.9937E-05 9.9937E-05 9.9937E-05 9.9937E-05 0.00104098 9.9937E-05 9.9937E-05 0.1546 0.84366 9.9937E-05
9.9973E-05 0.0265996 0.00221515 0.00533221 9.9973E-05 0.0282389 0.00437776 0.703794 0.229142 9.9973E-05
0.0908224 9.9955E-05 0.00899532 9.9955E-05 9.9955E-05 0.578498 0.244756 9.9955E-05 0.0764278 9.9955E-05
9.9946E-05 9.9946E-05 9.9946E-05 0.00351646 9.9946E-05 0.0199269 0.0174153 9.9946E-05 0.958542 9.9946E-05
9.9955E-05 0.250234 9.9955E-05 0.046838 9.9955E-05 9.9955E-05 0.156515 0.441968 0.103945 9.9955E-05
9.9946E-05 9.9946E-05 9.9946E-05 9.9946E-05 0.0118387 9.9946E-05 0.21999 0.639003 0.128569 9.9946E-05
9.99371E-05 9.99371E-05 0.0550297 0.822602 9.99371E-05 9.99371E-05 0.121668 9.99371E-05 9.99371E-05 9.99371E-05
0.0425999 9.99369E-05 9.99369E-05 9.99369E-05 9.99369E-05 9.99369E-05 9.99369E-05 0.5201 0.436601 9.99369E-05
0.0191024 0.0319806 9.9955E-05 9.9955E-05 0.000542051 9.9955E-05 9.9955E-05 0.0211808 0.926694 9.9955E-05
9.99281E-05 9.99281E-05 9.99281E-05 0.000614821 9.99281E-05 9.99281E-05 9.99281E-05 9.99281E-05 0.998586 9.99281E-05
0.531637 9.9946E-05 9.9946E-05 9.9946E-05 0.001518 9.9946E-05 0.149316 0.316929 9.9946E-05 9.9946E-05
9.9937E-05 9.9937E-05 0.0119409 9.9937E-05 0.983053 9.9937E-05 9.9937E-05 9.9937E-05 0.00430632 9.9937E-05
0.885582 0.00642003 9.9964E-05 9.9964E-05 0.00484939 9.9964E-05 9.9964E-05 0.085332 0.00422155 0.0131946
9.9955E-05 0.00850298 0.0071017 0.0251678 9.9955E-05 9.9955E-05 9.9955E-05 0.234685 0.724043 9.9955E-05
9.9946E-05 9.9946E-05 9.9946E-05 0.0285297 9.9946E-05 0.0313251 9.9946E-05 9.9946E-05 0.936558 0.00298783
0.685614 0.00584925 9.9946E-05 9.9946E-05 9.9946E-05 9.9946E-05 9.9946E-05 0.215134 0.0928035 9.9946E-05
9.99201E-05 9.99201E-05 9.99201E-05 9.99201E-05 0.999101 9.99201E-05 9.99201E-05 9.99201E-05 9.99201E-05 9.99201E-05
9.9946E-05 9.9946E-05 0.056797 0.620103 0.000948481 0.321552 9.9946E-05 9.9946E-05 9.9946E-05 9.9946E-05
0.164702 9.9946E-05 9.9946E-05 9.9946E-05 0.00849312 9.9946E-05 9.9946E-05 0.210264 0.615941 9.9946E-05
9.9928E-05 9.9928E-05 9.9928E-05 9.9928E-05 9.9928E-05 9.9928E-05 9.9928E-05 0.326361 0.67284 9.9928E-05
0.38687 9.9955E-05 9.9955E-05 0.00460534 9.9955E-05 0.0323531 9.9955E-05 0.48419 0.0914818 9.9955E-05
9.9928E-05 9.9928E-05 9.9928E-05 0.0303693 9.9928E-05 9.9928E-05 9.9928E-05 9.9928E-05 0.968831 9.9928E-05
0.474014 9.99459E-05 0.0892134 9.99459E-05 9.99459E-05 0.298943 0.13723 9.99459E-05 9.99459E-05 9.99459E-05
9.99279E-05 9.99279E-05 0.976685 9.99279E-05 0.022516 9.99279E-05 9.99279E-05 9.99279E-05 9.99279E-05 9.99279E-05
9.9955E-05 0.0177325 9.9955E-05 0.038458 9.9955E-05 9.9955E-05 9.9955E-05 0.117847 0.818667 0.00679576
0.115215 9.99369E-05 9.99369E-05 9.99369E-05 9.99369E-05 9.99369E-05 9.99369E-05 0.466061 0.418024 9.99369E-05
0.00824888 9.9928E-05 9.9928E-05 0.990952 9.9928E-05 9.9928E-05 9.9928E-05 9.9928E-05 9.9928E-05 9.9928E-05
0.0483968 9.9946E-05 9.9946E-05 9.9946E-05 0.00269046 9.9946E-05 9.9946E-05 0.126661 0.821652 9.9946E-05
0.0817981 9.9937E-05 9.9937E-05 9.9937E-05 9.9937E-05 9.9937E-05 9.9937E-05 0.600287 0.317216 9.9937E-05
9.9937E-05 9.9937E-05 9.9937E-05 9.9937E-05 0.00234372 9.9937E-05 9.9937E-05 0.259852 0.737104 9.9937E-05
0.728283 9.99551E-05 9.99551E-05 9.99551E-05 9.99551E-05 0.00405064 0.0140106 9.99551E-05 0.23863 0.0145255
0.478395 9.9964E-05 9.9964E-05 9.9964E-05 0.0060911 0.127614 0.0103864 0.256392 0.120723 9.9964E-05
9.9955E-05 0.329086 0.0119699 9.9955E-05 9.9955E-05 9.9955E-05 0.271067 0.269311 0.118067 9.9955E-05
0.0846218 0.433769 9.99369E-05 9.99369E-05 9.99369E-05 0.480909 9.99369E-05 9.99369E-05 9.99369E-05 9.99369E-05
9.9955E-05 9.9955E-05 0.00896297 0.0193805 9.9955E-05 9.9955E-05 0.0119504 0.500473 0.458733 9.9955E-05
9.994E-05 9.994E-05 9.994E-05 0.00420874 0.00995416 9.994E-05 9.994E-05 0.164118 0.821119 9.994E-05
9.99459E-05 9.99459E-05 9.99459E-05 0.00561996 0.0315712 9.99459E-05 9.99459E-05 0.388202 0.574007 9.99459E-05
0.0065738 9.9955E-05 0.20509 9.9955E-05 0.741428 0.00660053 9.9955E-05 9.9955E-05 9.9955E-05 0.0398078
9.9964E-05 0.00316286 9.9964E-05 0.0219247 9.9964E-05 0.0672238 0.00113674 0.024425 0.881727 9.9964E-05
9.9964E-05 9.9964E-05 0.0208441 0.0189983 0.920242 9.9964E-05 0.0225007 0.00488668 9.9964E-05 0.0121282
9.9946E-05 9.9946E-05 0.0238789 0.000539786 9.9946E-05 9.9946E-05 9.9946E-05 0.424609 0.550372 9.9946E-05
9.99279E-05 9.99279E-05 9.99279E-05 0.9511 9.99279E-05 9.99279E-05 9.99279E-05 9.99279E-05 0.0481008 9.99279E-05
0.418308 0.261143 9.99369E-05 9.99369E-05 9.99369E-05 9.99369E-05 9.99369E-05 0.31985 9.99369E-05 9.99369E-05
0.744988 9.9955E-05 9.9955E-05 9.9955E-05 9.9955E-05 0.15437 0.0461656 9.9955E-05 0.0498534 0.00412296
0.396752 0.29769 0.015391 0.0328218 9.9973E-05 9.9973E-05 9.9973E-05 0.198254 0.0352922 0.023499
9.9955E-05 9.9955E-05 9.9955E-05 0.0152714 0.00507019 0.00391869 9.9955E-05 0.56272 0.41252 9.9955E-05
0.125927 0.216275 0.0334126 0.0158356 0.0101031 9.9982E-05 0.207992 0.161781 0.228474 9.9982E-05
9.9955E-05 9.9955E-05 9.9955E-05 0.00439195 0.000389565 9.9955E-05 0.0108399 0.0334594 0.950419 9.9955E-05
0.128504 9.9973E-05 9.9973E-05 0.00854866 0.00270328 0.0368069 9.9973E-05 0.537465 0.279546 0.00612731
9.99369E-05 9.99369E-05 0.02649 9.99369E-05 9.99369E-05 0.761641 9.99369E-05 9.99369E-05 0.211169 9.99369E-05
9.9955E-05 9.9955E-05 9.9955E-05 9.9955E-05 0.0134844 9.9955E-05 0.133677 0.163454 0.6831 0.00578533
9.9946E-05 9.9946E-05 9.9946E-05 9.9946E-05 9.9946E-05 0.0530413 9.9946E-05 0.220326 0.720465 0.00556853
9.99459E-05 9.99459E-05 0.00559534 0.956989 0.00972841 9.99459E-05 9.99459E-05 9.99459E-05 0.0270873 9.99459E-05
9.9946E-05 9.9946E-05 9.9946E-05 0.0451593 9.9946E-05 0.183292 0.616173 9.9946E-05 0.154776 9.9946E-05
0.0134062 9.99281E-05 9.99281E-05 0.985794 9.99281E-05 9.99281E-05 9.99281E-05 9.99281E-05 9.99281E-05 9.99281E-05
9.99522E-05 0.00542261 9.99522E-05 0.00689742 9.99522E-05 9.99522E-05 9.99522E-05 0.396126 0.590954 9.99522E-05
9.9973E-05 0.0523941 0.0394587 0.0322372 9.9973E-05 0.623805 0.047687 0.0880786 0.116039 9.9973E-05
9.9955E-05 9.9955E-05 9.9955E-05 0.0211702 9.9955E-05 0.57207 0.218552 0.0133552 0.174353 9.9955E-05
9.9955E-05 0.00949411 0.00135006 9.9955E-05 0.0252953 9.9955E-05 9.9955E-05 0.306522 0.656839 9.9955E-05
0.0239527 9.9928E-05 9.9928E-05 9.9928E-05 9.9928E-05 9.9928E-05 9.9928E-05 9.9928E-05 0.975248 9.9928E-05
9.9946E-05 9.9946E-05 0.0224952 0.012178 0.958876 9.9946E-05 9.9946E-05 9.9946E-05 9.9946E-05 0.0058514
0.0550857 0.182763 9.99549E-05 0.030194 9.99549E-05 0.431847 0.29961 9.99549E-05 9.99549E-05 9.99549E-05
9.9937E-05 9.9937E-05 9.9937E-05 9.9937E-05 0.00805158 9.9937E-05 9.9937E-05 0.367986 0.623263 9.9937E-05
9.99549E-05 9.99549E-05 9.99549E-05 0.402701 0.0364656 0.469482 9.99549E-05 9.99549E-05 0.0769763 0.0138761
9.9955E-05 9.9955E-05 0.00160143 0.0103398 9.9955E-05 0.0122377 0.000237799 9.9955E-05 0.975083 9.9955E-05
9.99201E-05 9.99201E-05 9.99201E-05 9.99201E-05 9.99201E-05 9.99201E-05 9.99201E-05 9.99201E-05 9.99201E-05 0.999101
9.9964E-05 0.0186117 0.029026 9.9964E-05 9.9964E-05 0.042163 9.9964E-05 0.120851 0.786505 0.00244404
9.9946E-05 9.9946E-05 0.120134 9.9946E-05 9.9946E-05 0.230444 9.9946E-05 9.9946E-05 0.0813557 0.567467
0.362956 0.168014 9.9964E-05 0.00869568 0.0243681 0.0208742 9.9964E-05 0.414693 9.9964E-05 9.9964E-05
9.9946E-05 0.0286107 9.9946E-05 9.9946E-05 9.9946E-05 0.010352 9.9946E-05 9.9946E-05 0.954169 0.00626915
9.9937E-05 9.9937E-05 9.9937E-05 9.9937E-05 9.9937E-05 9.9937E-05 0.0115515 9.9937E-05 0.986883 0.000866083
9.99459E-05 0.333819 9.99459E-05 9.99459E-05 0.00258663 9.99459E-05 0.565037 9.99459E-05 0.0979571 9.99459E-05
9.9946E-05 9.9946E-05 9.9946E-05 0.00854833 9.9946E-05 0.068994 0.0152516 9.9946E-05 0.906606 9.9946E-05
9.99281E-05 0.0376147 9.99281E-05 0.961586 9.99281E-05 9.99281E-05 9.99281E-05 9.99281E-05 9.99281E-05 9.99281E-05
9.9946E-05 9.9946E-05 0.00165883 0.00384696 9.9946E-05 9.9946E-05 9.9946E-05 0.0162877 0.977607 9.9946E-05
9.99201E-05 9.99201E-05 9.99201E-05 9.99201E-05 9.99201E-05 9.99201E-05 9.99201E-05 9.99201E-05 9.99201E-05 0.999101
9.9928E-05 9.9928E-05 9.9928E-05 9.9928E-05 9.9928E-05 9.9928E-05 9.9928E-05 0.0231108 0.97609 9.9928E-05
9.9955E-05 0.421057 9.9955E-05 0.024656 9.9955E-05 9.9955E-05 0.0245854 0.47171 0.0574913 9.9955E-05
0.165382 9.9964E-05 9.9964E-05 9.9964E-05 0.00374512 9.9964E-05 0.186419 0.416649 0.224615 0.00278956
9.9946E-05 0.32163 9.9946E-05 9.9946E-05 9.9946E-05 0.455578 0.128338 0.0938549 9.9946E-05 9.9946E-05
9.9973E-05 9.9973E-05 0.0155487 0.00100451 0.00977733 9.9973E-05 0.544776 0.185736 0.227985 0.0148728
9.99549E-05 9.99549E-05 0.0754299 9.99549E-05 0.00454147 0.130329 0.622958 9.99549E-05 0.166242 9.99549E-05
0.00662538 9.99281E-05 9.99281E-05 9.99281E-05 9.99281E-05 9.99281E-05 9.99281E-05 9.99281E-05 0.992575 9.99281E-05
0.155923 0.109999 0.0134369 0.0391976 9.9964E-05 9.9964E-05 9.9964E-05 0.444851 0.236193 9.9964E-05
9.9937E-05 9.9937E-05 9.9937E-05 9.9937E-05 9.9937E-05 9.9937E-05 9.9937E-05 0.125436 0.868114 0.00574953
9.9973E-05 0.0556383 0.0345068 0.0269584 9.9973E-05 0.0185398 0.34919 0.375461 0.139405 9.9973E-05
9.99279E-05 0.959671 9.99279E-05 9.99279E-05 9.99279E-05 9.99279E-05 9.99279E-05 9.99279E-05 0.0395292 9.99279E-05
9.9955E-05 9.9955E-05 9.9955E-05 0.0129297 9.9955E-05 0.0400246 9.9955E-05 0.0998432 0.83993 0.00677224
9.9937E-05 9.9937E-05 9.9937E-05 9.9937E-05 0.0146585 9.9937E-05 9.9937E-05 0.694546 0.290096 9.9937E-05
9.99549E-05 9.99549E-05 0.00813919 0.00719404 0.00637444 9.99549E-05 9.99549E-05 0.372894 0.604899 9.99549E-05
0.00882718 0.0113432 9.9964E-05 9.9964E-05 9.9964E-05 0.0110748 0.03575 0.00532302 0.927282 9.9964E-05
9.9955E-05 9.9955E-05 9.9955E-05 0.0372971 0.0134186 0.617455 9.9955E-05 9.9955E-05 0.314971 0.0163583
0.097431 9.9964E-05 9.9964E-05 9.9964E-05 0.00038044 0.0158594 0.242781 0.431638 0.211511 9.9964E-05
0.0503584 0.0280671 9.9991E-05 0.0103585 0.000970394 0.0992477 0.217663 0.258858 0.312772 0.0216054
9.99488E-05 9.99488E-05 0.0599329 0.0157175 9.99488E-05 9.99488E-05 0.0247961 9.99488E-05 9.99488E-05 0.898954
9.9946E-05 9.9946E-05 9.9946E-05 0.00415663 9.9946E-05 0.0523486 0.0355802 9.9946E-05 0.907315 9.9946E-05
9.9937E-05 9.9937E-05 0.00564188 9.9937E-05 9.9937E-05 9.9937E-05 0.00613266 9.9937E-05 0.987526 9.9937E-05
9.9937E-05 9.9937E-05 9.9937E-05 9.9937E-05 9.9937E-05 9.9937E-05 9.9937E-05 0.156188 0.829221 0.0138915
9.99279E-05 9.99279E-05 9.99279E-05 0.983316 9.99279E-05 9.99279E-05 9.99279E-05 9.99279E-05 0.015885 9.99279E-05
9.9937E-05 9.9937E-05 9.9937E-05 9.9937E-05 9.9937E-05 0.0861925 9.9937E-05 0.319615 0.593493 9.9937E-05
9.99371E-05 9.99371E-05 0.00359595 9.99371E-05 9.99371E-05 9.99371E-05 0.804755 9.99371E-05 0.19095 9.99371E-05
0.137093 0.0531781 0.0138375 0.00386398 0.000428664 0.00587722 0.0509873 0.459557 0.275077 9.9991E-05
9.9955E-05 9.9955E-05 0.00352687 0.00102811 0.00082411 0.0208157 9.9955E-05 9.9955E-05 0.973305 9.9955E-05
9.9964E-05 0.0302567 9.9964E-05 0.000675148 9.9964E-05 0.0497611 0.038101 0.057336 0.82347 9.9964E-05
9.9937E-05 0.00356426 9.9937E-05 9.9937E-05 9.9937E-05 9.9937E-05 9.9937E-05 0.00195406 0.993782 9.9937E-05
0.0432816 9.9946E-05 9.9946E-05 9.9946E-05 0.0185639 9.9946E-05 0.784424 9.9946E-05 0.153131 9.9946E-05
9.9964E-05 9.9964E-05 0.121746 0.0198388 9.9964E-05 0.0898077 0.00445271 9.9964E-05 0.00135998 0.762395
9.9964E-05 0.181502 0.00906417 9.9964E-05 9.9964E-05 0.083524 0.713417 9.9964E-05 0.00881114 0.00328245
0.0935168 0.0456534 0.000479538 0.00407771 0.018186 9.9982E-05 0.0142129 0.390754 0.43292 9.9982E-05
9.9937E-05 9.9937E-05 9.9937E-05 9.9937E-05 0.00456227 0.0358654 9.9937E-05 9.9937E-05 9.9937E-05 0.958873
9.9982E-05 0.0202212 0.00925947 0.035069 9.9982E-05 0.0357002 0.0440233 0.319118 0.530718 0.00569033
0.458665 9.99369E-05 9.99369E-05 9.99369E-05 9.99369E-05 9.99369E-05 9.99369E-05 0.315919 0.224717 9.99369E-05
0.0248829 9.9964E-05 0.0278235 0.0280631 9.9964E-05 0.0323054 0.0164273 9.9964E-05 0.870098 9.9964E-05
9.9946E-05 0.00179835 9.9946E-05 9.9946E-05 0.0071977 9.9946E-05 0.000817211 9.9946E-05 0.989587 9.9946E-05
9.9955E-05 9.9955E-05 0.00251876 0.00329336 0.0106067 9.9955E-05 0.0428539 9.9955E-05 0.940227 9.9955E-05
9.9955E-05 0.029882 9.9955E-05 9.9955E-05 9.9955E-05 0.0927998 0.215906 0.24093 0.419982 9.9955E-05
9.99279E-05 9.99279E-05 9.99279E-05 0.941273 9.99279E-05 9.99279E-05 9.99279E-05 9.99279E-05 0.0579273 9.99279E-05
9.9937E-05 9.9937E-05 0.0104044 9.9937E-05 9.9937E-05 9.9937E-05 9.9937E-05 0.0682227 0.920673 9.9937E-05
0.692978 0.137223 9.9946E-05 9.9946E-05 9.9946E-05 0.154808 9.9946E-05 9.9946E-05 0.0143906 9.9946E-05
0.0242544 9.9946E-05 9.9946E-05 9.9946E-05 9.9946E-05 9.9946E-05 0.0533799 0.632845 0.288921 9.9946E-05
9.99369E-05 9.99369E-05 9.99369E-05 0.982273 9.99369E-05 9.99369E-05 9.99369E-05 0.00971611 9.99369E-05 0.00731093
0.413523 9.9946E-05 9.9946E-05 0.00113949 9.9946E-05 9.9946E-05 0.49903 9.9946E-05 0.085708 9.9946E-05
9.9937E-05 9.9937E-05 9.9937E-05 9.9937E-05 9.9937E-05 0.917353 9.9937E-05 0.0677602 9.9937E-05 0.0141872
9.9973E-05 0.36954 9.9973E-05 0.0258485 0.00701919 0.079531 0.0887805 0.323143 0.105838 9.9973E-05
9.9937E-05 9.9937E-05 9.9937E-05 0.908607 0.000743744 9.9937E-05 9.9937E-05 9.9937E-05 0.0899498 9.9937E-05
0.093455 0.0133039 9.9946E-05 9.9946E-05 9.9946E-05 9.9946E-05 9.9946E-05 0.511714 0.380928 9.9946E-05
9.99369E-05 9.99369E-05 9.99369E-05 9.99369E-05 0.00499238 9.99369E-05 9.99369E-05 9.99369E-05 0.00891044 0.985398
9.99639E-05 9.99639E-05 9.99639E-05 9.99639E-05 0.00491168 0.0183809 0.00904535 0.555904 0.409401 0.0019575
9.9946E-05 9.9946E-05 0.014935 9.9946E-05 0.00223901 9.9946E-05 9.9946E-05 0.110058 0.872168 9.9946E-05
0.00173111 9.99281E-05 9.99281E-05 9.99281E-05 9.99281E-05 9.99281E-05 9.99281E-05 9.99281E-05 9.99281E-05 0.997469
9.9928E-05 9.9928E-05 9.9928E-05 9.9928E-05 9.9928E-05 9.9928E-05 9.9928E-05 0.206084 0.793117 9.9928E-05
9.9964E-05 0.0552155 0.0444958 0.0121904 0.867668 0.00491687 9.9964E-05 9.9964E-05 9.9964E-05 0.0151139
0.329575 9.9964E-05 0.0274062 9.9964E-05 9.9964E-05 0.103869 0.00377389 0.487613 0.0473629 9.9964E-05
9.9955E-05 9.9955E-05 0.00157799 0.0260446 9.9955E-05 0.0439273 9.9955E-05 0.079669 0.848281 9.9955E-05
0.204415 0.0241847 9.9964E-05 0.0648733 9.9964E-05 0.436917 0.231431 9.9964E-05 0.0377793 9.9964E-05
0.0599448 9.9964E-05 0.00255609 9.9964E-05 9.9964E-05 0.042207 9.9964E-05 0.260437 0.627003 0.00745198
9.9946E-05 9.9946E-05 0.0176319 9.9946E-05 0.0192526 0.0404518 9.9946E-05 9.9946E-05 9.9946E-05 0.922064
0.0912857 0.108141 9.9964E-05 9.9964E-05 9.9964E-05 9.9964E-05 0.156884 0.479754 0.162008 0.00152735
