9.9973E-05 0.799913 0.199787 9.9973E-05 9.9973E-05
9.9973E-05 0.996076 9.9973E-05 0.00362405 9.9973E-05
9.9973E-05 0.986425 9.9973E-05 9.9973E-05 0.0132747
0.00719442 0.785218 0.205551 0.00193655 9.9991E-05
0.0122094 0.405603 0.496102 0.0170705 0.0690153
0.0744065 0.455185 0.281181 0.0642715 0.124956
9.9991E-05 0.348104 0.577861 0.00530916 0.0686253
0.0274219 0.294508 0.609823 0.0200306 0.0482168
0.0156599 0.953519 9.9991E-05 0.0120745 0.0186463
9.9973E-05 0.905428 0.0942716 9.9973E-05 9.9973E-05
0.00605706 0.425678 0.568065 9.9982E-05 9.9982E-05
9.9982E-05 0.329423 0.663765 9.9982E-05 0.0066115
9.9973E-05 0.443375 0.556325 9.9973E-05 9.9973E-05
0.0672618 0.423212 0.291334 0.0885638 0.129628
9.9973E-05 0.735214 0.264486 9.9973E-05 9.9973E-05
0.0224839 0.631833 0.282327 0.0357511 0.0276055
9.9982E-05 0.338834 0.647243 9.9982E-05 0.0137229
0.466862 0.354512 9.9991E-05 0.0844559 0.0940699
9.9973E-05 0.992658 9.9973E-05 0.00704257 9.9973E-05
0.0290405 0.285797 0.570318 0.0480501 0.0667941
9.999E-05 0.959325 0.0152134 0.00115534 0.0242062
9.9973E-05 0.387173 0.612527 9.9973E-05 9.9973E-05
9.9973E-05 0.501938 0.497762 9.9973E-05 9.9973E-05
0.007053 9.9982E-05 0.0988205 9.9982E-05 0.893927
0.0436897 0.414014 0.426813 0.0360532 0.0794302
9.9973E-05 0.518412 0.481288 9.9973E-05 9.9973E-05
0.0121477 0.379552 0.580969 0.0269721 0.000359074
0.00191314 0.984743 0.00845476 9.9991E-05 0.00478873
9.9973E-05 0.904621 0.0950791 9.9973E-05 9.9973E-05
9.997E-05 0.9996 9.997E-05 9.997E-05 9.997E-05
0.0182526 0.419671 0.344948 0.0786498 0.138478
9.9973E-05 0.990258 9.9973E-05 0.00944164 9.9973E-05
9.997E-05 0.9996 9.997E-05 9.997E-05 9.997E-05
0.0398068 0.413354 0.356124 0.0746607 0.116055
9.9973E-05 0.993166 9.9973E-05 9.9973E-05 0.00653458
0.0227383 0.386448 0.543889 0.0468251 9.9991E-05
9.9973E-05 0.76036 0.23934 9.9973E-05 9.9973E-05
9.9991E-05 0.244025 0.67594 0.0329959 0.0469394
0.0494208 0.196667 0.626702 0.0395603 0.0876495
9.9982E-05 0.411858 0.556592 9.9982E-05 0.03135
0.0569643 0.359346 0.396974 0.0717228 0.114993
9.9982E-05 0.974354 9.9982E-05 0.0107759 0.0146704
9.9973E-05 0.914409 0.0852914 9.9973E-05 9.9973E-05
9.9982E-05 0.889524 0.107049 0.00322673 9.9982E-05
0.0360816 0.847925 0.115793 9.9982E-05 9.9982E-05
0.9996 9.997E-05 9.997E-05 9.997E-05 9.997E-05
9.9973E-05 0.945493 0.0542069 9.9973E-05 9.9973E-05
9.9973E-05 0.978205 0.0214949 9.9973E-05 9.9973E-05
0.9996 9.997E-05 9.997E-05 9.997E-05 9.997E-05
9.9973E-05 0.788967 0.210733 9.9973E-05 9.9973E-05
9.9973E-05 0.586477 0.413223 9.9973E-05 9.9973E-05
9.9973E-05 0.854435 0.145265 9.9973E-05 9.9973E-05
9.9973E-05 0.707533 0.292167 9.9973E-05 9.9973E-05
0.0794397 0.709248 0.0195174 0.0671304 0.124664
9.9982E-05 0.499775 0.427061 9.9982E-05 0.0729638
0.000920074 0.864794 9.9991E-05 0.0475092 0.0866765
0.000294656 0.996019 0.00348618 9.9982E-05 9.9982E-05
0.00383101 0.992846 9.9982E-05 0.00312265 9.9982E-05
0.00405972 0.856811 0.138083 9.9991E-05 0.000946743
9.9973E-05 0.888892 0.110808 9.9973E-05 9.9973E-05
9.997E-05 0.9996 9.997E-05 9.997E-05 9.997E-05
9.9991E-05 0.00615708 0.075602 0.0230034 0.895138
9.9982E-05 0.97771 9.9982E-05 0.0141492 0.00794073
0.0132451 0.481207 0.443201 0.0261872 0.0361605
0.00839893 0.991301 9.9973E-05 9.9973E-05 9.9973E-05
9.9973E-05 0.985706 9.9973E-05 0.0139943 9.9973E-05
9.9973E-05 0.809528 0.190172 9.9973E-05 9.9973E-05
9.9973E-05 0.781198 0.218502 9.9973E-05 9.9973E-05
9.9982E-05 0.333554 0.659361 9.9982E-05 0.00688532
0.9996 9.997E-05 9.997E-05 9.997E-05 9.997E-05
0.00496236 0.441791 0.512328 0.00971917 0.0311999
0.0145891 0.881493 9.9991E-05 0.045676 0.0581417
0.00839256 0.915495 0.0689254 9.9991E-05 0.00708717
9.9973E-05 0.943786 9.9973E-05 9.9973E-05 0.0559136
0.000480461 0.99922 9.9973E-05 9.9973E-05 9.9973E-05
0.0393452 0.951367 9.9982E-05 0.00908796 9.9982E-05
9.9973E-05 0.998674 9.9973E-05 0.00102621 9.9973E-05
9.9991E-05 0.377962 0.582488 0.00494857 0.034501
9.9973E-05 0.989893 0.00980712 9.9973E-05 9.9973E-05
0.025196 0.0742736 0.0979423 0.0239269 0.778661
9.9982E-05 0.737137 0.258501 9.9982E-05 0.00416207
0.0067615 0.988349 0.00468935 9.9982E-05 9.9982E-05
0.426617 0.234632 0.087188 0.1163 0.135263
0.0855693 0.699385 0.0086879 0.0713146 0.135043
0.0295313 0.566611 0.377846 0.0124092 0.0136027
0.00340887 0.900362 0.0912033 0.00492586 9.9991E-05
9.9982E-05 0.972608 9.9982E-05 0.004772 0.0224198
9.997E-05 9.997E-05 9.997E-05 0.9996 9.997E-05
9.9973E-05 0.732889 0.266811 9.9973E-05 9.9973E-05
9.9973E-05 0.756307 0.243393 9.9973E-05 9.9973E-05
9.9973E-05 0.409435 0.590265 9.9973E-05 9.9973E-05
9.9973E-05 0.380208 0.619492 9.9973E-05 9.9973E-05
9.9973E-05 0.316518 0.683182 9.9973E-05 9.9973E-05
9.9973E-05 0.980752 9.9973E-05 9.9973E-05 0.0189479
9.9973E-05 0.756902 0.242798 9.9973E-05 9.9973E-05
9.9982E-05 0.965832 0.0324615 0.00150619 9.9982E-05
9.9973E-05 0.578233 0.421467 9.9973E-05 9.9973E-05
0.0650568 0.375762 0.365318 0.0757825 0.118081
0.00466342 0.980775 9.9991E-05 0.000992832 0.0134686
9.9982E-05 0.404639 0.513659 9.9982E-05 0.0815022
0.0250402 0.492494 0.482266 9.9982E-05 9.9982E-05
0.0223573 9.9982E-05 0.0951049 9.9982E-05 0.882338
9.9973E-05 0.754548 0.245153 9.9973E-05 9.9973E-05
0.00310134 0.981779 0.0149198 9.9982E-05 9.9982E-05
9.9973E-05 0.998737 9.9973E-05 0.000962852 9.9973E-05
0.0177041 0.273305 0.708791 9.9982E-05 9.9982E-05
0.9996 9.997E-05 9.997E-05 9.997E-05 9.997E-05
9.9973E-05 0.253329 0.746372 9.9973E-05 9.9973E-05
9.9982E-05 0.862203 0.104838 9.9982E-05 0.0327588
9.9982E-05 0.954312 9.9982E-05 0.00859986 0.036888
9.9973E-05 0.336237 0.663463 9.9973E-05 9.9973E-05
0.9996 9.997E-05 9.997E-05 9.997E-05 9.997E-05
0.053705 0.103909 0.0535913 0.0407565 0.748038
9.9973E-05 0.781498 0.218202 9.9973E-05 9.9973E-05
9.9973E-05 0.902317 0.0973827 9.9973E-05 9.9973E-05
9.9973E-05 0.410919 0.588781 9.9973E-05 9.9973E-05
0.00175562 0.968308 9.9991E-05 0.00025375 0.0295827
0.101271 0.273221 0.547168 0.0187956 0.0595437
0.546714 0.113322 0.0641703 0.112601 0.163193
9.9982E-05 0.933983 0.0299483 9.9982E-05 0.0358683
9.9973E-05 0.718404 0.281296 9.9973E-05 9.9973E-05
9.997E-05 9.997E-05 9.997E-05 9.997E-05 0.9996
0.00223878 0.926892 0.0706695 9.9982E-05 9.9982E-05
9.9973E-05 0.64045 0.35925 9.9973E-05 9.9973E-05
9.9973E-05 0.948472 0.0512285 9.9973E-05 9.9973E-05
9.9982E-05 0.409851 0.576326 0.0136229 9.9982E-05
0.00878061 0.417703 0.567573 0.00584354 9.9991E-05
0.0243332 0.388845 0.554546 9.9991E-05 0.0321763
0.0314198 0.316731 0.512015 0.0834224 0.0564123
9.9982E-05 0.76207 0.230812 9.9982E-05 0.00691844
0.00728165 0.971508 0.0154585 9.9991E-05 0.00565192
0.0181022 0.819284 0.162414 9.9982E-05 9.9982E-05
0.889214 0.0288796 0.0041972 0.0679657 0.00974325
9.9973E-05 0.950235 9.9973E-05 9.9973E-05 0.0494653
0.96762 9.9991E-05 0.00483332 0.00701137 0.0204352
9.9973E-05 0.822131 0.177569 9.9973E-05 9.9973E-05
9.99729E-05 0.0300209 9.99729E-05 9.99729E-05 0.969679
9.9973E-05 0.256359 0.743341 9.9973E-05 9.9973E-05
9.9991E-05 0.309546 0.649593 0.0306127 0.010148
9.9991E-05 0.284986 0.65316 0.0314417 0.0303118
9.9973E-05 0.711644 0.288057 9.9973E-05 9.9973E-05
0.0390658 0.411872 0.506257 0.0127177 0.0300878
0.00538874 0.987962 9.9982E-05 9.9982E-05 0.00644954
9.9973E-05 0.620258 0.379442 9.9973E-05 9.9973E-05
0.0605118 0.563443 0.134165 0.0900549 0.151825
0.0235678 0.808516 0.153027 0.0105641 0.00432533
0.00116035 0.943759 0.0349427 0.0168964 0.00324128
9.99729E-05 0.0206918 9.99729E-05 9.99729E-05 0.979008
0.0641785 0.361855 0.348827 0.0580154 0.167123
9.997E-05 9.997E-05 9.997E-05 9.997E-05 0.9996
9.9973E-05 0.8155 0.1842 9.9973E-05 9.9973E-05
0.0436013 0.463725 0.250675 0.0721322 0.169867
0.0561567 0.475757 0.224601 0.0846806 0.158805
0.0129707 0.856808 0.130022 9.9982E-05 9.9982E-05
9.9973E-05 0.996554 9.9973E-05 0.00314638 9.9973E-05
0.995942 9.9973E-05 9.9973E-05 9.9973E-05 0.00375825
0.0433579 0.241816 0.474553 0.0490661 0.191208
9.9973E-05 0.838937 0.160763 9.9973E-05 9.9973E-05
0.0674275 0.311822 9.9991E-05 0.066416 0.554234
0.0168216 0.971783 9.9991E-05 0.00599122 0.00530431
9.997E-05 9.997E-05 9.997E-05 0.9996 9.997E-05
0.0229893 0.908474 0.0575075 0.0109291 9.9991E-05
0.0433175 0.25605 0.00669039 0.649499 0.0444436
0.00749038 0.330962 0.661347 9.9982E-05 9.9982E-05
9.9982E-05 0.969468 9.9982E-05 0.00638684 0.0239457
9.9973E-05 0.996873 9.9973E-05 0.00282738 9.9973E-05
0.0408826 0.295136 0.507574 0.0612371 0.0951711
0.00534317 0.945635 9.9991E-05 0.0120751 0.0368463
9.9973E-05 9.9973E-05 0.0117492 9.9973E-05 0.987951
0.000723273 0.994383 9.9982E-05 9.9982E-05 0.00469418
9.997E-05 9.997E-05 9.997E-05 0.9996 9.997E-05
9.997E-05 0.9996 9.997E-05 9.997E-05 9.997E-05
9.9982E-05 0.37747 0.587825 9.9982E-05 0.034505
0.0117859 0.514126 0.462464 0.0115244 9.9991E-05
0.0429737 0.318171 0.497422 0.0514048 0.0900286
0.0621905 0.470612 0.355732 0.0421032 0.0693624
0.11404 0.372877 0.348178 0.0505026 0.114402
0.00186682 0.997833 9.9973E-05 9.9973E-05 9.9973E-05
9.9982E-05 0.525306 0.449034 9.9982E-05 0.0254605
9.9973E-05 0.979313 0.0203876 9.9973E-05 9.9973E-05
0.0489622 0.41612 0.429692 0.000162136 0.105064
9.9991E-05 0.265274 0.661788 0.0391482 0.0336901
9.9991E-05 0.942081 0.0155631 0.0151977 0.0270582
9.9973E-05 0.661745 0.337955 9.9973E-05 9.9973E-05
0.00256829 0.861012 0.136219 9.9982E-05 9.9982E-05
9.9991E-05 0.977561 0.00500115 0.00658178 0.0107564
0.0530641 0.612123 0.0690683 0.0996835 0.166062
0.0197786 0.533016 0.442345 0.00476074 9.9991E-05
0.00786137 0.573097 0.326034 0.0462021 0.0468056
0.0146361 0.0017047 0.0429295 0.907358 0.0333711
0.00517683 0.942124 9.9991E-05 0.0144075 0.0381921
9.9973E-05 0.994554 9.9973E-05 9.9973E-05 0.00514626
0.00138257 0.935756 0.0470031 0.0149854 0.000873351
9.99729E-05 0.0156115 9.99729E-05 9.99729E-05 0.984089
9.9982E-05 0.825314 0.170246 0.00424007 9.9982E-05
0.0582583 0.356921 0.440856 0.0429802 0.100985
9.9982E-05 0.557393 0.441323 9.9982E-05 0.00108331
0.00176733 0.989563 9.9982E-05 0.00846957 9.9982E-05
9.9991E-05 0.906625 0.0659293 0.00380934 0.0235367
9.997E-05 0.9996 9.997E-05 9.997E-05 9.997E-05
0.0905406 0.339489 0.452199 0.0372797 0.0804919
0.0563809 0.0717538 0.00947904 0.794792 0.0675939
0.0567955 0.268633 0.504054 0.0715778 0.0989404
0.0231195 0.674659 0.302021 9.9982E-05 9.9982E-05
0.0188469 0.00318675 9.9991E-05 0.974637 0.00322933
9.9991E-05 0.731631 0.212212 0.0103538 0.0457031
9.9973E-05 0.476794 0.522906 9.9973E-05 9.9973E-05
0.0131392 0.941904 9.9991E-05 0.0084353 0.0364213
0.00418994 0.991646 9.9982E-05 0.00396384 9.9982E-05
0.0183301 0.962935 9.9991E-05 0.00547707 0.0131582
0.0176083 0.652616 0.286913 0.010521 0.0323412
9.99729E-05 0.040937 9.99729E-05 9.99729E-05 0.958763
0.00104521 0.998655 9.9973E-05 9.9973E-05 9.9973E-05
9.9991E-05 0.28354 0.686995 0.000593027 0.028772
9.9973E-05 0.620979 0.378721 9.9973E-05 9.9973E-05
9.9982E-05 0.0270077 9.9982E-05 0.00408089 0.968711
0.0327555 0.271369 0.612992 0.0171935 0.0656906
0.0595527 0.472967 0.201984 0.129809 0.135688
0.0142409 0.378115 0.552422 9.9991E-05 0.055122
9.9973E-05 0.074522 9.9973E-05 9.9973E-05 0.925178
9.9973E-05 0.673102 0.326598 9.9973E-05 9.9973E-05
9.997E-05 9.997E-05 9.997E-05 0.9996 9.997E-05
9.9973E-05 0.734689 0.265011 9.9973E-05 9.9973E-05
0.0105789 0.977771 0.0114503 9.9982E-05 9.9982E-05
9.997E-05 9.997E-05 9.997E-05 0.9996 9.997E-05
9.9973E-05 0.956304 0.0433959 9.9973E-05 9.9973E-05
0.905379 0.0433988 0.020036 0.00603944 0.0251466
0.00217431 0.41713 0.580496 9.9982E-05 9.9982E-05
9.9982E-05 0.957984 9.9982E-05 0.00408694 0.0377287
0.0217613 0.331578 0.40726 0.0672402 0.17216
9.9982E-05 0.826675 0.160294 0.0128313 9.9982E-05
0.0229753 0.030535 9.9982E-05 0.94629 9.9982E-05
9.9991E-05 0.493881 0.491871 0.00376377 0.0103838
