9.9982E-05 0.198263 9.9982E-05 0.801537
0.00648987 9.9982E-05 9.9982E-05 0.99331
9.9982E-05 9.9982E-05 0.0175903 0.98221
0.0183098 0.223575 0.00105727 0.757058
0.0238127 0.504678 0.0596986 0.41181
0.119132 0.289188 0.137934 0.453747
0.012257 0.547045 0.0589811 0.381717
0.0501986 0.627225 0.0253659 0.29721
0.0238727 0.00618103 0.00782656 0.96212
9.9982E-05 0.094863 9.9982E-05 0.904937
9.9982E-05 0.552607 9.9982E-05 0.447193
9.999E-05 0.659457 0.0116844 0.328758
9.9982E-05 0.556659 9.9982E-05 0.443141
0.161823 0.283341 0.122532 0.432305
9.9982E-05 0.26209 9.9982E-05 0.73771
0.0493647 0.257446 0.0348448 0.658344
9.9991E-05 0.636534 0.0040353 0.359331
0.46329 9.9991E-05 0.157397 0.379213
0.0172038 9.9982E-05 9.9982E-05 0.982596
0.0747269 0.558269 0.0669815 0.300023
9.9982E-05 0.0110514 9.9982E-05 0.988749
9.9982E-05 0.598 9.9982E-05 0.4018
9.9991E-05 0.478557 0.010886 0.510457
9.9982E-05 0.0895523 0.910248 9.9982E-05
0.0798554 0.427923 0.0795707 0.412651
9.9982E-05 0.48169 9.9982E-05 0.51811
0.0379469 0.567444 0.00676644 0.387843
0.00085564 0.000617891 0.00670093 0.991826
9.9982E-05 0.0877276 9.9982E-05 0.912072
9.998E-05 9.998E-05 9.998E-05 0.9997
0.102418 0.368344 0.129981 0.399256
0.00783003 9.9982E-05 9.9982E-05 0.99197
9.998E-05 9.998E-05 9.998E-05 0.9997
0.118557 0.359961 0.108187 0.413294
9.9982E-05 9.9982E-05 0.0110153 0.988785
0.0534561 0.515772 9.9991E-05 0.430672
9.9982E-05 0.206542 9.9982E-05 0.793258
0.0302377 0.679503 0.0439086 0.24635
0.0815777 0.615628 0.0869333 0.215861
9.9991E-05 0.546421 0.0398483 0.413631
0.128353 0.402026 0.120244 0.349377
0.00777915 9.9991E-05 0.0111376 0.980983
9.9982E-05 0.0927282 9.9982E-05 0.907072
9.9982E-05 0.111076 9.9982E-05 0.888724
0.0250109 0.0977571 0.00827766 0.868954
0.828965 9.9991E-05 0.151098 0.0198375
9.9982E-05 0.068647 9.9982E-05 0.931153
9.9982E-05 0.0343874 9.9982E-05 0.965413
0.831307 9.9991E-05 0.146928 0.021665
9.9982E-05 0.189359 9.9982E-05 0.810441
9.9982E-05 0.410222 9.9982E-05 0.589578
9.9982E-05 0.148294 9.9982E-05 0.851506
9.9982E-05 0.271562 9.9982E-05 0.728238
0.124149 0.0217813 0.112975 0.741095
9.9991E-05 0.423716 0.0769784 0.499206
0.0603355 9.9991E-05 0.0828238 0.856741
9.9982E-05 0.00105427 9.9982E-05 0.998746
0.00729531 9.9982E-05 9.9982E-05 0.992505
9.9982E-05 0.129687 9.9982E-05 0.870113
9.9982E-05 0.109021 9.9982E-05 0.890779
9.998E-05 9.998E-05 9.998E-05 0.9997
0.00835584 0.0897967 0.881206 0.0206413
0.00729749 9.9991E-05 0.0159372 0.976665
0.0188756 0.43857 0.0497691 0.492785
9.998E-05 9.998E-05 9.998E-05 0.9997
0.00376096 9.9982E-05 9.9982E-05 0.996039
9.9982E-05 0.197168 9.9982E-05 0.802632
9.9982E-05 0.2118 9.9982E-05 0.788
9.9991E-05 0.661464 0.0048317 0.333604
0.843327 9.9991E-05 0.138074 0.0184995
0.013448 0.514082 0.0289456 0.443524
0.0496188 9.9991E-05 0.0622151 0.888066
0.00653923 0.0606969 0.022459 0.910305
9.9982E-05 9.9982E-05 0.053345 0.946455
9.998E-05 9.998E-05 9.998E-05 0.9997
0.0445953 9.9982E-05 9.9982E-05 0.955205
0.000963562 9.9982E-05 9.9982E-05 0.998836
9.9991E-05 0.578409 0.0252831 0.396208
9.9982E-05 0.00295924 9.9982E-05 0.996841
0.0304304 0.116579 0.77383 0.079161
9.9982E-05 0.265886 9.9982E-05 0.733914
9.9982E-05 0.0124098 9.9982E-05 0.98739
0.471245 0.0744826 0.19812 0.256152
0.152376 0.0165268 0.132275 0.698822
0.0407615 0.366498 0.0127051 0.580036
0.0173342 0.0653585 9.9991E-05 0.917207
9.9982E-05 9.9982E-05 0.0296523 0.970148
0.9997 9.998E-05 9.998E-05 9.998E-05
9.9982E-05 0.280932 9.9982E-05 0.718868
9.9982E-05 0.233958 9.9982E-05 0.765842
9.9982E-05 0.591334 9.9982E-05 0.408466
9.9982E-05 0.624929 9.9982E-05 0.374871
9.9982E-05 0.674735 9.9982E-05 0.325065
9.9982E-05 9.9982E-05 0.0126852 0.987115
9.9982E-05 0.237854 9.9982E-05 0.761946
9.9982E-05 0.031149 9.9982E-05 0.968651
9.9982E-05 0.393022 9.9982E-05 0.606778
0.135463 0.344184 0.120354 0.399999
0.00175853 9.9991E-05 0.00960268 0.988539
9.9991E-05 0.511564 0.0591921 0.429144
0.0167921 0.474828 9.9991E-05 0.50828
0.00879251 0.0964389 0.894669 9.9991E-05
9.9982E-05 0.238235 9.9982E-05 0.761565
9.9982E-05 0.00326129 9.9982E-05 0.996539
9.998E-05 9.998E-05 9.998E-05 0.9997
0.00574498 0.720606 9.9991E-05 0.273549
0.822468 9.9991E-05 0.112929 0.0645034
9.9982E-05 0.730488 9.9982E-05 0.269312
9.9991E-05 0.0962805 0.0346971 0.868922
0.0115482 9.9991E-05 0.0326446 0.955707
9.9982E-05 0.643574 9.9982E-05 0.356226
0.834603 9.9991E-05 0.136199 0.0290978
0.0759113 0.0824689 0.748595 0.0930246
9.9982E-05 0.208056 9.9982E-05 0.791744
9.9982E-05 0.0999221 9.9982E-05 0.899878
9.9982E-05 0.581517 9.9982E-05 0.418283
9.9982E-05 9.9982E-05 0.027201 0.972599
0.0907847 0.57703 0.0473032 0.284882
0.552511 0.053312 0.272238 0.121939
0.00166258 0.0269689 0.0340335 0.937335
9.9982E-05 0.298996 9.9982E-05 0.700804
9.998E-05 9.998E-05 0.9997 9.998E-05
9.9982E-05 0.0590834 9.9982E-05 0.940717
9.9982E-05 0.351403 9.9982E-05 0.648397
9.9982E-05 0.0460295 9.9982E-05 0.953771
0.00482422 0.577931 9.9991E-05 0.417144
0.0170122 0.559608 9.9991E-05 0.423279
0.0243611 0.552451 0.0313933 0.391795
0.109425 0.511335 0.0373414 0.341898
9.9982E-05 0.232937 9.9982E-05 0.766863
9.9991E-05 0.0206112 0.00170335 0.977585
0.0051834 0.160352 0.0171635 0.817301
0.787787 9.9991E-05 0.134149 0.0779631
9.9982E-05 9.9982E-05 0.0476422 0.952158
0.815867 9.9991E-05 0.164249 0.0197838
9.9982E-05 0.174367 9.9982E-05 0.825433
9.99819E-05 9.99819E-05 0.965283 0.0345175
9.9982E-05 0.723053 9.9982E-05 0.276747
0.0192983 0.664665 0.00234514 0.313691
0.0150262 0.641873 0.0154277 0.327673
9.9982E-05 0.278783 9.9982E-05 0.721017
0.0541831 0.495497 0.0242794 0.426041
9.9982E-05 9.9982E-05 0.0102022 0.989598
9.9982E-05 0.395274 9.9982E-05 0.604526
0.153123 0.124526 0.147808 0.574543
0.0236546 0.133089 0.00418529 0.839071
0.0186324 0.0572596 0.00737568 0.916732
9.9982E-05 9.9982E-05 0.995704 0.00409588
0.113523 0.37713 0.15971 0.349637
9.9982E-05 0.0167923 0.983008 9.9982E-05
9.9982E-05 0.184088 9.9982E-05 0.815712
0.11193 0.274868 0.149235 0.463967
0.133837 0.244154 0.135494 0.486515
0.0081854 0.145203 9.9991E-05 0.846512
9.998E-05 9.998E-05 9.998E-05 0.9997
0.822941 9.9982E-05 0.176859 9.9982E-05
0.0888623 0.449071 0.171303 0.290764
9.9982E-05 0.166085 9.9982E-05 0.833715
0.121308 0.00904895 0.536804 0.33284
0.0119629 9.9991E-05 0.00893657 0.979001
0.9997 9.998E-05 9.998E-05 9.998E-05
0.0221202 0.0407106 9.9991E-05 0.937069
0.721827 0.0156233 0.00971705 0.252833
0.00566831 0.667325 9.9991E-05 0.326906
0.00220967 9.9991E-05 0.00872447 0.988966
0.00348025 9.9982E-05 9.9982E-05 0.99632
0.101254 0.49354 0.104655 0.30055
0.0234402 9.9991E-05 0.0264777 0.949982
9.9982E-05 0.0221324 0.977668 9.9982E-05
9.9982E-05 9.9982E-05 0.00271349 0.997087
0.9997 9.998E-05 9.998E-05 9.998E-05
9.998E-05 9.998E-05 9.998E-05 0.9997
9.9991E-05 0.585566 0.0265529 0.387781
0.0102542 0.474563 9.9991E-05 0.515083
0.0876625 0.481551 0.103548 0.327238
0.0986359 0.338462 0.0787957 0.484107
0.146317 0.332167 0.120398 0.401118
9.998E-05 9.998E-05 9.998E-05 0.9997
9.9991E-05 0.447182 0.024153 0.528565
0.00223433 0.0229715 9.9991E-05 0.974694
0.0382517 0.436071 0.0823257 0.443351
0.0422233 0.65932 0.0182949 0.280161
0.0163536 0.019128 0.0203405 0.944178
9.9982E-05 0.322286 9.9982E-05 0.677515
9.9982E-05 0.150891 9.9982E-05 0.848909
9.9991E-05 0.000922356 0.00957081 0.989407
0.130602 0.0843616 0.162821 0.622215
0.0173346 0.440399 0.00799257 0.534274
0.0528562 0.320532 0.0434868 0.583125
0.938486 0.0581039 9.9991E-05 0.00330985
0.01416 9.9991E-05 0.033999 0.951741
9.998E-05 9.998E-05 9.998E-05 0.9997
0.00559969 0.0656538 9.9991E-05 0.928647
9.9982E-05 9.9982E-05 0.978214 0.0215857
9.9991E-05 0.155794 0.00157253 0.842534
0.093176 0.419465 0.108189 0.37917
9.9982E-05 0.429466 9.9982E-05 0.570334
0.00133588 9.9982E-05 9.9982E-05 0.998464
9.9991E-05 0.0642786 0.0297885 0.905833
9.998E-05 9.998E-05 9.998E-05 0.9997
0.115461 0.448174 0.0739585 0.362407
0.869386 0.0413654 0.021858 0.0673908
0.125961 0.502526 0.0867477 0.284765
9.9982E-05 0.301497 9.9982E-05 0.698303
0.9997 9.998E-05 9.998E-05 9.998E-05
0.00743734 0.219809 0.0363474 0.736407
9.9982E-05 0.51371 9.9982E-05 0.48609
0.021959 9.99946E-05 0.041419 0.936522
9.998E-05 9.998E-05 9.998E-05 0.9997
0.0221703 9.9991E-05 0.0195691 0.958161
0.0239087 0.283374 0.0377322 0.654985
9.99819E-05 9.99819E-05 0.965524 0.0342763
9.998E-05 9.998E-05 9.998E-05 0.9997
9.9991E-05 0.671695 0.0179032 0.310302
9.9982E-05 0.37871 9.9982E-05 0.62109
9.9982E-05 9.9982E-05 0.982537 0.0172631
0.0423461 0.609219 0.0691049 0.27933
0.188868 0.226509 0.120924 0.463699
0.00937856 0.540278 0.0566238 0.393719
9.9982E-05 9.9982E-05 0.925146 0.0746537
9.9982E-05 0.335795 9.9982E-05 0.664005
0.9997 9.998E-05 9.998E-05 9.998E-05
9.9982E-05 0.274511 9.9982E-05 0.725289
0.0117978 9.9982E-05 9.9982E-05 0.988002
0.9997 9.998E-05 9.998E-05 9.998E-05
9.9982E-05 0.0490423 9.9982E-05 0.950758
0.762708 9.9991E-05 0.158045 0.0791466
9.9982E-05 0.567099 9.9982E-05 0.432701
9.9982E-05 9.9982E-05 0.0228441 0.976956
0.0950685 0.418659 0.162835 0.323437
0.0148531 0.17415 9.9991E-05 0.810896
0.987813 9.9982E-05 9.9982E-05 0.0119874
0.00959277 0.513067 0.00038309 0.476957
