0.0119533 9.9973E-05 9.9973E-05 0.765556 9.9973E-05 0.22219
9.9964E-05 9.9964E-05 0.045739 0.953861 9.9964E-05 9.9964E-05
9.9964E-05 9.9964E-05 9.9964E-05 0.984082 0.0155178 9.9964E-05
0.0173966 0.0101154 0.0124371 0.733295 0.00266328 0.224092
0.00966998 9.9991E-05 0.299283 0.238971 0.0449381 0.407038
0.0184687 9.9991E-05 0.686198 0.226503 0.0134186 0.0553118
9.9973E-05 9.9973E-05 0.457686 0.139529 9.9973E-05 0.402485
0.0096415 9.9982E-05 0.323572 0.113556 9.9982E-05 0.553031
0.0164287 0.0143504 0.00692489 0.953034 0.0091621 9.9991E-05
9.9964E-05 9.9964E-05 9.9964E-05 0.860997 9.9964E-05 0.138603
0.0203615 9.9991E-05 0.0318253 0.361655 0.00443124 0.581627
0.00892089 9.9991E-05 0.0938041 0.221364 0.00795803 0.667853
9.9973E-05 9.9973E-05 0.0412571 0.384547 9.9973E-05 0.573896
9.9973E-05 9.9973E-05 0.845003 0.146835 9.9973E-05 0.00786222
9.9964E-05 9.9964E-05 9.9964E-05 0.666221 9.9964E-05 0.33338
9.9982E-05 0.00493731 0.292043 0.526189 9.9982E-05 0.176631
9.9973E-05 9.9973E-05 0.226876 0.198263 9.9973E-05 0.574561
0.437042 0.0349239 0.338032 0.188493 0.00140912 9.9991E-05
9.9973E-05 0.0073272 0.0324586 0.959914 9.9973E-05 9.9973E-05
0.00252522 0.0198724 0.415417 0.132956 0.0123888 0.416841
9.999E-05 0.00285819 0.00480046 0.954556 0.00423001 0.0334552
9.9982E-05 0.00067775 9.9982E-05 0.340506 0.0275651 0.631051
9.9982E-05 9.9982E-05 0.0184644 0.422668 0.0247415 0.533926
0.0225829 9.9982E-05 0.0141599 9.9982E-05 0.905251 0.0578061
9.9982E-05 0.00539595 9.9982E-05 0.448199 0.0194143 0.52679
9.9982E-05 0.000150485 0.265215 0.252098 9.9982E-05 0.482336
0.0126252 9.9973E-05 9.9973E-05 0.942324 9.9973E-05 0.0447511
9.9964E-05 9.9964E-05 9.9964E-05 0.85682 9.9964E-05 0.14278
9.9964E-05 9.9964E-05 9.9964E-05 0.999071 9.9964E-05 0.000529473
9.9982E-05 9.9982E-05 0.668276 0.198457 0.00442685 0.128641
9.9964E-05 9.9964E-05 0.0682482 0.931352 9.9964E-05 9.9964E-05
9.9964E-05 9.9964E-05 0.0312259 0.968374 9.9964E-05 9.9964E-05
9.9973E-05 9.9973E-05 0.718247 0.144329 9.9973E-05 0.137125
9.9973E-05 9.9973E-05 0.0196209 0.972643 0.00743589 9.9973E-05
9.9982E-05 0.00547827 0.363053 0.233614 9.9982E-05 0.397656
9.9964E-05 9.9964E-05 9.9964E-05 0.725437 9.9964E-05 0.274163
9.9991E-05 0.0280485 0.282077 0.0878274 0.0147607 0.587186
0.00530825 9.9982E-05 0.589343 9.9982E-05 0.00667823 0.398471
9.9982E-05 9.9982E-05 0.0553861 0.320486 0.0570679 0.56686
0.0144142 0.00561045 0.670184 0.127493 0.0068336 0.175465
9.9982E-05 0.00665272 0.0285574 0.950282 0.014308 9.9982E-05
9.9964E-05 9.9964E-05 9.9964E-05 0.864088 9.9964E-05 0.135512
9.9973E-05 0.00209856 9.9973E-05 0.858395 9.9973E-05 0.139207
0.0299069 9.9982E-05 0.0460899 0.79716 9.9982E-05 0.126643
0.9995 9.996E-05 9.996E-05 9.996E-05 9.996E-05 9.996E-05
9.9973E-05 9.9973E-05 0.0495794 0.906508 9.9973E-05 0.0436123
9.9964E-05 9.9964E-05 9.9964E-05 0.944888 9.9964E-05 0.0547125
0.9995 9.996E-05 9.996E-05 9.996E-05 9.996E-05 9.996E-05
9.9964E-05 9.9964E-05 9.9964E-05 0.746507 9.9964E-05 0.253093
9.9982E-05 0.00953333 0.00501183 0.555555 9.9982E-05 0.4297
9.9964E-05 9.9964E-05 9.9964E-05 0.798425 9.9964E-05 0.201175
9.9973E-05 9.9973E-05 9.9973E-05 0.661894 0.00579132 0.332015
0.0420864 0.0134825 0.39797 0.529204 0.0171571 9.9991E-05
9.9982E-05 9.9982E-05 0.140672 0.399219 0.0532014 0.406707
9.9982E-05 0.0204278 0.172223 0.762618 0.0445312 9.9982E-05
0.00759661 9.9973E-05 9.9973E-05 0.969449 9.9973E-05 0.0226549
0.00486089 9.9973E-05 0.0138883 0.980951 9.9973E-05 9.9973E-05
0.0034696 9.9991E-05 0.00325947 0.817563 0.0088915 0.166716
9.9964E-05 9.9964E-05 9.9964E-05 0.833244 9.9964E-05 0.166356
9.9964E-05 9.9964E-05 9.9964E-05 0.992311 9.9964E-05 0.00728919
9.9982E-05 0.00807386 0.148007 9.9982E-05 0.840182 0.00353688
9.9982E-05 0.0114485 0.013413 0.96824 0.00669892 9.9982E-05
9.9991E-05 0.0330117 0.108757 0.414269 0.0282129 0.41565
0.0133375 9.9973E-05 9.9973E-05 0.986043 9.9973E-05 0.000319388
9.9973E-05 0.00541277 0.0140638 0.980223 9.9973E-05 9.9973E-05
0.000858464 9.9973E-05 9.9973E-05 0.759136 9.9973E-05 0.239705
9.9964E-05 9.9964E-05 9.9964E-05 0.75782 9.9964E-05 0.24178
9.9982E-05 9.9982E-05 0.124181 0.229707 0.0148962 0.631015
0.9995 9.996E-05 9.996E-05 9.996E-05 9.996E-05 9.996E-05
9.9982E-05 9.9982E-05 0.18607 0.325423 0.0315157 0.456792
0.00757952 0.0188989 0.116207 0.831428 0.0257868 9.9991E-05
0.00929817 0.00482468 9.9991E-05 0.864266 0.0155633 0.105948
9.9973E-05 9.9973E-05 0.0600929 0.905146 0.0344613 9.9973E-05
9.9973E-05 0.00583399 0.0212479 0.972618 9.9973E-05 9.9973E-05
0.0170091 0.00226709 0.0871215 0.893402 9.9982E-05 9.9982E-05
9.99725E-05 0.0102417 9.99725E-05 0.989358 9.99725E-05 9.99725E-05
9.9973E-05 9.9973E-05 0.273668 0.229738 9.9973E-05 0.496295
9.9973E-05 9.9973E-05 0.00235014 0.984836 9.9973E-05 0.0125138
0.0148249 9.9982E-05 0.280655 9.9982E-05 0.68271 0.0216097
9.9973E-05 9.9973E-05 9.9973E-05 0.692436 0.00711697 0.300147
0.00220531 9.9973E-05 9.9973E-05 0.968265 9.9973E-05 0.0292295
0.385789 0.0772753 0.401326 0.0847874 0.050722 9.9991E-05
0.0536613 0.00886458 0.478413 0.450378 0.00858288 9.9991E-05
0.00794845 9.9982E-05 0.255682 0.44437 9.9982E-05 0.291799
0.00995479 0.00786356 0.0160372 0.869179 9.9991E-05 0.0968657
9.9973E-05 9.9973E-05 0.056476 0.937074 0.00615022 9.9973E-05
9.996E-05 0.9995 9.996E-05 9.996E-05 9.996E-05 9.996E-05
0.000469542 9.9973E-05 9.9973E-05 0.673917 9.9973E-05 0.325314
9.9964E-05 9.9964E-05 9.9964E-05 0.688852 9.9964E-05 0.310748
9.9973E-05 9.9973E-05 0.0818678 0.328574 9.9973E-05 0.589259
9.9991E-05 0.0055307 0.0217245 0.301421 0.0160526 0.655172
9.9973E-05 9.9973E-05 0.0126354 0.275649 9.9973E-05 0.711416
9.9973E-05 9.9973E-05 0.0246033 0.968807 0.00629012 9.9973E-05
9.9964E-05 9.9964E-05 9.9964E-05 0.693253 9.9964E-05 0.306347
9.9973E-05 0.0042979 9.9973E-05 0.930451 9.9973E-05 0.064951
9.9973E-05 9.9973E-05 9.9973E-05 0.557177 0.0138526 0.42867
0.0167968 9.9982E-05 0.770001 0.129501 9.9982E-05 0.0835009
9.9964E-05 9.9964E-05 0.0491484 0.950452 9.9964E-05 9.9964E-05
9.9982E-05 9.9982E-05 0.139008 0.339291 0.0564922 0.465009
0.0227034 0.00290686 0.0701794 0.4311 9.9991E-05 0.47301
0.0059225 9.9982E-05 0.0968138 9.9982E-05 0.867002 0.030062
0.00684311 9.9973E-05 9.9973E-05 0.97552 9.9973E-05 0.0173365
9.996E-05 9.996E-05 9.996E-05 0.9995 9.996E-05 9.996E-05
0.0344971 9.9982E-05 0.086935 0.165276 9.9982E-05 0.713092
0.9995 9.996E-05 9.996E-05 9.996E-05 9.996E-05 9.996E-05
0.00431955 0.0163597 0.0554474 0.16937 9.9991E-05 0.754403
9.9973E-05 9.9973E-05 9.9973E-05 0.851381 0.0326414 0.115678
9.9982E-05 0.00242878 0.0531531 0.928687 0.0155307 9.9982E-05
9.9973E-05 9.9973E-05 9.9973E-05 0.281383 0.00212398 0.716193
0.9995 9.996E-05 9.996E-05 9.996E-05 9.996E-05 9.996E-05
0.0279791 9.9973E-05 0.333818 9.9973E-05 0.637903 9.9973E-05
0.000811723 9.9973E-05 9.9973E-05 0.774405 9.9973E-05 0.224483
9.9964E-05 9.9964E-05 9.9964E-05 0.848329 9.9964E-05 0.151271
9.9973E-05 9.9973E-05 9.9973E-05 0.376506 0.000421543 0.622772
9.9973E-05 9.9973E-05 0.0229697 0.957138 0.0195921 9.9973E-05
0.0367711 9.9982E-05 0.53811 0.0369169 9.9982E-05 0.388002
0.51636 0.103879 0.160696 0.0576151 0.145975 0.0154751
9.9982E-05 0.00570116 9.9982E-05 0.918273 0.0342897 0.0415357
9.9964E-05 9.9964E-05 9.9964E-05 0.659555 9.9964E-05 0.340045
9.996E-05 9.996E-05 9.996E-05 9.996E-05 0.9995 9.996E-05
9.9964E-05 9.9964E-05 9.9964E-05 0.90765 9.9964E-05 0.0919503
9.9964E-05 9.9964E-05 9.9964E-05 0.567661 9.9964E-05 0.431939
9.9964E-05 9.9964E-05 9.9964E-05 0.892714 9.9964E-05 0.106886
9.9982E-05 0.0101603 0.169424 0.300804 9.9982E-05 0.519411
0.0141687 9.9982E-05 0.132316 0.308077 9.9982E-05 0.545238
9.9982E-05 9.9982E-05 0.306728 0.247168 0.00479185 0.441112
9.9982E-05 0.015163 0.600153 0.0857844 9.9982E-05 0.298699
9.9973E-05 9.9973E-05 9.9973E-05 0.705595 0.00990849 0.284197
9.9973E-05 9.9973E-05 9.9973E-05 0.940843 0.0137886 0.045069
0.0219224 9.9982E-05 9.9982E-05 0.75234 0.0270883 0.198449
0.852172 0.0665729 0.0569497 0.00965282 0.0145528 9.9991E-05
9.9973E-05 9.9973E-05 0.0786438 0.893623 0.0274334 9.9973E-05
0.965303 0.0107637 0.00328991 9.9991E-05 0.00706157 0.0134817
9.9973E-05 9.9973E-05 9.9973E-05 0.773995 0.00717663 0.218528
9.99639E-05 9.99639E-05 9.99639E-05 0.0504784 0.949122 9.99639E-05
9.9982E-05 9.9982E-05 0.040075 0.200018 0.00763531 0.752072
9.9982E-05 0.0119866 0.303908 0.124754 9.9982E-05 0.559152
9.9991E-05 0.0428744 0.128539 0.176897 0.0286068 0.622983
9.9973E-05 9.9973E-05 9.9973E-05 0.660172 0.00451411 0.335014
0.0244974 9.9982E-05 0.2869 0.269612 9.9982E-05 0.418791
9.9964E-05 9.9964E-05 0.0102486 0.989352 9.9964E-05 9.9964E-05
0.00382806 9.9982E-05 9.9982E-05 0.547768 0.0109938 0.43721
0.00279549 0.0205022 0.648542 0.314876 0.0131848 9.9991E-05
0.00663071 9.9982E-05 0.10876 0.783624 9.9982E-05 0.100785
9.9982E-05 0.0132201 0.0236439 0.89535 9.9982E-05 0.0675863
9.99669E-05 9.99669E-05 9.99669E-05 0.0469201 0.95268 9.99669E-05
9.9982E-05 9.9982E-05 0.707219 0.109607 0.0514858 0.131488
9.9964E-05 9.9964E-05 9.9964E-05 9.9964E-05 0.980108 0.0194926
0.0035724 9.9982E-05 9.9982E-05 0.751433 0.00277587 0.242019
9.9991E-05 0.00701402 0.610889 0.263601 0.0509634 0.0674324
9.9982E-05 9.9982E-05 0.713391 0.245692 0.0356401 0.00507705
0.0238622 9.9973E-05 9.9973E-05 0.814374 9.9973E-05 0.161464
9.996E-05 9.996E-05 9.996E-05 0.9995 9.996E-05 9.996E-05
0.987423 9.9964E-05 9.9964E-05 9.9964E-05 0.0121772 9.9964E-05
9.9973E-05 9.9973E-05 0.790067 9.9973E-05 0.0360514 0.173581
0.000736945 9.9973E-05 9.9973E-05 0.805186 9.9973E-05 0.193777
0.046992 0.0333815 0.3609 0.130128 0.428499 9.9991E-05
0.00329641 0.000923853 0.048527 0.947053 9.9982E-05 9.9982E-05
9.996E-05 0.9995 9.996E-05 9.996E-05 9.996E-05 9.996E-05
0.0141477 0.00277584 0.0463696 0.901668 9.9991E-05 0.0349385
0.0254783 0.617296 0.240895 0.116131 9.9982E-05 9.9982E-05
0.0175816 0.0154114 0.0313633 0.233951 0.0191319 0.682561
9.9973E-05 0.00164625 0.0615624 0.936491 9.9973E-05 9.9973E-05
9.9973E-05 0.0153548 0.00175005 0.982595 9.9973E-05 9.9973E-05
9.9973E-05 9.9973E-05 0.672066 0.0451249 9.9973E-05 0.282509
9.9973E-05 0.00239586 0.106681 0.890623 9.9973E-05 9.9973E-05
9.9964E-05 9.9964E-05 9.9964E-05 9.9964E-05 0.977044 0.0225566
9.9964E-05 9.9964E-05 0.0141545 0.985446 9.9964E-05 9.9964E-05
9.996E-05 0.9995 9.996E-05 9.996E-05 9.996E-05 9.996E-05
9.996E-05 9.996E-05 9.996E-05 0.9995 9.996E-05 9.996E-05
9.9982E-05 9.9982E-05 0.134852 0.284283 0.0269234 0.553742
0.0151653 0.0169579 0.0672621 0.436404 0.00491352 0.459297
9.9973E-05 9.9973E-05 0.661659 0.0625573 9.9973E-05 0.275484
0.0300465 0.00843725 0.40777 0.330927 0.00307571 0.219743
0.0522968 9.9991E-05 0.663577 0.151122 0.00271254 0.130192
9.996E-05 9.996E-05 9.996E-05 0.9995 9.996E-05 9.996E-05
9.9973E-05 9.9973E-05 9.9973E-05 0.451695 0.0675513 0.480453
9.9973E-05 0.00331283 9.9973E-05 0.965094 9.9973E-05 0.0312937
0.0270562 9.9991E-05 0.24005 0.317128 0.0513027 0.364363
9.9991E-05 0.00223535 0.373383 0.0942402 0.00218356 0.527858
9.9991E-05 0.00521393 0.0496609 0.905136 0.0162174 0.0236719
0.00723249 9.9973E-05 9.9973E-05 0.611772 9.9973E-05 0.380696
0.003603 9.9982E-05 9.9982E-05 0.809283 0.0135509 0.173363
9.9973E-05 9.9973E-05 0.0725776 0.923795 0.00332704 9.9973E-05
0.0148951 0.0242506 0.546603 0.358402 0.0557497 9.9991E-05
0.0153984 9.9982E-05 0.150911 0.415258 9.9982E-05 0.418233
9.9991E-05 0.0219994 0.228917 0.469934 0.0167687 0.262281
0.0159404 0.900731 0.0125741 9.9991E-05 0.0347972 0.0358572
9.9964E-05 9.9964E-05 0.0957143 0.903886 9.9964E-05 9.9964E-05
9.9964E-05 9.9964E-05 0.0137936 0.985807 9.9964E-05 9.9964E-05
0.00138143 0.00705886 9.9982E-05 0.918084 9.9982E-05 0.0732757
9.99639E-05 9.99639E-05 9.99639E-05 0.0430831 0.956517 9.99639E-05
9.9991E-05 0.0107939 0.0337927 0.779988 0.0039873 0.171338
9.9973E-05 9.9973E-05 0.728148 0.0998128 9.9973E-05 0.171739
0.00579661 9.9991E-05 0.0225042 0.505613 0.0243364 0.44165
0.00165724 0.00236991 9.9973E-05 0.995673 9.9973E-05 9.9973E-05
9.9982E-05 9.9982E-05 0.101127 0.853365 0.00816541 0.0371426
9.9964E-05 9.9964E-05 0.0115281 0.988072 9.9964E-05 9.9964E-05
0.0196165 9.9982E-05 0.683596 0.0684336 9.9982E-05 0.228154
0.0332991 0.773544 0.127901 0.0108118 0.054344 9.9991E-05
9.9964E-05 9.9964E-05 0.786328 9.9964E-05 9.9964E-05 0.213272
0.0198334 9.9973E-05 9.9973E-05 0.633781 9.9973E-05 0.346085
0.0203428 0.929221 0.0501365 9.9973E-05 9.9973E-05 9.9973E-05
9.9991E-05 0.00916981 0.0403108 0.682799 0.0447259 0.222894
9.9964E-05 9.9964E-05 9.9964E-05 0.415107 9.9964E-05 0.584493
0.00251728 0.00654954 0.0886688 0.883213 0.0189513 9.9991E-05
9.9964E-05 9.9964E-05 0.0136877 0.985912 9.9964E-05 9.9964E-05
0.00879194 9.9982E-05 0.07522 0.911737 0.00405118 9.9982E-05
9.9973E-05 9.9973E-05 0.244951 0.550395 9.9973E-05 0.204355
9.99639E-05 9.99639E-05 9.99639E-05 0.043689 0.955911 9.99639E-05
0.0025367 9.9964E-05 9.9964E-05 0.997063 9.9964E-05 9.9964E-05
9.9973E-05 9.9973E-05 0.292338 0.116605 9.9973E-05 0.590757
9.9964E-05 9.9964E-05 9.9964E-05 0.581543 9.9964E-05 0.418057
9.9973E-05 0.0165948 9.9973E-05 0.0130649 0.97004 9.9973E-05
9.9973E-05 9.9973E-05 0.485074 0.0674634 9.9973E-05 0.447163
9.9973E-05 0.0401932 0.773887 0.18562 9.9973E-05 9.9973E-05
9.9982E-05 9.9982E-05 0.260295 0.237456 0.0449694 0.457079
9.9964E-05 9.9964E-05 9.9964E-05 0.0751481 0.924452 9.9964E-05
9.9964E-05 9.9964E-05 9.9964E-05 0.601304 9.9964E-05 0.398297
9.996E-05 0.9995 9.996E-05 9.996E-05 9.996E-05 9.996E-05
0.0059665 9.9973E-05 9.9973E-05 0.685781 9.9973E-05 0.307953
0.0119829 9.9973E-05 9.9973E-05 0.933584 9.9973E-05 0.0541336
9.9964E-05 0.997026 9.9964E-05 9.9964E-05 9.9964E-05 0.00257384
9.9964E-05 9.9964E-05 9.9964E-05 0.921117 9.9964E-05 0.0784828
0.915156 9.9991E-05 0.0201769 0.0301505 0.00860111 0.0258157
9.9973E-05 9.9973E-05 0.0931558 0.331564 9.9973E-05 0.57498
9.9982E-05 9.9982E-05 0.0325761 0.94779 0.0128946 0.00653971
9.9991E-05 0.00214477 0.65394 0.103765 0.0569847 0.183065
0.00397209 0.0213464 0.0146993 0.783609 9.9991E-05 0.176273
0.0257463 0.920383 0.0535712 9.9973E-05 9.9973E-05 9.9973E-05
9.9991E-05 0.0125524 0.0700203 0.397088 0.00897407 0.511265
