9.9964E-05 0.00282681 0.343937 0.00255077 0.572916 9.9964E-05 9.9964E-05 9.9964E-05 0.00685751 0.0705124
0.0438866 9.9937E-05 9.9937E-05 9.9937E-05 0.955248 0.000165815 9.9937E-05 9.9937E-05 9.9937E-05 9.9937E-05
9.9946E-05 0.0204909 0.0492878 0.0055607 0.924061 9.9946E-05 9.9946E-05 9.9946E-05 9.9946E-05 9.9946E-05
9.9946E-05 9.9946E-05 0.360374 9.9946E-05 0.51 0.115979 0.0130476 9.9946E-05 9.9946E-05 9.9946E-05
9.9955E-05 0.038951 0.371183 0.160492 0.102075 0.326799 9.9955E-05 9.9955E-05 9.9955E-05 9.9955E-05
0.73304 9.9964E-05 0.1005 0.0454001 0.0505031 0.0472641 9.9964E-05 9.9964E-05 9.9964E-05 0.0228935
9.99369E-05 9.99369E-05 9.99369E-05 0.822794 0.16703 9.99369E-05 9.99369E-05 9.99369E-05 9.99369E-05 0.00947616
0.292895 9.99371E-05 0.286415 9.99371E-05 9.99371E-05 9.99371E-05 9.99371E-05 0.41999 9.99371E-05 9.99371E-05
9.9973E-05 0.0104739 0.0558103 9.9973E-05 0.893658 0.00283507 0.00757503 9.9973E-05 0.0107878 0.0185602
9.9928E-05 9.9928E-05 0.318141 9.9928E-05 0.68106 9.9928E-05 9.9928E-05 9.9928E-05 9.9928E-05 9.9928E-05
9.9964E-05 9.9964E-05 0.320448 0.0438915 0.151632 9.9964E-05 9.9964E-05 0.288686 0.0142008 0.180742
9.9946E-05 0.00172605 0.168636 9.9946E-05 9.9946E-05 9.9946E-05 9.9946E-05 9.9946E-05 0.00167733 0.827361
0.0163665 9.9964E-05 0.464103 9.9964E-05 0.0936609 0.0631905 9.9964E-05 0.106773 9.9964E-05 0.255507
0.909175 9.99369E-05 0.00097775 9.99369E-05 9.99369E-05 9.99369E-05 9.99369E-05 0.0891473 9.99369E-05 9.99369E-05
9.9937E-05 9.9937E-05 0.616186 9.9937E-05 0.372475 9.9937E-05 9.9937E-05 9.9937E-05 0.0106397 9.9937E-05
0.0349665 9.9973E-05 0.0365323 0.117927 0.49196 0.225273 0.0130794 9.9973E-05 9.9973E-05 0.0799617
9.9955E-05 9.9955E-05 0.131072 0.402826 0.0881732 9.9955E-05 9.9955E-05 0.196994 9.9955E-05 0.180436
0.399734 0.0124993 9.995E-05 9.995E-05 0.147829 9.995E-05 0.0258732 9.995E-05 0.413565 9.995E-05
0.0331468 9.9937E-05 9.9937E-05 9.9937E-05 0.960587 9.9937E-05 0.00556618 9.9937E-05 9.9937E-05 9.9937E-05
0.156781 0.0253748 9.9973E-05 0.124662 0.0946025 0.0563582 0.0219786 0.519943 9.9973E-05 9.9973E-05
9.9955E-05 0.00536822 0.0684144 0.0141302 0.890952 9.9955E-05 9.9955E-05 9.9955E-05 9.9955E-05 0.0206357
9.99549E-05 9.99549E-05 0.21178 9.99549E-05 0.0707812 9.99549E-05 0.00161812 0.00556421 9.99549E-05 0.709757
9.9955E-05 0.00228232 0.494969 9.9955E-05 0.114267 0.111925 9.9955E-05 9.9955E-05 9.9955E-05 0.276056
9.99461E-05 0.893352 0.0761003 9.99461E-05 9.99461E-05 0.016805 9.99461E-05 9.99461E-05 0.0131426 9.99461E-05
9.9964E-05 0.0106097 0.412454 9.9964E-05 0.216557 9.9964E-05 0.00126846 0.194851 9.9964E-05 0.163861
9.9964E-05 9.9964E-05 0.170834 0.114403 0.143261 0.222052 9.9964E-05 0.27851 9.9964E-05 0.0705403
9.9946E-05 0.00178555 0.173767 9.9946E-05 0.817372 9.9946E-05 9.9946E-05 9.9946E-05 0.00647615 9.9946E-05
9.9928E-05 9.9928E-05 0.279131 9.9928E-05 0.720069 9.9928E-05 9.9928E-05 9.9928E-05 9.9928E-05 9.9928E-05
9.9928E-05 9.9928E-05 0.031591 9.9928E-05 0.96761 9.9928E-05 9.9928E-05 9.9928E-05 9.9928E-05 9.9928E-05
0.51636 9.9955E-05 0.00969008 9.9955E-05 0.0358889 0.226635 9.9955E-05 9.9955E-05 9.9955E-05 0.210926
0.028516 9.9955E-05 9.9955E-05 0.0241556 0.914106 0.0162819 9.9955E-05 9.9955E-05 9.9955E-05 0.0164403
9.9937E-05 9.9937E-05 9.9937E-05 9.9937E-05 0.969054 0.00825913 9.9937E-05 9.9937E-05 9.9937E-05 0.021987
0.614283 9.9946E-05 9.9946E-05 9.9946E-05 0.0330393 0.0701469 9.9946E-05 0.281932 9.9946E-05 9.9946E-05
0.00839151 9.9946E-05 9.9946E-05 9.9946E-05 0.983106 9.9946E-05 0.00163339 0.00626986 9.9946E-05 9.9946E-05
0.0952035 9.9973E-05 0.174757 9.9973E-05 0.109796 0.307185 0.0147891 0.00568155 9.9973E-05 0.292288
9.9928E-05 9.9928E-05 0.547273 9.9928E-05 0.451927 9.9928E-05 9.9928E-05 9.9928E-05 9.9928E-05 9.9928E-05
9.99459E-05 9.99459E-05 0.160212 0.619223 9.99459E-05 9.99459E-05 0.0188482 9.99459E-05 9.99459E-05 0.201117
9.99369E-05 0.00793589 9.99369E-05 9.99369E-05 9.99369E-05 0.785744 9.99369E-05 0.20562 9.99369E-05 9.99369E-05
9.9946E-05 0.0480155 0.557145 9.9946E-05 9.9946E-05 0.0843684 9.9946E-05 9.9946E-05 9.9946E-05 0.309872
0.624322 9.99556E-05 0.114935 0.197311 9.99556E-05 9.99556E-05 0.000644985 9.99556E-05 9.99556E-05 0.062287
0.00452525 0.00245937 9.9946E-05 9.9946E-05 0.98391 9.9946E-05 0.00850599 9.9946E-05 9.9946E-05 9.9946E-05
9.9937E-05 9.9937E-05 0.203257 9.9937E-05 0.724303 9.9937E-05 9.9937E-05 9.9937E-05 9.9937E-05 0.07174
9.9946E-05 9.9946E-05 0.320105 9.9946E-05 0.670113 9.9946E-05 0.00706317 9.9946E-05 0.00211951 9.9946E-05
0.0442579 9.9964E-05 0.247422 9.9964E-05 0.625736 0.0519225 9.9964E-05 9.9964E-05 0.0214335 0.00882774
9.99201E-05 9.99201E-05 9.99201E-05 9.99201E-05 9.99201E-05 9.99201E-05 9.99201E-05 9.99201E-05 0.999101 9.99201E-05
9.9955E-05 9.9955E-05 9.9955E-05 0.0261803 0.870873 0.0293215 9.9955E-05 0.000741241 9.9955E-05 0.0723847
9.9928E-05 9.9928E-05 0.181585 9.9928E-05 0.817615 9.9928E-05 9.9928E-05 9.9928E-05 9.9928E-05 9.9928E-05
9.99201E-05 9.99201E-05 9.99201E-05 9.99201E-05 9.99201E-05 9.99201E-05 9.99201E-05 9.99201E-05 0.999101 9.99201E-05
9.9928E-05 9.9928E-05 0.49066 9.9928E-05 0.508541 9.9928E-05 9.9928E-05 9.9928E-05 9.9928E-05 9.9928E-05
0.0129341 9.9973E-05 0.455831 0.032553 0.280142 9.9973E-05 0.00417081 0.0542563 9.9973E-05 0.159813
9.9928E-05 9.9928E-05 0.387234 9.9928E-05 0.611967 9.9928E-05 9.9928E-05 9.9928E-05 9.9928E-05 9.9928E-05
9.9955E-05 0.0092446 0.452034 9.9955E-05 0.429157 0.00285177 9.9955E-05 9.9955E-05 9.9955E-05 0.106213
0.542926 0.00100251 9.99549E-05 9.99549E-05 0.432015 9.99549E-05 0.000584613 9.99549E-05 0.022972 9.99549E-05
0.177594 0.0471544 0.462258 9.9964E-05 0.115444 0.0323316 9.9964E-05 9.9964E-05 9.9964E-05 0.164818
0.225339 0.0332112 9.99459E-05 9.99459E-05 0.732726 9.99459E-05 0.00812471 9.99459E-05 9.99459E-05 9.99459E-05
9.9937E-05 9.9937E-05 0.128643 9.9937E-05 0.867014 9.9937E-05 9.9937E-05 9.9937E-05 0.00364353 9.9937E-05
0.0118025 9.9946E-05 9.9946E-05 9.9946E-05 0.956289 9.9946E-05 9.9946E-05 9.9946E-05 0.00678977 0.0245189
0.0248543 0.00397181 0.318182 0.00124119 0.636043 9.9973E-05 9.9973E-05 9.9973E-05 0.00302579 0.0123819
9.9928E-05 9.9928E-05 0.33728 9.9928E-05 0.661921 9.9928E-05 9.9928E-05 9.9928E-05 9.9928E-05 9.9928E-05
0.00355036 9.9937E-05 0.0705656 9.9937E-05 0.925184 9.9937E-05 9.9937E-05 9.9937E-05 9.9937E-05 9.9937E-05
0.0405124 0.838165 9.99461E-05 0.102871 9.99461E-05 9.99461E-05 0.0178522 9.99461E-05 9.99461E-05 9.99461E-05
9.995E-05 0.00256911 9.995E-05 0.00417659 0.942496 9.995E-05 0.0126524 9.995E-05 9.995E-05 0.0376058
0.0906731 0.0249226 0.470841 9.9973E-05 0.136076 0.159548 0.0196404 9.9973E-05 9.9973E-05 0.097999
9.9946E-05 9.9946E-05 0.0158326 0.0264234 0.941696 9.9946E-05 9.9946E-05 9.9946E-05 0.0154485 9.9946E-05
9.99281E-05 9.99281E-05 9.99281E-05 9.99281E-05 0.99759 9.99281E-05 0.00161069 9.99281E-05 9.99281E-05 9.99281E-05
9.9946E-05 9.9946E-05 0.39467 0.041397 0.562448 9.9946E-05 9.9946E-05 9.9946E-05 0.000884851 9.9946E-05
9.9946E-05 9.9946E-05 0.389489 9.9946E-05 0.564893 9.9946E-05 9.9946E-05 0.0208673 9.9946E-05 0.0241512
9.9946E-05 0.0122369 9.9946E-05 9.9946E-05 0.062346 0.0200432 9.9946E-05 9.9946E-05 9.9946E-05 0.904774
9.99201E-05 9.99201E-05 9.99201E-05 9.99201E-05 9.99201E-05 9.99201E-05 9.99201E-05 9.99201E-05 0.999101 9.99201E-05
0.0985364 0.00403225 0.568139 0.0694564 0.0326428 0.189871 9.9973E-05 0.0370215 9.9973E-05 9.9973E-05
0.167063 0.0209208 9.99459E-05 9.99459E-05 0.792924 9.99459E-05 0.0184927 9.99459E-05 9.99459E-05 9.99459E-05
9.9946E-05 9.9946E-05 0.266272 9.9946E-05 0.709317 9.9946E-05 0.00937481 9.9946E-05 0.0144362 9.9946E-05
0.0141456 0.0403976 9.9937E-05 9.9937E-05 0.944757 9.9937E-05 9.9937E-05 9.9937E-05 9.9937E-05 9.9937E-05
9.9946E-05 0.0035521 9.9946E-05 0.00408836 0.989868 9.9946E-05 0.00189217 9.9946E-05 9.9946E-05 9.9946E-05
0.0470858 9.9955E-05 9.9955E-05 9.9955E-05 0.900248 9.9955E-05 0.00536163 9.9955E-05 0.0222666 0.0245377
9.9937E-05 9.9937E-05 0.0286362 9.9937E-05 0.955983 9.9937E-05 9.9937E-05 0.0146814 9.9937E-05 9.9937E-05
0.0653008 9.9964E-05 0.229948 0.379066 0.0949065 9.9964E-05 9.9964E-05 0.058828 9.9964E-05 0.171551
9.9946E-05 9.9946E-05 0.0273159 0.0109737 0.920149 9.9946E-05 9.9946E-05 0.0409614 9.9946E-05 9.9946E-05
0.126824 0.674773 9.9946E-05 0.180389 9.9946E-05 9.9946E-05 9.9946E-05 9.9946E-05 0.0174144 9.9946E-05
0.0134829 0.0181609 0.500471 9.9955E-05 0.431544 9.9955E-05 9.9955E-05 0.0358414 9.9955E-05 9.9955E-05
9.9937E-05 9.9937E-05 0.107787 9.9937E-05 0.884291 9.9937E-05 9.9937E-05 9.9937E-05 0.00722257 9.9937E-05
0.471205 0.0490004 9.9964E-05 0.00789903 0.0311389 9.9964E-05 0.0605242 9.9964E-05 0.379833 9.9964E-05
0.609669 9.9937E-05 9.9937E-05 9.9937E-05 0.360622 9.9937E-05 9.9937E-05 9.9937E-05 0.029009 9.9937E-05
0.151122 9.9955E-05 0.393035 0.00999993 0.211219 0.234125 9.9955E-05 9.9955E-05 9.9955E-05 9.9955E-05
0.0193295 9.9964E-05 0.219633 9.9964E-05 0.716917 0.0366925 0.00616213 9.9964E-05 0.000865597 9.9964E-05
0.0344023 0.0134942 9.9946E-05 9.9946E-05 0.937732 9.9946E-05 9.9946E-05 9.9946E-05 9.9946E-05 0.0137723
9.99201E-05 9.99201E-05 9.99201E-05 9.99201E-05 9.99201E-05 9.99201E-05 0.999101 9.99201E-05 9.99201E-05 9.99201E-05
9.99369E-05 9.99369E-05 0.560868 9.99369E-05 0.412788 9.99369E-05 9.99369E-05 9.99369E-05 9.99369E-05 0.0256442
9.99434E-05 9.99434E-05 0.532382 9.99434E-05 0.435536 9.99434E-05 9.99434E-05 9.99434E-05 9.99434E-05 0.0313825
9.9955E-05 9.9955E-05 0.248799 9.9955E-05 0.114319 0.0402064 9.9955E-05 0.106051 9.9955E-05 0.490124
0.00418653 0.0149747 0.482804 0.068277 0.0173528 9.9982E-05 0.0121509 0.319225 9.9982E-05 0.0808287
9.9946E-05 9.9946E-05 0.075377 9.9946E-05 0.0643751 9.9946E-05 9.9946E-05 0.607189 9.9946E-05 0.25246
0.0201436 9.9937E-05 9.9937E-05 0.00260242 0.976554 9.9937E-05 9.9937E-05 9.9937E-05 9.9937E-05 9.9937E-05
9.9928E-05 9.9928E-05 0.588995 9.9928E-05 0.410205 9.9928E-05 9.9928E-05 9.9928E-05 9.9928E-05 9.9928E-05
9.9928E-05 9.9928E-05 0.165884 9.9928E-05 0.833317 9.9928E-05 9.9928E-05 9.9928E-05 9.9928E-05 9.9928E-05
0.00169153 9.9946E-05 0.671278 0.100801 0.22563 9.9946E-05 9.9946E-05 9.9946E-05 9.9946E-05 9.9946E-05
0.67826 9.9955E-05 9.9955E-05 9.9955E-05 0.0126294 0.131162 9.9955E-05 0.0612744 9.9955E-05 0.116174
0.036453 0.000673739 9.9946E-05 9.9946E-05 0.961881 0.000393108 9.9946E-05 9.9946E-05 9.9946E-05 9.9946E-05
9.9955E-05 0.0316398 0.369129 0.370352 0.112493 9.9955E-05 9.9955E-05 9.9955E-05 9.9955E-05 0.115888
9.9955E-05 9.9955E-05 0.608806 9.9955E-05 0.115144 0.211047 9.9955E-05 0.0549838 0.00951923 9.9955E-05
0.0161628 0.851648 9.99551E-05 0.108921 9.99551E-05 9.99551E-05 9.99551E-05 9.99551E-05 0.0107415 0.012027
9.9946E-05 9.9946E-05 0.0167553 0.0575133 0.923067 9.9946E-05 9.9946E-05 9.9946E-05 9.9946E-05 0.00206486
9.99201E-05 9.99201E-05 9.99201E-05 9.99201E-05 0.999101 9.99201E-05 9.99201E-05 9.99201E-05 9.99201E-05 9.99201E-05
9.9964E-05 9.9964E-05 0.225916 0.0470771 9.9964E-05 0.0679579 9.9964E-05 0.505117 0.0102138 0.143318
9.99201E-05 9.99201E-05 9.99201E-05 9.99201E-05 9.99201E-05 9.99201E-05 9.99201E-05 9.99201E-05 0.999101 9.99201E-05
9.99279E-05 9.99279E-05 9.99279E-05 9.99279E-05 0.0165187 9.99279E-05 9.99279E-05 0.982682 9.99279E-05 9.99279E-05
9.9946E-05 0.0335922 0.216971 9.9946E-05 0.70618 9.9946E-05 9.9946E-05 9.9946E-05 9.9946E-05 0.0426575
0.0391153 0.0309066 9.9946E-05 9.9946E-05 0.924911 9.9946E-05 0.00446771 9.9946E-05 9.9946E-05 9.9946E-05
9.9937E-05 9.9937E-05 0.218398 9.9937E-05 9.9937E-05 9.9937E-05 9.9937E-05 0.00567087 9.9937E-05 0.775232
9.99201E-05 9.99201E-05 9.99201E-05 9.99201E-05 9.99201E-05 9.99201E-05 9.99201E-05 9.99201E-05 0.999101 9.99201E-05
0.351921 0.632513 9.9946E-05 9.9946E-05 9.9946E-05 9.9946E-05 0.00708727 9.9946E-05 0.00787887 9.9946E-05
9.9946E-05 9.9946E-05 0.179266 0.0128381 0.61021 9.9946E-05 9.9946E-05 9.9946E-05 9.9946E-05 0.197086
9.9928E-05 9.9928E-05 0.326059 9.9928E-05 0.673141 9.9928E-05 9.9928E-05 9.9928E-05 9.9928E-05 9.9928E-05
9.9955E-05 0.00470567 0.394701 9.9955E-05 0.0983974 9.9955E-05 9.9955E-05 0.292464 9.9955E-05 0.209232
9.9946E-05 0.0258297 9.9946E-05 9.9946E-05 0.970875 0.00120677 0.00148936 9.9946E-05 9.9946E-05 9.9946E-05
0.372117 9.9964E-05 0.028895 0.172428 9.9964E-05 9.9964E-05 9.9964E-05 0.322961 0.0263268 0.0768727
0.215173 0.137089 0.00474461 0.0507455 9.9964E-05 9.9964E-05 0.0919493 9.9964E-05 0.499899 9.9964E-05
9.9937E-05 0.0475459 0.140167 9.9937E-05 0.811588 9.9937E-05 9.9937E-05 9.9937E-05 9.9937E-05 9.9937E-05
9.99459E-05 9.99459E-05 0.449573 9.99459E-05 0.422599 9.99459E-05 9.99459E-05 0.0984187 9.99459E-05 0.02881
9.9928E-05 0.995244 9.9928E-05 9.9928E-05 9.9928E-05 9.9928E-05 9.9928E-05 9.9928E-05 9.9928E-05 0.00395608
9.9946E-05 9.9946E-05 0.108589 9.9946E-05 0.825819 9.9946E-05 9.9946E-05 0.0592371 0.00575493 9.9946E-05
9.9937E-05 9.9937E-05 0.503706 9.9937E-05 0.2996 9.9937E-05 9.9937E-05 9.9937E-05 9.9937E-05 0.195994
9.9928E-05 9.9928E-05 0.2609 9.9928E-05 0.738301 9.9928E-05 9.9928E-05 9.9928E-05 9.9928E-05 9.9928E-05
9.9937E-05 9.9937E-05 9.9937E-05 9.9937E-05 0.214848 9.9937E-05 0.00563494 0.778818 9.9937E-05 9.9937E-05
0.012302 9.9973E-05 0.189834 9.9973E-05 0.14606 0.119561 9.9973E-05 0.3811 0.00478454 0.146058
0.134676 9.9946E-05 0.473868 0.387411 9.9946E-05 0.00344511 9.9946E-05 9.9946E-05 9.9946E-05 9.9946E-05
0.337414 9.99549E-05 9.99549E-05 0.485241 0.046499 9.99549E-05 0.0100944 0.120251 9.99549E-05 9.99549E-05
0.000333606 0.0181085 0.511173 9.9946E-05 0.469785 9.9946E-05 9.9946E-05 9.9946E-05 9.9946E-05 9.9946E-05
9.9946E-05 0.0146417 0.18035 9.9946E-05 0.789838 9.9946E-05 9.9946E-05 9.9946E-05 0.0145709 9.9946E-05
9.995E-05 0.00792938 0.385391 9.995E-05 0.548549 9.995E-05 9.995E-05 0.0366143 0.0210167 9.995E-05
0.0738853 9.9946E-05 9.9946E-05 9.9946E-05 9.9946E-05 9.9946E-05 0.0555282 0.0249938 0.844993 9.9946E-05
0.0405185 0.0315682 0.0232925 0.00386186 0.88752 9.996E-05 9.996E-05 9.996E-05 9.996E-05 0.0128395
0.0117331 0.00259 0.00218368 9.9964E-05 9.9964E-05 9.9964E-05 0.0162545 9.9964E-05 0.956412 0.0104263
9.9937E-05 0.00882477 0.430085 9.9937E-05 0.56039 9.9937E-05 9.9937E-05 9.9937E-05 9.9937E-05 9.9937E-05
9.99279E-05 0.945249 9.99279E-05 9.99279E-05 0.0539513 9.99279E-05 9.99279E-05 9.99279E-05 9.99279E-05 9.99279E-05
9.99459E-05 9.99459E-05 0.320477 0.0437109 9.99459E-05 9.99459E-05 9.99459E-05 0.509392 9.99459E-05 0.12582
9.99369E-05 9.99369E-05 9.99369E-05 0.622173 0.092387 9.99369E-05 9.99369E-05 0.28474 9.99369E-05 9.99369E-05
9.997E-05 0.0219122 0.093195 0.0655173 0.0503941 9.997E-05 0.0391331 0.476182 9.997E-05 0.253366
9.9937E-05 9.9937E-05 0.558654 9.9937E-05 0.364841 0.0758052 9.9937E-05 9.9937E-05 9.9937E-05 9.9937E-05
9.9973E-05 9.9973E-05 0.171292 9.9973E-05 0.172995 0.315649 0.00405032 0.0248749 0.031662 0.279177
9.9937E-05 9.9937E-05 0.0743271 9.9937E-05 0.91217 0.0128037 9.9937E-05 9.9937E-05 9.9937E-05 9.9937E-05
0.000969456 0.0109743 0.519193 0.0810068 0.290734 9.9973E-05 0.00293089 0.0938914 9.9973E-05 9.9973E-05
0.733964 9.99459E-05 9.99459E-05 0.0183384 0.234934 9.99459E-05 0.0121644 9.99459E-05 9.99459E-05 9.99459E-05
0.035691 9.9964E-05 0.192596 0.0172025 0.662969 0.0888597 9.9964E-05 9.9964E-05 0.00228127 9.9964E-05
9.995E-05 0.0107591 0.203171 9.995E-05 0.733141 0.0441861 0.00824352 9.995E-05 9.995E-05 9.995E-05
0.0208457 0.945469 9.99459E-05 9.99459E-05 0.0268397 9.99459E-05 9.99459E-05 9.99459E-05 0.00624557 9.99459E-05
0.376077 0.0511379 9.9964E-05 0.0458661 0.0351219 0.445861 9.9964E-05 9.9964E-05 9.9964E-05 0.0455358
9.99281E-05 0.985661 9.99281E-05 9.99281E-05 9.99281E-05 9.99281E-05 9.99281E-05 0.0135397 9.99281E-05 9.99281E-05
9.9946E-05 0.000930057 0.436102 9.9946E-05 0.558608 9.9946E-05 9.9946E-05 9.9946E-05 0.00376027 9.9946E-05
0.687474 0.0281036 0.131367 0.0839513 0.0686044 9.9955E-05 9.9955E-05 9.9955E-05 9.9955E-05 9.9955E-05
0.674848 0.00202268 0.0580093 9.9955E-05 0.112061 0.152559 9.9955E-05 9.9955E-05 9.9955E-05 9.9955E-05
9.9946E-05 9.9946E-05 0.30208 9.9946E-05 0.650063 9.9946E-05 9.9946E-05 0.0235102 0.0237475 9.9946E-05
9.9937E-05 9.9937E-05 0.0055759 9.9937E-05 0.956748 9.9937E-05 9.9937E-05 9.9937E-05 9.9937E-05 0.0369764
9.9928E-05 0.0054674 9.9928E-05 9.9928E-05 9.9928E-05 9.9928E-05 9.9928E-05 9.9928E-05 0.993733 9.9928E-05
0.404764 0.0186644 9.99445E-05 0.575872 9.99445E-05 9.99445E-05 9.99445E-05 9.99445E-05 9.99445E-05 9.99445E-05
9.9928E-05 9.9928E-05 0.397279 9.9928E-05 0.601922 9.9928E-05 9.9928E-05 9.9928E-05 9.9928E-05 9.9928E-05
0.467128 0.407699 9.99549E-05 9.99549E-05 0.0883283 9.99549E-05 0.0187962 9.99549E-05 0.0175489 9.99549E-05
0.0519443 9.9937E-05 9.9937E-05 9.9937E-05 0.944483 9.9937E-05 9.9937E-05 9.9937E-05 0.00287343 9.9937E-05
9.99201E-05 9.99201E-05 9.99201E-05 9.99201E-05 9.99201E-05 9.99201E-05 0.999101 9.99201E-05 9.99201E-05 9.99201E-05
0.0568414 9.9955E-05 0.130229 9.9955E-05 0.796958 9.9955E-05 0.00320967 9.9955E-05 0.0122617 9.9955E-05
0.317882 9.9946E-05 9.9946E-05 9.9946E-05 0.0810852 9.9946E-05 0.598389 9.9946E-05 0.00204404 9.9946E-05
9.9964E-05 0.026262 0.272487 9.9964E-05 0.0138506 9.9964E-05 9.9964E-05 0.668424 0.00779093 0.0107857
9.9946E-05 9.9946E-05 9.9946E-05 0.014242 0.966986 9.9946E-05 0.00441753 9.9946E-05 9.9946E-05 0.0137547
9.9937E-05 9.9937E-05 9.9937E-05 9.9937E-05 0.988244 0.00721386 0.00384211 9.9937E-05 9.9937E-05 9.9937E-05
0.106394 9.99639E-05 9.99639E-05 0.596711 0.0856792 0.193104 0.00856365 9.99639E-05 0.00914872 9.99639E-05
0.0805302 0.00739792 9.9964E-05 9.9964E-05 0.897371 0.0131472 9.9964E-05 9.9964E-05 0.000603529 0.000550535
9.99461E-05 0.959417 0.00293382 0.031506 9.99461E-05 9.99461E-05 9.99461E-05 0.00554329 9.99461E-05 9.99461E-05
9.9937E-05 9.9937E-05 0.0265229 9.9937E-05 0.962343 9.9937E-05 9.9937E-05 9.9937E-05 0.0104341 9.9937E-05
9.99201E-05 9.99201E-05 9.99201E-05 9.99201E-05 9.99201E-05 9.99201E-05 0.999101 9.99201E-05 9.99201E-05 9.99201E-05
9.9928E-05 9.9928E-05 0.00761473 9.9928E-05 0.991586 9.9928E-05 9.9928E-05 9.9928E-05 9.9928E-05 9.9928E-05
0.0270294 0.0242905 0.447933 0.0634623 0.00755592 0.0937251 9.9973E-05 9.9973E-05 9.9973E-05 0.335703
9.9982E-05 9.9982E-05 0.394466 0.0651207 0.222563 0.0627137 0.00856558 0.102649 0.00954266 0.134179
9.9928E-05 9.9928E-05 9.9928E-05 9.9928E-05 0.0392071 0.959993 9.9928E-05 9.9928E-05 9.9928E-05 9.9928E-05
9.99639E-05 0.0130463 0.104817 9.99639E-05 0.220543 0.64011 0.00695132 9.99639E-05 0.0141332 9.99639E-05
0.423091 9.99639E-05 0.0308895 0.35377 0.0964872 0.040429 9.99639E-05 9.99639E-05 0.0549334 9.99639E-05
9.9937E-05 9.9937E-05 9.9937E-05 9.9937E-05 0.989875 0.00697302 9.9937E-05 9.9937E-05 0.00245289 9.9937E-05
9.99639E-05 0.0468504 0.427647 0.00810294 0.208405 9.99639E-05 9.99639E-05 0.0179324 9.99639E-05 0.290662
9.9937E-05 9.9937E-05 0.132215 9.9937E-05 0.864154 9.9937E-05 0.00293106 9.9937E-05 9.9937E-05 9.9937E-05
0.072522 0.0454518 0.349955 0.37371 0.123405 9.99639E-05 9.99639E-05 9.99639E-05 0.0345573 9.99639E-05
0.113866 9.9973E-05 0.00989634 0.196407 0.0682031 0.0543135 9.9973E-05 0.521053 9.9973E-05 0.0359617
9.9955E-05 0.0114736 0.0997791 9.9955E-05 0.840833 0.0384862 0.00892843 9.9955E-05 9.9955E-05 9.9955E-05
9.9946E-05 9.9946E-05 0.717754 9.9946E-05 0.263049 9.9946E-05 9.9946E-05 0.00604905 0.0125475 9.9946E-05
9.9955E-05 0.0082357 0.383903 9.9955E-05 0.602073 9.9955E-05 0.000454456 9.9955E-05 0.00483382 9.9955E-05
0.00940176 9.9955E-05 9.9955E-05 0.0522235 0.924381 0.00733685 9.9955E-05 0.00615682 9.9955E-05 9.9955E-05
0.620155 0.0467815 9.9946E-05 9.9946E-05 0.327626 9.9946E-05 0.00483847 9.9946E-05 9.9946E-05 9.9946E-05
0.0653345 9.9982E-05 0.458557 0.0334568 0.173622 0.170421 0.000961102 0.0461131 9.9982E-05 0.0513355
0.0523452 0.00763044 0.194963 9.9973E-05 0.332109 0.267412 0.0235058 9.9973E-05 9.9973E-05 0.121735
9.9946E-05 0.0265206 9.9946E-05 0.0310225 9.9946E-05 0.0444402 0.897417 9.9946E-05 9.9946E-05 9.9946E-05
0.0740212 0.00605743 9.994E-05 9.994E-05 0.913188 0.00613368 9.994E-05 9.994E-05 9.994E-05 9.994E-05
0.0341862 9.9928E-05 9.9928E-05 9.9928E-05 0.965014 9.9928E-05 9.9928E-05 9.9928E-05 9.9928E-05 9.9928E-05
9.9946E-05 9.9946E-05 0.137458 9.9946E-05 0.82404 0.0357289 0.00217371 9.9946E-05 9.9946E-05 9.9946E-05
9.99279E-05 0.960161 9.99279E-05 9.99279E-05 0.0390396 9.99279E-05 9.99279E-05 9.99279E-05 9.99279E-05 9.99279E-05
9.9955E-05 9.9955E-05 0.281974 0.0465857 0.616552 0.0452553 0.00913239 9.9955E-05 9.9955E-05 9.9955E-05
0.618213 9.9946E-05 9.9946E-05 0.0173852 9.9946E-05 0.0211283 9.9946E-05 9.9946E-05 9.9946E-05 0.342674
9.9955E-05 0.0102409 0.356008 9.9955E-05 0.302538 0.0703985 9.9955E-05 0.260316 9.9955E-05 9.9955E-05
0.0187925 0.00204908 9.9946E-05 9.9946E-05 0.977477 9.9946E-05 9.9946E-05 9.9946E-05 0.00108155 9.9946E-05
0.027667 0.014388 0.0471113 0.0889483 0.821386 9.9955E-05 9.9955E-05 9.9955E-05 9.9955E-05 9.9955E-05
9.99201E-05 9.99201E-05 9.99201E-05 9.99201E-05 0.999101 9.99201E-05 9.99201E-05 9.99201E-05 9.99201E-05 9.99201E-05
9.9946E-05 9.9946E-05 9.9946E-05 9.9946E-05 0.104003 0.866328 9.9946E-05 9.9946E-05 0.0273064 0.00176304
0.150323 0.0351791 9.9946E-05 9.9946E-05 9.9946E-05 9.9946E-05 0.778207 9.9946E-05 0.0356906 9.9946E-05
0.218539 9.994E-05 9.994E-05 0.139384 9.994E-05 0.595615 9.994E-05 0.0458623 9.994E-05 9.994E-05
9.9955E-05 9.9955E-05 0.393518 0.0882617 0.436755 9.9955E-05 9.9955E-05 0.053145 0.0278204 9.9955E-05
0.0330762 9.99451E-05 9.99451E-05 9.99451E-05 9.99451E-05 9.99451E-05 0.959739 9.99451E-05 0.00648546 9.99451E-05
0.0436652 0.0280422 0.313119 0.0172559 0.497402 0.0900613 0.0101547 9.9973E-05 9.9973E-05 9.9973E-05
9.99549E-05 9.99549E-05 0.300188 0.0143414 0.205205 9.99549E-05 9.99549E-05 0.236209 9.99549E-05 0.243556
0.0296308 0.0226389 9.9973E-05 9.9973E-05 0.884963 0.0518448 0.000245151 0.00482528 0.00555204 9.9973E-05
9.9928E-05 9.9928E-05 9.9928E-05 9.9928E-05 0.995162 9.9928E-05 9.9928E-05 9.9928E-05 0.00403822 9.9928E-05
9.9946E-05 0.00361966 9.9946E-05 9.9946E-05 0.929254 0.0569065 9.9946E-05 9.9946E-05 0.00962037 9.9946E-05
0.0803355 9.996E-05 0.151445 0.0850209 0.417432 0.134378 9.996E-05 9.996E-05 9.996E-05 0.130989
9.99279E-05 0.935254 9.99279E-05 9.99279E-05 0.0639469 9.99279E-05 9.99279E-05 9.99279E-05 9.99279E-05 9.99279E-05
9.9928E-05 9.9928E-05 0.0720805 9.9928E-05 0.92712 9.9928E-05 9.9928E-05 9.9928E-05 9.9928E-05 9.9928E-05
0.118278 9.9937E-05 9.9937E-05 9.9937E-05 9.9937E-05 9.9937E-05 9.9937E-05 0.040549 9.9937E-05 0.840474
0.00914163 9.9955E-05 0.605999 9.9955E-05 0.289731 0.0331427 9.9955E-05 0.061486 9.9955E-05 9.9955E-05
9.99459E-05 0.962101 0.0195414 9.99459E-05 0.00301564 9.99459E-05 0.0147418 9.99459E-05 9.99459E-05 9.99459E-05
0.224474 9.9964E-05 9.9964E-05 0.176794 9.9964E-05 0.0179521 9.9964E-05 0.11445 0.000615301 0.465315
0.888417 9.9937E-05 0.102788 9.9937E-05 9.9937E-05 9.9937E-05 0.00809572 9.9937E-05 9.9937E-05 9.9937E-05
9.9955E-05 0.0111123 0.350849 0.533817 0.102675 9.9955E-05 9.9955E-05 9.9955E-05 0.00104703 9.9955E-05
9.9937E-05 0.922788 0.00527235 9.9937E-05 0.07124 9.9937E-05 9.9937E-05 9.9937E-05 9.9937E-05 9.9937E-05
9.9946E-05 9.9946E-05 0.54672 0.0320877 0.342447 9.9946E-05 9.9946E-05 0.0781457 9.9946E-05 9.9946E-05
9.99201E-05 9.99201E-05 9.99201E-05 9.99201E-05 9.99201E-05 9.99201E-05 0.999101 9.99201E-05 9.99201E-05 9.99201E-05
0.00134757 0.00338318 0.494474 9.9973E-05 0.444437 9.9973E-05 0.00163215 0.0382312 0.0161959 9.9973E-05
9.9937E-05 9.9937E-05 0.11423 9.9937E-05 0.872256 9.9937E-05 9.9937E-05 9.9937E-05 0.0128151 9.9937E-05
9.99201E-05 9.99201E-05 9.99201E-05 9.99201E-05 9.99201E-05 9.99201E-05 0.999101 9.99201E-05 9.99201E-05 9.99201E-05
9.9928E-05 9.9928E-05 0.212928 9.9928E-05 0.786273 9.9928E-05 9.9928E-05 9.9928E-05 9.9928E-05 9.9928E-05
0.00920555 0.0174341 9.9982E-05 0.00130253 0.0103361 0.00811015 0.00858622 0.0442421 0.900583 9.9982E-05
0.026762 9.9964E-05 0.432684 0.0685068 0.0614602 9.9964E-05 9.9964E-05 9.9964E-05 0.00594544 0.404242
0.0444276 0.0190384 0.0851022 9.9946E-05 0.850832 9.9946E-05 9.9946E-05 9.9946E-05 9.9946E-05 9.9946E-05
0.559895 0.057166 9.9955E-05 9.9955E-05 9.9955E-05 9.9955E-05 0.00162455 0.0109149 9.9955E-05 0.3699
0.0185593 9.9964E-05 0.254476 9.9964E-05 0.626863 0.040158 0.0117294 0.0478146 9.9964E-05 9.9964E-05
0.0617895 9.9937E-05 9.9937E-05 9.9937E-05 9.9937E-05 9.9937E-05 0.923064 9.9937E-05 0.0144473 9.9937E-05
0.0441368 0.00941837 0.517973 0.10955 0.0989793 0.04712 0.00932849 0.163294 9.9982E-05 9.9982E-05
