0.216935 0.781453 0.00141221 9.9982E-05 9.9982E-05
9.9973E-05 0.952658 9.9973E-05 9.9973E-05 0.0470417
9.9982E-05 0.983232 0.0149038 9.9982E-05 0.00166473
0.216979 0.747046 9.9991E-05 0.0127317 0.0231439
0.434997 0.272272 0.0406454 9.9991E-05 0.251986
0.0683276 0.20944 0.0120094 0.00763502 0.702588
0.416475 0.146261 9.9982E-05 9.9982E-05 0.437064
0.551348 0.106417 9.9991E-05 0.0097011 0.332433
0.0012629 0.959523 0.00794728 0.0235479 0.0077188
0.13452 0.86518 9.9973E-05 9.9973E-05 9.9973E-05
0.582069 0.373908 0.015639 9.9991E-05 0.0282831
0.653781 0.215286 0.0226208 9.9991E-05 0.108212
0.580207 0.38005 9.9982E-05 9.9982E-05 0.0395434
0.00859222 0.152152 9.9982E-05 9.9982E-05 0.839056
0.344593 0.655108 9.9973E-05 9.9973E-05 9.9973E-05
0.177337 0.513364 9.9991E-05 0.00916582 0.300034
0.591197 0.197763 9.9982E-05 9.9982E-05 0.21084
9.999E-05 0.217087 0.0922748 0.393107 0.297432
9.9973E-05 0.95038 9.9973E-05 9.9973E-05 0.0493206
0.431738 0.135596 0.010656 0.0263847 0.395626
0.037705 0.956805 9.9982E-05 9.9982E-05 0.00528967
0.645489 0.33402 0.0198947 9.9991E-05 0.000496197
0.524189 0.399475 0.0236104 9.9991E-05 0.0526259
0.0785737 9.9982E-05 0.891189 9.9982E-05 0.030037
0.264674 0.204824 0.0108458 9.9991E-05 0.519557
0.544681 0.433916 0.0212037 9.9982E-05 9.9982E-05
0.488531 0.245089 9.9982E-05 9.9982E-05 0.26618
0.0366113 0.96255 9.9982E-05 0.000638536 9.9982E-05
0.138301 0.861399 9.9973E-05 9.9973E-05 9.9973E-05
9.997E-05 0.9996 9.997E-05 9.997E-05 9.997E-05
0.116456 0.18317 0.0186485 9.9991E-05 0.681625
9.9973E-05 0.929284 9.9973E-05 9.9973E-05 0.0704159
9.9973E-05 0.965029 9.9973E-05 9.9973E-05 0.0346711
0.105755 0.178317 9.9982E-05 9.9982E-05 0.715728
9.9973E-05 0.976594 9.9973E-05 9.9973E-05 0.0231056
0.410156 0.219477 9.9991E-05 0.00296503 0.367302
0.274224 0.725476 9.9973E-05 9.9973E-05 9.9973E-05
0.604265 0.0750519 0.00978905 0.00943392 0.30146
0.412265 9.9973E-05 9.9973E-05 9.9973E-05 0.587435
0.582458 0.320445 0.0623713 9.9991E-05 0.0346258
0.166847 0.107162 0.0109244 9.9991E-05 0.714966
9.9982E-05 0.970913 9.9982E-05 0.00541252 0.0234747
0.132878 0.866822 9.9973E-05 9.9973E-05 9.9973E-05
0.15159 0.834984 0.000243841 0.0130821 9.9991E-05
0.130426 0.805618 9.9991E-05 0.00634493 0.057511
9.9982E-05 0.0201761 0.141015 0.838609 9.9982E-05
0.0485416 0.899112 9.9982E-05 9.9982E-05 0.0521464
0.0567118 0.942988 9.9973E-05 9.9973E-05 9.9973E-05
9.9982E-05 0.0222651 0.136526 0.841009 9.9982E-05
0.266784 0.732916 9.9973E-05 9.9973E-05 9.9973E-05
0.448878 0.542831 9.9991E-05 0.00536373 0.00282671
0.196458 0.803242 9.9973E-05 9.9973E-05 9.9973E-05
0.329756 0.669944 9.9973E-05 9.9973E-05 9.9973E-05
9.9991E-05 0.512483 0.0258184 0.0375566 0.424042
0.403225 0.397902 0.0526491 9.9991E-05 0.146123
9.9991E-05 0.784343 0.0370769 0.018449 0.160031
0.0151697 0.97879 0.00584067 9.9982E-05 9.9982E-05
9.9982E-05 0.961224 9.9982E-05 0.00658411 0.031992
0.161669 0.828725 0.00866476 0.000841745 9.9991E-05
0.167713 0.831987 9.9973E-05 9.9973E-05 9.9973E-05
0.00406222 0.995638 9.9973E-05 9.9973E-05 9.9973E-05
0.00615703 9.9982E-05 0.843418 9.9982E-05 0.150225
9.9982E-05 0.971032 0.0128885 9.9982E-05 0.0158799
0.42685 0.389065 0.0405428 0.0230065 0.120535
0.000223238 0.993957 9.9982E-05 9.9982E-05 0.00561965
9.9973E-05 0.964491 9.9973E-05 9.9973E-05 0.0352088
0.241934 0.757766 9.9973E-05 9.9973E-05 9.9973E-05
0.254028 0.745672 9.9973E-05 9.9973E-05 9.9973E-05
0.635097 0.208356 0.0159045 9.9991E-05 0.140542
9.9982E-05 0.0145882 0.145075 0.840137 9.9982E-05
0.49993 0.311003 0.00967715 9.9991E-05 0.17929
9.9991E-05 0.837491 0.0184538 0.0312365 0.112718
0.115709 0.864585 0.0131234 0.00648264 9.9991E-05
9.9982E-05 0.924644 0.0333423 9.9982E-05 0.0418135
9.9973E-05 0.994422 9.9973E-05 0.0052776 9.9973E-05
9.9982E-05 0.90487 9.9982E-05 0.027221 0.0677086
0.0054278 0.987199 9.9982E-05 0.00717315 9.9982E-05
0.515768 0.197155 0.00776626 9.9991E-05 0.279211
0.0175008 0.982199 9.9973E-05 9.9973E-05 9.9973E-05
0.0324611 9.9982E-05 0.691928 9.9982E-05 0.275411
0.324956 0.663274 0.0115697 9.9982E-05 9.9982E-05
0.0306859 0.959434 9.9982E-05 0.00967995 9.9982E-05
9.9991E-05 0.112426 0.121956 0.411569 0.353949
9.9991E-05 0.440793 0.0162825 0.0431516 0.499673
0.293702 0.451899 9.9991E-05 0.0063135 0.247985
0.106854 0.86991 9.9982E-05 0.0230355 9.9982E-05
9.9982E-05 0.93694 0.0061498 9.9982E-05 0.0567098
9.997E-05 9.997E-05 9.997E-05 0.9996 9.997E-05
0.351104 0.648596 9.99729E-05 9.99729E-05 9.99729E-05
0.312229 0.687471 9.9973E-05 9.9973E-05 9.9973E-05
0.6036 0.33207 9.9982E-05 9.9982E-05 0.06413
0.641919 0.284287 0.0188534 0.0100272 0.0449131
0.739158 0.252635 9.9982E-05 9.9982E-05 0.00800623
9.9973E-05 0.964535 9.9973E-05 9.9973E-05 0.0351655
0.307313 0.692387 9.9973E-05 9.9973E-05 9.9973E-05
0.0668508 0.932849 9.9973E-05 9.9973E-05 9.9973E-05
0.456826 0.542875 9.9973E-05 9.9973E-05 9.9973E-05
0.09013 0.139255 9.9991E-05 0.00178335 0.768732
9.9973E-05 0.960406 9.9973E-05 9.9973E-05 0.0392937
0.490253 0.312441 0.0574619 9.9991E-05 0.139744
0.482502 0.432727 9.9991E-05 0.0225587 0.0621122
0.0381343 9.9982E-05 0.85761 9.9982E-05 0.104056
0.316218 0.683482 9.9973E-05 9.9973E-05 9.9973E-05
0.0148849 0.984815 9.9973E-05 9.9973E-05 9.9973E-05
9.997E-05 0.9996 9.997E-05 9.997E-05 9.997E-05
0.718075 0.178914 9.9991E-05 0.0137304 0.0891808
9.9982E-05 0.0485622 0.127816 0.823422 9.9982E-05
0.762025 0.144344 9.9991E-05 0.0135317 0.0799995
0.126102 0.84259 0.0311075 9.9982E-05 9.9982E-05
9.9982E-05 0.920457 0.0138326 9.9982E-05 0.0655108
0.717456 0.279319 0.00302574 9.9982E-05 9.9982E-05
9.9982E-05 0.0251407 0.136635 0.838024 9.9982E-05
9.9982E-05 9.9982E-05 0.649207 0.0206493 0.329944
0.249442 0.750258 9.9973E-05 9.9973E-05 9.9973E-05
0.158608 0.841093 9.9973E-05 9.9973E-05 9.9973E-05
0.609572 0.377085 0.00732844 9.9991E-05 0.00591441
9.9982E-05 0.964964 0.0179815 9.9982E-05 0.0168544
0.386616 0.0587619 9.9991E-05 0.0213232 0.533199
9.9991E-05 0.0778267 0.225539 0.524397 0.172137
0.0623065 0.896973 0.0405201 9.9982E-05 9.9982E-05
0.343987 0.655713 9.9973E-05 9.9973E-05 9.9973E-05
9.997E-05 9.997E-05 0.9996 9.997E-05 9.997E-05
0.0854761 0.914224 9.9973E-05 9.9973E-05 9.9973E-05
0.420517 0.579183 9.9973E-05 9.9973E-05 9.9973E-05
0.102332 0.897368 9.9973E-05 9.9973E-05 9.9973E-05
0.547017 0.287789 9.9991E-05 0.00631605 0.158778
0.526991 0.318996 9.9991E-05 0.00642465 0.147488
0.439692 0.223122 0.00183807 9.9991E-05 0.335247
0.309221 0.0816186 9.9982E-05 9.9982E-05 0.60896
0.292011 0.696795 0.0109943 9.9982E-05 9.9982E-05
0.042614 0.950993 0.00619259 9.9982E-05 9.9982E-05
0.188645 0.769214 0.0208862 0.0211555 9.9991E-05
9.9991E-05 0.0307182 0.132163 0.780406 0.0566136
9.9982E-05 0.889257 0.0262884 9.9982E-05 0.0842545
0.00102933 0.0122575 0.168465 0.807756 0.0104921
0.232599 0.757425 0.00977615 9.9982E-05 9.9982E-05
9.99729E-05 0.036457 0.963243 9.99729E-05 9.99729E-05
0.786749 0.14676 0.027065 9.9991E-05 0.0393256
0.552871 0.128881 9.9982E-05 9.9982E-05 0.318048
0.61917 0.170236 0.0340833 0.0150743 0.161436
0.339674 0.650561 0.00956437 9.9982E-05 9.9982E-05
0.402909 0.305575 0.0120494 0.0167608 0.262706
9.9973E-05 0.995586 9.9973E-05 9.9973E-05 0.00411375
0.437648 0.547993 0.00601338 0.00824622 9.9991E-05
9.9991E-05 0.304856 0.0186205 0.0245114 0.651912
0.104973 0.7729 9.9991E-05 0.0076707 0.114357
0.0681006 0.890407 0.0112801 0.0119402 0.0182718
9.99729E-05 0.0151708 0.984529 9.99729E-05 9.99729E-05
0.137564 0.11804 0.0553318 9.9991E-05 0.688964
0.016788 9.9973E-05 0.982912 9.9973E-05 9.9973E-05
0.231145 0.768555 9.9973E-05 9.9973E-05 9.9973E-05
0.0640743 0.253916 0.0522587 0.0103712 0.61938
9.9982E-05 0.26671 0.0250107 9.9982E-05 0.708079
0.164892 0.818717 9.9982E-05 0.016191 9.9982E-05
9.997E-05 0.9996 9.997E-05 9.997E-05 9.997E-05
9.9982E-05 0.00530548 0.172045 0.822449 9.9982E-05
0.172698 9.9982E-05 0.0380379 9.9982E-05 0.789064
0.196688 0.803012 9.9973E-05 9.9973E-05 9.9973E-05
9.9991E-05 0.169219 0.430872 0.0623417 0.337468
9.9991E-05 0.970255 0.00691659 0.00363148 0.0190968
9.997E-05 9.997E-05 9.997E-05 0.9996 9.997E-05
0.0498243 0.87995 9.9991E-05 0.0210986 0.0490268
9.9982E-05 0.119611 9.9982E-05 0.644031 0.236158
0.677524 0.212984 0.027369 0.0316035 0.0505197
9.9973E-05 0.939131 9.9973E-05 9.9973E-05 0.0605695
9.9973E-05 0.998575 9.9973E-05 0.00112526 9.9973E-05
0.273119 0.0437676 9.9982E-05 9.9982E-05 0.682913
9.9982E-05 0.894205 0.00340275 9.9982E-05 0.102192
0.0275519 9.9973E-05 0.972148 9.9973E-05 9.9973E-05
9.9973E-05 0.991187 0.00851332 9.9973E-05 9.9973E-05
9.997E-05 9.997E-05 9.997E-05 0.9996 9.997E-05
9.997E-05 0.9996 9.997E-05 9.997E-05 9.997E-05
0.564202 0.286199 0.0396906 9.9991E-05 0.109808
0.458228 0.44065 9.9991E-05 0.0120922 0.0889301
0.279837 0.0625752 9.9982E-05 9.9982E-05 0.657388
0.218067 0.310282 0.00253136 0.0335972 0.435522
0.100765 0.14696 0.0213136 0.0139571 0.717004
9.997E-05 0.9996 9.997E-05 9.997E-05 9.997E-05
0.494494 0.455326 0.0499801 9.9982E-05 9.9982E-05
0.0352213 0.961921 0.002658 9.9982E-05 9.9982E-05
0.361685 0.308188 0.0488135 0.00131133 0.280002
0.546957 0.0853948 9.9982E-05 9.9982E-05 0.367448
0.0235841 0.91753 0.0210771 0.00459661 0.0332118
0.402522 0.597178 9.9973E-05 9.9973E-05 9.9973E-05
0.172992 0.808449 0.0158991 0.00256004 9.9991E-05
9.9973E-05 0.929742 9.9973E-05 9.9973E-05 0.0699581
9.9991E-05 0.372416 0.0436629 0.0380355 0.545786
0.412764 0.422536 9.9991E-05 0.00747949 0.157121
0.264523 0.47279 0.0107788 0.0293947 0.222514
0.0290441 9.9982E-05 9.9982E-05 0.942103 0.0286527
9.9982E-05 0.891101 0.00414058 9.9982E-05 0.104559
9.9973E-05 0.972926 9.9973E-05 9.9973E-05 0.0267739
0.0721463 0.918415 9.9982E-05 0.00923871 9.9982E-05
9.99729E-05 0.019129 0.980571 9.99729E-05 9.99729E-05
0.180692 0.791469 9.9982E-05 9.9982E-05 0.0276398
0.192775 0.114963 9.9982E-05 9.9982E-05 0.692062
0.445302 0.512341 0.010893 0.0075181 0.0239462
9.9982E-05 0.980005 9.9982E-05 0.0122653 0.00752927
0.0403151 0.85391 0.0125235 9.9991E-05 0.0931518
9.9973E-05 0.990765 9.9973E-05 9.9973E-05 0.00893499
0.239366 0.110966 9.9991E-05 0.0123964 0.637172
9.9991E-05 0.0125825 0.0022703 0.847627 0.13742
0.208695 9.9973E-05 9.9973E-05 9.9973E-05 0.791005
0.343317 0.627539 0.0144463 0.0145974 9.9991E-05
9.9973E-05 9.9973E-05 9.9973E-05 0.995924 0.00377635
0.217088 0.687557 0.0357331 0.00857037 0.0510514
0.562165 0.437536 9.9973E-05 9.9973E-05 9.9973E-05
9.9991E-05 0.886996 0.0293739 0.00519726 0.078333
9.9982E-05 0.981064 9.9982E-05 0.000818111 0.0179174
9.9982E-05 0.93261 9.9982E-05 0.0074418 0.059748
0.22423 0.539568 9.9982E-05 9.9982E-05 0.236002
9.99729E-05 0.0417314 0.957969 9.99729E-05 9.99729E-05
9.997E-05 0.9996 9.997E-05 9.997E-05 9.997E-05
0.589088 0.0902529 9.9982E-05 9.9982E-05 0.320459
0.42911 0.57059 9.9973E-05 9.9973E-05 9.9973E-05
9.9973E-05 0.0124129 0.987287 9.9973E-05 9.9973E-05
0.43201 0.0713429 9.9982E-05 9.9982E-05 0.496447
9.9982E-05 0.203308 9.9982E-05 0.0435496 0.752943
0.452813 0.269369 0.032866 9.9991E-05 0.244851
9.9973E-05 0.0872982 0.912402 9.9973E-05 9.9973E-05
0.387056 0.612644 9.9973E-05 9.9973E-05 9.9973E-05
9.997E-05 9.997E-05 9.997E-05 0.9996 9.997E-05
0.321911 0.671836 9.9982E-05 0.00605369 9.9982E-05
0.0331798 0.958144 9.9982E-05 0.00847609 9.9982E-05
0.00337786 9.99731E-05 9.99731E-05 0.996322 9.99731E-05
0.0988433 0.900857 9.9973E-05 9.9973E-05 9.9973E-05
0.00530805 0.047566 0.154885 0.756737 0.0355043
0.551061 0.335512 9.9991E-05 0.0017447 0.111582
9.9982E-05 0.928929 0.0307384 9.9982E-05 0.0401326
0.185378 0.0955828 0.0629244 9.9991E-05 0.656015
0.187043 0.772493 9.9991E-05 0.0199166 0.020448
9.9973E-05 9.9973E-05 9.9973E-05 0.968924 0.0307758
0.511982 0.393659 0.0211386 0.0071854 0.0660346
