9.99549E-05 0.245563 9.99549E-05 9.99549E-05 0.00851765 0.132994 9.99549E-05 0.612425 9.99549E-05
9.9937E-05 9.9937E-05 9.9937E-05 0.0472229 9.9937E-05 9.9937E-05 9.9937E-05 0.952078 9.9937E-05
0.0116652 9.9955E-05 9.9955E-05 0.0176484 9.9955E-05 0.0410984 9.9955E-05 0.929088 9.9955E-05
9.9982E-05 0.00309703 9.9982E-05 0.0627441 0.00914495 0.366572 0.00198795 0.53823 0.0180242
0.0355687 0.0588299 9.9973E-05 9.9973E-05 0.00162566 0.383321 9.9973E-05 0.161724 0.35863
9.9964E-05 0.0638844 9.9964E-05 0.656066 9.9964E-05 0.0319689 9.9964E-05 0.122944 0.124737
9.9955E-05 0.139032 0.193919 9.9955E-05 9.9955E-05 9.9955E-05 9.9955E-05 0.194719 0.471831
9.99572E-05 9.99572E-05 0.0126401 0.154054 9.99572E-05 0.60244 9.99572E-05 9.99572E-05 0.230366
9.99774E-05 0.0223821 0.0311644 0.00315028 0.00818058 9.99774E-05 0.0139211 0.920902 9.99774E-05
9.9937E-05 9.9937E-05 9.9937E-05 9.9937E-05 9.9937E-05 0.272195 9.9937E-05 0.727105 9.9937E-05
9.9964E-05 9.9964E-05 0.219068 9.9964E-05 0.0040783 0.552343 9.9964E-05 0.119193 0.104918
9.9955E-05 0.776443 9.9955E-05 9.9955E-05 9.9955E-05 0.0622133 9.9955E-05 0.0187703 0.142074
9.9964E-05 0.252555 0.119053 9.9964E-05 9.9964E-05 0.374419 9.9964E-05 0.180185 0.0733879
9.99459E-05 9.99459E-05 0.0766086 0.895771 9.99459E-05 0.027021 9.99459E-05 9.99459E-05 9.99459E-05
9.99459E-05 9.99459E-05 9.99459E-05 9.99459E-05 9.99459E-05 0.619471 0.00230561 0.377623 9.99459E-05
9.9973E-05 0.314405 9.9973E-05 0.169302 0.0076179 9.9973E-05 0.00158617 0.436439 0.0703503
9.9955E-05 9.9955E-05 0.680171 0.0761625 9.9955E-05 0.13293 9.9955E-05 0.110237 9.9955E-05
0.00519361 9.9964E-05 9.9964E-05 0.441968 0.407293 9.9964E-05 0.0168876 0.128257 9.9964E-05
9.9946E-05 9.9946E-05 9.9946E-05 9.9946E-05 9.9946E-05 9.9946E-05 0.00535505 0.965062 0.0289833
0.0220128 9.9982E-05 0.164845 0.0721521 9.9982E-05 0.244641 0.0307706 0.0788259 0.386553
9.9937E-05 0.111667 9.9937E-05 9.9937E-05 9.9937E-05 9.9937E-05 9.9937E-05 0.887634 9.9937E-05
9.9955E-05 0.387713 0.266894 9.9955E-05 9.9955E-05 0.211555 9.9955E-05 0.133338 9.9955E-05
9.9955E-05 0.592034 9.9955E-05 9.9955E-05 0.00500443 0.221387 9.9955E-05 0.181075 9.9955E-05
0.887633 9.99461E-05 9.99461E-05 9.99461E-05 0.0111718 0.100596 9.99461E-05 9.99461E-05 9.99461E-05
0.0271306 9.9955E-05 0.202668 9.9955E-05 9.9955E-05 0.573759 9.9955E-05 0.195943 9.9955E-05
0.00121413 0.0441984 0.266885 0.0351309 9.9991E-05 0.283083 0.000946444 0.151187 0.217255
9.9955E-05 0.0198094 9.9955E-05 9.9955E-05 0.00721499 0.0940058 9.9955E-05 0.87847 9.9955E-05
9.9946E-05 0.0677646 9.9946E-05 9.9946E-05 9.9946E-05 0.195906 9.9946E-05 0.73573 9.9946E-05
9.9937E-05 9.9937E-05 9.9937E-05 9.9937E-05 9.9937E-05 0.026432 9.9937E-05 0.972868 9.9937E-05
9.9955E-05 0.30054 9.9955E-05 0.667084 9.9955E-05 9.9955E-05 9.9955E-05 0.0276875 0.00418845
9.9946E-05 9.9946E-05 9.9946E-05 0.00255445 9.9946E-05 9.9946E-05 9.9946E-05 0.953713 0.0431328
9.9937E-05 9.9937E-05 9.9937E-05 9.9937E-05 9.9937E-05 9.9937E-05 9.9937E-05 0.956643 0.0426576
9.9964E-05 9.9964E-05 0.0597125 0.379981 9.9964E-05 9.9964E-05 0.00496283 0.175798 0.379146
0.00679679 9.9946E-05 9.9946E-05 0.00711352 9.9946E-05 9.9946E-05 9.9946E-05 0.98549 9.9946E-05
9.9973E-05 9.9973E-05 0.0924376 0.0577794 9.9973E-05 0.290512 0.0152159 0.163641 0.380114
9.9937E-05 9.9937E-05 9.9937E-05 9.9937E-05 9.9937E-05 0.501214 9.9937E-05 0.498086 9.9937E-05
9.9964E-05 0.623304 0.147163 0.046036 9.9964E-05 9.9964E-05 0.0277833 9.9964E-05 0.155313
0.00356589 0.139616 0.39931 0.282933 0.00936207 9.9973E-05 9.9973E-05 9.9973E-05 0.164913
0.0374463 0.177482 9.9973E-05 0.00870461 9.9973E-05 0.601043 9.9973E-05 0.042779 0.132246
0.0139035 0.0359243 9.9982E-05 0.287733 9.9982E-05 0.029818 0.00947128 0.143133 0.479817
0.0184372 9.9964E-05 0.00608866 9.9964E-05 9.9964E-05 9.9964E-05 0.00772562 0.955361 0.0119876
9.9946E-05 0.0491205 9.9946E-05 9.9946E-05 9.9946E-05 0.176807 9.9946E-05 0.773473 9.9946E-05
9.9955E-05 9.9955E-05 9.9955E-05 0.0176091 9.9955E-05 0.267688 0.00239747 0.711806 9.9955E-05
9.9973E-05 0.0862718 9.9973E-05 0.0189198 0.033837 0.158503 9.9973E-05 0.697196 0.00497296
9.993E-05 9.993E-05 9.993E-05 9.993E-05 0.999201 9.993E-05 9.993E-05 9.993E-05 9.993E-05
9.9955E-05 9.9955E-05 0.0427165 9.9955E-05 9.9955E-05 0.0295266 9.9955E-05 0.849379 0.0778783
9.9946E-05 0.0497969 9.9946E-05 9.9946E-05 9.9946E-05 0.0828058 9.9946E-05 0.866798 9.9946E-05
9.993E-05 9.993E-05 9.993E-05 9.993E-05 0.999201 9.993E-05 9.993E-05 9.993E-05 9.993E-05
9.99459E-05 0.0340169 9.99459E-05 9.99459E-05 9.99459E-05 0.421976 9.99459E-05 0.543407 9.99459E-05
9.9955E-05 0.235613 0.124599 9.9955E-05 9.9955E-05 0.292214 9.9955E-05 0.347075 9.9955E-05
9.99369E-05 9.99369E-05 9.99369E-05 9.99369E-05 9.99369E-05 0.384261 9.99369E-05 0.61504 9.99369E-05
9.9946E-05 0.231932 9.9946E-05 9.9946E-05 9.9946E-05 0.269534 9.9946E-05 0.497934 9.9946E-05
9.99459E-05 9.99459E-05 9.99459E-05 0.558754 0.0211028 9.99459E-05 9.99459E-05 0.419543 9.99459E-05
0.0477202 0.510495 9.9982E-05 0.109204 0.00513049 0.0720706 9.9982E-05 0.24749 0.00768994
0.0254497 9.99549E-05 9.99549E-05 0.228993 9.99549E-05 9.99549E-05 0.0115009 0.733557 9.99549E-05
9.9946E-05 9.9946E-05 9.9946E-05 9.9946E-05 0.00146056 0.119605 9.9946E-05 0.878335 9.9946E-05
9.9982E-05 0.00122164 0.00798128 0.00766975 0.00369849 9.9982E-05 0.00192096 0.972386 0.00492145
0.00722497 0.0671224 9.9991E-05 0.0064399 0.00395986 0.216222 0.000494765 0.696177 0.00225904
9.9946E-05 0.0585425 9.9946E-05 9.9946E-05 9.9946E-05 0.236649 9.9946E-05 0.704209 9.9946E-05
9.9955E-05 9.9955E-05 0.00290036 0.0081513 9.9955E-05 0.0630468 9.9955E-05 0.925402 9.9955E-05
0.838779 9.99641E-05 0.0426098 0.0266915 9.99641E-05 9.99641E-05 0.0139493 9.99641E-05 0.0775707
9.9946E-05 9.9946E-05 0.040739 9.9946E-05 9.9946E-05 9.9946E-05 0.0110217 0.94764 9.9946E-05
0.016699 0.191625 9.9973E-05 0.225421 9.9973E-05 0.451921 0.0113795 0.102654 9.9973E-05
9.9955E-05 0.00515521 0.0252039 9.9955E-05 0.0173401 9.9955E-05 9.9955E-05 0.951801 9.9955E-05
9.9946E-05 9.9946E-05 9.9946E-05 9.9946E-05 9.9946E-05 9.9946E-05 0.00872159 0.979221 0.0114581
9.9946E-05 0.130834 9.9946E-05 9.9946E-05 9.9946E-05 0.257202 9.9946E-05 0.611364 9.9946E-05
9.9955E-05 0.0511779 0.0279886 9.9955E-05 9.9955E-05 0.317445 9.9955E-05 0.602889 9.9955E-05
9.9955E-05 0.418008 0.359383 9.9955E-05 9.9955E-05 9.9955E-05 9.9955E-05 0.104424 0.117686
9.993E-05 9.993E-05 9.993E-05 9.993E-05 0.999201 9.993E-05 9.993E-05 9.993E-05 9.993E-05
0.00740578 9.9964E-05 9.9964E-05 0.177166 9.9964E-05 0.667426 9.9964E-05 0.0218061 0.125796
0.0268003 9.99549E-05 9.99549E-05 0.170002 9.99549E-05 9.99549E-05 0.0114125 0.791285 9.99549E-05
0.0166729 9.9964E-05 9.9964E-05 9.9964E-05 0.00576968 0.238964 0.00479142 0.733402 9.9964E-05
0.027624 9.9946E-05 9.9946E-05 0.00732512 9.9946E-05 9.9946E-05 9.9946E-05 0.964451 9.9946E-05
9.9946E-05 9.9946E-05 9.9946E-05 9.9946E-05 9.9946E-05 9.9946E-05 0.00131616 0.993537 0.00454754
9.9955E-05 9.9955E-05 9.9955E-05 9.9955E-05 0.0266536 9.9955E-05 0.0116896 0.921859 0.0392978
9.9964E-05 0.00301063 0.0143518 9.9964E-05 0.00371218 9.9964E-05 0.00371341 0.974812 9.9964E-05
9.9955E-05 0.455674 0.262993 0.165003 9.9955E-05 9.9955E-05 9.9955E-05 0.115829 9.9955E-05
9.9955E-05 9.9955E-05 0.028071 9.9955E-05 9.9955E-05 0.0348434 9.9955E-05 0.930462 0.0061238
0.692414 9.99551E-05 0.0800197 0.220635 0.00643186 9.99551E-05 9.99551E-05 9.99551E-05 9.99551E-05
0.0117246 0.19652 9.9955E-05 9.9955E-05 9.9955E-05 0.295856 9.9955E-05 0.495399 9.9955E-05
0.00395988 0.0186956 9.9964E-05 9.9964E-05 0.00892729 0.0754458 9.9964E-05 0.892571 9.9964E-05
0.0458865 9.9973E-05 0.0322937 0.458072 0.382619 9.9973E-05 0.0560691 0.0247598 9.9973E-05
9.9946E-05 9.9946E-05 9.9946E-05 0.616999 0.0277581 9.9946E-05 9.9946E-05 0.354643 9.9946E-05
9.99639E-05 9.99639E-05 9.99639E-05 0.208493 0.00191277 0.446534 9.99639E-05 0.20719 0.13547
9.9973E-05 0.063019 9.9973E-05 0.0261958 0.000653702 0.163287 0.0084258 0.738119 9.9973E-05
0.0075203 9.9955E-05 9.9955E-05 0.0213079 9.9955E-05 9.9955E-05 9.9955E-05 0.963776 0.0068957
9.993E-05 9.993E-05 9.993E-05 9.993E-05 9.993E-05 9.993E-05 0.999201 9.993E-05 9.993E-05
9.99549E-05 0.18838 9.99549E-05 9.99549E-05 0.00657306 0.323333 9.99549E-05 0.481214 9.99549E-05
9.99459E-05 0.231056 9.99459E-05 9.99459E-05 9.99459E-05 0.248427 9.99459E-05 0.519917 9.99459E-05
9.9946E-05 0.691812 0.125098 9.9946E-05 9.9946E-05 9.9946E-05 9.9946E-05 0.182491 9.9946E-05
0.0028331 9.9973E-05 0.128534 9.9973E-05 9.9973E-05 0.676675 0.00257544 0.0129345 0.176147
9.9955E-05 9.9955E-05 0.493809 9.9955E-05 9.9955E-05 0.410352 9.9955E-05 0.0317145 0.0636242
0.00430036 9.9946E-05 9.9946E-05 0.00846719 9.9946E-05 9.9946E-05 9.9946E-05 0.986633 9.9946E-05
9.9937E-05 9.9937E-05 9.9937E-05 9.9937E-05 9.9937E-05 0.550428 9.9937E-05 0.448872 9.9937E-05
9.9937E-05 9.9937E-05 9.9937E-05 9.9937E-05 9.9937E-05 0.153617 9.9937E-05 0.845683 9.9937E-05
9.9946E-05 0.352039 9.9946E-05 9.9946E-05 9.9946E-05 0.343259 9.9946E-05 0.304103 9.9946E-05
9.9964E-05 9.9964E-05 0.054504 0.60071 9.9964E-05 0.0392507 9.9964E-05 0.0765574 0.228578
0.00695656 9.9955E-05 9.9955E-05 0.0171662 9.9955E-05 9.9955E-05 9.9955E-05 0.954662 0.0207156
0.0507667 0.710725 9.9955E-05 9.9955E-05 9.9955E-05 9.9955E-05 9.9955E-05 0.179391 0.0586178
9.9964E-05 9.9964E-05 9.9964E-05 0.00102468 0.0228511 0.64651 9.9964E-05 0.132357 0.196857
0.863033 9.99461E-05 9.99461E-05 9.99461E-05 0.0213417 9.99461E-05 9.99461E-05 9.99461E-05 0.115026
9.9937E-05 0.0772982 9.9937E-05 9.9937E-05 9.9937E-05 9.9937E-05 9.9937E-05 0.922002 9.9937E-05
9.993E-05 9.993E-05 9.993E-05 9.993E-05 9.993E-05 9.993E-05 9.993E-05 0.999201 9.993E-05
9.9955E-05 9.9955E-05 0.346382 9.9955E-05 0.00783055 0.479944 9.9955E-05 9.9955E-05 0.165343
9.9937E-05 9.9937E-05 9.9937E-05 9.9937E-05 0.99859 9.9937E-05 9.9937E-05 0.000710722 9.9937E-05
9.99459E-05 9.99459E-05 0.856907 9.99459E-05 0.00218858 0.140305 9.99459E-05 9.99459E-05 9.99459E-05
0.018157 0.236723 9.9946E-05 9.9946E-05 9.9946E-05 9.9946E-05 9.9946E-05 0.74452 9.9946E-05
0.0367959 9.9964E-05 9.9964E-05 0.0168697 9.9964E-05 9.9964E-05 0.00512335 0.93646 0.00435166
9.9955E-05 0.495378 0.28367 9.9955E-05 9.9955E-05 0.150289 9.9955E-05 0.070163 9.9955E-05
9.993E-05 9.993E-05 9.993E-05 9.993E-05 0.999201 9.993E-05 9.993E-05 9.993E-05 9.993E-05
0.655106 9.9955E-05 9.9955E-05 0.325998 0.0179611 9.9955E-05 0.000435812 9.9955E-05 9.9955E-05
9.9964E-05 0.240408 0.017382 9.9964E-05 9.9964E-05 0.0912658 9.9964E-05 0.641797 0.00874731
9.9937E-05 9.9937E-05 9.9937E-05 9.9937E-05 9.9937E-05 0.304538 9.9937E-05 0.694762 9.9937E-05
9.9964E-05 0.00729717 0.167652 9.9964E-05 9.9964E-05 0.631524 9.9964E-05 0.0698147 0.123312
0.0308269 9.9946E-05 9.9946E-05 9.9946E-05 9.9946E-05 0.0156355 9.9946E-05 0.952938 9.9946E-05
9.9982E-05 0.0287176 0.330847 0.242948 0.0431911 0.0479379 9.9982E-05 0.0654697 0.240689
0.126971 0.00077403 0.0228919 0.253369 0.504267 9.9973E-05 0.0914274 9.9973E-05 9.9973E-05
0.04266 9.9955E-05 9.9955E-05 9.9955E-05 9.9955E-05 0.108461 0.00811094 0.840269 9.9955E-05
9.99549E-05 0.148473 0.0504021 9.99549E-05 9.99549E-05 0.33996 9.99549E-05 0.460665 9.99549E-05
0.991179 9.9937E-05 9.9937E-05 9.9937E-05 9.9937E-05 9.9937E-05 9.9937E-05 0.00812095 9.9937E-05
9.9955E-05 9.9955E-05 0.0333001 9.9955E-05 0.00514792 0.138025 9.9955E-05 0.823027 9.9955E-05
9.99459E-05 0.415619 9.99459E-05 9.99459E-05 9.99459E-05 0.248546 9.99459E-05 0.335236 9.99459E-05
9.9946E-05 0.0317394 9.9946E-05 9.9946E-05 9.9946E-05 0.189916 9.9946E-05 0.777745 9.9946E-05
9.9946E-05 9.9946E-05 0.775418 9.9946E-05 9.9946E-05 9.9946E-05 0.00502288 0.21896 9.9946E-05
9.9991E-05 0.163553 0.181511 0.00775579 0.0144219 0.285969 0.00329731 0.180862 0.162531
9.9955E-05 9.9955E-05 0.158085 0.293735 9.9955E-05 0.461503 9.9955E-05 9.9955E-05 0.0861776
9.99459E-05 0.0708759 0.399364 0.529161 9.99459E-05 9.99459E-05 9.99459E-05 9.99459E-05 9.99459E-05
0.00535764 0.0472894 9.9955E-05 9.9955E-05 9.9955E-05 0.431176 9.9955E-05 0.515678 9.9955E-05
0.00568869 9.9955E-05 9.9955E-05 9.9955E-05 0.0112489 0.165145 9.9955E-05 0.817418 9.9955E-05
0.0154638 0.027872 9.9964E-05 9.9964E-05 0.0249222 0.339469 9.9964E-05 0.591874 9.9964E-05
9.9955E-05 9.9955E-05 0.0340985 0.0578305 0.851327 9.9955E-05 0.0562444 9.9955E-05 9.9955E-05
0.0212374 0.0239941 0.0116 0.0513213 9.9964E-05 9.9964E-05 9.9964E-05 0.891447 9.9964E-05
0.00539984 0.0248973 9.9955E-05 9.9955E-05 0.961702 9.9955E-05 0.00750093 9.9955E-05 9.9955E-05
0.00706669 0.046016 9.9955E-05 9.9955E-05 9.9955E-05 0.342259 9.9955E-05 0.604159 9.9955E-05
0.963283 9.99369E-05 9.99369E-05 9.99369E-05 9.99369E-05 9.99369E-05 9.99369E-05 0.0360171 9.99369E-05
0.000299079 0.22248 0.478926 9.99549E-05 9.99549E-05 0.297796 9.99549E-05 9.99549E-05 9.99549E-05
9.9973E-05 0.105921 0.581944 0.0192994 9.9973E-05 9.9973E-05 0.00937773 0.119295 0.163863
0.0309485 0.285291 0.470422 0.027257 9.9982E-05 0.0746085 0.0227509 0.0885227 9.9982E-05
0.0175766 9.9946E-05 9.9946E-05 9.9946E-05 9.9946E-05 0.559304 9.9946E-05 0.42252 9.9946E-05
9.9973E-05 9.9973E-05 0.0293426 0.0435357 0.0200057 0.403897 9.9973E-05 0.154399 0.34852
0.00630013 9.9955E-05 9.9955E-05 0.0161428 9.9955E-05 0.0377473 9.9955E-05 0.93931 9.9955E-05
0.0212499 0.209889 0.0623547 0.00388482 9.9982E-05 0.368269 0.001853 0.332299 9.9982E-05
9.99369E-05 9.99369E-05 9.99369E-05 0.773974 9.99369E-05 9.99369E-05 9.99369E-05 0.225327 9.99369E-05
9.9973E-05 9.9973E-05 9.9973E-05 0.0235874 0.0115349 0.185135 0.00124417 0.672032 0.106166
9.9964E-05 0.0396297 9.9964E-05 0.0658874 9.9964E-05 0.130291 0.0101724 0.75362 9.9964E-05
0.965765 9.99459E-05 9.99459E-05 9.99459E-05 0.00794969 9.99459E-05 9.99459E-05 0.0256853 9.99459E-05
0.0444233 0.143661 9.9964E-05 0.405143 9.9964E-05 9.9964E-05 9.9964E-05 0.0864836 0.31989
0.987078 9.99371E-05 0.0122227 9.99371E-05 9.99371E-05 9.99371E-05 9.99371E-05 9.99371E-05 9.99371E-05
9.9946E-05 0.138736 9.9946E-05 9.9946E-05 9.9946E-05 0.239125 9.9946E-05 0.62154 9.9946E-05
0.0369896 0.00687367 9.9964E-05 0.728239 9.9964E-05 0.166893 9.9964E-05 0.0606044 9.9964E-05
0.0239456 0.00758666 9.9973E-05 0.609874 9.9973E-05 0.00689722 9.9973E-05 0.183233 0.168164
9.9955E-05 9.9955E-05 0.0214616 9.9955E-05 0.0189625 0.28611 9.9955E-05 0.672966 9.9955E-05
9.994E-05 9.994E-05 0.00265127 9.994E-05 9.994E-05 0.0236262 9.994E-05 0.973123 9.994E-05
0.00728966 9.9946E-05 9.9946E-05 9.9946E-05 0.990127 0.00198365 9.9946E-05 9.9946E-05 9.9946E-05
0.0458367 9.99549E-05 0.223124 0.479651 9.99549E-05 9.99549E-05 9.99549E-05 9.99549E-05 0.250888
9.9955E-05 9.9955E-05 9.9955E-05 0.00271855 0.00310336 0.365836 9.9955E-05 0.627842 9.9955E-05
0.403499 9.99639E-05 9.99639E-05 0.491569 0.0235782 9.99639E-05 0.00830114 0.0726524 9.99639E-05
0.00888682 9.9964E-05 9.9964E-05 0.0331244 0.00762252 9.9964E-05 9.9964E-05 0.942887 0.00707975
9.993E-05 9.993E-05 9.993E-05 9.993E-05 9.993E-05 9.993E-05 0.999201 9.993E-05 9.993E-05
9.9964E-05 0.0512199 9.9964E-05 0.0783782 0.00638756 0.0499743 9.9964E-05 0.81364 9.9964E-05
9.9955E-05 9.9955E-05 9.9955E-05 0.309102 0.0222572 9.9955E-05 0.597342 0.0707988 9.9955E-05
0.00832822 0.361358 0.413374 9.9982E-05 0.0146464 0.149971 0.00424654 0.0478765 9.9982E-05
9.9955E-05 9.9955E-05 9.9955E-05 0.0027963 9.9955E-05 9.9955E-05 0.00654567 0.960559 0.0295997
9.9946E-05 9.9946E-05 9.9946E-05 9.9946E-05 9.9946E-05 9.9946E-05 0.00193004 0.984138 0.0133323
9.99549E-05 9.99549E-05 0.0547495 9.99549E-05 9.99549E-05 9.99549E-05 0.0110995 0.178639 0.755013
9.99623E-05 9.99623E-05 9.99623E-05 0.0628901 0.00640357 9.99623E-05 9.99623E-05 0.905578 0.0246285
0.974965 9.99371E-05 0.0243357 9.99371E-05 9.99371E-05 9.99371E-05 9.99371E-05 9.99371E-05 9.99371E-05
0.00144633 9.9955E-05 9.9955E-05 9.9955E-05 0.00942141 9.9955E-05 9.9955E-05 0.978176 0.0104566
9.993E-05 9.993E-05 9.993E-05 9.993E-05 9.993E-05 9.993E-05 0.999201 9.993E-05 9.993E-05
9.9946E-05 0.00774074 9.9946E-05 0.00022607 9.9946E-05 9.9946E-05 9.9946E-05 0.991434 9.9946E-05
0.0163339 0.534696 9.9982E-05 0.0674962 9.9982E-05 0.23478 0.00142151 0.0860808 0.0589907
9.9982E-05 0.473436 0.00224818 9.9982E-05 0.0164049 0.155857 0.00763043 0.278484 0.06574
9.9964E-05 0.206305 0.1821 0.556203 9.9964E-05 0.00611696 9.9964E-05 9.9964E-05 0.0488754
0.000656163 9.9982E-05 9.9982E-05 0.211551 0.017687 0.255751 0.00964709 0.226639 0.277869
9.99639E-05 0.0991438 9.99639E-05 0.386052 0.0481784 9.99639E-05 9.99639E-05 0.115558 0.350668
9.9937E-05 9.9937E-05 9.9937E-05 9.9937E-05 0.00141093 9.9937E-05 9.9937E-05 0.99789 9.9937E-05
0.0413151 0.248133 0.0389854 9.9973E-05 9.9973E-05 0.395398 9.9973E-05 0.239288 0.0365802
0.00056202 0.00899003 9.9964E-05 9.9964E-05 9.9964E-05 0.0998064 0.000277924 0.889964 9.9964E-05
0.0374205 0.540847 9.9973E-05 0.240448 0.0230804 0.0357163 9.9973E-05 0.122188 9.9973E-05
9.9946E-05 9.9946E-05 0.715226 0.233643 9.9946E-05 0.0505314 9.9946E-05 9.9946E-05 9.9946E-05
0.00233611 0.0953509 9.9964E-05 0.0507807 9.9964E-05 9.9964E-05 0.00603352 0.845099 9.9964E-05
9.9955E-05 0.153065 9.9955E-05 9.9955E-05 0.00722161 0.494337 9.9955E-05 0.344876 9.9955E-05
0.00304654 0.0353732 9.9964E-05 9.9964E-05 0.00640676 0.335289 9.9964E-05 0.619484 9.9964E-05
9.9955E-05 9.9955E-05 0.0115092 0.00885695 9.9955E-05 9.9955E-05 9.9955E-05 0.938529 0.0406051
0.0295713 9.9955E-05 9.9955E-05 0.622448 9.9955E-05 9.9955E-05 0.0127557 0.334725 9.9955E-05
9.9973E-05 0.363701 9.9973E-05 0.0509388 0.00366044 0.164441 9.9973E-05 0.277007 0.139952
9.9982E-05 0.345412 9.9982E-05 0.197599 0.00435845 0.0972518 0.0153873 0.311467 0.0283255
0.0284317 9.9964E-05 0.0228188 9.9964E-05 0.0140793 9.9964E-05 0.88636 9.9964E-05 0.0479107
0.000504508 9.9964E-05 9.9964E-05 0.0261564 0.00125471 9.9964E-05 9.9964E-05 0.927607 0.0440772
9.9937E-05 9.9937E-05 9.9937E-05 0.0330373 9.9937E-05 9.9937E-05 9.9937E-05 0.966263 9.9937E-05
9.9964E-05 0.0935404 9.9964E-05 9.9964E-05 0.00471463 0.0417474 0.0017193 0.857878 9.9964E-05
0.976278 9.99369E-05 9.99369E-05 9.99369E-05 9.99369E-05 9.99369E-05 9.99369E-05 0.0230222 9.99369E-05
9.9964E-05 0.225207 9.9964E-05 0.027669 9.9964E-05 0.0816202 0.0106271 0.654477 9.9964E-05
9.9946E-05 9.9946E-05 9.9946E-05 0.115165 9.9946E-05 9.9946E-05 9.9946E-05 0.186784 0.697451
0.00828579 0.0834861 0.20681 0.0359721 0.00578184 0.324601 9.9982E-05 0.334863 9.9982E-05
9.9937E-05 9.9937E-05 9.9937E-05 0.0322645 9.9937E-05 9.9937E-05 9.9937E-05 0.967036 9.9937E-05
0.015537 9.9964E-05 9.9964E-05 0.0158327 9.9964E-05 0.0520479 9.9964E-05 0.844092 0.0720901
9.9937E-05 9.9937E-05 0.0077357 9.9937E-05 9.9937E-05 9.9937E-05 9.9937E-05 0.991565 9.9937E-05
9.99549E-05 9.99549E-05 9.99549E-05 0.0101367 0.0432465 9.99549E-05 9.99549E-05 0.217932 0.728185
0.0465218 9.9964E-05 9.9964E-05 0.138349 0.0316351 9.9964E-05 0.769199 9.9964E-05 0.0138945
9.99459E-05 9.99459E-05 0.164026 0.406113 9.99459E-05 9.99459E-05 9.99459E-05 9.99459E-05 0.429261
9.9964E-05 0.0828291 0.0932946 9.9964E-05 0.0171864 0.34925 9.9964E-05 0.45704 9.9964E-05
9.9946E-05 9.9946E-05 9.9946E-05 0.0448042 0.00607844 9.9946E-05 0.948518 9.9946E-05 9.9946E-05
0.0248263 0.306819 9.9973E-05 0.0739105 9.9973E-05 0.0315082 0.00858976 0.554046 9.9973E-05
9.99549E-05 0.310121 0.29629 9.99549E-05 9.99549E-05 0.151012 9.99549E-05 0.242078 9.99549E-05
0.0183352 9.9982E-05 0.0247492 0.0667087 0.00761262 9.9982E-05 0.000555784 0.880157 0.00168181
9.9946E-05 0.00737445 9.9946E-05 9.9946E-05 0.00360432 9.9946E-05 9.9946E-05 0.988422 9.9946E-05
9.9955E-05 9.9955E-05 9.9955E-05 9.9955E-05 0.0139967 9.9955E-05 0.00120487 0.944073 0.0402253
9.9955E-05 0.372209 9.9955E-05 0.137268 9.9955E-05 9.9955E-05 9.9955E-05 0.422224 0.0677994
0.952023 9.99369E-05 9.99369E-05 9.99369E-05 9.99369E-05 9.99369E-05 9.99369E-05 0.0472775 9.99369E-05
9.9937E-05 9.9937E-05 9.9937E-05 9.9937E-05 9.9937E-05 0.0417206 9.9937E-05 0.95758 9.9937E-05
9.9964E-05 0.0255364 0.384654 9.9964E-05 9.9964E-05 0.160125 9.9964E-05 0.0583873 0.370897
9.9964E-05 0.0872318 0.0228161 0.0070218 9.9964E-05 0.554844 9.9964E-05 0.327687 9.9964E-05
0.96848 9.9955E-05 9.9955E-05 9.9955E-05 9.9955E-05 0.00201899 0.0115054 0.0174961 9.9955E-05
9.99639E-05 0.013073 0.0912163 9.99639E-05 9.99639E-05 0.0652208 9.99639E-05 0.101521 0.728569
9.9964E-05 0.0724541 9.9964E-05 0.880971 9.9964E-05 0.0238958 0.00612476 0.0161545 9.9964E-05
0.0310402 0.295866 0.116654 0.218208 9.9982E-05 0.26509 9.9982E-05 0.0514655 0.0214758
0.912256 9.9946E-05 9.9946E-05 9.9946E-05 9.9946E-05 0.0222457 9.9946E-05 0.0648986 9.9946E-05
9.9955E-05 0.0265624 0.0786165 9.9955E-05 9.9955E-05 0.492579 9.9955E-05 0.401742 9.9955E-05
9.99369E-05 9.99369E-05 9.99369E-05 9.99369E-05 0.000978816 9.99369E-05 0.998322 9.99369E-05 9.99369E-05
9.99639E-05 0.0865741 9.99639E-05 9.99639E-05 0.00167602 0.438509 0.0071912 0.46565 9.99639E-05
9.9955E-05 0.0446921 9.9955E-05 9.9955E-05 0.0130744 0.0640498 9.9955E-05 0.877684 9.9955E-05
9.993E-05 9.993E-05 9.993E-05 9.993E-05 9.993E-05 9.993E-05 0.999201 9.993E-05 9.993E-05
9.9937E-05 9.9937E-05 9.9937E-05 9.9937E-05 9.9937E-05 0.182969 9.9937E-05 0.816332 9.9937E-05
0.0156261 0.0162711 0.021287 0.0468666 0.89517 0.0015762 0.00300299 9.9982E-05 9.9982E-05
9.9964E-05 0.794705 9.9964E-05 0.0131953 0.000138268 0.0466641 9.9964E-05 0.144897 9.9964E-05
0.019345 9.9955E-05 9.9955E-05 0.0467633 9.9955E-05 0.0459044 9.9955E-05 0.887487 9.9955E-05
0.0551729 9.9964E-05 9.9964E-05 0.111074 9.9964E-05 9.9964E-05 0.01891 0.18271 0.631733
9.9964E-05 9.9964E-05 0.0418752 0.0626178 9.9964E-05 0.267081 0.00645137 0.621575 9.9964E-05
9.9946E-05 9.9946E-05 9.9946E-05 0.0708964 0.00557663 9.9946E-05 0.922927 9.9946E-05 9.9946E-05
9.9973E-05 0.367057 0.0398518 9.9973E-05 9.9973E-05 0.239916 0.0155016 0.221306 0.116067
