0.0951096 9.9982E-05 9.9982E-05 0.700501 0.000918419 0.0136539 0.189617
9.9955E-05 0.0422691 9.9955E-05 0.957231 9.9955E-05 9.9955E-05 9.9955E-05
9.9973E-05 0.0031197 9.9973E-05 0.980089 0.0113143 9.9973E-05 0.00517681
9.9982E-05 0.0500664 0.00293716 0.665982 9.9982E-05 0.0129883 0.267826
0.242909 0.189482 9.9991E-05 0.204578 0.0346397 0.00478583 0.323506
0.0933095 0.62132 9.9991E-05 0.259201 0.0124171 0.0130432 0.000609449
0.635514 0.231532 9.9964E-05 0.132555 9.9964E-05 9.9964E-05 9.9964E-05
9.9964E-05 0.356047 9.9964E-05 9.9964E-05 0.0137562 9.9964E-05 0.629797
9.9991E-05 0.00622981 0.0174182 0.942402 0.00594441 0.0128353 0.0150702
9.9955E-05 9.9955E-05 9.9955E-05 0.811488 9.9955E-05 9.9955E-05 0.188012
0.127249 0.0448272 9.9991E-05 0.248259 0.00672745 0.0164067 0.55643
0.626357 9.99683E-05 9.99683E-05 0.111113 9.99683E-05 9.99683E-05 0.262131
0.140632 0.0511306 9.9973E-05 0.261932 9.9973E-05 9.9973E-05 0.546005
9.99639E-05 0.788914 9.99639E-05 0.165542 9.99639E-05 9.99639E-05 0.0451437
9.9964E-05 9.9964E-05 0.00267956 0.559838 9.9964E-05 9.9964E-05 0.437083
0.296773 0.160547 0.0105291 0.524955 9.9982E-05 0.0069964 9.9982E-05
0.728182 9.9964E-05 9.9964E-05 0.142092 9.9964E-05 9.9964E-05 0.129326
9.9982E-05 0.297534 0.0328048 0.228108 0.0154371 0.425916 9.9982E-05
9.9964E-05 0.0251114 0.00433772 0.970151 9.9964E-05 9.9964E-05 9.9964E-05
0.0462423 0.392568 0.0236741 0.0747801 0.0191697 9.9991E-05 0.443466
0.0639651 9.9964E-05 0.00692565 0.928709 9.9964E-05 9.9964E-05 9.9964E-05
0.372112 9.9973E-05 9.9973E-05 0.204096 0.0027628 9.9973E-05 0.420729
0.13688 0.0185918 9.9991E-05 0.317639 0.0238987 0.000241921 0.502649
9.9973E-05 0.0245649 9.9973E-05 9.9973E-05 0.875638 0.0212073 0.0782899
9.9973E-05 9.9973E-05 0.00248808 0.338592 0.0319222 9.9973E-05 0.626698
9.9964E-05 0.306222 9.9964E-05 0.131787 9.9964E-05 9.9964E-05 0.561591
0.00244187 9.9982E-05 9.9982E-05 0.95112 0.00229733 0.00723469 0.0367066
0.0289037 9.9964E-05 9.9964E-05 0.82244 9.9964E-05 9.9964E-05 0.148256
9.995E-05 9.995E-05 9.995E-05 0.9994 9.995E-05 9.995E-05 9.995E-05
0.128844 0.595411 9.9982E-05 0.197904 0.00285857 9.9982E-05 0.0747818
9.9964E-05 0.0399561 0.00450871 0.955135 9.9964E-05 9.9964E-05 9.9964E-05
9.9955E-05 0.0208892 9.9955E-05 0.978611 9.9955E-05 9.9955E-05 9.9955E-05
9.9964E-05 0.70439 9.9964E-05 0.132755 9.9964E-05 9.9964E-05 0.162455
9.9955E-05 0.0150551 9.9955E-05 0.984445 9.9955E-05 9.9955E-05 9.9955E-05
0.362263 0.235975 0.0122742 0.204253 9.9982E-05 9.9982E-05 0.185035
9.9955E-05 9.9955E-05 9.9955E-05 0.638043 9.9955E-05 9.9955E-05 0.361457
0.908305 9.9964E-05 0.0394042 0.0518907 9.9964E-05 9.9964E-05 9.9964E-05
0.217666 0.486286 9.9973E-05 9.9973E-05 0.00841232 9.9973E-05 0.287336
0.174495 0.0281337 0.00203528 0.232455 0.0423622 9.9991E-05 0.520419
0.143874 0.629561 0.0107904 0.133908 0.00490654 9.9991E-05 0.0768594
9.9973E-05 0.0133833 0.00918619 0.96669 0.0104405 9.9973E-05 9.9973E-05
0.00907652 9.9964E-05 9.9964E-05 0.832913 9.9964E-05 9.9964E-05 0.157611
9.9973E-05 9.9973E-05 0.00738433 0.807453 0.00299167 9.9973E-05 0.181871
0.0336307 0.0371127 9.9982E-05 0.770315 9.9982E-05 0.029378 0.129363
9.995E-05 9.995E-05 9.995E-05 9.995E-05 9.995E-05 0.9994 9.995E-05
0.107931 0.0105861 9.9964E-05 0.881083 9.9964E-05 9.9964E-05 9.9964E-05
9.9955E-05 9.9955E-05 9.9955E-05 0.918951 9.9955E-05 9.9955E-05 0.080549
9.995E-05 9.995E-05 9.995E-05 9.995E-05 9.995E-05 0.9994 9.995E-05
9.99549E-05 9.99549E-05 9.99549E-05 0.674096 9.99549E-05 9.99549E-05 0.325404
0.227198 9.9973E-05 0.00547482 0.453963 9.9973E-05 9.9973E-05 0.313064
9.9964E-05 9.9964E-05 0.00151703 0.727862 9.9964E-05 9.9964E-05 0.270221
0.0687868 9.997E-05 9.997E-05 0.596787 0.00733589 9.997E-05 0.326791
9.9982E-05 0.398103 0.0114442 0.543114 0.0132045 0.0339347 9.9982E-05
0.290487 0.0854508 9.9991E-05 0.340638 0.0597688 0.00927589 0.21428
9.9973E-05 0.155368 0.0233064 0.78377 0.0372554 9.9973E-05 9.9973E-05
9.9964E-05 9.9964E-05 9.9964E-05 0.930171 9.9964E-05 0.00347833 0.0659506
0.00311683 0.0198097 0.00799431 0.965913 9.9982E-05 0.00296584 9.9982E-05
0.0400081 9.9973E-05 9.9973E-05 0.773106 9.9973E-05 0.00873162 0.177855
9.9955E-05 9.9955E-05 9.9955E-05 0.790307 9.9955E-05 9.9955E-05 0.209193
9.9964E-05 0.00361279 9.9964E-05 0.962609 9.9964E-05 9.9964E-05 0.0333779
0.0287799 0.128779 0.00557338 9.99731E-05 0.836568 9.99731E-05 9.99731E-05
0.0109095 9.99667E-05 0.0108797 0.977811 9.99667E-05 9.99667E-05 9.99667E-05
0.066942 0.144499 0.0259274 0.293522 0.0418809 9.999E-05 0.427129
0.054349 9.9964E-05 9.9964E-05 0.944202 9.9964E-05 0.00104908 9.9964E-05
9.9964E-05 0.0224737 0.00878365 0.968343 9.9964E-05 9.9964E-05 9.9964E-05
0.0330222 9.9964E-05 9.9964E-05 0.711401 9.9964E-05 9.9964E-05 0.255177
9.9955E-05 9.9955E-05 9.9955E-05 0.700326 9.9955E-05 9.9955E-05 0.299174
0.75529 9.9973E-05 0.00627644 0.139249 9.9973E-05 9.9973E-05 0.0988843
9.995E-05 9.995E-05 9.995E-05 9.995E-05 9.995E-05 0.9994 9.995E-05
9.9973E-05 0.219081 9.9973E-05 0.191566 0.0232895 9.9973E-05 0.565763
9.9982E-05 0.122985 0.0219118 0.820227 0.0309199 0.00375683 9.9982E-05
9.9982E-05 9.9982E-05 0.0059756 0.823092 0.0206245 0.000243206 0.149865
9.9973E-05 0.00874618 9.9973E-05 0.95998 0.030093 0.000881328 9.9973E-05
9.995E-05 9.995E-05 9.995E-05 0.9994 9.995E-05 9.995E-05 9.995E-05
9.9973E-05 0.0544515 0.00544695 0.910421 9.9973E-05 0.0293809 9.9973E-05
0.00285418 9.9982E-05 0.00165527 0.977545 9.9982E-05 0.00643417 0.0113113
0.603002 0.0842979 9.9973E-05 0.203507 9.9973E-05 9.9973E-05 0.108894
9.9955E-05 9.9955E-05 9.9955E-05 0.950967 9.9955E-05 9.9955E-05 0.0485327
0.128906 0.154808 9.9973E-05 9.9973E-05 0.692259 0.0237273 9.9973E-05
0.0555874 9.997E-05 9.997E-05 0.599656 0.0201977 9.997E-05 0.324259
9.9964E-05 9.9964E-05 9.9964E-05 0.936149 9.9964E-05 0.00468638 0.0587643
9.998E-05 0.350673 0.0645876 0.116348 0.0670926 0.401099 9.998E-05
9.9982E-05 0.483261 0.00325374 0.4667 0.00379162 0.0427931 9.9982E-05
9.9973E-05 0.283104 9.9973E-05 0.363839 9.9973E-05 0.00188667 0.350871
9.99786E-05 9.99786E-05 0.0106987 0.838517 9.99786E-05 0.0085067 0.141977
0.00703088 0.0234941 9.9973E-05 0.958303 0.010872 9.9973E-05 9.9973E-05
9.995E-05 9.995E-05 0.9994 9.995E-05 9.995E-05 9.995E-05 9.995E-05
0.0153042 9.9973E-05 9.9973E-05 0.599575 9.9973E-05 0.00658768 0.378233
0.0236509 9.9964E-05 9.9964E-05 0.637368 9.9964E-05 9.9964E-05 0.338581
0.377809 9.9964E-05 9.9964E-05 0.224948 9.9964E-05 9.9964E-05 0.396843
9.9982E-05 0.0938522 0.00587148 0.138966 0.0229685 9.9982E-05 0.738141
9.9964E-05 0.0989959 9.9964E-05 0.0949012 9.9964E-05 9.9964E-05 0.805703
9.9955E-05 9.9955E-05 9.9955E-05 0.998264 0.00123654 9.9955E-05 9.9955E-05
9.9955E-05 9.9955E-05 9.9955E-05 0.613969 9.9955E-05 9.9955E-05 0.385532
9.9973E-05 9.9973E-05 0.00441632 0.911417 9.9973E-05 0.000502848 0.083364
0.164993 9.9964E-05 9.9964E-05 0.449677 9.9964E-05 9.9964E-05 0.38493
9.9982E-05 0.733937 9.9982E-05 0.133404 0.00367624 0.00297395 0.125809
9.9964E-05 0.049783 9.9964E-05 0.948396 9.9964E-05 0.00142074 9.9964E-05
0.710921 9.9964E-05 9.9964E-05 0.254002 0.0346774 9.9964E-05 9.9964E-05
9.9973E-05 0.118976 9.9973E-05 0.29886 9.9973E-05 0.0184814 0.563383
0.0407638 0.0795202 9.9973E-05 9.9973E-05 0.857911 0.0215052 9.9973E-05
0.0456724 9.9955E-05 9.9955E-05 0.953828 9.9955E-05 9.9955E-05 9.9955E-05
9.995E-05 9.995E-05 9.995E-05 0.9994 9.995E-05 9.995E-05 9.995E-05
0.0204148 0.184729 9.9982E-05 0.00811192 9.9982E-05 0.0124035 0.774141
9.9955E-05 9.9955E-05 9.9955E-05 0.00682522 9.9955E-05 0.992675 9.9955E-05
0.0676709 0.125431 0.00368909 9.9973E-05 9.9973E-05 9.9973E-05 0.802909
0.118228 9.997E-05 9.997E-05 0.818416 0.0255052 9.997E-05 0.0375506
9.9973E-05 0.0154229 0.00732896 0.94837 0.0285783 9.9973E-05 9.9973E-05
0.364354 9.9964E-05 9.9964E-05 0.144401 9.9964E-05 9.9964E-05 0.490845
9.995E-05 9.995E-05 9.995E-05 9.995E-05 9.995E-05 0.9994 9.995E-05
9.9973E-05 0.315472 0.00558671 9.9973E-05 0.655236 0.0234055 9.9973E-05
0.146683 9.9973E-05 9.9973E-05 0.698476 9.9973E-05 0.000566003 0.153975
9.9955E-05 9.9955E-05 9.9955E-05 0.80122 9.9955E-05 9.9955E-05 0.198281
0.0116632 0.0487154 9.9982E-05 0.199632 0.00982466 9.9982E-05 0.729964
9.9973E-05 0.00916396 9.9973E-05 0.962074 0.0259723 0.00248988 9.9973E-05
0.236401 0.440443 9.9982E-05 0.0341713 9.9982E-05 0.0457509 0.243034
0.0465889 0.159402 0.0995935 0.0267493 0.135826 0.53174 9.9991E-05
0.00190407 9.9982E-05 0.00174871 0.897573 0.0442087 9.9982E-05 0.054366
0.00592689 9.9964E-05 9.9964E-05 0.57563 9.9964E-05 9.9964E-05 0.418043
9.9955E-05 9.9955E-05 9.9955E-05 9.9955E-05 0.994949 9.9955E-05 0.00455131
9.9964E-05 9.9964E-05 9.9964E-05 0.864808 9.9964E-05 0.00354859 0.131244
0.129646 9.9964E-05 9.9964E-05 0.475756 9.9964E-05 9.9964E-05 0.394198
9.9955E-05 9.9955E-05 9.9955E-05 0.858028 9.9955E-05 9.9955E-05 0.141472
0.0283173 0.180578 0.00877747 0.170507 9.9982E-05 9.9982E-05 0.61162
0.00175939 0.218695 9.9973E-05 0.173502 9.9973E-05 9.9973E-05 0.605743
0.519636 0.156597 9.9982E-05 0.190712 9.9982E-05 0.0105943 0.122261
0.483473 0.382372 0.0235157 0.110339 9.9973E-05 9.9973E-05 9.9973E-05
9.9964E-05 9.9964E-05 9.9964E-05 0.633539 0.0205081 9.9964E-05 0.345554
9.9973E-05 9.9973E-05 9.9973E-05 0.898842 0.0132543 0.0010235 0.0865807
9.9973E-05 9.9973E-05 9.9973E-05 0.686198 0.01275 0.0260255 0.274726
9.9991E-05 0.06342 0.0642853 0.000834088 0.00312514 0.867511 0.000724952
0.0111414 0.0569355 9.9973E-05 0.909292 0.0223309 9.9973E-05 9.9973E-05
9.9973E-05 0.00899364 0.0134707 9.9973E-05 9.9973E-05 0.968084 0.00915198
9.9964E-05 9.9964E-05 9.9964E-05 0.69789 0.00875672 9.9964E-05 0.292954
9.99549E-05 9.99549E-05 9.99549E-05 0.0358984 0.963602 9.99549E-05 9.99549E-05
0.425156 9.9973E-05 9.9973E-05 0.0405904 0.000345998 9.9973E-05 0.533608
0.489088 0.177265 0.00412769 0.0760674 9.9982E-05 9.9982E-05 0.253252
0.462473 0.0414099 0.0433815 0.103816 0.013714 9.9991E-05 0.335106
9.9964E-05 9.9964E-05 9.9964E-05 0.571547 0.0188506 9.9964E-05 0.409202
0.20612 0.21669 0.00672829 0.195761 0.00564573 0.029799 0.339256
9.9982E-05 0.0142458 9.9982E-05 0.974318 0.000556251 0.00355892 0.00712138
0.101959 9.9982E-05 0.00678373 0.443353 0.0310303 9.9982E-05 0.416674
9.99729E-05 0.607633 0.0234566 0.34968 0.0189299 9.99729E-05 9.99729E-05
9.9973E-05 0.109773 9.9973E-05 0.739999 9.9973E-05 0.0111938 0.138735
0.0195074 0.0175909 0.00985238 0.878795 0.00483745 9.9991E-05 0.0693174
9.99639E-05 9.99639E-05 9.99639E-05 0.0169747 0.973426 0.00919997 9.99639E-05
0.239419 0.559139 9.9982E-05 0.143881 0.0520222 0.00533851 9.9982E-05
9.99551E-05 9.99551E-05 9.99551E-05 9.99551E-05 0.97939 9.99551E-05 0.0201107
0.0836229 9.9964E-05 9.9964E-05 0.700836 9.9964E-05 9.9964E-05 0.215141
0.0982682 0.545888 0.00668658 0.284147 0.0648105 9.998E-05 9.998E-05
9.9973E-05 0.674053 9.9973E-05 0.267103 0.0308841 9.9973E-05 0.0276601
9.9964E-05 9.9964E-05 9.9964E-05 0.76339 9.9964E-05 0.0236867 0.212523
0.0112873 9.9955E-05 9.9955E-05 0.988213 9.9955E-05 9.9955E-05 9.9955E-05
9.9955E-05 9.9955E-05 9.9955E-05 9.9955E-05 0.0115936 0.987907 9.9955E-05
0.323035 0.625398 9.9973E-05 0.0166802 0.0345866 9.9973E-05 9.9973E-05
9.9955E-05 9.9955E-05 9.9955E-05 0.744641 9.9955E-05 9.9955E-05 0.254859
9.9982E-05 0.367188 0.0298972 0.144187 0.421974 0.0365536 9.9982E-05
9.9973E-05 0.0355347 9.9973E-05 0.953937 0.00532654 0.00490142 9.9973E-05
9.995E-05 9.995E-05 0.9994 9.995E-05 9.995E-05 9.995E-05 9.995E-05
0.0313364 0.0252884 0.00157007 0.895488 9.9991E-05 0.0175652 0.028652
9.9973E-05 0.212055 0.612674 0.147589 9.9973E-05 0.0273824 9.9973E-05
0.204312 0.0604717 0.00953248 0.069615 0.0212215 0.0114656 0.623382
9.9964E-05 0.0235307 0.00341347 0.972656 9.9964E-05 9.9964E-05 9.9964E-05
9.9964E-05 9.9964E-05 0.0033019 0.99583 9.9964E-05 0.00046818 9.9964E-05
0.457807 0.480338 0.00269784 0.0572449 9.9982E-05 0.0017116 9.9982E-05
9.9973E-05 0.0686467 0.00112096 0.921662 0.00827064 9.9973E-05 9.9973E-05
0.016908 9.99551E-05 9.99551E-05 9.99551E-05 0.982592 9.99551E-05 9.99551E-05
9.9973E-05 9.9973E-05 9.9973E-05 0.990558 0.00117459 0.00562269 0.00234502
9.995E-05 9.995E-05 0.9994 9.995E-05 9.995E-05 9.995E-05 9.995E-05
9.995E-05 9.995E-05 9.995E-05 0.9994 9.995E-05 9.995E-05 9.995E-05
0.517166 9.9973E-05 9.9973E-05 0.218563 0.0259083 9.9973E-05 0.238063
0.354964 9.9982E-05 0.0100368 0.371038 9.9982E-05 0.0174177 0.246343
0.183815 0.595009 9.9982E-05 0.0306258 0.00129463 9.9982E-05 0.189056
9.9991E-05 0.41728 0.00560412 0.289615 0.00978446 0.0122614 0.265355
0.216844 0.539901 9.9982E-05 0.183126 0.00291836 0.057011 9.9982E-05
9.995E-05 9.995E-05 9.995E-05 0.9994 9.995E-05 9.995E-05 9.995E-05
0.221465 9.9973E-05 9.9973E-05 0.360595 0.0420953 9.9973E-05 0.375544
9.9973E-05 9.9973E-05 0.000276191 0.928463 0.00033178 9.9973E-05 0.0706287
0.497504 0.0888675 9.9991E-05 0.287155 0.0511367 0.0409588 0.0342779
0.820224 0.0867375 0.0147322 0.0727138 9.9982E-05 9.9982E-05 0.00539251
0.0520645 0.00629044 0.0139489 0.917875 0.00962091 9.9982E-05 9.9982E-05
9.9964E-05 9.9964E-05 9.9964E-05 0.509494 9.9964E-05 0.0058045 0.484302
9.9973E-05 9.9973E-05 9.9973E-05 0.757644 0.0218268 0.00313488 0.217095
0.0118453 0.0583603 9.9964E-05 0.929395 9.9964E-05 9.9964E-05 9.9964E-05
9.9982E-05 0.498212 0.0239515 0.430995 0.0395277 0.00711387 9.9982E-05
0.146535 0.145103 9.9991E-05 0.352634 0.00718451 0.00686475 0.341578
0.208047 0.15532 0.0181003 0.424618 0.0178848 0.00324806 0.172782
0.043567 0.0241342 0.886309 9.9982E-05 0.0280766 0.0177128 9.9982E-05
9.9955E-05 0.0886647 9.9955E-05 0.910835 9.9955E-05 9.9955E-05 9.9955E-05
9.9955E-05 0.0283462 9.9955E-05 0.971154 9.9955E-05 9.9955E-05 9.9955E-05
0.0507656 9.9973E-05 0.00613868 0.906261 9.9973E-05 9.9973E-05 0.0365347
9.99549E-05 9.99549E-05 9.99549E-05 0.0227359 0.976764 9.99549E-05 9.99549E-05
0.132284 9.9973E-05 0.0124533 0.73997 9.9973E-05 9.9973E-05 0.114993
0.125819 0.649143 9.9973E-05 0.0971459 9.9973E-05 9.9973E-05 0.127593
0.106077 0.0539795 9.9982E-05 0.412714 0.0160359 9.9982E-05 0.410993
9.9955E-05 0.0199397 9.9955E-05 0.979561 9.9955E-05 9.9955E-05 9.9955E-05
0.0738692 0.046823 9.9973E-05 0.869762 0.00924616 9.9973E-05 9.9973E-05
0.00314069 0.00307285 9.9964E-05 0.993387 9.9964E-05 9.9964E-05 9.9964E-05
0.1126 0.57026 9.9982E-05 0.109971 9.9982E-05 0.0285558 0.178414
9.9991E-05 0.123923 0.77509 0.0181773 0.0428421 0.0395809 0.000287153
0.238319 0.708764 9.9964E-05 9.9964E-05 9.9964E-05 9.9964E-05 0.0525173
0.114862 9.9973E-05 9.9973E-05 0.552192 9.9973E-05 0.0198108 0.312836
9.9964E-05 0.0296403 0.958138 9.9964E-05 9.9964E-05 0.0118222 9.9964E-05
0.22152 9.9982E-05 0.0182559 0.651239 0.04656 9.9982E-05 0.0622255
0.257734 9.99639E-05 9.99639E-05 0.294426 9.99639E-05 9.99639E-05 0.44744
9.9973E-05 0.074894 9.9973E-05 0.897104 0.0219411 0.00576055 9.9973E-05
9.9964E-05 0.00215883 9.9964E-05 0.996447 9.9964E-05 0.000994353 9.9964E-05
9.9964E-05 0.0324251 9.9964E-05 0.952322 9.9964E-05 0.0148526 9.9964E-05
0.217854 0.167496 9.9982E-05 0.509991 0.00553135 9.9982E-05 0.0989278
9.99549E-05 9.99549E-05 9.99549E-05 0.0411388 0.958361 9.99549E-05 9.99549E-05
9.9955E-05 9.9955E-05 9.9955E-05 0.997877 9.9955E-05 0.00162287 9.9955E-05
0.423446 0.212251 9.9973E-05 0.0365664 9.9973E-05 9.9973E-05 0.327437
9.9964E-05 0.0121529 9.9964E-05 0.470711 9.9964E-05 9.9964E-05 0.516736
9.9964E-05 9.9964E-05 0.0160156 0.0087167 0.974868 9.9964E-05 9.9964E-05
0.558053 0.307087 9.9991E-05 0.056237 0.000158813 0.00148644 0.0768786
9.9964E-05 0.707256 0.0402914 0.252053 9.9964E-05 9.9964E-05 9.9964E-05
0.663397 0.0125188 9.9991E-05 0.213932 0.0341082 0.0174534 0.0584903
9.9955E-05 9.9955E-05 9.9955E-05 0.082297 0.917203 9.9955E-05 9.9955E-05
0.0365033 9.9964E-05 9.9964E-05 0.532663 9.9964E-05 9.9964E-05 0.430433
9.99549E-05 9.99549E-05 0.998865 0.000635612 9.99549E-05 9.99549E-05 9.99549E-05
9.9964E-05 9.9964E-05 0.00286335 0.610252 9.9964E-05 9.9964E-05 0.386484
9.9973E-05 9.9973E-05 0.00439553 0.92832 9.9973E-05 0.0168795 0.0501049
9.99551E-05 9.99551E-05 0.998697 9.99551E-05 9.99551E-05 9.99551E-05 0.000803342
9.9955E-05 9.9955E-05 9.9955E-05 0.88583 9.9955E-05 9.9955E-05 0.113671
0.0259318 0.0297234 9.9991E-05 0.0287889 0.0117411 0.900824 0.00289056
0.475191 9.9973E-05 9.9973E-05 0.236243 9.9973E-05 0.00439417 0.283872
9.9964E-05 0.0163852 9.9964E-05 0.961318 0.0218971 9.9964E-05 9.9964E-05
0.27539 0.515839 0.00849582 0.125169 0.0679132 9.999E-05 0.00709299
9.9973E-05 0.0518168 0.00746851 0.719202 9.9973E-05 9.9973E-05 0.221213
9.9964E-05 0.0546139 0.92937 9.9964E-05 9.9964E-05 0.0156161 9.9964E-05
0.414111 9.9982E-05 0.0185254 0.31856 0.00991311 9.9982E-05 0.23869
