9.9982E-05 0.18045 0.81935 9.9982E-05
9.9982E-05 9.9982E-05 0.988016 0.0117845
0.0250099 9.9982E-05 0.97479 9.9982E-05
9.999E-05 0.199213 0.781513 0.0191742
0.0751946 0.483018 0.414299 0.0274883
0.120136 0.2797 0.463119 0.137045
0.069864 0.551778 0.368392 0.00996529
0.0364353 0.607115 0.32201 0.0344401
0.00783512 9.9991E-05 0.956466 0.0355988
9.9982E-05 0.0959241 0.903876 9.9982E-05
9.9982E-05 0.566499 0.433301 9.9982E-05
0.00471699 0.672594 0.322589 9.9991E-05
9.9982E-05 0.542272 0.457528 9.9982E-05
0.132439 0.291351 0.430251 0.145959
9.9982E-05 0.242217 0.757583 9.9982E-05
0.033849 0.278191 0.636781 0.051179
9.9982E-05 0.638827 0.360973 9.9982E-05
0.170503 9.9991E-05 0.363567 0.46583
0.00866353 9.9991E-05 0.97648 0.0147561
0.0533531 0.54947 0.327414 0.0697628
0.00503836 0.0137216 0.98114 9.9991E-05
9.9982E-05 0.588346 0.411454 9.9982E-05
0.0040236 0.491634 0.504242 9.9991E-05
0.911034 0.0832242 0.00564186 9.9991E-05
0.0936372 0.409388 0.419794 0.0771807
9.9982E-05 0.483506 0.516294 9.9982E-05
9.9991E-05 0.568822 0.398988 0.03209
0.00381034 0.000205281 0.995884 9.9991E-05
9.9982E-05 0.0888839 0.910916 9.9982E-05
9.998E-05 9.998E-05 0.9997 9.998E-05
0.122123 0.339758 0.43477 0.103349
9.9982E-05 9.9982E-05 0.987971 0.0118289
9.998E-05 9.998E-05 0.9997 9.998E-05
0.0956189 0.372675 0.425768 0.105938
0.00869584 9.9982E-05 0.991104 9.9982E-05
9.9991E-05 0.528212 0.407118 0.06457
9.9982E-05 0.21387 0.78593 9.9982E-05
0.0359975 0.67736 0.247631 0.0390115
0.079921 0.604399 0.225929 0.0897506
0.0295068 0.543189 0.427204 9.9991E-05
0.124284 0.390723 0.370576 0.114416
0.00527524 9.9991E-05 0.981482 0.0131426
9.9982E-05 0.103255 0.896545 9.9982E-05
9.9982E-05 0.0998706 0.899929 9.9982E-05
0.0113126 0.120753 0.847598 0.020336
0.152949 9.9991E-05 0.0133918 0.833559
9.9982E-05 0.0795212 0.920279 9.9982E-05
9.9982E-05 0.0288724 0.970928 9.9982E-05
0.135795 9.9991E-05 0.0178546 0.846251
9.9982E-05 0.197612 0.802188 9.9982E-05
9.9982E-05 0.390528 0.609272 9.9982E-05
9.9982E-05 0.138015 0.861785 9.9982E-05
9.9982E-05 0.276672 0.723128 9.9982E-05
0.126314 0.0126276 0.734853 0.126205
0.080221 0.422488 0.497191 9.9991E-05
0.0819141 9.9991E-05 0.86081 0.0571757
9.998E-05 9.998E-05 0.9997 9.998E-05
9.9982E-05 9.9982E-05 0.982228 0.0175723
0.00166481 0.142182 0.856053 9.9991E-05
9.9982E-05 0.116457 0.883343 9.9982E-05
9.9982E-05 0.000381899 0.999418 9.9982E-05
0.89899 0.0827945 0.0146951 0.00352056
0.00471594 9.9991E-05 0.986608 0.0085761
0.038732 0.430619 0.511258 0.0193912
9.998E-05 9.998E-05 0.9997 9.998E-05
9.998E-05 9.998E-05 0.9997 9.998E-05
9.9982E-05 0.19101 0.80879 9.9982E-05
9.9982E-05 0.201977 0.797823 9.9982E-05
0.00723376 0.63829 0.354376 9.9991E-05
0.13954 9.9991E-05 0.00252978 0.85783
0.0331599 0.509308 0.446367 0.0111649
0.0494571 9.9991E-05 0.896671 0.0537723
0.00712446 0.0694935 0.916543 0.00683897
0.0439309 9.9982E-05 0.955869 9.9982E-05
0.000821649 9.9982E-05 0.998978 9.9982E-05
9.9982E-05 9.9982E-05 0.953208 0.0465919
9.9982E-05 9.9982E-05 0.994404 0.00539569
0.0323269 0.583058 0.384515 9.9991E-05
9.9982E-05 0.0169421 0.982858 9.9982E-05
0.770745 0.127665 0.0656941 0.0358962
9.9982E-05 0.270119 0.729681 9.9982E-05
9.9991E-05 0.01268 0.985894 0.00132613
0.189711 0.0780405 0.255845 0.476404
0.137618 0.0221179 0.690446 0.149819
0.0139293 0.371721 0.574383 0.0399665
9.9991E-05 0.0764771 0.913028 0.0103945
0.0247601 9.9982E-05 0.97504 9.9982E-05
9.998E-05 9.998E-05 9.998E-05 0.9997
9.9982E-05 0.276002 0.723798 9.9982E-05
9.9982E-05 0.247648 0.752152 9.9982E-05
9.9982E-05 0.558418 0.441382 9.9982E-05
9.9982E-05 0.613188 0.386612 9.9982E-05
9.9982E-05 0.677135 0.322665 9.9982E-05
0.00827239 9.9982E-05 0.991528 9.9982E-05
9.9982E-05 0.250604 0.749196 9.9982E-05
9.9982E-05 0.0190631 0.980737 9.9982E-05
9.9982E-05 0.388714 0.611086 9.9982E-05
0.105936 0.341382 0.405357 0.147324
0.0106027 9.9991E-05 0.983303 0.00599453
0.0706918 0.496096 0.433112 9.9991E-05
9.9991E-05 0.450624 0.527853 0.0214233
0.898528 0.101272 9.9982E-05 9.9982E-05
9.9982E-05 0.239167 0.760633 9.9982E-05
9.9982E-05 0.00392117 0.995879 9.9982E-05
9.998E-05 9.998E-05 0.9997 9.998E-05
9.9982E-05 0.716981 0.282819 9.9982E-05
0.140444 9.9991E-05 0.039128 0.820329
9.9991E-05 0.744127 0.255415 0.000358575
0.032935 0.0884607 0.878504 9.9991E-05
0.0394731 9.9982E-05 0.960327 9.9982E-05
9.9982E-05 0.637476 0.362324 9.9982E-05
0.147845 9.9991E-05 0.0115559 0.840499
0.746985 0.0816889 0.0967793 0.0745471
9.9982E-05 0.203755 0.796045 9.9982E-05
9.9982E-05 0.105836 0.893964 9.9982E-05
9.9982E-05 0.575158 0.424642 9.9982E-05
0.0258517 9.9982E-05 0.973948 9.9982E-05
0.061332 0.553469 0.286039 0.0991599
0.24962 0.03683 0.148748 0.564802
0.0410994 0.0152339 0.943567 9.9991E-05
9.9982E-05 0.30181 0.697991 9.9982E-05
0.9997 9.998E-05 9.998E-05 9.998E-05
9.9982E-05 0.0682911 0.931509 9.9982E-05
9.9982E-05 0.35356 0.64624 9.9982E-05
9.9982E-05 0.0522181 0.947582 9.9982E-05
9.9991E-05 0.562707 0.423915 0.0132782
9.9991E-05 0.552095 0.438363 0.00944205
0.0295694 0.534864 0.409187 0.0263791
0.0359687 0.52711 0.325606 0.111316
9.9982E-05 0.234494 0.765306 9.9982E-05
0.00760147 0.0225573 0.969741 9.9991E-05
0.00431374 0.153288 0.842298 9.9991E-05
0.150519 9.9991E-05 0.0602658 0.789116
0.0413216 0.00422065 0.954358 9.9991E-05
0.168392 9.9991E-05 0.0368168 0.794691
9.9982E-05 0.164448 0.835352 9.9982E-05
0.964114 9.99819E-05 0.0356865 9.99819E-05
9.9982E-05 0.72817 0.27163 9.9982E-05
0.00799347 0.640612 0.326777 0.0246171
0.0334228 0.633603 0.316765 0.0162088
9.9982E-05 0.270948 0.728852 9.9982E-05
0.0409377 0.488459 0.419512 0.0510911
0.00312168 9.9982E-05 0.996678 9.9982E-05
9.9982E-05 0.383254 0.616546 9.9982E-05
0.133417 0.126007 0.582743 0.157834
0.0110184 0.117444 0.84132 0.0302174
0.00581221 0.0591869 0.921051 0.0139499
0.975884 9.9982E-05 0.0239162 9.9982E-05
0.153787 0.359888 0.377178 0.109148
0.993133 0.0066673 9.9982E-05 9.9982E-05
9.9982E-05 0.18943 0.81037 9.9982E-05
0.159458 0.244954 0.488908 0.10668
0.161204 0.218639 0.491939 0.128218
9.9991E-05 0.122844 0.867625 0.00943096
9.998E-05 9.998E-05 0.9997 9.998E-05
0.185877 9.9991E-05 0.00517721 0.808846
0.176898 0.438905 0.284137 0.10006
9.9982E-05 0.16649 0.83331 9.9982E-05
0.540094 9.9991E-05 0.323547 0.13626
0.00660413 9.9991E-05 0.984135 0.00916065
9.998E-05 9.998E-05 9.998E-05 0.9997
9.9991E-05 0.0557579 0.918997 0.0251448
0.0023216 0.0206612 0.250041 0.726976
0.00525957 0.659911 0.327973 0.00685734
0.0113892 9.9982E-05 0.988411 9.9982E-05
9.9982E-05 9.9982E-05 0.991667 0.00813296
0.0981375 0.492341 0.300783 0.108739
0.0243923 9.9991E-05 0.952475 0.0230327
0.984188 0.0156124 9.9982E-05 9.9982E-05
0.014228 9.9982E-05 0.985572 9.9982E-05
9.998E-05 9.998E-05 9.998E-05 0.9997
9.9982E-05 9.9982E-05 0.997195 0.00260494
0.0304971 0.55891 0.410493 9.9991E-05
9.9991E-05 0.448765 0.534504 0.0166316
0.0971194 0.497472 0.326102 0.0793062
0.0549972 0.337292 0.509876 0.0978348
0.118197 0.330024 0.403407 0.148373
9.998E-05 9.998E-05 0.9997 9.998E-05
0.0174373 0.439108 0.543355 9.9991E-05
9.9982E-05 0.00456203 0.995238 9.9982E-05
0.0974744 0.403048 0.456649 0.0428286
0.0276799 0.635693 0.302464 0.0341631
0.0315234 0.0259257 0.930849 0.0117021
9.9982E-05 0.331409 0.668391 9.9982E-05
0.00572797 0.134322 0.85985 9.9991E-05
0.00471499 0.00489836 0.990287 9.9991E-05
0.162994 0.0702919 0.620956 0.145758
9.9991E-05 0.433178 0.541978 0.0247443
0.0433338 0.321218 0.585818 0.0496304
9.9982E-05 0.0466851 9.9982E-05 0.953115
0.0309495 9.9991E-05 0.964645 0.0043058
9.998E-05 9.998E-05 0.9997 9.998E-05
9.9991E-05 0.0475819 0.946213 0.00610503
0.997739 9.9982E-05 0.00206151 9.9982E-05
9.9982E-05 0.155913 0.843887 9.9982E-05
0.11949 0.402744 0.394197 0.0835694
9.9982E-05 0.412682 0.587118 9.9982E-05
9.9982E-05 9.9982E-05 0.996427 0.00337296
0.0190474 0.064843 0.910943 0.005167
0.00320384 9.9991E-05 0.994469 0.00222738
0.0768758 0.464059 0.336835 0.12223
0.0290077 0.0379747 0.0647883 0.868229
0.0935461 0.505948 0.271052 0.129454
9.9982E-05 0.305825 0.693975 9.9982E-05
9.998E-05 9.998E-05 9.998E-05 0.9997
0.0400595 0.208151 0.731966 0.0198232
9.9982E-05 0.498598 0.501202 9.9982E-05
0.0453429 9.9991E-05 0.933851 0.0207059
9.998E-05 9.998E-05 0.9997 9.998E-05
0.0211597 9.9991E-05 0.961948 0.0167926
0.0320198 0.283707 0.668105 0.0161681
0.963098 9.99819E-05 0.0367019 9.99819E-05
0.00452092 9.9982E-05 0.995279 9.9982E-05
0.0198813 0.688384 0.291634 9.9991E-05
9.9982E-05 0.364386 0.635414 9.9982E-05
0.988118 9.9982E-05 0.0116816 9.9982E-05
0.065748 0.590026 0.294572 0.0496545
0.128671 0.218961 0.468665 0.183703
0.0674484 0.524113 0.405501 0.00293788
0.92265 9.9982E-05 0.07715 9.9982E-05
9.9982E-05 0.318878 0.680922 9.9982E-05
9.998E-05 9.998E-05 9.998E-05 0.9997
9.9982E-05 0.265343 0.734457 9.9982E-05
9.9982E-05 9.9982E-05 0.993643 0.00615694
9.998E-05 9.998E-05 9.998E-05 0.9997
9.9982E-05 0.0413357 0.958464 9.9982E-05
0.178629 9.9991E-05 0.0780619 0.743209
9.9982E-05 0.567883 0.431917 9.9982E-05
0.0393927 9.9982E-05 0.960407 9.9982E-05
0.169255 0.402416 0.336889 0.0914399
9.9991E-05 0.164768 0.823182 0.0119492
9.9982E-05 9.9982E-05 0.0030711 0.996729
0.0138998 0.505972 0.480029 9.9991E-05
