9.9982E-05 0.194372 0.00861165 9.9982E-05 0.796817
9.9982E-05 9.9982E-05 0.00532707 0.00681054 0.987662
0.0186431 9.9973E-05 9.9973E-05 9.9973E-05 0.981057
9.999E-05 0.205405 0.00683895 0.00389919 0.783757
0.059517 0.500056 0.0200602 0.0110082 0.409359
0.115232 0.291434 0.0659254 0.0669432 0.460466
0.07248 0.555305 9.9991E-05 0.0133589 0.358756
0.0105734 0.629722 0.0253498 0.0242458 0.310109
0.0150527 9.9991E-05 0.010117 0.0175887 0.957142
9.9973E-05 0.0981377 9.9973E-05 9.9973E-05 0.901562
9.9982E-05 0.5886 0.0043113 9.9982E-05 0.406889
0.00179474 0.673811 9.9982E-05 9.9982E-05 0.324195
9.9973E-05 0.549378 9.9973E-05 9.9973E-05 0.450322
0.123948 0.271496 0.0663597 0.0915341 0.446663
9.9973E-05 0.273693 9.9973E-05 9.9973E-05 0.726007
0.0388436 0.24948 0.0288721 0.0301573 0.652647
0.00461305 0.638008 9.9982E-05 9.9982E-05 0.357179
0.10325 9.9991E-05 0.46585 0.0763743 0.354425
9.9973E-05 9.9973E-05 9.9973E-05 0.0204422 0.979258
0.0651203 0.561398 0.0241819 0.0446228 0.304677
0.0103719 0.0285818 9.9982E-05 9.9982E-05 0.960846
9.9973E-05 0.574311 9.9973E-05 9.9973E-05 0.425389
9.9973E-05 0.489036 9.9973E-05 9.9973E-05 0.510664
0.920995 0.0704255 0.00837947 9.9982E-05 9.9982E-05
9.9973E-05 0.476241 9.9973E-05 9.9973E-05 0.523459
0.0102321 0.565789 0.00579352 0.0231278 0.395057
9.9982E-05 0.0135425 0.00290729 9.9982E-05 0.98335
9.9973E-05 0.102291 9.9973E-05 9.9973E-05 0.897409
9.997E-05 9.997E-05 9.997E-05 9.997E-05 0.9996
0.137139 0.341023 0.0141198 0.0798189 0.427899
9.9982E-05 9.9982E-05 0.00871902 0.00461475 0.986466
9.997E-05 9.997E-05 9.997E-05 9.997E-05 0.9996
0.114551 0.33969 0.0397253 0.0793426 0.426691
0.00770402 9.9982E-05 9.9982E-05 0.000363289 0.991733
9.9991E-05 0.520707 0.019605 0.0451292 0.414459
9.9973E-05 0.221623 9.9973E-05 9.9973E-05 0.778078
0.0391126 0.671163 9.9991E-05 0.047967 0.241658
0.0880757 0.6159 0.049066 0.0348118 0.212147
0.026876 0.557696 9.9982E-05 9.9982E-05 0.415228
0.117938 0.387498 0.0518015 0.0777165 0.365046
0.0113243 9.9991E-05 0.00197073 0.0115813 0.975024
9.9973E-05 0.0852957 9.9973E-05 9.9973E-05 0.914404
9.9973E-05 0.11179 9.9973E-05 9.9973E-05 0.88791
9.9982E-05 0.11571 0.0328694 9.9982E-05 0.85122
9.997E-05 9.997E-05 0.9996 9.997E-05 9.997E-05
9.9973E-05 0.0596249 9.9973E-05 9.9973E-05 0.940075
9.9973E-05 0.0253028 9.9973E-05 9.9973E-05 0.974397
9.997E-05 9.997E-05 0.9996 9.997E-05 9.997E-05
9.9973E-05 0.194512 9.9973E-05 9.9973E-05 0.805188
9.9973E-05 0.410938 9.9973E-05 9.9973E-05 0.588762
9.9973E-05 0.136598 9.9973E-05 9.9973E-05 0.863102
9.9973E-05 0.282455 9.9973E-05 9.9973E-05 0.717245
0.124474 0.0210887 0.0587437 0.0663937 0.7293
0.0679451 0.420597 0.00535676 9.9991E-05 0.506001
0.0800984 9.9991E-05 0.00296876 0.0522908 0.864542
9.9982E-05 0.00112416 0.000811952 9.9982E-05 0.997864
9.9982E-05 9.9982E-05 0.00411053 0.00540324 0.990286
9.9982E-05 0.139107 0.00430114 9.9982E-05 0.856392
9.9973E-05 0.110463 9.9973E-05 9.9973E-05 0.889237
9.997E-05 9.997E-05 9.997E-05 9.997E-05 0.9996
0.895827 0.0767678 9.9982E-05 0.027205 9.9982E-05
0.0012759 9.9982E-05 9.9982E-05 0.0145569 0.983967
0.0510733 0.435189 9.9991E-05 0.0290416 0.484596
9.9973E-05 9.9973E-05 0.0104276 9.9973E-05 0.989272
9.9973E-05 9.9973E-05 9.9973E-05 0.00433915 0.995361
9.9973E-05 0.189589 9.9973E-05 9.9973E-05 0.810111
9.9973E-05 0.204388 9.9973E-05 9.9973E-05 0.795312
0.0255682 0.64235 9.9982E-05 9.9982E-05 0.331881
9.997E-05 9.997E-05 0.9996 9.997E-05 9.997E-05
0.018974 0.516749 0.00514301 0.00361474 0.455519
0.0518384 9.9991E-05 0.0190279 0.0371154 0.891918
0.0112831 0.0703443 9.9991E-05 0.00746372 0.910809
0.0482345 9.9973E-05 9.9973E-05 9.9973E-05 0.951466
9.9973E-05 9.9973E-05 9.9973E-05 0.00135006 0.99835
9.9982E-05 9.9982E-05 0.0304032 0.0110507 0.958346
9.9973E-05 9.9973E-05 9.9973E-05 0.00870527 0.990995
0.0368303 0.591125 9.9982E-05 9.9982E-05 0.371844
9.9973E-05 0.0136588 9.9973E-05 9.9973E-05 0.986041
0.759955 0.121007 0.0352725 0.0205172 0.063248
0.00483744 0.261221 9.9982E-05 9.9982E-05 0.733742
0.00724011 0.00519439 0.00827013 0.000698682 0.978597
0.129021 0.0884644 0.442231 0.115269 0.225014
0.129327 0.0223063 0.0932004 0.0729762 0.68219
0.00830714 0.386051 0.0239766 0.0236859 0.557979
9.9982E-05 0.0777762 9.9982E-05 0.0049421 0.917082
0.024211 9.9973E-05 9.9973E-05 9.9973E-05 0.975489
9.997E-05 9.997E-05 9.997E-05 0.9996 9.997E-05
9.9973E-05 0.277148 9.9973E-05 9.9973E-05 0.722553
9.9973E-05 0.244686 9.9973E-05 9.9973E-05 0.755014
9.9973E-05 0.560228 9.9973E-05 9.9973E-05 0.439472
9.9973E-05 0.62199 9.9973E-05 9.9973E-05 0.37771
9.9973E-05 0.670615 9.9973E-05 9.9973E-05 0.329085
0.0213225 9.9973E-05 9.9973E-05 9.9973E-05 0.978378
9.9973E-05 0.260711 9.9973E-05 9.9973E-05 0.738989
9.9973E-05 0.0292434 9.9973E-05 9.9973E-05 0.970457
9.9973E-05 0.403455 9.9973E-05 9.9973E-05 0.596245
0.105625 0.341276 0.0711011 0.0752868 0.406712
0.016555 9.9991E-05 0.00399811 0.00363155 0.975715
0.0833556 0.483925 9.9982E-05 9.9982E-05 0.432519
9.9982E-05 0.459808 0.0234678 9.9982E-05 0.516524
0.892631 0.0908994 0.0162696 9.9982E-05 9.9982E-05
9.997E-05 9.997E-05 9.997E-05 9.997E-05 0.9996
9.9973E-05 9.9973E-05 9.9973E-05 0.00654611 0.993154
9.9982E-05 0.70703 0.019515 9.9982E-05 0.273255
9.997E-05 9.997E-05 0.9996 9.997E-05 9.997E-05
9.9973E-05 0.733632 9.9973E-05 9.9973E-05 0.266068
0.0375881 0.0840978 9.9982E-05 9.9982E-05 0.878114
0.0337669 9.9982E-05 9.9982E-05 0.00884378 0.957189
9.9973E-05 0.649813 9.9973E-05 9.9973E-05 0.349888
9.997E-05 9.997E-05 0.9996 9.997E-05 9.997E-05
0.757459 0.0889562 0.0575047 0.0298611 0.066219
9.9973E-05 0.210164 9.9973E-05 9.9973E-05 0.789536
9.9973E-05 0.119133 9.9973E-05 9.9973E-05 0.880567
9.9973E-05 0.581105 9.9973E-05 9.9973E-05 0.418595
0.0244102 9.9991E-05 0.00108418 0.00231684 0.972089
0.0575482 0.568881 0.0969162 0.00565723 0.270997
0.177601 0.0604628 0.541948 0.114794 0.105193
0.0402814 0.0181198 9.9991E-05 0.00330303 0.938196
9.9973E-05 0.296892 9.9973E-05 9.9973E-05 0.702809
0.9996 9.997E-05 9.997E-05 9.997E-05 9.997E-05
9.9982E-05 0.0607972 0.0023924 9.9982E-05 0.93661
9.9973E-05 0.36753 9.9973E-05 9.9973E-05 0.63217
9.9973E-05 0.0538796 9.9973E-05 9.9973E-05 0.94582
9.9982E-05 0.550932 9.9982E-05 0.0168828 0.431986
9.9982E-05 0.557151 0.0152556 9.9982E-05 0.427394
0.0332208 0.560386 0.0237369 0.0087036 0.373953
0.0609718 0.508031 0.0238666 0.0729628 0.334168
9.9973E-05 0.225733 9.9973E-05 9.9973E-05 0.773967
9.9982E-05 0.032231 0.00346796 9.9982E-05 0.964101
9.9982E-05 0.164263 0.0173356 9.9982E-05 0.818202
0.00605883 0.015802 0.881491 0.0699692 0.0266789
0.0550116 9.9973E-05 9.9973E-05 9.9973E-05 0.944688
0.00468688 9.9982E-05 0.977776 0.0173368 9.9982E-05
9.9973E-05 0.174791 9.9973E-05 9.9973E-05 0.824909
0.947158 9.99729E-05 9.99729E-05 9.99729E-05 0.0525419
9.99729E-05 0.729623 9.99729E-05 9.99729E-05 0.270077
0.00963131 0.651022 9.9991E-05 0.0397502 0.299496
0.0178208 0.641529 9.9991E-05 0.0339452 0.306605
9.9973E-05 0.274748 9.9973E-05 9.9973E-05 0.724952
0.0301765 0.501851 0.0502443 0.00714063 0.410587
0.00790417 9.9973E-05 9.9973E-05 9.9973E-05 0.991796
9.9973E-05 0.38821 9.9973E-05 9.9973E-05 0.61149
0.130982 0.120716 0.0560969 0.0960911 0.596113
0.00251285 0.130827 0.0276671 0.00679605 0.832197
0.0182357 0.0495402 9.9991E-05 0.0139099 0.918214
0.981593 9.99729E-05 9.99729E-05 9.99729E-05 0.0181072
0.160937 0.343361 0.0470182 0.0694968 0.379188
0.994993 0.00470677 9.9973E-05 9.9973E-05 9.9973E-05
9.9973E-05 0.185335 9.9973E-05 9.9973E-05 0.814365
0.166529 0.239546 0.0311867 0.0757972 0.486941
0.156519 0.221685 0.0532754 0.081274 0.487247
9.9982E-05 0.132067 0.0156659 9.9982E-05 0.852067
9.997E-05 9.997E-05 9.997E-05 9.997E-05 0.9996
0.00699399 9.9973E-05 0.992706 9.9973E-05 9.9973E-05
0.187077 0.44446 0.0470378 0.0433946 0.27803
9.9973E-05 0.152806 9.9973E-05 9.9973E-05 0.846894
0.536943 9.9991E-05 0.0579726 0.0737709 0.331213
0.00530948 9.9991E-05 0.0070208 0.00662343 0.980946
9.997E-05 9.997E-05 9.997E-05 0.9996 9.997E-05
9.9991E-05 0.056563 0.0152566 0.0121187 0.915962
0.0362252 9.9991E-05 0.045394 0.664223 0.254058
0.0132576 0.652526 0.00432491 9.9991E-05 0.329792
0.00348464 9.9982E-05 9.9982E-05 0.0129239 0.983392
9.9973E-05 9.9973E-05 9.9973E-05 0.00967593 0.990024
0.105786 0.511065 0.0502475 0.053847 0.279055
0.0352194 9.9991E-05 0.00305058 0.0115579 0.950072
0.974956 0.0247441 9.9973E-05 9.9973E-05 9.9973E-05
0.0134287 9.9982E-05 0.00312378 9.9982E-05 0.983248
9.997E-05 9.997E-05 9.997E-05 0.9996 9.997E-05
9.997E-05 9.997E-05 9.997E-05 9.997E-05 0.9996
0.0337574 0.590186 9.9982E-05 9.9982E-05 0.375857
9.9991E-05 0.448104 0.0222462 0.00813299 0.521417
0.100768 0.491317 0.0312931 0.0459482 0.330673
0.0579275 0.340061 0.0572187 0.0496615 0.495132
0.112821 0.337497 0.117434 0.0527129 0.379534
9.997E-05 9.997E-05 9.997E-05 9.997E-05 0.9996
0.0258701 0.457532 9.9982E-05 9.9982E-05 0.516398
9.9982E-05 0.0194492 9.9982E-05 0.00479263 0.975558
0.0954679 0.421539 0.0469608 0.00080048 0.435232
0.0312636 0.639867 9.9991E-05 0.0388986 0.28987
0.0255958 0.0276657 9.9991E-05 0.0208056 0.925833
9.9973E-05 0.331113 9.9973E-05 9.9973E-05 0.668587
0.00424113 0.134586 9.9982E-05 9.9982E-05 0.860973
0.0152794 0.0187586 9.9991E-05 0.00151132 0.964351
0.151367 0.0753389 0.0549565 0.0913584 0.626979
0.0062882 0.422153 0.0103319 0.0112525 0.549974
0.0535219 0.316711 0.00376466 0.0453273 0.580675
0.0371859 0.0349206 0.0145197 0.913274 9.9991E-05
0.0399899 9.9991E-05 0.00229878 0.00710589 0.950505
9.997E-05 9.997E-05 9.997E-05 9.997E-05 0.9996
9.9982E-05 0.0431181 9.9982E-05 0.00904769 0.947634
0.989437 9.99729E-05 9.99729E-05 9.99729E-05 0.0102628
0.0047678 0.13696 9.9991E-05 0.00754302 0.850629
0.100095 0.423844 0.0608368 0.0463283 0.368896
0.00353179 0.431571 9.9982E-05 9.9982E-05 0.564697
9.9982E-05 9.9982E-05 0.00574831 0.00977693 0.984275
0.0291651 0.0626264 9.9982E-05 9.9982E-05 0.908008
9.9973E-05 9.9973E-05 9.9973E-05 0.00518185 0.994518
0.0682369 0.442137 0.0969459 0.0452429 0.347437
0.0469685 0.0241411 0.0413273 0.816147 0.071416
0.0912797 0.486416 0.0477977 0.0841652 0.290342
9.9982E-05 0.306915 0.0155216 9.9982E-05 0.677364
0.00891679 9.9991E-05 0.0242868 0.960001 0.00669595
0.0408082 0.215873 9.9991E-05 0.00805438 0.735165
9.9973E-05 0.517071 9.9973E-05 9.9973E-05 0.482629
0.0403449 9.9991E-05 0.0137719 0.0113253 0.934458
9.9982E-05 9.9982E-05 0.00894071 0.0011333 0.989726
0.00725057 9.9991E-05 0.0207527 0.0150309 0.956866
0.0250095 0.278244 0.0191033 0.0123652 0.665278
0.966912 9.99729E-05 9.99729E-05 9.99729E-05 0.0327879
9.9973E-05 9.9973E-05 0.00280937 9.9973E-05 0.996891
0.0193719 0.674503 9.9982E-05 9.9982E-05 0.305925
9.9973E-05 0.379913 9.9973E-05 9.9973E-05 0.619787
0.968769 9.9973E-05 9.9973E-05 9.9973E-05 0.0309311
0.0701806 0.612551 0.031382 0.0174303 0.268456
0.134287 0.197066 0.0564045 0.127652 0.48459
0.0655913 0.523102 0.0160991 0.00102438 0.394184
0.917802 9.9973E-05 9.9973E-05 9.9973E-05 0.081898
9.9973E-05 0.322675 9.9973E-05 9.9973E-05 0.677025
9.997E-05 9.997E-05 9.997E-05 0.9996 9.997E-05
9.9973E-05 0.273834 9.9973E-05 9.9973E-05 0.725866
9.9973E-05 9.9973E-05 0.0149773 9.9973E-05 0.984723
9.997E-05 9.997E-05 9.997E-05 0.9996 9.997E-05
9.9973E-05 0.0426556 9.9973E-05 9.9973E-05 0.957044
0.0377748 0.0295949 0.902893 0.00225713 0.0274798
9.9982E-05 0.558753 0.00217189 9.9982E-05 0.438875
0.0367076 9.9973E-05 9.9973E-05 9.9973E-05 0.962992
0.164607 0.397221 0.0164005 0.0785275 0.343244
9.9982E-05 0.157996 9.9982E-05 0.0183516 0.823453
9.9982E-05 9.9982E-05 0.0337477 0.936692 0.0293604
9.9982E-05 0.497778 9.9982E-05 0.0173369 0.484685
