0.783634 0.00152471 9.9982E-05 9.9982E-05 0.214641
0.961971 9.9973E-05 0.0377286 9.9973E-05 9.9973E-05
0.973674 0.0204551 9.9982E-05 9.9982E-05 0.0056709
0.723116 9.9991E-05 0.0326819 0.0189398 0.225162
0.252134 0.0518425 0.266003 9.9991E-05 0.42992
0.211857 0.00449304 0.720874 9.9991E-05 0.0626755
0.143769 9.9982E-05 0.444259 9.9982E-05 0.411772
0.126259 9.9991E-05 0.336198 0.00327302 0.53417
0.953452 0.0124363 9.9991E-05 0.0243544 0.00965697
0.841918 9.9973E-05 9.9973E-05 9.9973E-05 0.157782
0.363114 0.0145328 0.045683 9.9991E-05 0.576571
0.182587 0.020596 0.113454 9.9991E-05 0.683263
0.381934 9.9982E-05 0.0403408 9.9982E-05 0.577525
0.142777 9.9982E-05 0.853914 9.9982E-05 0.00310941
0.644711 9.9982E-05 9.9982E-05 0.00161312 0.353476
0.51976 9.9991E-05 0.310321 0.00758259 0.162236
0.187731 9.9982E-05 0.21091 9.9982E-05 0.60116
0.202174 0.0872683 0.319337 0.391121 9.9991E-05
0.954309 9.9973E-05 0.0453915 9.9973E-05 9.9973E-05
0.126639 0.0221365 0.396828 0.0176989 0.436697
0.96153 9.9973E-05 9.9973E-05 9.9973E-05 0.0381704
0.316952 0.0247441 9.9982E-05 9.9982E-05 0.658104
0.415308 0.0153058 0.043979 9.9991E-05 0.525308
9.9982E-05 0.901096 0.00473883 9.9982E-05 0.0939647
0.455123 0.014349 9.9982E-05 9.9982E-05 0.530328
0.240052 9.9982E-05 0.259941 9.9982E-05 0.499807
0.942439 0.00509969 9.9991E-05 0.00559453 0.0467668
0.874384 9.9973E-05 9.9973E-05 9.9973E-05 0.125316
0.9996 9.997E-05 9.997E-05 9.997E-05 9.997E-05
0.167396 0.00421002 0.700557 9.9991E-05 0.127737
0.929705 9.9973E-05 0.0699949 9.9973E-05 9.9973E-05
0.964333 9.9973E-05 0.0353673 9.9973E-05 9.9973E-05
0.165821 9.9982E-05 0.703908 9.9982E-05 0.130071
0.973818 9.9973E-05 0.0258826 9.9973E-05 9.9973E-05
0.242076 9.9991E-05 0.343908 0.00313149 0.410784
0.723764 9.9973E-05 9.9973E-05 9.9973E-05 0.275936
0.034539 0.0152262 0.342978 0.000511911 0.606744
0.00134531 0.00939169 0.58706 9.9991E-05 0.402103
0.311535 0.0603946 0.0446787 9.9991E-05 0.583292
0.138846 0.00324562 0.700008 9.9991E-05 0.1578
0.980877 0.0105696 0.00184949 0.00660417 9.9991E-05
0.85365 9.9973E-05 9.9973E-05 9.9973E-05 0.14605
0.846165 9.9982E-05 9.9982E-05 0.00722373 0.146411
0.818186 9.9991E-05 0.0390184 0.0159487 0.126747
0.0264868 0.139152 9.9982E-05 0.834161 9.9982E-05
0.898553 9.9982E-05 0.0488259 9.9982E-05 0.0524209
0.935948 9.9973E-05 9.9973E-05 9.9973E-05 0.0637523
0.0287649 0.150449 9.9982E-05 0.820586 9.9982E-05
0.740074 9.9973E-05 9.9973E-05 9.9973E-05 0.259626
0.547394 9.9982E-05 9.9982E-05 0.0079666 0.44444
0.809552 9.9973E-05 9.9973E-05 9.9973E-05 0.190148
0.652878 0.00722604 9.9982E-05 9.9982E-05 0.339696
0.523265 0.0207702 0.407881 0.0479835 9.9991E-05
0.394829 0.0602395 0.136749 9.9991E-05 0.408083
0.779234 0.0370014 0.151997 0.031667 9.9991E-05
0.9873 9.9973E-05 9.9973E-05 9.9973E-05 0.0124005
0.973622 9.9982E-05 0.0187574 0.00742046 9.9982E-05
0.812882 0.00858951 9.9982E-05 9.9982E-05 0.178328
0.827689 9.9973E-05 9.9973E-05 9.9973E-05 0.172011
0.977793 9.9982E-05 0.0129101 9.9982E-05 0.0090965
9.9982E-05 0.84483 0.151421 9.9982E-05 0.00354944
0.979842 0.00338018 0.00107549 0.0156019 9.9991E-05
0.392248 0.0369845 0.135409 0.0282493 0.407109
0.985549 0.00300844 0.00249421 0.00510029 0.00384832
0.98486 9.9982E-05 0.00487019 0.0100696 9.9982E-05
0.773307 0.0010828 9.9982E-05 9.9982E-05 0.22541
0.738364 9.9973E-05 9.9973E-05 9.9973E-05 0.261337
0.210469 0.0179204 0.130436 9.9991E-05 0.641074
0.0218736 0.144013 9.9982E-05 0.833913 9.9982E-05
0.341198 0.0190403 0.178254 0.00190357 0.459604
0.823441 0.0227295 0.122788 0.030941 9.9991E-05
0.866862 0.0235107 9.9991E-05 0.00202847 0.107499
0.924647 0.0406785 0.0344744 9.9982E-05 9.9982E-05
0.984058 9.9973E-05 0.0156419 9.9973E-05 9.9973E-05
0.891569 9.9982E-05 0.0781465 0.0300848 9.9982E-05
0.991384 9.9973E-05 9.9973E-05 9.9973E-05 0.0083158
0.210432 0.00864346 0.26898 9.9991E-05 0.511844
0.965786 9.9982E-05 0.00212683 9.9982E-05 0.0318867
9.9982E-05 0.706064 0.263421 9.9982E-05 0.0303156
0.672402 0.0285843 9.9982E-05 9.9982E-05 0.298814
0.95801 9.9982E-05 9.9982E-05 0.00803603 0.033754
0.0901154 0.129021 0.370602 0.410162 9.9991E-05
0.455162 0.0105895 0.485718 0.0484302 9.9991E-05
0.445348 9.9991E-05 0.258679 0.00476318 0.29111
0.871459 9.9991E-05 0.000964333 0.0162249 0.111252
0.945567 0.00279855 0.0514346 9.9982E-05 9.9982E-05
9.997E-05 9.997E-05 9.997E-05 0.9996 9.997E-05
0.657347 9.99729E-05 9.99729E-05 9.99729E-05 0.342353
0.693152 9.9973E-05 9.9973E-05 9.9973E-05 0.306548
0.329071 9.9982E-05 0.041682 9.9982E-05 0.629047
0.264307 0.0248345 0.0398108 0.00483913 0.666208
0.233477 9.9991E-05 0.0230133 0.00331916 0.74009
0.984603 9.9973E-05 0.0150967 9.9973E-05 9.9973E-05
0.707116 9.9973E-05 9.9973E-05 9.9973E-05 0.292585
0.934875 9.9973E-05 9.9973E-05 9.9973E-05 0.0648254
0.537638 9.9973E-05 9.9973E-05 9.9973E-05 0.462062
0.148374 9.9991E-05 0.760235 0.00628868 0.0850019
0.952733 9.9973E-05 0.0469672 9.9973E-05 9.9973E-05
0.315606 0.0563039 0.131102 9.9991E-05 0.496888
0.441075 9.9991E-05 0.0714164 0.0121945 0.475214
9.9982E-05 0.862531 0.114326 9.9982E-05 0.0229434
0.981145 9.9973E-05 9.9973E-05 9.9973E-05 0.0185551
0.9996 9.997E-05 9.997E-05 9.997E-05 9.997E-05
0.156971 9.9991E-05 0.102159 0.017598 0.723173
0.0263061 0.143151 9.9982E-05 0.830343 9.9982E-05
0.14044 9.9991E-05 0.0662048 0.0263444 0.766911
0.840609 0.0367864 9.9982E-05 9.9982E-05 0.122405
0.922062 0.0234206 0.0543176 9.9982E-05 9.9982E-05
0.269366 9.9973E-05 9.9973E-05 9.9973E-05 0.730334
0.00633571 0.165136 9.9982E-05 0.828328 9.9982E-05
9.9982E-05 0.650212 0.332608 0.0169807 9.9982E-05
0.746703 9.9982E-05 0.0141364 9.9982E-05 0.238961
0.854589 9.9973E-05 9.9973E-05 9.9973E-05 0.145111
0.360374 0.0095689 9.9982E-05 9.9982E-05 0.629857
0.969462 0.0179028 0.0124356 9.9982E-05 9.9982E-05
0.050982 9.9991E-05 0.5514 0.00570493 0.391813
0.0663353 0.214039 0.204171 0.515354 9.9991E-05
0.912418 0.0374371 9.9982E-05 9.9982E-05 0.0499448
0.650569 9.9973E-05 9.9973E-05 9.9973E-05 0.349131
9.997E-05 0.9996 9.997E-05 9.997E-05 9.997E-05
0.905134 9.9973E-05 9.9973E-05 9.9973E-05 0.0945662
0.568357 9.9973E-05 9.9973E-05 9.9973E-05 0.431343
0.898447 9.9973E-05 9.9973E-05 9.9973E-05 0.101253
0.289653 9.9991E-05 0.156313 0.00773903 0.546195
0.31843 9.9991E-05 0.132663 0.0124677 0.53634
0.221668 9.9982E-05 0.314044 9.9982E-05 0.464087
0.0440633 9.9982E-05 0.663232 9.9982E-05 0.292504
0.715417 0.00452639 9.9982E-05 9.9982E-05 0.279857
0.927007 0.0171462 9.9982E-05 9.9982E-05 0.0556472
0.762621 0.0169929 9.9991E-05 0.00644916 0.213837
0.0412199 0.134099 0.0591005 0.765481 9.9991E-05
0.907952 0.0244211 0.0674268 9.9982E-05 9.9982E-05
0.0105044 0.179961 0.0104698 0.798965 9.9991E-05
0.76205 0.000214287 9.9982E-05 9.9982E-05 0.237536
0.0499777 0.949722 9.99729E-05 9.99729E-05 9.99729E-05
0.179939 0.00687348 0.0437894 9.9991E-05 0.769298
0.117013 9.9982E-05 0.320343 9.9982E-05 0.562444
0.166918 0.0256177 0.140831 0.0275317 0.639101
0.653693 9.9973E-05 9.9973E-05 9.9973E-05 0.346007
0.281425 9.9991E-05 0.277946 0.0244448 0.416084
0.98433 0.00322124 0.0122486 9.9982E-05 9.9982E-05
0.524738 0.033635 9.9991E-05 0.00192082 0.439606
0.304712 0.00845889 0.656907 0.0298225 9.9991E-05
0.778322 9.9991E-05 0.116678 0.00407549 0.100824
0.896525 0.00385355 0.0247103 0.00383654 0.0710746
0.0378247 0.961875 9.99729E-05 9.99729E-05 9.99729E-05
0.106053 0.0514879 0.711417 9.9991E-05 0.130942
9.9973E-05 0.98748 9.9973E-05 9.9973E-05 0.0122199
0.764641 9.9973E-05 9.9973E-05 9.9973E-05 0.235059
0.255814 0.0540535 0.638906 9.9991E-05 0.0511264
0.261414 0.0238629 0.714523 9.9982E-05 9.9982E-05
0.824002 9.9982E-05 9.9982E-05 0.0119667 0.163831
0.9996 9.997E-05 9.997E-05 9.997E-05 9.997E-05
0.0105708 0.1816 9.9982E-05 0.807629 9.9982E-05
9.9982E-05 0.0306555 0.787739 9.9982E-05 0.181405
0.792981 9.9973E-05 9.9973E-05 9.9973E-05 0.206719
0.149763 0.431863 0.367217 0.0510564 9.9991E-05
0.958775 9.9982E-05 0.0390133 0.00201166 9.9982E-05
9.997E-05 9.997E-05 9.997E-05 0.9996 9.997E-05
0.902818 9.9991E-05 0.0331441 0.0158636 0.0480742
0.121818 9.9982E-05 0.227498 0.650484 9.9982E-05
0.212558 0.0132932 0.0501929 0.0278819 0.696075
0.938759 9.9973E-05 0.0609411 9.9973E-05 9.9973E-05
0.995394 9.9973E-05 0.00430614 9.9973E-05 9.9973E-05
0.0623704 9.9982E-05 0.671829 9.9982E-05 0.265601
0.901961 9.9973E-05 0.0977388 9.9973E-05 9.9973E-05
9.9973E-05 0.969389 9.9973E-05 9.9973E-05 0.0303108
0.99222 0.00747971 9.9973E-05 9.9973E-05 9.9973E-05
9.997E-05 9.997E-05 9.997E-05 0.9996 9.997E-05
0.9996 9.997E-05 9.997E-05 9.997E-05 9.997E-05
0.255837 0.023868 0.153276 9.9991E-05 0.566918
0.440742 0.00176771 0.0739519 0.0218506 0.461688
0.0699467 9.9982E-05 0.651643 9.9982E-05 0.278211
0.3203 0.00724478 0.429403 0.0275642 0.215487
0.136171 0.0259707 0.649053 0.0333756 0.155429
0.99636 9.9973E-05 0.0033404 9.9973E-05 9.9973E-05
0.452542 0.0570668 9.9982E-05 9.9982E-05 0.490191
0.967625 9.9973E-05 9.9973E-05 9.9973E-05 0.0320748
0.308467 0.0666144 0.233058 0.0214319 0.370429
0.0893486 9.9982E-05 0.380804 9.9982E-05 0.529647
0.918979 0.0172901 0.0106141 0.0142397 0.0388773
0.594113 9.9973E-05 9.9973E-05 9.9973E-05 0.405587
0.805567 0.0143153 9.9991E-05 0.0017139 0.178304
0.923015 9.9982E-05 0.0725488 9.9982E-05 0.0042365
0.375635 0.0524717 0.546581 0.0252122 9.9991E-05
0.409297 9.9991E-05 0.156016 0.0083596 0.426227
0.459161 0.00757737 0.23383 0.0208604 0.278572
9.9982E-05 9.9982E-05 0.0428328 0.932327 0.0246403
0.912194 0.000938828 0.086667 9.9982E-05 9.9982E-05
0.982361 9.9973E-05 0.0173387 9.9973E-05 9.9973E-05
0.930351 9.9991E-05 0.00942447 0.00677633 0.0533477
0.0387444 0.960956 9.99729E-05 9.99729E-05 9.99729E-05
0.79861 0.00527395 0.011423 9.9991E-05 0.184593
0.114134 9.9982E-05 0.700295 9.9982E-05 0.185371
0.525207 0.00653109 0.0249732 9.9991E-05 0.443188
0.983851 0.0100993 0.00389565 0.00205385 9.9991E-05
0.868027 0.0175534 0.0842291 9.9991E-05 0.0300905
0.9996 9.997E-05 9.997E-05 9.997E-05 9.997E-05
0.112412 9.9991E-05 0.63676 0.00175678 0.248972
0.00772459 9.9982E-05 0.136931 0.855145 9.9982E-05
9.9973E-05 9.9973E-05 0.78499 9.9973E-05 0.21471
0.660845 0.00243913 9.9991E-05 0.0103884 0.326228
9.9973E-05 9.9973E-05 0.00305887 0.996641 9.9973E-05
0.663661 0.0388722 0.0670218 0.0204498 0.209995
0.420277 9.9973E-05 9.9973E-05 9.9973E-05 0.579423
0.897015 0.0216036 0.073906 0.00737581 9.9991E-05
0.997213 9.9973E-05 9.9973E-05 0.00248746 9.9973E-05
0.943703 9.9982E-05 0.0486467 0.00745041 9.9982E-05
0.539965 9.9982E-05 0.25914 9.9982E-05 0.200695
0.0480923 0.951608 9.99729E-05 9.99729E-05 9.99729E-05
0.98912 0.0105802 9.9973E-05 9.9973E-05 9.9973E-05
0.0922202 9.9982E-05 0.312343 9.9982E-05 0.595237
0.57216 9.9973E-05 9.9973E-05 9.9973E-05 0.42754
0.0371275 0.962573 9.9973E-05 9.9973E-05 9.9973E-05
0.0524352 9.9982E-05 0.48228 9.9982E-05 0.465085
0.189834 9.9982E-05 0.76827 0.041696 9.9982E-05
0.260651 0.0375225 0.23559 9.9991E-05 0.466137
0.0782799 0.92142 9.9973E-05 9.9973E-05 9.9973E-05
0.590835 9.9973E-05 9.9973E-05 9.9973E-05 0.408865
9.997E-05 9.997E-05 9.997E-05 0.9996 9.997E-05
0.668587 9.9982E-05 9.9982E-05 0.0047825 0.326431
0.952337 9.9982E-05 9.9982E-05 0.00888075 0.0385824
9.997E-05 9.997E-05 9.997E-05 0.9996 9.997E-05
0.924258 9.9973E-05 9.9973E-05 9.9973E-05 0.0754418
0.0726465 0.156466 0.0160275 0.75476 9.9991E-05
0.354437 9.9982E-05 0.079078 9.9982E-05 0.566285
0.947176 0.0211386 0.0314851 9.9982E-05 9.9982E-05
0.107737 0.0650349 0.645222 9.9991E-05 0.181906
0.77975 9.9991E-05 0.0249751 0.0123124 0.182862
9.9973E-05 9.9973E-05 0.0400439 0.959656 9.9973E-05
0.371412 0.0148303 0.091323 0.00487073 0.517564
