9.9973E-05 0.755256 9.9973E-05 0.0126007 9.9973E-05 0.231844
9.9964E-05 0.935907 9.9964E-05 9.9964E-05 0.0636933 9.9964E-05
9.9973E-05 0.988762 0.0105477 9.9973E-05 0.000390379 9.9973E-05
0.00750748 0.724313 9.9991E-05 0.00882227 0.0408324 0.218425
9.999E-05 0.2532 0.0386667 0.00829173 0.275948 0.423794
9.9982E-05 0.238229 9.9982E-05 0.00896587 0.70307 0.0495355
9.9973E-05 0.144822 9.9973E-05 9.9973E-05 0.472935 0.381944
0.00319465 0.123977 0.00757809 0.00176973 0.331416 0.532065
0.0118844 0.950344 0.00946676 0.0145968 9.9991E-05 0.013608
9.9964E-05 0.857473 9.9964E-05 9.9964E-05 9.9964E-05 0.142127
9.999E-05 0.36475 0.0125424 0.0251609 0.00215107 0.595295
9.999E-05 0.203988 0.0106932 0.00125012 0.119626 0.664343
9.9973E-05 0.363206 9.9973E-05 9.9973E-05 0.0550934 0.581401
9.9982E-05 0.150112 9.9982E-05 0.00973263 0.817579 0.0223761
9.9964E-05 0.661416 9.9964E-05 9.9964E-05 9.9964E-05 0.338184
0.00351431 0.523706 9.9991E-05 0.0053283 0.287456 0.179895
9.9973E-05 0.201322 9.9973E-05 9.9973E-05 0.215067 0.583311
0.0267331 0.187211 0.0162365 0.44344 0.32628 9.9991E-05
0.00645824 0.9655 9.9973E-05 9.9973E-05 0.0277423 9.9973E-05
0.0180156 0.136945 0.016495 0.018175 0.36274 0.447629
0.000690362 0.959806 0.0138696 9.9991E-05 0.00169117 0.0238428
9.9982E-05 0.353065 0.024393 9.9982E-05 0.0221056 0.600237
9.9982E-05 0.431814 0.0188863 9.9982E-05 0.0270924 0.522007
9.9982E-05 9.9982E-05 0.890662 0.0191837 0.0120844 0.0778698
9.9973E-05 0.445245 0.018375 9.9973E-05 9.9973E-05 0.53608
0.00721302 0.233703 9.9991E-05 0.000999961 0.268897 0.489087
9.9982E-05 0.957462 0.00359149 0.00263245 9.9982E-05 0.0361138
9.9964E-05 0.866416 9.9964E-05 9.9964E-05 9.9964E-05 0.133184
9.996E-05 0.9995 9.996E-05 9.996E-05 9.996E-05 9.996E-05
9.9982E-05 0.184732 0.00490627 9.9982E-05 0.674026 0.136136
9.9964E-05 0.927883 9.9964E-05 9.9964E-05 0.0717172 9.9964E-05
9.9964E-05 0.972393 9.9964E-05 9.9964E-05 0.0272074 9.9964E-05
9.9973E-05 0.163514 9.9973E-05 9.9973E-05 0.691477 0.144709
9.9964E-05 0.984771 9.9964E-05 9.9964E-05 0.0148294 9.9964E-05
0.00673847 0.219374 9.9982E-05 9.9982E-05 0.382682 0.391005
9.9964E-05 0.711078 9.9964E-05 9.9964E-05 9.9964E-05 0.288522
0.0286122 0.0694752 0.0211263 9.9991E-05 0.291364 0.589323
9.9982E-05 9.9982E-05 0.0153956 0.00992773 0.558252 0.416225
9.9982E-05 0.321222 0.0597842 9.9982E-05 0.042333 0.576461
0.0123942 0.114782 0.0161728 9.9991E-05 0.695745 0.160805
0.0108582 0.978823 0.00731424 9.9982E-05 0.0028045 9.9982E-05
9.9964E-05 0.858611 9.9964E-05 9.9964E-05 9.9964E-05 0.14099
0.00049131 0.837389 0.00255816 0.00436502 9.9991E-05 0.155096
9.9982E-05 0.802341 9.9982E-05 0.030084 0.0418153 0.12556
9.9973E-05 0.00283191 0.00143503 0.995433 9.9973E-05 9.9973E-05
9.9973E-05 0.906703 9.9973E-05 9.9973E-05 0.0528174 0.0401801
9.9964E-05 0.942418 9.9964E-05 9.9964E-05 9.9964E-05 0.0571823
9.996E-05 9.996E-05 9.996E-05 0.9995 9.996E-05 9.996E-05
9.9964E-05 0.724956 9.9964E-05 9.9964E-05 9.9964E-05 0.274644
0.013721 0.545746 9.9973E-05 9.9973E-05 9.9973E-05 0.440233
9.9964E-05 0.808753 9.9964E-05 9.9964E-05 9.9964E-05 0.190847
9.9973E-05 0.673561 0.00223352 9.9973E-05 9.9973E-05 0.323906
0.0210828 0.529191 0.0184828 0.0347955 0.396348 9.9991E-05
9.9982E-05 0.372362 0.0627397 9.9982E-05 0.145515 0.419183
0.0283915 0.766468 0.0396167 9.9982E-05 0.165324 9.9982E-05
9.9982E-05 0.968184 0.0079342 0.00217053 9.9982E-05 0.0215113
0.00803107 0.971829 9.9982E-05 0.00496072 0.0149796 9.9982E-05
0.00185208 0.807597 0.0025507 0.0160988 0.012658 0.159243
9.9964E-05 0.829233 9.9964E-05 9.9964E-05 9.9964E-05 0.170367
9.9973E-05 0.986733 9.9973E-05 9.9973E-05 0.0118173 0.0011497
0.0130401 9.9982E-05 0.860019 9.9982E-05 0.109711 0.0170296
0.010201 0.981417 0.00695277 9.9982E-05 9.9982E-05 0.00122951
0.0257168 0.386925 0.0441244 9.9991E-05 0.140235 0.402898
9.9982E-05 0.973321 9.9982E-05 0.00756542 0.00987088 0.0090431
9.9964E-05 0.960578 9.9964E-05 9.9964E-05 0.0390217 9.9964E-05
9.9973E-05 0.754377 9.9973E-05 0.00332875 9.9973E-05 0.241994
9.9964E-05 0.742994 9.9964E-05 9.9964E-05 9.9964E-05 0.256606
0.00024238 0.20097 0.0195243 9.9991E-05 0.133601 0.645563
9.996E-05 9.996E-05 9.996E-05 0.9995 9.996E-05 9.996E-05
9.9991E-05 0.323386 0.0204856 0.0031783 0.18284 0.47001
0.023282 0.824144 0.026912 0.00513073 0.120431 9.9991E-05
9.9982E-05 0.874984 0.00693762 0.00891707 9.9982E-05 0.108961
9.9973E-05 0.919331 0.0399822 9.9973E-05 0.0403872 9.9973E-05
0.00658081 0.986852 9.9973E-05 9.9973E-05 0.00626718 9.9973E-05
9.9973E-05 0.883925 9.9973E-05 0.0216677 0.0941075 9.9973E-05
0.00510553 0.994495 9.9964E-05 9.9964E-05 9.9964E-05 9.9964E-05
9.9973E-05 0.211358 9.9973E-05 9.9973E-05 0.283233 0.50511
9.9964E-05 0.969914 9.9964E-05 9.9964E-05 9.9964E-05 0.0296859
9.9982E-05 9.9982E-05 0.699628 0.00580361 0.286819 0.00754921
9.9973E-05 0.67252 0.0148893 9.9973E-05 9.9973E-05 0.31229
0.00278276 0.966285 9.9982E-05 0.00914458 9.9982E-05 0.0215873
0.0721686 0.0735255 0.0612957 0.406261 0.386649 9.9991E-05
0.00979022 0.441509 0.00583591 0.0503583 0.492407 9.9991E-05
9.9982E-05 0.419772 9.9982E-05 0.0120349 0.271355 0.296639
0.0093119 0.865576 9.9991E-05 0.00913063 0.0103778 0.105503
9.9973E-05 0.942895 0.00638864 9.9973E-05 0.0504165 9.9973E-05
0.9995 9.996E-05 9.996E-05 9.996E-05 9.996E-05 9.996E-05
9.99729E-05 0.65823 9.99729E-05 0.00208421 9.99729E-05 0.339386
9.9964E-05 0.6896 9.9964E-05 9.9964E-05 9.9964E-05 0.31
9.9973E-05 0.311211 9.9973E-05 9.9973E-05 0.0832465 0.605243
0.00105382 0.293587 0.0153833 9.9991E-05 0.0223316 0.667544
9.9982E-05 0.243113 9.9982E-05 0.00165552 0.02469 0.730342
9.9973E-05 0.983631 0.00378551 9.9973E-05 0.0122835 9.9973E-05
9.9964E-05 0.682113 9.9964E-05 9.9964E-05 9.9964E-05 0.317487
9.9964E-05 0.940059 9.9964E-05 9.9964E-05 9.9964E-05 0.0595407
9.9964E-05 0.534398 9.9964E-05 9.9964E-05 9.9964E-05 0.465202
9.9982E-05 0.145139 9.9982E-05 0.0228565 0.746402 0.085403
9.9973E-05 0.953382 0.00299525 9.9973E-05 0.0433228 9.9973E-05
9.9982E-05 0.322229 0.0828788 9.9982E-05 0.116916 0.477777
0.00970413 0.405358 9.9991E-05 0.025527 0.0819309 0.47738
9.9982E-05 9.9982E-05 0.868098 0.00679066 0.104949 0.0199627
9.9982E-05 0.963096 9.9982E-05 0.000694892 0.00216965 0.0338398
0.00149076 0.998109 9.9964E-05 9.9964E-05 9.9964E-05 9.9964E-05
0.00124424 0.136794 9.9991E-05 0.0283785 0.119927 0.713557
9.996E-05 9.996E-05 9.996E-05 0.9995 9.996E-05 9.996E-05
0.00983591 0.146591 9.9991E-05 0.00988777 0.0809105 0.752675
9.9973E-05 0.842776 0.0337622 9.9973E-05 9.9973E-05 0.123162
0.00201281 0.925717 0.0134776 9.9982E-05 0.0585923 9.9982E-05
9.9982E-05 0.271169 0.0110522 0.00537971 9.9982E-05 0.712199
9.996E-05 9.996E-05 9.996E-05 0.9995 9.996E-05 9.996E-05
9.9973E-05 9.9973E-05 0.655519 0.0333548 0.310826 9.9973E-05
9.9973E-05 0.755388 9.9973E-05 0.00141952 9.9973E-05 0.242892
9.9964E-05 0.842104 9.9964E-05 9.9964E-05 9.9964E-05 0.157496
9.9973E-05 0.363617 0.00715357 9.9973E-05 9.9973E-05 0.62893
0.0010286 0.9536 0.0287055 9.9982E-05 0.0164664 9.9982E-05
9.9982E-05 0.0442679 9.9982E-05 0.0469127 0.53272 0.375899
0.092639 0.0676348 0.143106 0.511022 0.178951 0.00664716
0.000376128 0.903189 0.0424125 9.9982E-05 9.9982E-05 0.0538229
9.9964E-05 0.641706 9.9964E-05 9.9964E-05 9.9964E-05 0.357895
9.996E-05 9.996E-05 0.9995 9.996E-05 9.996E-05 9.996E-05
9.9973E-05 0.898039 9.9973E-05 0.00349645 9.9973E-05 0.0981649
9.9964E-05 0.575079 9.9964E-05 9.9964E-05 9.9964E-05 0.424522
9.9964E-05 0.897546 9.9964E-05 9.9964E-05 9.9964E-05 0.102054
0.00438757 0.27199 9.9982E-05 9.9982E-05 0.165726 0.557696
9.9982E-05 0.292792 9.9982E-05 0.0165136 0.152727 0.537767
9.9982E-05 0.226898 9.9982E-05 0.00899626 0.308219 0.455687
0.00353812 0.083363 9.9982E-05 9.9982E-05 0.616144 0.296755
9.9973E-05 0.7068 0.00631144 9.9973E-05 9.9973E-05 0.286589
9.9982E-05 0.93584 0.0087203 0.010329 9.9982E-05 0.0449112
9.9982E-05 0.759083 0.0163567 0.0191455 9.9982E-05 0.205215
0.052874 9.9982E-05 9.9982E-05 0.863489 0.0733979 0.0100392
9.9973E-05 0.904055 0.0295726 9.9973E-05 0.0660725 9.9973E-05
0.0212335 9.9982E-05 0.00392578 0.96418 9.9982E-05 0.0104611
9.9973E-05 0.753345 0.0089412 9.9973E-05 9.9973E-05 0.237414
9.99639E-05 0.0392916 0.960309 9.99639E-05 9.99639E-05 9.99639E-05
9.9982E-05 0.141028 0.0101158 9.9982E-05 0.0748164 0.773839
0.00143235 0.120067 9.9982E-05 9.9982E-05 0.304751 0.573549
0.0416209 0.19135 0.0268252 9.9991E-05 0.140655 0.599448
9.9973E-05 0.67017 9.9973E-05 0.00125395 9.9973E-05 0.328276
9.9991E-05 0.282435 0.0014125 0.0288704 0.276751 0.410431
9.9982E-05 0.967376 0.00412296 0.0038196 0.0244819 9.9982E-05
0.00451003 0.527117 0.0155249 0.00627221 9.9991E-05 0.446475
0.0191939 0.317335 0.0114647 0.0122051 0.639701 9.9991E-05
0.00315447 0.766166 9.9991E-05 0.0138684 0.108015 0.108696
0.00658217 0.897898 0.00655228 0.00589789 0.0225953 0.0604745
9.9973E-05 0.0232581 0.973815 0.00262679 9.9973E-05 9.9973E-05
9.9982E-05 0.130297 0.0479349 9.9982E-05 0.724264 0.0973046
9.9964E-05 9.9964E-05 0.980743 9.9964E-05 9.9964E-05 0.0188576
9.9964E-05 0.779284 9.9964E-05 9.9964E-05 9.9964E-05 0.220316
9.9982E-05 0.253595 0.0605742 9.9982E-05 0.635291 0.0503401
9.9982E-05 0.27369 0.0360353 0.0103835 0.679691 9.9982E-05
9.9973E-05 0.807503 9.9973E-05 0.0208827 9.9973E-05 0.171314
9.9964E-05 0.994765 9.9964E-05 9.9964E-05 0.00483501 9.9964E-05
9.9964E-05 9.9964E-05 0.00121999 0.99838 9.9964E-05 9.9964E-05
9.9973E-05 9.9973E-05 0.0310164 9.9973E-05 0.784144 0.18454
9.9964E-05 0.799748 9.9964E-05 9.9964E-05 9.9964E-05 0.199853
0.033948 0.143542 0.419099 0.0458777 0.357433 9.9991E-05
0.00141556 0.950814 9.9982E-05 0.00635974 0.0412112 9.9982E-05
0.9995 9.996E-05 9.996E-05 9.996E-05 9.996E-05 9.996E-05
9.9982E-05 0.90807 9.9982E-05 0.0173278 0.0458635 0.0285392
0.614346 0.134555 9.9982E-05 0.0258946 0.225005 9.9982E-05
0.0108908 0.24113 0.00530749 0.0241517 0.0652463 0.653274
0.00108222 0.944242 9.9973E-05 9.9973E-05 0.0543757 9.9973E-05
0.0116478 0.97989 9.9973E-05 9.9973E-05 0.00816273 9.9973E-05
9.9982E-05 0.0279514 0.00401287 9.9982E-05 0.679343 0.288493
9.9973E-05 0.902566 9.9973E-05 0.00387581 0.0932581 9.9973E-05
9.9964E-05 9.9964E-05 0.973598 9.9964E-05 9.9964E-05 0.0260025
9.9973E-05 0.986072 0.00586097 9.9973E-05 0.00776711 9.9973E-05
0.9995 9.996E-05 9.996E-05 9.996E-05 9.996E-05 9.996E-05
9.996E-05 0.9995 9.996E-05 9.996E-05 9.996E-05 9.996E-05
9.9982E-05 0.268047 0.0319074 9.9982E-05 0.128985 0.57086
0.0191907 0.437992 9.9991E-05 0.0187996 0.0751667 0.448751
9.9973E-05 0.0776873 9.9973E-05 9.9973E-05 0.664577 0.257436
0.0147991 0.321936 9.9991E-05 0.0238525 0.426625 0.212688
9.9982E-05 0.15267 9.9982E-05 0.0509959 0.683003 0.113132
9.996E-05 0.9995 9.996E-05 9.996E-05 9.996E-05 9.996E-05
9.9973E-05 0.460249 0.0519103 9.9973E-05 9.9973E-05 0.487541
0.00370851 0.956979 9.9973E-05 9.9973E-05 9.9973E-05 0.0390127
9.9991E-05 0.31018 0.0566098 0.026349 0.25366 0.353102
9.9973E-05 0.0712033 9.9973E-05 9.9973E-05 0.389396 0.539101
0.0108149 0.920865 0.00899959 9.9991E-05 0.0208796 0.0383404
9.9973E-05 0.588693 9.9973E-05 0.0184631 9.9973E-05 0.392544
9.9982E-05 0.803258 0.00976785 0.00353403 9.9982E-05 0.18324
9.9973E-05 0.917995 0.00633613 9.9973E-05 0.0753688 9.9973E-05
0.0249457 0.385049 0.0547967 0.0172561 0.517852 9.9991E-05
9.9991E-05 0.41929 0.00290652 0.0061427 0.1582 0.413361
0.0194133 0.448555 0.0379818 9.9991E-05 0.232033 0.261917
0.891269 9.9991E-05 0.0386184 0.00361178 0.0543737 0.012027
9.9973E-05 0.920411 0.000178892 9.9973E-05 0.0791098 9.9973E-05
9.9964E-05 0.972311 9.9964E-05 9.9964E-05 0.0272893 9.9964E-05
0.00683145 0.927536 9.9982E-05 9.9982E-05 0.0119018 0.053531
9.99639E-05 0.0306358 0.968964 9.99639E-05 9.99639E-05 9.99639E-05
0.00913599 0.783746 9.9982E-05 9.9982E-05 0.0278665 0.179052
9.9973E-05 0.106537 9.9973E-05 9.9973E-05 0.721188 0.171976
9.9991E-05 0.487489 0.026271 0.00560245 0.0445694 0.435968
9.9964E-05 0.992343 9.9964E-05 0.00725696 9.9964E-05 9.9964E-05
9.9982E-05 0.868881 0.00973201 9.9982E-05 0.092013 0.0291736
9.9964E-05 0.998066 9.9964E-05 9.9964E-05 0.00153458 9.9964E-05
9.9982E-05 0.0904463 9.9982E-05 0.022236 0.647031 0.240086
0.774368 9.9982E-05 0.049219 0.0335131 0.1427 9.9982E-05
9.9964E-05 9.9964E-05 9.9964E-05 9.9964E-05 0.79354 0.20606
9.9973E-05 0.650497 9.9973E-05 0.0190639 9.9973E-05 0.330139
0.967531 0.000301702 0.00296065 0.00290851 0.0261981 9.9991E-05
0.0133465 0.696553 0.0340448 9.9991E-05 0.0439968 0.211959
9.9964E-05 0.417224 9.9964E-05 9.9964E-05 9.9964E-05 0.582376
9.9982E-05 0.888879 0.0215633 0.00619637 0.0831617 9.9982E-05
9.9973E-05 0.985676 9.9973E-05 0.00638851 0.00763596 9.9973E-05
0.000844896 0.932196 9.9982E-05 0.00599209 0.0607667 9.9982E-05
9.9982E-05 0.523921 0.00153632 9.9982E-05 0.264476 0.209867
9.99639E-05 0.0460227 0.953577 9.99639E-05 9.99639E-05 9.99639E-05
9.9973E-05 0.992846 0.00319169 0.00366216 9.9973E-05 9.9973E-05
9.9973E-05 0.0835956 9.9973E-05 9.9973E-05 0.3412 0.574905
9.9964E-05 0.561646 9.9964E-05 9.9964E-05 9.9964E-05 0.437954
0.00584521 0.0142762 0.979579 9.9973E-05 9.9973E-05 9.9973E-05
9.9973E-05 0.0748039 9.9973E-05 9.9973E-05 0.507529 0.417367
0.0452918 0.19745 9.9982E-05 0.00145885 0.755599 9.9982E-05
9.9982E-05 0.238753 0.0388342 9.9982E-05 0.268777 0.453436
9.9973E-05 0.0915982 0.902222 0.00587991 9.9973E-05 9.9973E-05
9.9964E-05 0.615772 9.9964E-05 9.9964E-05 9.9964E-05 0.383829
0.9995 9.996E-05 9.996E-05 9.996E-05 9.996E-05 9.996E-05
0.00209949 0.664312 9.9982E-05 0.00360988 9.9982E-05 0.329779
9.9973E-05 0.954946 9.9973E-05 0.0125165 9.9973E-05 0.0322374
0.98917 9.9964E-05 9.9964E-05 9.9964E-05 9.9964E-05 0.01043
9.9964E-05 0.920032 9.9964E-05 9.9964E-05 9.9964E-05 0.0795682
0.0149716 0.0190398 9.9991E-05 0.909027 0.0322352 0.0246267
9.9982E-05 0.330612 9.9982E-05 0.00203218 0.090807 0.576349
9.9982E-05 0.95183 0.0136271 9.9982E-05 0.0328084 0.00153458
0.00454758 0.116593 0.0552388 9.9991E-05 0.654039 0.169481
0.0239642 0.765057 9.9982E-05 9.9982E-05 0.0233564 0.187423
0.925063 9.9973E-05 9.9973E-05 0.0311142 0.0435226 9.9973E-05
0.011208 0.384508 0.0180868 9.9991E-05 0.103437 0.482661
