0.84416 0.15574 9.9991E-05
0.980539 9.9991E-05 0.0193606
0.99481 9.9991E-05 0.00508957
0.829576 0.167649 0.00277446
0.478513 0.508972 0.0125146
0.498656 0.335571 0.165772
0.440217 0.559683 9.9991E-05
0.404022 0.580344 0.0156342
0.972062 9.9991E-05 0.0278375
0.954623 0.0452769 9.9991E-05
0.509208 0.490692 9.9991E-05
0.392588 0.607312 9.9991E-05
0.53598 0.46392 9.9991E-05
0.481286 0.327922 0.190792
0.795628 0.204272 9.9991E-05
0.690902 0.257809 0.0512891
0.446111 0.553789 9.9991E-05
0.398846 0.0173641 0.58379
0.977041 9.9991E-05 0.0228591
0.400425 0.532889 0.0666855
0.9998 9.999E-05 9.999E-05
0.48604 0.51386 9.9991E-05
0.558734 0.441166 9.9991E-05
0.0778169 0.588912 0.333271
0.486626 0.429248 0.084126
0.58507 0.41483 9.9991E-05
0.493312 0.506588 9.9991E-05
0.993702 9.9991E-05 0.00619766
0.944082 0.0558176 9.9991E-05
0.9998 9.999E-05 9.999E-05
0.471239 0.392936 0.135825
0.984242 9.9991E-05 0.0156582
0.998131 9.9991E-05 0.00176931
0.481793 0.380041 0.138166
0.9998 9.999E-05 9.999E-05
0.500699 0.464786 0.0345144
0.849691 0.150209 9.9991E-05
0.365923 0.633977 9.9991E-05
0.30616 0.608898 0.0849416
0.474535 0.525365 9.9991E-05
0.438642 0.420171 0.141187
0.980833 9.9991E-05 0.0190669
0.94253 0.0573703 9.9991E-05
0.935239 0.064661 9.9991E-05
0.888513 0.0880931 0.0233938
0.0326516 9.9991E-05 0.967248
0.954417 0.0422521 0.00333094
0.9998 9.999E-05 9.999E-05
0.0333068 9.9991E-05 0.966593
0.859841 0.140059 9.9991E-05
0.661782 0.338118 9.9991E-05
0.89079 0.10911 9.9991E-05
0.771227 0.228673 9.9991E-05
0.74841 0.0701069 0.181483
0.577978 0.421922 9.9991E-05
0.885948 0.0147132 0.0993386
0.9998 9.999E-05 9.999E-05
0.983875 9.9991E-05 0.0160248
0.890551 0.106307 0.00314248
0.937498 0.062402 9.9991E-05
0.9998 9.999E-05 9.999E-05
0.0920557 0.565815 0.342129
0.985856 9.9991E-05 0.014044
0.570403 0.406519 0.0230783
0.9998 9.999E-05 9.999E-05
0.987735 9.9991E-05 0.0121654
0.850712 0.149188 9.9991E-05
0.843002 0.156898 9.9991E-05
0.405803 0.594097 9.9991E-05
0.00979122 9.9991E-05 0.990109
0.527309 0.472591 9.9991E-05
0.905945 9.9991E-05 0.0939546
0.94295 0.0480594 0.0089907
0.970973 9.9991E-05 0.0289274
0.99382 9.9991E-05 0.00608016
0.95015 9.9991E-05 0.0497497
0.9998 9.999E-05 9.999E-05
0.465696 0.534204 9.9991E-05
0.9998 9.999E-05 9.999E-05
0.149451 0.526269 0.324281
0.777672 0.222228 9.9991E-05
0.9998 9.999E-05 9.999E-05
0.255366 0.14136 0.603274
0.704685 0.073848 0.221467
0.651257 0.32725 0.0214926
0.946498 0.0383117 0.0151899
0.995883 9.9991E-05 0.0040167
9.999E-05 9.999E-05 0.9998
0.792585 0.207315 9.9991E-05
0.802177 0.197723 9.9991E-05
0.496906 0.502994 9.9991E-05
0.459859 0.540041 9.9991E-05
0.438797 0.561103 9.9991E-05
0.995622 9.9991E-05 0.00427781
0.817833 0.182067 9.9991E-05
0.9923 0.00759978 9.9991E-05
0.667236 0.332664 9.9991E-05
0.456874 0.371205 0.171922
0.9819 9.9991E-05 0.0179999
0.507773 0.492127 9.9991E-05
0.594102 0.405798 9.9991E-05
0.0155414 0.622054 0.362405
0.832105 0.167795 9.9991E-05
0.9998 9.999E-05 9.999E-05
0.9998 9.999E-05 9.999E-05
0.399394 0.600506 9.9991E-05
0.0468252 9.9991E-05 0.953075
0.352751 0.647149 9.9991E-05
0.912619 0.0872813 9.9991E-05
0.977648 9.9991E-05 0.0222517
0.444293 0.555607 9.9991E-05
0.0129983 9.9991E-05 0.986902
0.174973 0.447686 0.377341
0.819445 0.180455 9.9991E-05
0.944326 0.0555744 9.9991E-05
0.498689 0.501211 9.9991E-05
0.979228 9.9991E-05 0.0206719
0.387432 0.528296 0.0842722
0.150553 0.144405 0.705042
0.956768 0.036285 0.0069473
0.774625 0.225276 9.9991E-05
0.0830426 0.565384 0.351574
0.984858 0.0150417 9.9991E-05
0.698135 0.301765 9.9991E-05
0.982137 0.0177634 9.9991E-05
0.506734 0.493166 9.9991E-05
0.500364 0.499536 9.9991E-05
0.471697 0.521264 0.00703852
0.4112 0.504781 0.0840189
0.795965 0.203935 9.9991E-05
0.991934 0.00796641 9.9991E-05
0.875601 0.124299 9.9991E-05
0.0707859 0.00831918 0.920895
0.959776 0.017431 0.0227931
0.0322257 0.0070004 0.960774
0.861545 0.138355 9.9991E-05
0.191843 0.468141 0.340016
0.366306 0.633594 9.9991E-05
0.398636 0.601264 9.9991E-05
0.391674 0.608226 9.9991E-05
0.763533 0.236367 9.9991E-05
0.508283 0.470142 0.0215754
0.991836 9.9991E-05 0.0080643
0.672448 0.327452 9.9991E-05
0.595766 0.185365 0.218869
0.873955 0.10644 0.0196049
0.949924 0.0324746 0.0176009
0.14324 0.485896 0.370864
0.416548 0.427369 0.156083
0.0238435 0.60429 0.371867
0.867089 0.132811 9.9991E-05
0.521654 0.31225 0.166096
0.549432 0.270614 0.179954
0.911446 0.0884541 9.9991E-05
0.9998 9.999E-05 9.999E-05
0.0333635 9.9991E-05 0.966536
0.354147 0.502076 0.143777
0.888246 0.111654 9.9991E-05
0.380379 0.279752 0.339869
0.974767 9.9991E-05 0.025133
9.999E-05 9.999E-05 0.9998
0.957151 0.0171371 0.0257119
0.239764 9.9991E-05 0.760136
0.44271 0.55719 9.9991E-05
0.990562 9.9991E-05 0.00933755
0.98912 9.9991E-05 0.0107804
0.367907 0.515954 0.116139
0.95871 9.9991E-05 0.0411902
0.0639122 0.603141 0.332947
0.989497 9.9991E-05 0.0104032
9.999E-05 9.999E-05 0.9998
0.9998 9.999E-05 9.999E-05
0.456928 0.542972 9.9991E-05
0.604851 0.395049 9.9991E-05
0.404231 0.504473 0.0912961
0.544724 0.349232 0.106044
0.430987 0.3866 0.182413
0.9998 9.999E-05 9.999E-05
0.602265 0.397635 9.9991E-05
0.9998 9.999E-05 9.999E-05
0.509032 0.433542 0.0574263
0.385275 0.614625 9.9991E-05
0.954906 0.0241965 0.0208974
0.752832 0.247068 9.9991E-05
0.903745 0.0961547 9.9991E-05
0.994981 9.9991E-05 0.00491886
0.63654 0.152082 0.211378
0.586443 0.413457 9.9991E-05
0.63993 0.309754 0.0503161
9.9991E-05 0.00688392 0.993016
0.974497 9.9991E-05 0.0254026
0.99729 9.9991E-05 0.00260985
0.962426 0.027148 0.0104263
0.155042 0.473053 0.371905
0.884625 0.115275 9.9991E-05
0.449618 0.437022 0.11336
0.629663 0.370237 9.9991E-05
0.988466 9.9991E-05 0.0114345
0.931419 0.0549883 0.0135932
0.9998 9.999E-05 9.999E-05
0.424655 0.461874 0.113471
0.0818948 0.0094218 0.908683
0.346112 0.529363 0.124525
0.764473 0.235427 9.9991E-05
9.999E-05 9.999E-05 0.9998
0.789164 0.196647 0.0141885
0.553665 0.446235 9.9991E-05
0.945909 0.0103267 0.0437639
0.992935 9.9991E-05 0.00696462
0.976434 9.9991E-05 0.0234662
0.71417 0.264215 0.0216142
0.182419 0.46264 0.35494
0.996099 9.9991E-05 0.00380079
0.366319 0.633581 9.9991E-05
0.704216 0.295684 9.9991E-05
0.124218 0.504256 0.371526
0.375199 0.596978 0.0278238
0.521432 0.255179 0.223389
0.479537 0.520363 9.9991E-05
0.173771 0.500785 0.325444
0.752013 0.247887 9.9991E-05
9.999E-05 9.999E-05 0.9998
0.788413 0.211487 9.9991E-05
0.988556 9.9991E-05 0.0113442
9.999E-05 9.999E-05 0.9998
0.993333 0.00656743 9.9991E-05
0.076947 0.0197234 0.90333
0.530559 0.469341 9.9991E-05
0.984678 9.9991E-05 0.0152216
0.388821 0.47468 0.136498
0.881565 0.111943 0.00649294
0.0018793 9.9991E-05 0.998021
0.544939 0.454961 9.9991E-05
