9.9946E-05 0.0115473 9.9946E-05 0.140867 9.9946E-05 0.253982 9.9946E-05 9.9946E-05 9.9946E-05 0.593004
9.9937E-05 9.9937E-05 9.9937E-05 9.9937E-05 9.9937E-05 9.9937E-05 9.9937E-05 0.0171898 0.0185027 0.963608
0.00303802 9.9964E-05 0.0157705 9.9964E-05 9.9964E-05 0.0132185 0.0152034 9.9964E-05 0.00630123 0.946068
9.9955E-05 9.9955E-05 9.9955E-05 9.9955E-05 0.00306054 0.4072 9.9955E-05 0.0914125 0.0108719 0.486955
9.9973E-05 9.9973E-05 0.0939432 0.13925 9.9973E-05 0.376982 0.0427529 0.265131 0.0358398 0.0458012
9.9955E-05 0.0216092 9.9955E-05 0.108365 9.9955E-05 9.9955E-05 0.0101775 0.671797 9.9955E-05 0.187552
0.0169668 9.9964E-05 0.164882 0.46661 9.9964E-05 9.9964E-05 9.9964E-05 0.250736 0.0107247 0.0896811
9.99461E-05 9.99461E-05 0.234143 9.99461E-05 9.99461E-05 0.476214 0.00303953 0.286003 9.99461E-05 9.99461E-05
9.99865E-05 0.0144644 0.00260654 0.00514521 0.0111312 0.0542496 0.000485462 9.99865E-05 0.00703535 0.904682
9.9928E-05 9.9928E-05 9.9928E-05 9.9928E-05 9.9928E-05 0.307087 9.9928E-05 9.9928E-05 9.9928E-05 0.692114
0.0240014 9.9955E-05 0.359654 9.9955E-05 9.9955E-05 0.469698 9.9955E-05 9.9955E-05 0.0447736 0.101373
0.0204146 9.9946E-05 0.10952 0.603502 9.9946E-05 0.265964 9.9946E-05 9.9946E-05 9.9946E-05 9.9946E-05
9.9946E-05 9.9946E-05 0.210042 0.210682 9.9946E-05 0.411841 9.9946E-05 9.9946E-05 9.9946E-05 0.166836
0.0155556 9.9958E-05 0.0608602 9.9958E-05 9.9958E-05 9.9958E-05 9.9958E-05 0.777118 0.0180583 0.127908
9.99369E-05 9.99369E-05 9.99369E-05 9.99369E-05 9.99369E-05 0.587491 9.99369E-05 9.99369E-05 0.0270895 0.38472
9.99639E-05 0.00328993 9.99639E-05 0.344819 0.00945259 9.99639E-05 0.0017025 0.201771 9.99639E-05 0.438565
9.9955E-05 9.9955E-05 0.490986 0.314998 9.9955E-05 0.0031645 9.9955E-05 9.9955E-05 0.00169135 0.188661
0.0109029 0.327356 9.9964E-05 9.9964E-05 0.0025929 9.9964E-05 9.9964E-05 0.214616 0.24228 0.201852
9.9946E-05 9.9946E-05 9.9946E-05 9.9946E-05 0.0044276 9.9946E-05 9.9946E-05 0.0254096 0.00582451 0.963739
0.0691062 0.00234624 0.382693 9.9973E-05 0.0148765 0.21185 9.9973E-05 0.26203 9.9973E-05 0.056798
9.9946E-05 9.9946E-05 9.9946E-05 0.0792696 0.00352854 0.0244791 9.9946E-05 9.9946E-05 9.9946E-05 0.892123
9.99459E-05 9.99459E-05 0.260878 0.442956 9.99459E-05 0.137047 9.99459E-05 9.99459E-05 9.99459E-05 0.158519
9.9955E-05 9.9955E-05 9.9955E-05 0.402982 9.9955E-05 0.371106 0.0109002 0.0383498 9.9955E-05 0.176163
0.394435 9.9937E-05 9.9937E-05 9.9937E-05 9.9937E-05 0.0667997 0.538066 9.9937E-05 9.9937E-05 9.9937E-05
9.9964E-05 9.9964E-05 9.9964E-05 0.208679 9.9964E-05 0.1648 0.0118252 0.528081 0.00628183 0.0799334
0.0470444 9.9955E-05 0.270551 9.9955E-05 9.9955E-05 0.471797 9.9955E-05 9.9955E-05 0.00807899 0.202029
0.00846548 9.9973E-05 0.301176 0.145178 9.9973E-05 0.261564 9.9973E-05 0.179056 0.00846251 0.0957988
9.9946E-05 0.00163863 9.9946E-05 9.9946E-05 9.9946E-05 0.134086 0.00552798 9.9946E-05 9.9946E-05 0.858147
9.9928E-05 9.9928E-05 9.9928E-05 9.9928E-05 9.9928E-05 0.275539 9.9928E-05 9.9928E-05 9.9928E-05 0.723661
9.9928E-05 9.9928E-05 0.00677958 9.9928E-05 9.9928E-05 9.9928E-05 9.9928E-05 9.9928E-05 9.9928E-05 0.992421
0.0489072 9.9955E-05 9.9955E-05 0.22616 9.9955E-05 9.9955E-05 9.9955E-05 0.55744 0.0222696 0.144723
9.9946E-05 9.9946E-05 9.9946E-05 0.0519855 9.9946E-05 9.9946E-05 9.9946E-05 0.0144444 0.00155589 0.931415
0.0036477 9.9937E-05 0.0132054 9.9937E-05 9.9937E-05 9.9937E-05 9.9937E-05 9.9937E-05 9.9937E-05 0.982447
9.9946E-05 9.9946E-05 0.146897 9.9946E-05 9.9946E-05 0.0501194 9.9946E-05 0.656733 9.9946E-05 0.145651
9.9946E-05 9.9946E-05 9.9946E-05 0.00254907 9.9946E-05 9.9946E-05 0.00998383 0.00912689 9.9946E-05 0.977741
9.9973E-05 9.9973E-05 0.320792 0.037004 0.00815885 0.224446 9.9973E-05 0.263857 0.0200848 0.125358
9.9928E-05 9.9928E-05 9.9928E-05 9.9928E-05 9.9928E-05 0.539342 9.9928E-05 9.9928E-05 9.9928E-05 0.459859
0.0658647 9.9955E-05 0.136428 0.756301 0.0336584 9.9955E-05 9.9955E-05 0.00724819 9.9955E-05 9.9955E-05
0.0110777 0.0143148 0.375451 0.199409 9.99549E-05 9.99549E-05 9.99549E-05 0.399248 9.99549E-05 9.99549E-05
9.9973E-05 9.9973E-05 0.0584596 0.243555 0.000463655 0.530021 0.0511286 0.0814599 9.9973E-05 0.0346118
0.0112387 9.9964E-05 9.9964E-05 0.183816 0.00662048 0.0773941 9.9964E-05 0.663614 9.9964E-05 0.0569169
0.0173926 9.9946E-05 9.9946E-05 9.9946E-05 0.01226 9.9946E-05 9.9946E-05 0.0073407 9.9946E-05 0.962407
9.9937E-05 9.9937E-05 9.9937E-05 0.0649013 9.9937E-05 0.20052 9.9937E-05 9.9937E-05 9.9937E-05 0.733879
9.9937E-05 9.9937E-05 9.9937E-05 9.9937E-05 9.9937E-05 0.289128 9.9937E-05 9.9937E-05 0.0331469 0.677026
9.9955E-05 0.0327173 9.9955E-05 0.0626768 9.9955E-05 0.202765 9.9955E-05 0.0464137 9.9955E-05 0.654927
9.99281E-05 0.996305 9.99281E-05 9.99281E-05 0.00289525 9.99281E-05 9.99281E-05 9.99281E-05 9.99281E-05 9.99281E-05
9.9946E-05 9.9946E-05 0.101672 0.0220886 9.9946E-05 9.9946E-05 9.9946E-05 9.9946E-05 0.0102219 0.865418
9.9937E-05 9.9937E-05 9.9937E-05 0.0141409 9.9937E-05 0.172601 9.9937E-05 9.9937E-05 9.9937E-05 0.812558
9.99201E-05 0.999101 9.99201E-05 9.99201E-05 9.99201E-05 9.99201E-05 9.99201E-05 9.99201E-05 9.99201E-05 9.99201E-05
9.99336E-05 9.99336E-05 9.99336E-05 9.99336E-05 9.99336E-05 0.477683 9.99336E-05 9.99336E-05 9.99336E-05 0.521518
9.9955E-05 9.9955E-05 0.093249 0.20274 9.9955E-05 0.361783 9.9955E-05 9.9955E-05 0.02506 0.316668
9.99369E-05 9.99369E-05 9.99369E-05 9.99369E-05 0.00116713 0.410872 9.99369E-05 9.99369E-05 9.99369E-05 0.587262
9.9946E-05 9.9946E-05 9.9946E-05 0.15219 9.9946E-05 0.39599 0.0142004 9.9946E-05 9.9946E-05 0.43702
0.0392082 0.0299571 9.9964E-05 9.9964E-05 0.00994489 9.9964E-05 9.9964E-05 0.391059 0.00216293 0.527268
9.99639E-05 9.99639E-05 9.99639E-05 0.426977 9.99639E-05 0.221634 0.0478435 0.0958905 0.00788948 0.199365
9.99459E-05 9.99459E-05 9.99459E-05 9.99459E-05 0.0226889 9.99459E-05 0.0475672 0.14927 9.99459E-05 0.779874
9.9937E-05 0.00195668 9.9937E-05 9.9937E-05 9.9937E-05 0.131565 9.9937E-05 9.9937E-05 9.9937E-05 0.865779
9.9937E-05 0.00321901 9.9937E-05 0.0277584 9.9937E-05 9.9937E-05 9.9937E-05 9.9937E-05 9.9937E-05 0.968323
9.9964E-05 0.00182753 9.9964E-05 0.0396148 9.9964E-05 0.264655 0.0131884 0.0247481 9.9964E-05 0.655566
9.9937E-05 9.9937E-05 9.9937E-05 0.0157227 9.9937E-05 0.313953 9.9937E-05 9.9937E-05 9.9937E-05 0.669624
9.9928E-05 9.9928E-05 9.9928E-05 9.9928E-05 9.9928E-05 0.05716 9.9928E-05 9.9928E-05 9.9928E-05 0.942041
0.949353 9.9928E-05 9.9928E-05 9.9928E-05 9.9928E-05 9.9928E-05 0.0498478 9.9928E-05 9.9928E-05 9.9928E-05
9.9946E-05 9.9946E-05 0.00507991 0.0325107 0.0112179 9.9946E-05 9.9946E-05 9.9946E-05 9.9946E-05 0.950592
0.0694999 9.9964E-05 9.9964E-05 0.160402 0.0193809 0.48031 9.9964E-05 0.127291 9.9964E-05 0.142716
9.9946E-05 0.00604989 9.9946E-05 0.0313697 9.9946E-05 0.0184306 9.9946E-05 9.9946E-05 9.9946E-05 0.94355
9.9937E-05 9.9937E-05 9.9937E-05 9.9937E-05 9.9937E-05 9.9937E-05 9.9937E-05 0.00758196 0.00277911 0.988939
0.00177672 9.9946E-05 9.9946E-05 0.103681 9.9946E-05 0.330276 9.9946E-05 9.9946E-05 9.9946E-05 0.563666
9.9937E-05 9.9937E-05 9.9937E-05 0.0206767 9.9937E-05 0.431774 9.9937E-05 9.9937E-05 9.9937E-05 0.54685
9.9937E-05 9.9937E-05 0.248386 0.651942 9.9937E-05 9.9937E-05 9.9937E-05 9.9937E-05 9.9937E-05 0.0989723
9.99201E-05 0.999101 9.99201E-05 9.99201E-05 9.99201E-05 9.99201E-05 9.99201E-05 9.99201E-05 9.99201E-05 9.99201E-05
9.9964E-05 9.9964E-05 0.0738791 0.00949053 9.9964E-05 0.612402 0.0140108 0.281579 9.9964E-05 0.00823853
9.99549E-05 9.99549E-05 9.99549E-05 9.99549E-05 0.0191637 9.99549E-05 0.0353674 0.106654 0.0139407 0.824375
9.995E-05 0.00749921 9.995E-05 9.995E-05 0.0108756 0.256069 0.0217259 9.995E-05 9.995E-05 0.70333
0.0297668 9.9946E-05 9.9946E-05 9.9946E-05 9.9946E-05 9.9946E-05 0.0200042 0.00344679 9.9946E-05 0.946183
9.99371E-05 9.99371E-05 0.00290121 9.99371E-05 0.0019075 9.99371E-05 9.99371E-05 9.99371E-05 9.99371E-05 0.994492
9.995E-05 0.022169 0.00801073 9.995E-05 0.00159444 9.995E-05 9.995E-05 0.0345591 9.995E-05 0.933167
0.000148134 0.00351017 9.9964E-05 0.00358306 0.00688082 0.0458456 9.9964E-05 9.9964E-05 9.9964E-05 0.939632
9.9946E-05 9.9946E-05 0.327828 0.424879 9.9946E-05 9.9946E-05 9.9946E-05 9.9946E-05 0.0777879 0.168905
9.9937E-05 9.9937E-05 0.0393876 9.9937E-05 9.9937E-05 0.024243 9.9937E-05 9.9937E-05 9.9937E-05 0.93567
0.870506 9.9955E-05 9.9955E-05 0.0609035 9.9955E-05 9.9955E-05 0.0277106 9.9955E-05 0.000897541 0.0394825
9.9946E-05 9.9946E-05 9.9946E-05 0.0831264 9.9946E-05 0.441355 0.0240382 9.9946E-05 9.9946E-05 0.450881
9.9964E-05 0.00101383 9.9964E-05 9.9964E-05 0.00280612 0.0962219 0.00472681 9.9964E-05 0.000646568 0.894185
9.99369E-05 9.99369E-05 9.99369E-05 9.99369E-05 9.99369E-05 9.99369E-05 9.99369E-05 0.00154488 0.968782 0.0289736
0.000878981 0.0431905 9.9973E-05 9.9973E-05 0.00768223 9.9973E-05 0.00772466 0.491514 0.00170497 0.447005
9.99459E-05 9.99459E-05 9.99459E-05 0.0926668 9.99459E-05 0.384445 9.99459E-05 0.305198 9.99459E-05 0.21709
9.9964E-05 0.00194731 9.9964E-05 0.0280742 0.00733641 0.217652 9.9964E-05 0.0155455 9.9964E-05 0.729044
0.00542365 9.9955E-05 9.9955E-05 0.0184422 9.9955E-05 9.9955E-05 9.9955E-05 0.0223416 0.00622167 0.947071
9.99201E-05 9.99201E-05 9.99201E-05 9.99201E-05 0.999101 9.99201E-05 9.99201E-05 9.99201E-05 9.99201E-05 9.99201E-05
9.99459E-05 0.002204 9.99459E-05 0.109977 9.99459E-05 0.465062 9.99459E-05 9.99459E-05 9.99459E-05 0.422157
9.99459E-05 9.99459E-05 9.99459E-05 0.16855 9.99459E-05 0.378603 0.00142428 9.99459E-05 9.99459E-05 0.450823
9.9946E-05 9.9946E-05 0.0606497 0.624448 9.9946E-05 0.152818 9.9946E-05 9.9946E-05 9.9946E-05 0.161485
0.0392429 9.9973E-05 0.301898 0.044329 9.9973E-05 0.562058 9.9973E-05 0.0301273 0.0116118 0.010433
9.9946E-05 9.9946E-05 0.584997 0.00416448 9.9946E-05 0.373373 9.9946E-05 9.9946E-05 9.9946E-05 0.0368652
9.9937E-05 9.9937E-05 9.9937E-05 9.9937E-05 9.9937E-05 9.9937E-05 0.00548763 0.00210577 9.9937E-05 0.991707
9.9928E-05 9.9928E-05 9.9928E-05 9.9928E-05 9.9928E-05 0.587289 9.9928E-05 9.9928E-05 9.9928E-05 0.411911
9.9928E-05 9.9928E-05 9.9928E-05 9.9928E-05 9.9928E-05 0.148003 9.9928E-05 9.9928E-05 9.9928E-05 0.851197
9.9964E-05 9.9964E-05 9.9964E-05 0.148702 9.9964E-05 0.596656 0.00697036 0.00263702 0.000291704 0.244344
9.9964E-05 9.9964E-05 0.0539369 0.00785971 9.9964E-05 0.0670268 9.9964E-05 0.767079 0.0165606 0.0871373
9.9928E-05 9.9928E-05 9.9928E-05 9.9928E-05 9.9928E-05 9.9928E-05 9.9928E-05 0.0405782 9.9928E-05 0.958622
9.9937E-05 9.9937E-05 9.9937E-05 0.76753 9.9937E-05 9.9937E-05 0.0434291 9.9937E-05 9.9937E-05 0.188342
9.9955E-05 0.00134905 0.0496878 9.9955E-05 9.9955E-05 0.695622 9.9955E-05 0.204355 9.9955E-05 0.0484862
0.794772 9.9937E-05 9.9937E-05 9.9937E-05 9.9937E-05 9.9937E-05 0.201074 9.9937E-05 0.00345437 9.9937E-05
9.9937E-05 9.9937E-05 9.9937E-05 0.0222174 9.9937E-05 0.528925 9.9937E-05 9.9937E-05 9.9937E-05 0.448158
9.9946E-05 9.9946E-05 0.00568429 0.0524115 9.9946E-05 0.00130295 9.9946E-05 9.9946E-05 9.9946E-05 0.940002
9.99201E-05 9.99201E-05 9.99201E-05 9.99201E-05 9.99201E-05 9.99201E-05 9.99201E-05 9.99201E-05 9.99201E-05 0.999101
9.9955E-05 0.0163461 0.525486 0.124692 9.9955E-05 0.323931 9.9955E-05 9.9955E-05 9.9955E-05 0.00904495
0.00111781 0.991944 9.9937E-05 9.9937E-05 9.9937E-05 9.9937E-05 9.9937E-05 9.9937E-05 9.9937E-05 0.00623845
9.99459E-05 0.00503115 0.820175 9.99459E-05 9.99459E-05 0.158022 9.99459E-05 9.99459E-05 9.99459E-05 0.0161719
9.9955E-05 9.9955E-05 9.9955E-05 0.132692 9.9955E-05 0.116537 0.0312612 9.9955E-05 0.00507849 0.713931
0.0160235 9.9955E-05 9.9955E-05 9.9955E-05 0.00559193 9.9955E-05 0.00983281 0.0214374 9.9955E-05 0.946615
9.9946E-05 9.9946E-05 0.226813 0.48285 9.9946E-05 0.244311 9.9946E-05 9.9946E-05 9.9946E-05 0.0454256
9.99201E-05 0.999101 9.99201E-05 9.99201E-05 9.99201E-05 9.99201E-05 9.99201E-05 9.99201E-05 9.99201E-05 9.99201E-05
0.864556 0.0109604 9.99549E-05 9.99549E-05 9.99549E-05 9.99549E-05 9.99549E-05 0.0972885 0.0114844 0.0152109
9.995E-05 0.00476775 0.00449586 0.223844 9.995E-05 0.136082 9.995E-05 9.995E-05 9.995E-05 0.630311
9.9928E-05 9.9928E-05 9.9928E-05 9.9928E-05 9.9928E-05 0.325259 9.9928E-05 9.9928E-05 9.9928E-05 0.673942
9.9937E-05 9.9937E-05 0.333681 9.9937E-05 9.9937E-05 0.573753 9.9937E-05 9.9937E-05 9.9937E-05 0.0918658
0.0200507 9.9946E-05 9.9946E-05 9.9946E-05 0.00166866 9.9946E-05 0.0137324 9.9946E-05 9.9946E-05 0.963949
9.9973E-05 0.0214232 0.389401 0.121255 9.9973E-05 0.0334752 9.9973E-05 0.325003 0.0669807 0.0421618
9.99279E-05 0.0430365 9.99279E-05 9.99279E-05 9.99279E-05 9.99279E-05 9.99279E-05 9.99279E-05 0.956164 9.99279E-05
9.9946E-05 9.9946E-05 9.9946E-05 9.9946E-05 0.00196437 0.146129 0.0400952 9.9946E-05 9.9946E-05 0.811212
9.99459E-05 9.99459E-05 0.0787522 0.0824535 9.99459E-05 0.404363 9.99459E-05 9.99459E-05 9.99459E-05 0.433832
0.0515629 9.99371E-05 0.00051535 9.99371E-05 9.99371E-05 9.99371E-05 0.947222 9.99371E-05 9.99371E-05 9.99371E-05
9.9946E-05 0.00288856 0.0317489 9.9946E-05 9.9946E-05 0.155208 9.9946E-05 9.9946E-05 9.9946E-05 0.809555
9.9937E-05 9.9937E-05 9.9937E-05 0.224245 9.9937E-05 0.485688 9.9937E-05 9.9937E-05 9.9937E-05 0.289367
9.9928E-05 9.9928E-05 9.9928E-05 9.9928E-05 9.9928E-05 0.259192 9.9928E-05 9.9928E-05 9.9928E-05 0.740009
0.0199117 9.9937E-05 0.71419 9.9937E-05 9.9937E-05 9.9937E-05 9.9937E-05 9.9937E-05 9.9937E-05 0.265199
9.9973E-05 0.00285166 0.292048 0.0814003 0.00593183 0.405165 9.9973E-05 0.104467 9.9973E-05 0.107837
0.0231774 9.9955E-05 0.226203 9.9955E-05 9.9955E-05 0.459527 9.9955E-05 0.254351 0.0362413 9.9955E-05
9.99549E-05 9.99549E-05 0.314217 0.176059 0.0195592 9.99549E-05 9.99549E-05 0.428634 9.99549E-05 0.0610317
9.9946E-05 9.9946E-05 9.9946E-05 0.0140812 9.9946E-05 0.502865 0.0202162 9.9946E-05 9.9946E-05 0.462238
9.9946E-05 0.0110489 9.9946E-05 9.9946E-05 9.9946E-05 0.197833 0.00906203 9.9946E-05 9.9946E-05 0.781457
9.99459E-05 0.0247384 9.99459E-05 9.99459E-05 9.99459E-05 0.385266 0.0186279 9.99459E-05 9.99459E-05 0.570768
9.9946E-05 0.74505 0.0161285 9.9946E-05 0.0449388 9.9946E-05 9.9946E-05 9.9946E-05 0.193283 9.9946E-05
0.00417888 9.9973E-05 0.00475876 0.0192799 9.9973E-05 0.0142069 0.0224386 0.031433 9.9973E-05 0.903404
9.9973E-05 0.909133 9.9973E-05 0.00549871 0.00809671 0.00445913 0.0064017 0.032055 0.0340557 9.9973E-05
9.9946E-05 9.9946E-05 9.9946E-05 9.9946E-05 9.9946E-05 0.415894 0.00712747 9.9946E-05 0.0181898 0.558189
9.99279E-05 9.99279E-05 9.99279E-05 9.99279E-05 9.99279E-05 9.99279E-05 0.96002 9.99279E-05 9.99279E-05 0.0391803
9.99459E-05 9.99459E-05 0.433308 0.180763 9.99459E-05 0.380148 0.00518178 9.99459E-05 9.99459E-05 9.99459E-05
0.0464929 9.9964E-05 0.644001 0.133099 0.0100111 9.9964E-05 9.9964E-05 0.00450768 9.9964E-05 0.161488
9.9964E-05 9.9964E-05 0.423366 0.202698 0.038923 0.222312 0.0436161 9.9964E-05 9.9964E-05 0.0686859
0.0265933 9.9937E-05 9.9937E-05 9.9937E-05 9.9937E-05 0.5638 9.9937E-05 9.9937E-05 9.9937E-05 0.408907
0.0269666 0.00591214 0.150451 0.187624 9.9982E-05 0.264434 9.9982E-05 0.187074 0.0487159 0.128622
9.9946E-05 9.9946E-05 9.9946E-05 9.9946E-05 9.9946E-05 0.0480936 0.0132539 0.00644064 9.9946E-05 0.931612
9.9973E-05 0.00378603 0.0812977 0.106949 0.00572437 0.46048 0.0186948 9.9973E-05 9.9973E-05 0.322768
0.0483178 9.99549E-05 9.99549E-05 9.99549E-05 0.00333155 9.99549E-05 9.99549E-05 0.579607 0.03929 0.328954
9.9964E-05 0.00452518 9.9964E-05 9.9964E-05 0.00108053 0.210791 9.9964E-05 0.117619 0.00432954 0.661255
0.00461988 9.9964E-05 9.9964E-05 0.0189728 0.0105882 0.168366 9.9964E-05 0.02572 9.9964E-05 0.771333
9.9955E-05 0.00341571 9.9955E-05 9.9955E-05 9.9955E-05 9.9955E-05 0.965338 0.0124059 0.0101332 0.00820735
9.9955E-05 0.00606903 9.9955E-05 0.243668 9.9955E-05 9.9955E-05 0.0503108 0.60531 9.9955E-05 0.0941429
0.0677739 9.99371E-05 0.0167767 9.99371E-05 9.99371E-05 9.99371E-05 0.91475 9.99371E-05 9.99371E-05 9.99371E-05
9.99459E-05 9.99459E-05 9.99459E-05 0.111745 9.99459E-05 0.323628 0.00264156 9.99459E-05 9.99459E-05 0.561386
0.0743722 9.9955E-05 9.9955E-05 9.9955E-05 9.9955E-05 0.128272 9.9955E-05 0.574458 0.0384592 0.183939
9.9946E-05 9.9946E-05 9.9946E-05 9.9946E-05 9.9946E-05 0.00364599 0.037003 0.734771 9.9946E-05 0.22398
0.000100216 0.0196783 0.0146323 9.996E-05 9.996E-05 0.299516 9.996E-05 9.996E-05 0.00532969 0.660344
9.9928E-05 9.9928E-05 9.9928E-05 9.9928E-05 9.9928E-05 0.0483255 9.9928E-05 9.9928E-05 9.9928E-05 0.950875
9.9937E-05 0.964304 9.9937E-05 9.9937E-05 9.9937E-05 9.9937E-05 0.0215432 9.9937E-05 0.0134531 9.9937E-05
0.0296863 9.99549E-05 0.303151 9.99549E-05 9.99549E-05 9.99549E-05 0.0289323 0.63482 9.99549E-05 0.00291056
0.0164284 0.00615748 9.99459E-05 9.99459E-05 9.99459E-05 0.383601 9.99459E-05 9.99459E-05 9.99459E-05 0.593214
0.578832 0.0430223 9.99549E-05 9.99549E-05 0.0198302 9.99549E-05 9.99549E-05 0.172903 9.99549E-05 0.184912
9.9946E-05 0.012373 9.9946E-05 9.9946E-05 9.9946E-05 9.9946E-05 9.9946E-05 0.0279249 0.00514325 0.953959
9.99201E-05 9.99201E-05 9.99201E-05 9.99201E-05 0.999101 9.99201E-05 9.99201E-05 9.99201E-05 9.99201E-05 9.99201E-05
9.9964E-05 9.9964E-05 9.9964E-05 0.0485334 0.0028283 0.0815015 9.9964E-05 0.0224614 0.0323111 0.811964
9.9946E-05 9.9946E-05 9.9946E-05 9.9946E-05 0.582798 9.9946E-05 9.9946E-05 0.183064 0.129313 0.104226
0.0312923 0.0203447 0.458703 0.0586738 9.9955E-05 0.430486 9.9955E-05 9.9955E-05 9.9955E-05 9.9955E-05
0.022053 9.9946E-05 0.00830211 9.9946E-05 9.9946E-05 9.9946E-05 9.9946E-05 0.00875839 9.9946E-05 0.960287
9.9937E-05 9.9937E-05 9.9937E-05 9.9937E-05 0.0119593 9.9937E-05 9.9937E-05 0.00107228 9.9937E-05 0.986269
0.00867828 9.99549E-05 0.302165 0.108352 9.99549E-05 9.99549E-05 9.99549E-05 0.548352 9.99549E-05 0.0319529
9.9946E-05 0.00614896 9.9946E-05 9.9946E-05 9.9946E-05 9.9946E-05 0.0101942 0.0775074 9.9946E-05 0.90555
0.24828 9.99281E-05 9.99281E-05 9.99281E-05 9.99281E-05 9.99281E-05 0.750921 9.99281E-05 9.99281E-05 9.99281E-05
9.9946E-05 0.0030979 0.00944457 9.9946E-05 9.9946E-05 0.00853849 9.9946E-05 9.9946E-05 9.9946E-05 0.978319
9.99201E-05 9.99201E-05 9.99201E-05 9.99201E-05 0.999101 9.99201E-05 9.99201E-05 9.99201E-05 9.99201E-05 9.99201E-05
9.9928E-05 9.9928E-05 9.9928E-05 9.9928E-05 9.9928E-05 0.0441398 9.9928E-05 9.9928E-05 9.9928E-05 0.955061
9.9964E-05 9.9964E-05 9.9964E-05 0.602674 9.9964E-05 0.262018 0.00604243 0.0547859 0.0170952 0.0569849
9.9964E-05 0.0138547 0.0231026 0.438246 0.0199079 0.264043 9.9964E-05 9.9964E-05 9.9964E-05 0.240445
9.9946E-05 9.9946E-05 0.0986663 0.162669 9.9946E-05 0.126082 9.9946E-05 0.611982 9.9946E-05 9.9946E-05
9.997E-05 0.0136497 9.997E-05 9.997E-05 0.00933531 0.355043 0.00207255 0.495483 0.00380353 0.120313
9.99549E-05 0.0184015 9.99549E-05 0.242454 9.99549E-05 9.99549E-05 9.99549E-05 0.526695 0.0978424 0.114108
9.9937E-05 0.00181492 0.00688217 9.9937E-05 9.9937E-05 9.9937E-05 9.9937E-05 9.9937E-05 9.9937E-05 0.990603
9.99639E-05 9.99639E-05 0.0497255 0.271744 9.99639E-05 0.394297 0.047703 9.99639E-05 0.010042 0.226089
9.9928E-05 9.9928E-05 9.9928E-05 9.9928E-05 9.9928E-05 0.142652 9.9928E-05 9.9928E-05 9.9928E-05 0.856549
0.05097 0.0249202 9.9973E-05 0.39217 9.9973E-05 0.176522 9.9973E-05 0.195241 0.0113699 0.148507
9.9946E-05 9.9946E-05 0.714851 9.9946E-05 9.9946E-05 9.9946E-05 0.0157751 0.168237 9.9946E-05 0.100537
0.0238674 9.9964E-05 9.9964E-05 0.0594689 0.0127041 0.0513758 9.9964E-05 0.0168484 9.9964E-05 0.835336
0.00135628 0.00857919 9.9955E-05 0.00985664 9.9955E-05 0.685143 9.9955E-05 9.9955E-05 9.9955E-05 0.294565
0.0238234 0.0121344 9.99459E-05 9.99459E-05 9.99459E-05 0.370389 9.99459E-05 9.99459E-05 9.99459E-05 0.593054
0.00128771 9.9955E-05 0.029545 0.00445691 9.9955E-05 9.9955E-05 9.9955E-05 0.0373884 9.9955E-05 0.926822
9.9964E-05 0.0126247 9.9964E-05 9.9964E-05 0.0140907 9.9964E-05 0.0676075 0.507078 0.0134696 0.384729
9.9973E-05 0.0130067 0.0301966 0.315502 0.00108506 0.281775 9.9973E-05 0.124866 9.9973E-05 0.233268
9.9973E-05 0.00423665 9.9973E-05 0.323331 0.0152029 0.131673 0.0031535 0.213232 9.9973E-05 0.308871
0.0146939 9.9955E-05 0.0258926 9.9955E-05 0.884639 9.9955E-05 0.0066336 9.9955E-05 0.0676409 9.9955E-05
0.0172456 9.9946E-05 9.9946E-05 9.9946E-05 9.9946E-05 9.9946E-05 0.00975481 0.0529297 9.9946E-05 0.91947
9.9928E-05 9.9928E-05 9.9928E-05 9.9928E-05 9.9928E-05 9.9928E-05 9.9928E-05 0.0218823 9.9928E-05 0.977318
9.9955E-05 0.00516297 9.9955E-05 0.102408 0.00552568 0.0692328 9.9955E-05 9.9955E-05 9.9955E-05 0.817171
9.9928E-05 0.00177912 9.9928E-05 9.9928E-05 9.9928E-05 9.9928E-05 0.997421 9.9928E-05 9.9928E-05 9.9928E-05
9.9964E-05 9.9964E-05 9.9964E-05 0.159377 0.00370054 0.16458 0.00107691 0.00554766 9.9964E-05 0.665318
9.99551E-05 9.99551E-05 0.0701678 0.184561 9.99551E-05 9.99551E-05 9.99551E-05 0.610599 0.000546854 0.133626
9.9964E-05 9.9964E-05 0.200432 0.0167373 9.9964E-05 0.44763 0.0243949 0.0370025 9.9964E-05 0.273403
9.9946E-05 9.9946E-05 9.9946E-05 9.9946E-05 0.00299781 9.9946E-05 0.0020205 9.9946E-05 0.00351312 0.990869
0.0123445 9.9964E-05 0.00957121 0.0613489 9.9964E-05 0.0417874 9.9964E-05 0.0505027 9.9964E-05 0.824045
9.9964E-05 0.0018653 0.00232668 9.9964E-05 9.9964E-05 0.016061 0.00370117 0.0103747 9.9964E-05 0.965271
9.9964E-05 0.0323614 0.14629 0.211076 9.9964E-05 0.00526976 9.9964E-05 0.563931 9.9964E-05 0.0406717
9.9964E-05 9.9964E-05 9.9964E-05 9.9964E-05 0.742272 0.00374803 0.0399609 0.0814733 0.131896 0.000250293
9.9928E-05 9.9928E-05 0.295106 9.9928E-05 9.9928E-05 9.9928E-05 9.9928E-05 0.704094 9.9928E-05 9.9928E-05
9.9973E-05 0.0129949 0.0623914 0.107385 9.9973E-05 0.368867 0.00381781 9.9973E-05 0.0116321 0.432612
9.9937E-05 0.0236084 9.9937E-05 9.9937E-05 0.954874 9.9937E-05 9.9937E-05 0.0208182 9.9937E-05 9.9937E-05
9.9973E-05 9.9973E-05 9.9973E-05 0.180322 0.00715104 0.201036 0.0318829 0.0620175 0.00205155 0.515239
9.99459E-05 9.99459E-05 0.238411 0.271053 9.99459E-05 0.271568 9.99459E-05 9.99459E-05 9.99459E-05 0.218369
9.9964E-05 9.9964E-05 0.0141325 9.9964E-05 0.000485112 9.9964E-05 0.0184367 0.030664 0.035427 0.900455
9.9928E-05 9.9928E-05 9.9928E-05 0.0135772 9.9928E-05 9.9928E-05 9.9928E-05 9.9928E-05 9.9928E-05 0.985623
9.9955E-05 0.0133268 9.9955E-05 0.0199573 0.00493359 9.9955E-05 9.9955E-05 0.028112 9.9955E-05 0.93317
9.9946E-05 9.9946E-05 9.9946E-05 0.308425 9.9946E-05 0.0933635 9.9946E-05 0.172004 9.9946E-05 0.425608
9.99369E-05 9.99369E-05 9.99369E-05 9.99369E-05 9.99369E-05 9.99369E-05 0.953276 0.0013262 9.99369E-05 0.0446982
9.9937E-05 9.9937E-05 9.9937E-05 9.9937E-05 9.9937E-05 0.068161 9.9937E-05 9.9937E-05 0.0142653 0.916874
9.9955E-05 9.9955E-05 0.611148 0.192463 9.9955E-05 9.9955E-05 0.0157601 0.0796633 9.9955E-05 0.100465
9.9964E-05 9.9964E-05 0.03132 0.0294703 9.9964E-05 0.612697 0.00633309 0.0409329 9.9964E-05 0.278847
0.00559689 9.9955E-05 9.9955E-05 9.9955E-05 0.0128958 0.0103345 0.968418 9.9955E-05 0.00225516 9.9955E-05
0.00706461 0.00236044 0.374938 0.253178 9.9964E-05 9.9964E-05 9.9964E-05 0.309038 9.9964E-05 0.0530214
0.0293585 9.9964E-05 9.9964E-05 0.0184733 0.0310051 0.00316544 9.9964E-05 0.7451 9.9964E-05 0.172498
0.0600696 9.9964E-05 0.0414987 0.386389 9.9964E-05 0.264196 9.9964E-05 0.178864 9.9964E-05 0.068582
9.9955E-05 0.0112752 0.0215419 9.9955E-05 9.9955E-05 9.9955E-05 0.899848 0.00371523 9.9955E-05 0.0631196
9.9937E-05 9.9937E-05 0.0840854 9.9937E-05 9.9937E-05 0.56823 9.9937E-05 9.9937E-05 9.9937E-05 0.346985
9.99369E-05 0.00396448 9.99369E-05 9.99369E-05 0.985541 9.99369E-05 9.99369E-05 9.99369E-05 9.99369E-05 0.00979532
9.99549E-05 0.00776616 9.99549E-05 0.112638 0.00311188 0.421976 9.99549E-05 9.99549E-05 9.99549E-05 0.454008
9.99525E-05 9.99525E-05 9.99525E-05 0.0166241 9.99525E-05 0.102465 9.99525E-05 9.99525E-05 0.0101802 0.870131
9.99201E-05 9.99201E-05 9.99201E-05 9.99201E-05 0.999101 9.99201E-05 9.99201E-05 9.99201E-05 9.99201E-05 9.99201E-05
9.9928E-05 9.9928E-05 9.9928E-05 9.9928E-05 9.9928E-05 0.192364 9.9928E-05 9.9928E-05 9.9928E-05 0.806836
9.9973E-05 0.847427 0.0456486 9.9973E-05 0.0153805 9.9973E-05 0.021599 0.0131336 0.0442898 0.012222
9.9955E-05 0.00137454 9.9955E-05 0.654814 9.9955E-05 0.206425 9.9955E-05 9.9955E-05 0.00899602 0.127891
0.00177743 9.9955E-05 9.9955E-05 9.9955E-05 9.9955E-05 0.0750727 0.017921 0.0292175 9.9955E-05 0.875512
9.9955E-05 9.9955E-05 0.171544 0.113224 9.9955E-05 9.9955E-05 0.070541 0.565048 9.9955E-05 0.0791419
9.9964E-05 9.9964E-05 0.0351247 9.9964E-05 0.0129681 0.311443 9.9964E-05 0.0423809 0.00192299 0.59576
9.9946E-05 0.0273176 9.9946E-05 9.9946E-05 0.919525 9.9946E-05 9.9946E-05 0.0471257 0.0054322 9.9946E-05
9.997E-05 9.997E-05 0.109108 0.211812 0.00837894 0.435743 0.0180527 0.089186 9.997E-05 0.127419
