0.0189985 0.386361 9.9973E-05 0.551672 0.0222208 0.0141913 9.9973E-05 0.00625669 9.9973E-05
9.9946E-05 9.9946E-05 9.9946E-05 0.965836 0.0252946 9.9946E-05 9.9946E-05 0.00826978 9.9946E-05
9.994E-05 9.994E-05 0.0377978 0.946422 9.994E-05 9.994E-05 9.994E-05 9.994E-05 0.0151801
9.9964E-05 0.209523 0.200661 0.574843 9.9964E-05 0.00725384 0.00731949 9.9964E-05 9.9964E-05
9.996E-05 0.304671 0.16375 0.134272 9.996E-05 9.996E-05 9.996E-05 0.360768 0.03614
9.9955E-05 9.9955E-05 0.10476 0.133719 0.638283 9.9955E-05 9.9955E-05 0.122738 9.9955E-05
0.209259 0.037292 0.0374524 0.183345 9.9964E-05 9.9964E-05 9.9964E-05 0.532252 9.9964E-05
9.99459E-05 9.99459E-05 0.845069 0.0159866 0.138345 9.99459E-05 9.99459E-05 9.99459E-05 9.99459E-05
0.00820476 0.043938 9.9982E-05 0.89468 0.0229132 0.00846947 0.00993133 9.9982E-05 0.0116635
9.9937E-05 0.323576 9.9937E-05 0.675724 9.9937E-05 9.9937E-05 9.9937E-05 9.9937E-05 9.9937E-05
0.302295 0.335209 0.193081 0.15377 9.9964E-05 0.0152456 9.9964E-05 9.9964E-05 9.9964E-05
0.296213 0.484945 9.9955E-05 9.9955E-05 9.9955E-05 9.9955E-05 9.9955E-05 0.216092 0.0022514
0.15639 0.458061 0.175996 0.133213 9.9964E-05 9.9964E-05 9.9964E-05 0.0759404 9.9964E-05
0.0370518 9.996E-05 0.0291845 0.0417433 0.829977 9.996E-05 9.996E-05 0.061644 9.996E-05
9.99549E-05 0.386277 0.188749 0.423557 9.99549E-05 0.000916826 9.99549E-05 9.99549E-05 9.99549E-05
0.00992972 0.188527 9.9973E-05 0.439898 0.152183 9.9973E-05 0.00461576 0.204547 9.9973E-05
0.638063 9.9955E-05 0.111875 0.156798 0.092764 9.9955E-05 9.9955E-05 9.9955E-05 9.9955E-05
9.9964E-05 9.9964E-05 9.9964E-05 0.135927 0.435754 0.41591 0.00903199 9.9964E-05 0.00297809
9.9955E-05 9.9955E-05 9.9955E-05 0.96399 9.9955E-05 0.000673758 0.00926033 0.0255761 9.9955E-05
0.142606 9.9982E-05 0.517848 0.079663 0.172953 9.9982E-05 0.0244397 0.0508583 0.0114312
9.9946E-05 0.129727 9.9946E-05 0.857747 9.9946E-05 9.9946E-05 9.9946E-05 0.0119259 9.9946E-05
0.455261 0.384368 0.0217641 0.121906 9.9973E-05 9.9973E-05 0.000738937 9.9973E-05 0.0156624
0.00155436 0.576098 0.100836 0.149358 9.9973E-05 9.9973E-05 9.9973E-05 0.169814 0.00204044
9.9946E-05 9.9946E-05 0.0974374 9.9946E-05 9.9946E-05 0.0223044 9.9946E-05 9.9946E-05 0.879658
9.9973E-05 0.169664 9.9973E-05 0.18786 0.0791867 0.00425903 9.9973E-05 0.538455 0.0202766
0.188274 0.295215 0.270603 0.240271 9.9964E-05 9.9964E-05 9.9964E-05 9.9964E-05 0.00523689
0.0733219 9.9955E-05 0.683486 0.212754 9.9955E-05 9.9955E-05 9.9955E-05 0.0299385 9.9955E-05
9.9946E-05 0.149764 9.9946E-05 0.843837 9.9946E-05 0.00579948 9.9946E-05 9.9946E-05 9.9946E-05
9.9937E-05 0.327202 9.9937E-05 0.672099 9.9937E-05 9.9937E-05 9.9937E-05 9.9937E-05 9.9937E-05
0.00241436 0.0155907 9.9946E-05 0.981395 9.9946E-05 9.9946E-05 9.9946E-05 9.9946E-05 9.9946E-05
9.9964E-05 0.159381 9.9964E-05 0.0865648 0.51327 9.9964E-05 9.9964E-05 0.237437 0.00294684
9.995E-05 9.995E-05 0.0106193 0.942955 0.00611373 9.995E-05 9.995E-05 0.0398118 9.995E-05
9.9946E-05 9.9946E-05 0.0110761 0.96129 9.9946E-05 9.9946E-05 9.9946E-05 0.0270346 9.9946E-05
0.00862886 9.9964E-05 0.0409948 0.19887 0.313963 9.9964E-05 9.9964E-05 0.437143 9.9964E-05
9.99498E-05 9.99498E-05 9.99498E-05 0.987171 0.000546994 9.99498E-05 9.99498E-05 9.99498E-05 0.0116824
0.137015 0.0714791 0.252984 0.226395 0.06736 9.9982E-05 0.0177592 0.226808 9.9982E-05
9.9946E-05 0.538674 0.00379211 0.456935 9.9946E-05 9.9946E-05 9.9946E-05 9.9946E-05 9.9946E-05
0.385427 0.281577 9.997E-05 9.997E-05 0.0512315 9.997E-05 0.0261321 0.251465 0.00386737
0.284472 9.9982E-05 9.9982E-05 0.0832067 0.0055991 0.0171522 0.00455432 0.598081 0.00673529
9.996E-05 0.333717 0.470595 0.110993 9.996E-05 9.996E-05 9.996E-05 0.0367436 0.0475514
9.9973E-05 0.170199 9.9973E-05 0.0405682 0.466326 9.9973E-05 0.00189661 0.319673 0.0010377
9.996E-05 9.996E-05 0.00650451 0.962045 9.996E-05 9.996E-05 0.00194643 0.0149933 0.0141106
0.00135959 0.229449 0.0383463 0.730345 9.9955E-05 9.9955E-05 9.9955E-05 9.9955E-05 9.9955E-05
9.996E-05 0.303875 0.0151797 0.666656 0.0135853 9.996E-05 0.000303748 9.996E-05 9.996E-05
9.995E-05 0.264516 9.995E-05 0.628849 9.995E-05 0.0355007 9.995E-05 0.070634 9.995E-05
9.993E-05 9.993E-05 9.993E-05 9.993E-05 9.993E-05 0.999201 9.993E-05 9.993E-05 9.993E-05
0.0396444 9.9955E-05 0.0366329 0.871102 9.9955E-05 9.9955E-05 9.9955E-05 0.052121 9.9955E-05
9.9937E-05 0.192991 9.9937E-05 0.80631 9.9937E-05 9.9937E-05 9.9937E-05 9.9937E-05 9.9937E-05
9.993E-05 9.993E-05 9.993E-05 9.993E-05 9.993E-05 0.999201 9.993E-05 9.993E-05 9.993E-05
9.9946E-05 0.417591 0.0456083 0.536201 9.9946E-05 9.9946E-05 9.9946E-05 9.9946E-05 9.9946E-05
0.15048 0.531744 9.996E-05 0.244169 0.0728288 9.996E-05 0.000378383 9.996E-05 9.996E-05
9.99459E-05 0.30619 0.0829245 0.610286 9.99459E-05 9.99459E-05 9.99459E-05 9.99459E-05 9.99459E-05
0.00224477 0.47846 0.0464267 0.432049 9.9973E-05 9.9973E-05 9.9973E-05 0.0285239 0.0119953
9.99549E-05 9.99549E-05 9.99549E-05 0.454523 0.51102 0.0254151 9.99549E-05 9.99549E-05 0.00854214
9.9964E-05 0.530547 9.9964E-05 0.147092 0.0784453 9.9964E-05 9.9964E-05 0.198556 0.0449594
9.99549E-05 9.99549E-05 9.99549E-05 0.73652 0.234743 9.99549E-05 0.00701244 9.99549E-05 0.0212244
9.9937E-05 0.145014 9.9937E-05 0.854286 9.9937E-05 9.9937E-05 9.9937E-05 9.9937E-05 9.9937E-05
9.9955E-05 9.9955E-05 0.0144542 0.973452 0.00995818 0.00163573 9.9955E-05 9.9955E-05 9.9955E-05
9.996E-05 0.297166 0.0335009 0.633189 0.0330379 0.0027061 9.996E-05 9.996E-05 9.996E-05
9.9937E-05 0.3423 9.9937E-05 0.657 9.9937E-05 9.9937E-05 9.9937E-05 9.9937E-05 9.9937E-05
0.00970384 0.0580441 9.9946E-05 0.931652 9.9946E-05 9.9946E-05 9.9946E-05 9.9946E-05 9.9946E-05
0.0533734 9.99641E-05 9.99641E-05 9.99641E-05 0.0874096 9.99641E-05 0.0212218 0.0311549 0.806441
0.0354984 9.9955E-05 9.9955E-05 0.945441 9.9955E-05 9.9955E-05 0.00913195 9.9955E-05 0.00942854
9.997E-05 0.370529 0.274073 0.163891 0.154867 9.997E-05 0.0186762 9.997E-05 0.0176637
0.00990674 0.0590573 9.9955E-05 0.929604 9.9955E-05 0.000931976 9.9955E-05 9.9955E-05 9.9955E-05
9.9946E-05 9.9946E-05 9.9946E-05 0.976793 9.9946E-05 9.9946E-05 0.00700993 0.0155974 9.9946E-05
9.9964E-05 0.399089 0.00603574 0.583143 9.9964E-05 0.000501988 9.9964E-05 0.0108299 9.9964E-05
0.0304496 0.411079 9.9946E-05 0.557872 9.9946E-05 9.9946E-05 9.9946E-05 9.9946E-05 9.9946E-05
0.597995 0.109539 9.996E-05 0.144986 9.996E-05 9.996E-05 9.996E-05 0.145319 0.00176094
9.993E-05 9.993E-05 9.993E-05 9.993E-05 9.993E-05 0.999201 9.993E-05 9.993E-05 9.993E-05
9.9955E-05 0.116375 0.570331 0.222051 9.9955E-05 9.9955E-05 9.9955E-05 0.0907432 9.9955E-05
9.996E-05 9.996E-05 9.996E-05 0.794026 0.165945 0.000523751 0.018044 9.996E-05 0.0210615
9.997E-05 0.215099 0.0286236 0.732473 9.997E-05 0.00397636 0.00856075 9.997E-05 0.0109672
9.9937E-05 9.9937E-05 9.9937E-05 0.959257 9.9937E-05 9.9937E-05 9.9937E-05 9.9937E-05 0.0400436
0.00662474 9.9955E-05 9.9955E-05 0.990591 9.9955E-05 9.9955E-05 0.000632556 9.9955E-05 0.00165215
9.9955E-05 9.9955E-05 9.9955E-05 0.944475 9.9955E-05 0.0223239 0.00579322 0.0269078 9.9955E-05
9.9946E-05 0.0315977 9.9946E-05 0.966042 9.9946E-05 9.9946E-05 0.00176056 9.9946E-05 9.9946E-05
0.385888 0.265873 9.9973E-05 0.0628046 0.17893 9.9973E-05 9.9973E-05 0.103402 0.00280261
0.0213722 0.0472115 0.00533288 0.925584 9.9955E-05 9.9955E-05 9.9955E-05 9.9955E-05 9.9955E-05
0.0859465 9.9964E-05 9.9964E-05 9.9964E-05 0.230086 0.00593053 9.9964E-05 0.0238758 0.653761
9.9964E-05 0.546533 0.0102867 0.388243 0.032188 9.9964E-05 9.9964E-05 9.9964E-05 0.022349
9.9946E-05 0.143861 9.9946E-05 0.844534 9.9946E-05 9.9946E-05 0.0110053 9.9946E-05 9.9946E-05
0.0134378 9.9973E-05 9.9973E-05 0.0507441 0.443199 0.383697 0.0594383 9.9973E-05 0.0491837
9.9946E-05 9.9946E-05 9.9946E-05 0.395086 0.582701 0.0216134 9.9946E-05 9.9946E-05 9.9946E-05
9.99639E-05 0.11384 0.361492 0.313909 0.114561 9.99639E-05 9.99639E-05 0.0957983 9.99639E-05
9.997E-05 0.221513 0.0236043 0.709211 0.0378246 0.00133041 0.00621743 9.997E-05 9.997E-05
0.00863476 9.9955E-05 9.9955E-05 0.967388 0.0158774 9.9955E-05 9.9955E-05 9.9955E-05 0.0075998
9.993E-05 9.993E-05 9.993E-05 9.993E-05 9.993E-05 9.993E-05 0.999201 9.993E-05 9.993E-05
0.0068003 0.571413 9.99549E-05 0.412819 9.99549E-05 0.00846823 9.99549E-05 9.99549E-05 9.99549E-05
9.9946E-05 0.560051 9.9946E-05 0.434254 9.9946E-05 9.9946E-05 9.9946E-05 9.9946E-05 0.00509568
0.245099 0.549581 9.995E-05 0.0379829 9.995E-05 9.995E-05 9.995E-05 0.166838 9.995E-05
0.246288 0.383469 0.28419 0.0733626 9.9973E-05 9.9973E-05 9.9973E-05 0.00551564 0.00687522
0.633895 0.252758 0.0209301 0.0919167 9.9955E-05 9.9955E-05 9.9955E-05 9.9955E-05 9.9955E-05
9.9946E-05 9.9946E-05 9.9946E-05 0.979494 0.0166601 9.9946E-05 9.9946E-05 9.9946E-05 0.00324588
9.9946E-05 0.429799 0.136117 0.433484 9.9946E-05 9.9946E-05 9.9946E-05 9.9946E-05 9.9946E-05
9.9955E-05 0.140707 0.0119252 0.843456 9.9955E-05 9.9955E-05 0.00341138 9.9955E-05 9.9955E-05
9.996E-05 0.759894 9.996E-05 0.127462 0.0972097 9.996E-05 9.996E-05 0.00870084 0.00633402
9.9955E-05 9.9955E-05 0.0787072 0.11932 0.504623 9.9955E-05 9.9955E-05 0.29685 9.9955E-05
9.9946E-05 9.9946E-05 9.9946E-05 0.971393 0.0255141 9.9946E-05 9.9946E-05 9.9946E-05 0.00249322
9.9955E-05 0.582235 9.9955E-05 0.0239349 9.9955E-05 9.9955E-05 9.9955E-05 0.331533 0.0617978
9.997E-05 0.29934 0.438104 0.237177 9.997E-05 0.0129549 0.00817782 0.00394636 9.997E-05
9.99551E-05 9.99551E-05 9.99551E-05 9.99551E-05 0.0165689 0.0105316 9.99551E-05 0.128793 0.843607
0.00657669 0.547129 9.9946E-05 0.445694 9.9946E-05 9.9946E-05 9.9946E-05 9.9946E-05 9.9946E-05
0.0153362 0.083305 9.9946E-05 0.900759 9.9946E-05 9.9946E-05 9.9946E-05 9.9946E-05 9.9946E-05
9.993E-05 9.993E-05 9.993E-05 0.999201 9.993E-05 9.993E-05 9.993E-05 9.993E-05 9.993E-05
0.20844 0.019243 0.718021 0.053796 9.99549E-05 9.99549E-05 9.99549E-05 9.99549E-05 9.99549E-05
9.99369E-05 9.99369E-05 9.99369E-05 0.000773098 9.99369E-05 0.998527 9.99369E-05 9.99369E-05 9.99369E-05
0.874479 0.0304907 0.00938358 0.0683456 9.9964E-05 0.0169012 9.9964E-05 9.9964E-05 9.9964E-05
9.9946E-05 0.307431 9.9946E-05 0.653896 9.9946E-05 9.9946E-05 9.9946E-05 9.9946E-05 0.0380727
9.996E-05 9.996E-05 9.996E-05 0.930781 0.0361382 9.996E-05 0.00366908 0.00612053 0.0228918
0.457657 0.294996 0.164961 0.0818867 9.9955E-05 9.9955E-05 9.9955E-05 9.9955E-05 9.9955E-05
9.993E-05 9.993E-05 9.993E-05 9.993E-05 9.993E-05 0.999201 9.993E-05 9.993E-05 9.993E-05
9.9946E-05 9.9946E-05 9.9946E-05 9.9946E-05 0.364808 0.00576588 9.9946E-05 9.9946E-05 0.628826
0.0918969 0.262264 9.9964E-05 0.606864 9.9964E-05 0.0100362 9.9964E-05 0.0285389 9.9964E-05
9.9946E-05 0.275189 0.043319 0.680893 9.9946E-05 9.9946E-05 9.9946E-05 9.9946E-05 9.9946E-05
0.270077 0.353313 0.255593 0.120517 9.9955E-05 9.9955E-05 9.9955E-05 9.9955E-05 9.9955E-05
9.9946E-05 9.9946E-05 0.011892 0.967972 9.9946E-05 9.9946E-05 9.9946E-05 9.9946E-05 0.0195366
0.384428 0.0317682 9.997E-05 0.0427665 0.26502 0.0479368 9.997E-05 0.227781 9.997E-05
0.0104791 0.00381462 9.997E-05 9.997E-05 0.255432 0.516916 0.0871419 9.997E-05 0.125917
9.9955E-05 0.167707 9.9955E-05 0.795358 9.9955E-05 9.9955E-05 0.000390344 9.9955E-05 0.0360448
0.0731345 0.459247 0.0440323 0.423086 9.9955E-05 9.9955E-05 9.9955E-05 9.9955E-05 9.9955E-05
0.00128456 9.9937E-05 9.9937E-05 9.9937E-05 9.9937E-05 9.9937E-05 9.9937E-05 9.9937E-05 0.998016
0.029793 0.159248 9.995E-05 0.809936 9.995E-05 0.000523232 9.995E-05 9.995E-05 9.995E-05
9.9946E-05 0.726841 9.9946E-05 0.230858 9.9946E-05 9.9946E-05 9.9946E-05 0.0417021 9.9946E-05
9.9937E-05 0.315015 9.9937E-05 0.684286 9.9937E-05 9.9937E-05 9.9937E-05 9.9937E-05 9.9937E-05
0.74433 9.9955E-05 9.9955E-05 0.247773 9.9955E-05 0.00646931 0.000928517 9.9955E-05 9.9955E-05
0.199749 0.197501 0.258525 0.206346 9.997E-05 0.00628796 9.997E-05 0.131291 9.997E-05
0.0595421 0.279012 0.359112 0.0175267 0.261059 9.997E-05 9.997E-05 0.0234486 9.997E-05
0.404864 0.00963527 9.99459E-05 9.99459E-05 0.584902 9.99459E-05 9.99459E-05 9.99459E-05 9.99459E-05
9.9955E-05 0.4908 0.016148 0.47512 9.9955E-05 9.9955E-05 9.9955E-05 9.9955E-05 0.0174315
9.9955E-05 0.14946 0.0206386 0.82568 9.9955E-05 0.00372197 9.9955E-05 9.9955E-05 9.9955E-05
9.996E-05 0.392962 0.00732279 0.558703 9.996E-05 0.0346073 9.996E-05 9.996E-05 0.00600465
0.0122618 9.9964E-05 0.0155683 9.9964E-05 0.0649704 0.861879 0.0449207 9.9964E-05 9.9964E-05
0.00474523 0.0208124 9.9973E-05 0.879336 0.0454359 9.9973E-05 9.9973E-05 0.0200229 0.0293479
9.997E-05 0.0196544 9.997E-05 9.997E-05 0.00550571 0.944763 0.0142732 0.0149996 0.000504003
9.9946E-05 0.445697 9.9946E-05 0.547069 9.9946E-05 9.9946E-05 9.9946E-05 9.9946E-05 0.00663387
9.99369E-05 9.99369E-05 9.99369E-05 0.0491346 9.99369E-05 9.99369E-05 9.99369E-05 9.99369E-05 0.950166
0.579021 0.335052 0.0762974 9.99549E-05 9.99549E-05 9.99549E-05 9.99549E-05 9.99549E-05 0.00912984
0.713318 9.996E-05 9.996E-05 0.12327 0.0947516 9.996E-05 0.013476 0.0547845 9.996E-05
0.380277 0.0195731 0.441191 0.106276 9.9973E-05 9.9973E-05 0.0262533 9.9973E-05 0.0261304
9.9946E-05 0.369918 0.210009 0.419473 9.9946E-05 9.9946E-05 9.9946E-05 9.9946E-05 9.9946E-05
0.0222334 9.997E-05 0.556095 0.248146 9.997E-05 0.021384 9.997E-05 0.148609 0.00323328
9.9955E-05 0.0834622 9.9955E-05 0.903595 0.00924387 9.9955E-05 0.00319954 9.9955E-05 9.9955E-05
0.0685403 0.612985 9.9973E-05 0.226948 0.0817109 9.9973E-05 0.00354925 9.9973E-05 0.00596682
9.99369E-05 9.99369E-05 9.99369E-05 0.229493 0.769807 9.99369E-05 9.99369E-05 9.99369E-05 9.99369E-05
9.997E-05 0.118316 0.0818164 0.692186 9.997E-05 0.010768 0.00645496 0.0901585 9.997E-05
9.9964E-05 0.202892 9.9964E-05 0.741078 0.0417614 0.00380495 0.0100638 9.9964E-05 9.9964E-05
9.99369E-05 9.99369E-05 9.99369E-05 0.0344796 9.99369E-05 9.99369E-05 9.99369E-05 9.99369E-05 0.964821
9.997E-05 0.00637363 9.997E-05 0.175674 0.23779 0.0066444 9.997E-05 0.537464 0.0357543
0.00883076 9.99461E-05 0.000217578 9.99461E-05 9.99461E-05 9.99461E-05 9.99461E-05 9.99461E-05 0.990352
9.9946E-05 0.43931 9.9946E-05 0.550503 9.9946E-05 0.00958684 9.9946E-05 9.9946E-05 9.9946E-05
9.9973E-05 0.123307 0.0501508 0.0923472 0.711615 9.9973E-05 9.9973E-05 0.00246842 0.0198119
9.9964E-05 9.9964E-05 0.00710838 0.194782 0.561559 9.9964E-05 9.9964E-05 0.217345 0.0188067
0.0120158 0.261585 0.0403218 0.667081 9.997E-05 0.0156188 9.997E-05 9.997E-05 0.00307796
0.00383279 0.0360498 9.9946E-05 0.959518 9.9946E-05 9.9946E-05 9.9946E-05 9.9946E-05 9.9946E-05
9.9937E-05 9.9937E-05 9.9937E-05 9.9937E-05 9.9937E-05 0.984282 9.9937E-05 9.9937E-05 0.0150186
0.198616 9.99639E-05 0.0179745 9.99639E-05 0.505063 9.99639E-05 9.99639E-05 0.254897 0.0230487
9.99459E-05 0.311046 0.0817219 0.606633 9.99459E-05 9.99459E-05 9.99459E-05 9.99459E-05 9.99459E-05
9.99639E-05 9.99639E-05 9.99639E-05 0.0405285 0.538232 0.0260937 0.00530585 9.99639E-05 0.38944
9.9946E-05 9.9946E-05 9.9946E-05 0.963763 0.0244024 0.0112353 9.9946E-05 9.9946E-05 9.9946E-05
9.993E-05 9.993E-05 9.993E-05 9.993E-05 9.993E-05 9.993E-05 0.999201 9.993E-05 9.993E-05
9.996E-05 0.11507 0.0243305 0.806745 0.0432337 0.0102205 9.996E-05 9.996E-05 9.996E-05
9.9955E-05 9.9955E-05 9.9955E-05 0.0894805 0.293503 0.0230949 0.593422 9.9955E-05 9.9955E-05
0.470231 0.433897 9.9973E-05 9.9973E-05 0.0660208 0.0180788 0.00909314 9.9973E-05 0.00237916
0.00035552 9.9955E-05 9.9955E-05 0.975669 9.9955E-05 9.9955E-05 0.00322848 0.0202468 9.9955E-05
9.9946E-05 9.9946E-05 9.9946E-05 0.990691 9.9946E-05 9.9946E-05 0.00127971 0.00742926 9.9946E-05
0.090324 9.9991E-05 0.0156781 0.15954 0.0380208 0.000631253 0.0179955 0.670881 0.00682973
9.995E-05 9.995E-05 9.995E-05 0.913224 0.0655085 9.995E-05 9.995E-05 0.0191463 0.00162156
0.022139 9.99371E-05 9.99371E-05 9.99371E-05 9.99371E-05 9.99371E-05 9.99371E-05 9.99371E-05 0.977161
9.9955E-05 0.0218849 9.9955E-05 0.960986 9.9955E-05 0.00563719 9.9955E-05 9.9955E-05 0.0109917
9.993E-05 9.993E-05 9.993E-05 9.993E-05 9.993E-05 9.993E-05 0.999201 9.993E-05 9.993E-05
9.9937E-05 0.0282034 9.9937E-05 0.971097 9.9937E-05 9.9937E-05 9.9937E-05 9.9937E-05 9.9937E-05
0.0634477 0.526035 0.195655 9.9973E-05 0.104088 9.9973E-05 9.9973E-05 0.105322 0.00515242
0.0196617 0.442302 0.102719 0.211063 9.9973E-05 9.9973E-05 0.00643059 0.217523 9.9973E-05
0.055791 0.156438 0.0729149 9.996E-05 0.444983 9.996E-05 9.996E-05 0.269473 9.996E-05
9.9973E-05 9.9973E-05 0.299397 0.333853 9.9973E-05 0.0230296 0.0209519 0.310029 0.0124394
9.99549E-05 9.99549E-05 9.99549E-05 0.182742 0.181583 0.0585352 9.99549E-05 0.576639 9.99549E-05
0.00282039 9.9946E-05 9.9946E-05 0.995142 9.9946E-05 0.00143821 9.9946E-05 9.9946E-05 9.9946E-05
0.166564 0.457401 0.0959085 0.229832 9.9964E-05 9.9964E-05 9.9964E-05 9.9964E-05 0.0498941
9.9946E-05 0.149603 9.9946E-05 0.842569 9.9946E-05 9.9946E-05 0.00722858 9.9946E-05 9.9946E-05
9.9982E-05 0.431099 0.0334979 0.0992098 0.105541 0.0268739 9.9982E-05 0.25335 0.0502281
0.686911 0.0418467 9.9946E-05 9.9946E-05 0.270642 9.9946E-05 9.9946E-05 9.9946E-05 9.9946E-05
9.996E-05 0.132226 9.996E-05 0.79967 0.0541099 9.996E-05 0.00807822 9.996E-05 0.00551666
9.9946E-05 0.718183 9.9946E-05 0.258284 9.9946E-05 0.0229338 9.9946E-05 9.9946E-05 9.9946E-05
9.997E-05 0.395959 0.000572444 0.581214 9.997E-05 0.0092265 0.00635926 9.997E-05 0.00636845
0.0104928 9.995E-05 9.995E-05 0.934946 0.0393643 9.995E-05 9.995E-05 0.0146974 9.995E-05
9.9964E-05 9.9964E-05 9.9964E-05 0.325455 0.634774 0.00665231 0.000273066 9.9964E-05 0.0324453
9.997E-05 0.477691 0.0590867 0.218576 0.028639 9.997E-05 0.000906531 0.214801 9.997E-05
9.998E-05 0.166143 0.212479 0.362403 0.126666 9.998E-05 0.0116593 0.113227 0.00722173
9.9973E-05 0.00227621 9.9973E-05 9.9973E-05 0.0148808 0.0103052 0.908606 0.0360184 0.0276131
9.995E-05 9.995E-05 9.995E-05 0.932569 0.0350773 9.995E-05 9.995E-05 0.0298685 0.00198494
9.9937E-05 9.9937E-05 9.9937E-05 0.983253 0.0160472 9.9937E-05 9.9937E-05 9.9937E-05 9.9937E-05
9.9955E-05 0.132867 9.9955E-05 0.831986 9.9955E-05 9.9955E-05 0.0148244 0.0198229 9.9955E-05
9.99369E-05 9.99369E-05 9.99369E-05 0.0321368 9.99369E-05 9.99369E-05 9.99369E-05 9.99369E-05 0.967164
9.9973E-05 0.329492 9.9973E-05 0.578069 0.0762481 9.9973E-05 0.00190428 0.0119045 0.00208213
9.9964E-05 9.9964E-05 9.9964E-05 0.220966 0.0396923 0.00405098 9.9964E-05 0.731303 0.00358865
0.219057 0.423671 0.0119607 0.285305 0.0228562 0.0122216 9.999E-05 0.013661 0.0111677
9.9937E-05 9.9937E-05 9.9937E-05 0.977052 0.0222482 9.9937E-05 9.9937E-05 9.9937E-05 9.9937E-05
0.00446509 9.997E-05 0.0752555 0.850348 0.0227683 9.997E-05 9.997E-05 0.0438262 0.00303728
0.00265001 9.9946E-05 0.0123458 0.984405 9.9946E-05 9.9946E-05 9.9946E-05 9.9946E-05 9.9946E-05
9.9955E-05 9.9955E-05 9.9955E-05 0.205333 9.9955E-05 0.0298176 0.00229726 0.762052 9.9955E-05
9.997E-05 0.00553063 9.997E-05 9.997E-05 0.137249 0.0323082 0.774445 0.0154629 0.0347034
0.188645 9.9946E-05 9.9946E-05 9.9946E-05 0.409415 9.9946E-05 9.9946E-05 0.40134 9.9946E-05
0.0424027 0.209711 0.244033 0.491798 9.996E-05 0.0116556 9.996E-05 9.996E-05 9.996E-05
9.9946E-05 9.9946E-05 9.9946E-05 9.9946E-05 0.0440469 0.00476079 0.950593 9.9946E-05 9.9946E-05
9.998E-05 0.403307 9.998E-05 0.42916 0.0757083 0.000244092 0.0127772 0.0516912 0.0269114
0.354142 0.451472 9.99459E-05 0.193787 9.99459E-05 9.99459E-05 9.99459E-05 9.99459E-05 9.99459E-05
0.00722282 9.997E-05 9.997E-05 0.886106 0.0652193 0.00324052 9.997E-05 0.00990146 0.0280095
9.995E-05 0.00304677 9.995E-05 0.980492 9.995E-05 0.00779522 9.995E-05 0.00816614 9.995E-05
9.9955E-05 9.9955E-05 9.9955E-05 0.938558 9.9955E-05 0.00938928 0.000157359 0.0513959 9.9955E-05
9.995E-05 0.303095 9.995E-05 0.355536 0.125392 9.995E-05 9.995E-05 0.215477 9.995E-05
9.99369E-05 9.99369E-05 9.99369E-05 0.04901 9.99369E-05 9.99369E-05 9.99369E-05 9.99369E-05 0.95029
9.9937E-05 0.0742418 9.9937E-05 0.925059 9.9937E-05 9.9937E-05 9.9937E-05 9.9937E-05 9.9937E-05
0.712286 9.996E-05 0.0530583 0.0812644 0.0894192 9.996E-05 9.996E-05 0.0635724 9.996E-05
9.9955E-05 0.569458 0.135017 0.269212 0.0258135 9.9955E-05 9.9955E-05 9.9955E-05 9.9955E-05
9.99549E-05 0.00216971 9.99549E-05 0.027027 9.99549E-05 9.99549E-05 0.0161665 9.99549E-05 0.954137
0.239676 9.99549E-05 0.00890962 0.126397 9.99549E-05 9.99549E-05 9.99549E-05 0.624518 9.99549E-05
9.9946E-05 0.109203 9.9946E-05 9.9946E-05 0.889249 9.9946E-05 0.000948308 9.9946E-05 9.9946E-05
9.9973E-05 0.240543 0.473954 0.0770196 0.158208 9.9973E-05 9.9973E-05 0.0197204 0.0302562
9.9946E-05 9.9946E-05 0.015436 0.0876762 9.9946E-05 9.9946E-05 9.9946E-05 9.9946E-05 0.896288
0.0844116 0.581485 9.9946E-05 0.333503 9.9946E-05 9.9946E-05 9.9946E-05 9.9946E-05 9.9946E-05
9.993E-05 9.993E-05 9.993E-05 9.993E-05 9.993E-05 9.993E-05 0.999201 9.993E-05 9.993E-05
9.99459E-05 0.359964 0.168302 0.471134 9.99459E-05 9.99459E-05 9.99459E-05 9.99459E-05 9.99459E-05
9.9946E-05 0.120284 9.9946E-05 0.859617 9.9946E-05 0.0194995 9.9946E-05 9.9946E-05 9.9946E-05
9.993E-05 9.993E-05 9.993E-05 9.993E-05 9.993E-05 9.993E-05 0.999201 9.993E-05 9.993E-05
9.9946E-05 0.163726 0.0293288 0.806346 9.9946E-05 9.9946E-05 9.9946E-05 9.9946E-05 9.9946E-05
0.0224806 0.0233965 9.997E-05 9.997E-05 0.0454033 0.891103 0.00252974 9.997E-05 0.0147874
0.030428 0.686877 9.9955E-05 9.9955E-05 0.00778637 9.9955E-05 9.9955E-05 0.274409 9.9955E-05
9.995E-05 0.0961804 9.995E-05 0.847104 0.0350042 9.995E-05 9.995E-05 9.995E-05 0.0212113
0.0776706 9.997E-05 9.997E-05 0.149695 0.217885 9.997E-05 0.00964881 0.479184 0.0656169
0.0143424 0.25057 0.0591935 0.61717 0.0429565 9.9973E-05 0.0154677 9.9973E-05 9.9973E-05
9.9946E-05 9.9946E-05 9.9946E-05 9.9946E-05 0.0653154 0.0145647 0.91952 9.9946E-05 9.9946E-05
0.0230625 0.609093 0.0030214 0.111832 9.9973E-05 9.9973E-05 0.0136977 0.238993 9.9973E-05
