0.152303 0.847597 9.9991E-05
9.999E-05 0.994835 0.00506525
9.999E-05 0.996501 0.00339876
0.172806 0.815773 0.0114214
0.49786 0.473767 0.0283732
0.3237 0.509391 0.16691
0.55976 0.44014 9.9991E-05
0.595284 0.393351 0.0113654
9.9991E-05 0.957906 0.041994
0.0529556 0.946944 9.9991E-05
0.49552 0.50438 9.9991E-05
0.610636 0.389264 9.9991E-05
0.467467 0.532433 9.9991E-05
0.324011 0.48668 0.18931
0.198534 0.801366 9.9991E-05
0.249012 0.708301 0.0426866
0.579446 0.420454 9.9991E-05
0.0316404 0.396538 0.571822
9.9991E-05 0.981961 0.0179392
0.51852 0.416862 0.0646174
9.9991E-05 0.995914 0.00398572
0.513362 0.486538 9.9991E-05
0.443392 0.556508 9.9991E-05
0.600372 0.0639161 0.335712
0.427766 0.572134 9.9991E-05
0.505941 0.493959 9.9991E-05
9.999E-05 0.9998 9.999E-05
0.0568424 0.943058 9.9991E-05
9.999E-05 0.9998 9.999E-05
0.39386 0.481099 0.125041
9.9991E-05 0.99242 0.00747986
9.9991E-05 0.993508 0.00639184
0.41146 0.468597 0.119943
9.9991E-05 0.99857 0.00132952
0.469885 0.510988 0.019127
0.138393 0.861507 9.9991E-05
0.647609 0.345423 0.00696828
0.616654 0.304929 0.0784173
0.511978 0.487922 9.9991E-05
0.421515 0.434232 0.144253
9.9991E-05 0.985023 0.0148772
0.0561612 0.943739 9.9991E-05
0.0738344 0.926066 9.9991E-05
0.0985613 0.88875 0.0126889
9.9991E-05 0.0411233 0.958777
0.0401627 0.959737 9.9991E-05
9.999E-05 0.9998 9.999E-05
9.9991E-05 0.0367303 0.96317
0.139498 0.860402 9.9991E-05
0.327551 0.672349 9.9991E-05
0.0844699 0.91543 9.9991E-05
0.241771 0.758129 9.9991E-05
0.078874 0.748337 0.172789
0.430539 0.569361 9.9991E-05
9.9991E-05 0.904503 0.0953968
9.999E-05 0.9998 9.999E-05
9.9991E-05 0.985752 0.0141484
0.10375 0.89615 9.9991E-05
0.0695498 0.93035 9.9991E-05
9.999E-05 0.9998 9.999E-05
0.591946 0.0702279 0.337826
9.9991E-05 0.986152 0.0137478
0.411902 0.568106 0.0199925
9.9991E-05 0.994708 0.00519195
9.9991E-05 0.997003 0.00289688
0.154925 0.844975 9.9991E-05
0.159174 0.840726 9.9991E-05
0.598484 0.401416 9.9991E-05
9.9991E-05 0.0194577 0.980442
0.4746 0.5253 9.9991E-05
9.9991E-05 0.910286 0.0896137
0.0444177 0.941338 0.0142447
9.9991E-05 0.976166 0.023734
9.9991E-05 0.990549 0.00935092
9.9991E-05 0.955758 0.0441422
9.999E-05 0.9998 9.999E-05
0.55507 0.44483 9.9991E-05
9.999E-05 0.9998 9.999E-05
0.546928 0.133151 0.31992
0.217043 0.782857 9.9991E-05
9.999E-05 0.9998 9.999E-05
0.131161 0.272933 0.595906
0.0742358 0.721733 0.204031
0.337122 0.638937 0.0239413
0.0504777 0.94066 0.00886212
9.9991E-05 0.99735 0.00255003
9.999E-05 9.999E-05 0.9998
0.214292 0.785608 9.9991E-05
0.203949 0.795951 9.9991E-05
0.498895 0.501005 9.9991E-05
0.556223 0.443677 9.9991E-05
0.551405 0.448495 9.9991E-05
9.9991E-05 0.995495 0.00440545
0.196575 0.803325 9.9991E-05
0.00413514 0.995765 9.9991E-05
0.333241 0.666659 9.9991E-05
0.380482 0.452179 0.167339
9.9991E-05 0.978898 0.0210025
0.49726 0.50264 9.9991E-05
0.422381 0.577519 9.9991E-05
0.643379 9.9991E-05 0.356521
9.9991E-05 0.997746 0.00215436
9.9991E-05 0.999616 0.000283699
0.617184 0.382716 9.9991E-05
9.9991E-05 0.0520152 0.947885
0.641107 0.358793 9.9991E-05
0.0869131 0.912987 9.9991E-05
9.9991E-05 0.970447 0.0294526
0.564347 0.435553 9.9991E-05
9.9991E-05 0.0335906 0.966309
0.482736 0.161654 0.355611
0.165359 0.834541 9.9991E-05
0.0551582 0.944742 9.9991E-05
0.505548 0.494352 9.9991E-05
9.9991E-05 0.979083 0.0208169
0.56318 0.353578 0.0832421
0.141508 0.153901 0.704591
0.024703 0.961269 0.0140283
0.235841 0.764059 9.9991E-05
0.587454 0.0723893 0.340156
0.0286404 0.97126 9.9991E-05
0.308472 0.691428 9.9991E-05
0.0177462 0.982154 9.9991E-05
0.506033 0.493867 9.9991E-05
0.500964 0.498936 9.9991E-05
0.520929 0.478971 9.9991E-05
0.499797 0.408358 0.0918445
0.189163 0.810737 9.9991E-05
0.000992363 0.993558 0.00544942
0.149009 0.850891 9.9991E-05
0.0170361 0.0666305 0.916333
0.0106617 0.961455 0.0278837
0.0194341 0.0370597 0.943506
0.124589 0.875311 9.9991E-05
0.490604 0.16481 0.344586
0.632405 0.367495 9.9991E-05
0.611864 0.388036 9.9991E-05
0.608732 0.391168 9.9991E-05
0.232474 0.767426 9.9991E-05
0.468999 0.500201 0.0308002
9.9991E-05 0.994743 0.00515731
0.332091 0.667809 9.9991E-05
0.200595 0.599901 0.199504
0.100856 0.877991 0.0211524
0.0412016 0.939988 0.0188109
0.489957 0.144239 0.365804
0.429726 0.416755 0.153519
0.626046 0.0152742 0.35868
0.146886 0.853014 9.9991E-05
0.312536 0.531993 0.155471
0.306016 0.517467 0.176517
0.0916467 0.908253 9.9991E-05
9.999E-05 0.9998 9.999E-05
9.9991E-05 0.0478782 0.952022
0.540418 0.323561 0.136021
0.110714 0.889186 9.9991E-05
0.283949 0.361271 0.35478
9.9991E-05 0.978426 0.0214735
9.999E-05 9.999E-05 0.9998
0.0234863 0.958872 0.0176414
9.9991E-05 0.240161 0.759739
0.583478 0.416422 9.9991E-05
9.9991E-05 0.993643 0.00625732
9.9991E-05 0.988932 0.0109677
0.535088 0.360758 0.104153
9.9991E-05 0.95885 0.0410496
0.616165 0.0499033 0.333932
9.9991E-05 0.992718 0.00718222
9.999E-05 9.999E-05 0.9998
9.999E-05 0.9998 9.999E-05
0.532191 0.467709 9.9991E-05
0.407774 0.592126 9.9991E-05
0.522608 0.389189 0.0882035
0.34499 0.550026 0.104984
0.378673 0.442879 0.178448
9.999E-05 0.9998 9.999E-05
0.4041 0.5958 9.9991E-05
0.00260653 0.997293 9.9991E-05
0.437782 0.508132 0.0540861
0.630747 0.358823 0.0104295
0.0258882 0.953208 0.0209038
0.27028 0.72962 9.9991E-05
0.10884 0.89106 9.9991E-05
0.00479745 0.987224 0.00797883
0.156407 0.624893 0.218699
0.401634 0.598266 9.9991E-05
0.317172 0.631565 0.0512627
0.00576142 0.00379926 0.990439
9.9991E-05 0.970164 0.0297365
9.999E-05 0.9998 9.999E-05
0.0274551 0.965774 0.00677057
0.482469 0.147966 0.369565
0.126112 0.873788 9.9991E-05
0.450849 0.436956 0.112195
0.373116 0.626784 9.9991E-05
9.9991E-05 0.983976 0.0159239
0.0508509 0.935649 0.0135005
9.999E-05 0.9998 9.999E-05
0.470534 0.402732 0.126734
0.0104987 0.0791621 0.910339
0.531623 0.349903 0.118474
0.258326 0.741574 9.9991E-05
9.999E-05 9.999E-05 0.9998
0.199477 0.791437 0.00908675
0.440352 0.559548 9.9991E-05
9.9991E-05 0.951677 0.0482233
9.999E-05 0.9998 9.999E-05
9.9991E-05 0.97019 0.0297102
0.265062 0.71586 0.0190775
0.461501 0.176192 0.362307
9.999E-05 0.9998 9.999E-05
0.637615 0.362285 9.9991E-05
0.311407 0.688493 9.9991E-05
0.5183 0.113418 0.368282
0.611469 0.372566 0.0159651
0.276389 0.490849 0.232763
0.533261 0.466639 9.9991E-05
0.496068 0.168162 0.335769
0.246297 0.753603 9.9991E-05
9.999E-05 9.999E-05 0.9998
0.216052 0.783848 9.9991E-05
9.9991E-05 0.99149 0.0084103
9.999E-05 9.999E-05 0.9998
0.0217359 0.978164 9.9991E-05
0.0328452 0.0854459 0.881709
0.48198 0.51792 9.9991E-05
0.00128242 0.978018 0.0206997
0.466965 0.400609 0.132425
0.117225 0.882675 9.9991E-05
9.999E-05 9.999E-05 0.9998
0.450225 0.549675 9.9991E-05
