9.9973E-05 9.9973E-05 9.9973E-05 0.0144982 0.248432 0.73677
0.0479278 9.9964E-05 9.9964E-05 9.9964E-05 9.9964E-05 0.951672
9.9973E-05 0.0223817 9.9973E-05 9.9973E-05 0.00631528 0.971003
0.0320202 9.9991E-05 0.00340021 0.0111432 0.238114 0.715222
0.268936 0.0379813 9.9991E-05 0.003285 0.431598 0.2581
0.674444 0.0151852 9.9991E-05 0.0178929 0.0195746 0.272803
0.448564 9.9973E-05 9.9973E-05 9.9973E-05 0.387905 0.163231
0.32969 9.9991E-05 0.00235685 0.00945772 0.544099 0.114297
0.00307203 0.00284348 0.0117553 0.0143654 0.021803 0.946161
9.9964E-05 9.9964E-05 9.9964E-05 9.9964E-05 0.164996 0.834604
0.0751329 9.9982E-05 9.9982E-05 0.0246179 0.594692 0.305357
0.14328 0.0168304 9.9982E-05 9.9982E-05 0.68819 0.151499
0.0605171 9.9973E-05 9.9973E-05 9.9973E-05 0.6292 0.309983
0.772577 9.9973E-05 9.9973E-05 0.00678049 9.9973E-05 0.220343
9.9973E-05 9.9973E-05 9.9973E-05 0.00931067 0.364301 0.626089
0.246795 0.00512025 0.0100226 0.00632869 0.170074 0.561659
0.237814 9.9973E-05 9.9973E-05 9.9973E-05 0.604826 0.15706
0.277049 0.0203608 0.0318379 0.436092 9.9991E-05 0.234561
0.0217112 9.9973E-05 0.00286801 9.9973E-05 9.9973E-05 0.975121
0.381968 0.0134704 0.023844 0.00890703 0.435579 0.136232
9.9973E-05 0.00374429 9.9973E-05 9.9973E-05 0.0412764 0.954679
9.9982E-05 0.0207189 0.00669885 9.9982E-05 0.698308 0.274075
0.054631 0.020579 9.9982E-05 9.9982E-05 0.54161 0.38298
0.0146114 0.902426 9.9982E-05 0.0154638 0.0672986 9.9982E-05
0.524127 0.0078701 9.9982E-05 9.9982E-05 0.241758 0.226045
9.9973E-05 0.0264615 9.9973E-05 9.9973E-05 0.571887 0.401352
0.237562 9.9991E-05 0.0103442 0.00409131 0.522523 0.225379
9.9982E-05 0.000623296 9.9982E-05 0.00633852 0.0410641 0.951774
9.9964E-05 9.9964E-05 9.9964E-05 9.9964E-05 0.166666 0.832934
9.996E-05 9.996E-05 9.996E-05 9.996E-05 9.996E-05 0.9995
0.626251 0.0274723 0.00541483 9.9991E-05 0.117863 0.222899
0.0431997 9.9964E-05 9.9964E-05 9.9964E-05 9.9964E-05 0.9564
0.0258334 9.9964E-05 9.9964E-05 9.9964E-05 9.9964E-05 0.973767
0.699309 9.9973E-05 9.9973E-05 9.9973E-05 0.0871412 0.21325
0.0225062 0.00795798 9.9973E-05 9.9973E-05 9.9973E-05 0.969236
0.345161 9.9982E-05 0.011583 9.9982E-05 0.411274 0.231782
9.9964E-05 9.9964E-05 9.9964E-05 9.9964E-05 0.294805 0.704795
0.33084 0.0116253 0.0164957 9.9991E-05 0.600459 0.0404805
0.580137 0.00635853 9.9982E-05 0.0119049 0.401399 9.9982E-05
0.0609865 0.0617608 9.9982E-05 9.9982E-05 0.606347 0.270706
0.642544 0.0195333 0.0127039 0.00125024 0.164375 0.159594
0.00960225 0.00994271 0.00605067 9.9982E-05 9.9982E-05 0.974204
9.9964E-05 9.9964E-05 9.9964E-05 9.9964E-05 0.150453 0.849147
9.9973E-05 9.9973E-05 0.00622882 9.9973E-05 0.161657 0.831815
0.0477812 9.9982E-05 9.9982E-05 0.0261277 0.127526 0.798365
9.996E-05 9.996E-05 9.996E-05 0.9995 9.996E-05 9.996E-05
0.0427278 9.9973E-05 9.9973E-05 9.9973E-05 0.0598805 0.897092
9.9964E-05 9.9964E-05 9.9964E-05 9.9964E-05 0.0751277 0.924472
9.996E-05 9.996E-05 9.996E-05 0.9995 9.996E-05 9.996E-05
9.9964E-05 9.9964E-05 9.9964E-05 9.9964E-05 0.299309 0.700291
0.0206617 9.9982E-05 0.0115075 9.9982E-05 0.469296 0.498335
9.9964E-05 9.9964E-05 9.9964E-05 9.9964E-05 0.22091 0.778691
9.9973E-05 0.0140151 9.9973E-05 9.9973E-05 0.348272 0.637413
0.366673 0.0123489 0.0126822 0.0384344 9.9991E-05 0.569761
0.165388 0.0733777 9.9982E-05 9.9982E-05 0.413525 0.34751
0.123411 0.0488773 0.0317908 9.9982E-05 9.9982E-05 0.795721
9.9964E-05 9.9964E-05 9.9964E-05 9.9964E-05 0.0257839 0.973816
0.0167734 9.9964E-05 9.9964E-05 9.9964E-05 9.9964E-05 0.982827
9.9982E-05 0.00728334 9.9982E-05 0.00609277 0.175534 0.81089
9.9964E-05 9.9964E-05 9.9964E-05 9.9964E-05 0.191178 0.808422
9.9964E-05 9.9964E-05 9.9964E-05 9.9964E-05 0.0169469 0.982653
0.134261 0.838444 0.0114848 9.9982E-05 0.0156108 9.9982E-05
9.9973E-05 0.00283566 0.0144842 9.9973E-05 9.9973E-05 0.98238
0.10621 0.0505644 0.0292946 9.9991E-05 0.468991 0.34484
9.9973E-05 9.9973E-05 9.9973E-05 0.00473084 0.0095301 0.985439
0.0393828 9.9973E-05 0.000340371 9.9973E-05 9.9973E-05 0.959977
9.9973E-05 9.9973E-05 9.9973E-05 0.00700733 0.264741 0.727951
9.9964E-05 9.9964E-05 9.9964E-05 9.9964E-05 0.291499 0.708101
0.147979 0.0216349 9.9982E-05 9.9982E-05 0.68111 0.149076
9.996E-05 9.996E-05 9.996E-05 0.9995 9.996E-05 9.996E-05
0.207542 0.0119312 9.9982E-05 9.9982E-05 0.50255 0.277777
0.0913888 0.0303726 0.0259183 0.00433 9.9991E-05 0.84789
9.9991E-05 0.00931046 0.0113927 0.00188371 0.134801 0.842513
0.0352205 0.0383879 9.9973E-05 9.9973E-05 9.9973E-05 0.926092
9.9973E-05 0.00320545 0.00587902 9.9973E-05 9.9973E-05 0.990616
0.0585947 9.9982E-05 0.00207972 0.0226367 9.9982E-05 0.916489
9.9973E-05 9.9973E-05 0.00411612 0.00394857 9.9973E-05 0.991635
0.297452 0.0162475 9.9982E-05 9.9982E-05 0.50949 0.17661
9.9964E-05 9.9964E-05 9.9964E-05 9.9964E-05 0.0267376 0.972862
0.26836 0.699025 0.00162542 0.00552111 0.0218114 0.00365649
9.9973E-05 0.0114065 9.9973E-05 9.9973E-05 0.348611 0.639682
9.9991E-05 0.00214089 0.00289969 0.000824413 0.0399565 0.954079
0.349714 0.0635908 0.0710777 0.392113 9.9991E-05 0.123404
0.448831 0.0137441 0.0125187 0.0488358 9.9991E-05 0.475971
0.254477 9.9982E-05 9.9982E-05 0.00925102 0.304114 0.431959
9.9973E-05 9.9973E-05 0.0080837 9.9973E-05 0.115422 0.876195
0.0374647 0.0142843 9.9973E-05 9.9973E-05 9.9973E-05 0.947951
9.996E-05 9.996E-05 0.9995 9.996E-05 9.996E-05 9.996E-05
9.99729E-05 9.99729E-05 9.99729E-05 0.00162392 0.379661 0.618416
9.9964E-05 9.9964E-05 9.9964E-05 9.9964E-05 0.331529 0.668071
0.0829111 9.9973E-05 9.9973E-05 9.9973E-05 0.662246 0.254543
0.0485209 0.0257287 0.0110257 9.9991E-05 0.686075 0.22855
0.0479042 9.9973E-05 9.9973E-05 9.9973E-05 0.774372 0.177424
0.0105444 9.9964E-05 9.9964E-05 9.9964E-05 9.9964E-05 0.989056
9.9964E-05 9.9964E-05 9.9964E-05 9.9964E-05 0.329239 0.670361
9.9973E-05 9.9973E-05 9.9973E-05 0.0108453 0.0744101 0.914445
9.9973E-05 9.9973E-05 0.00164848 9.9973E-05 0.492948 0.505104
0.735711 0.00248041 9.9991E-05 0.0149917 0.056063 0.190654
0.0287456 9.9964E-05 9.9964E-05 9.9964E-05 9.9964E-05 0.970854
0.115931 0.0735522 9.9982E-05 9.9982E-05 0.505866 0.304451
0.083882 9.9991E-05 0.00766647 0.0223064 0.512244 0.373801
0.117998 0.844996 9.9982E-05 0.0201637 0.0166425 9.9982E-05
9.99639E-05 9.99639E-05 9.99639E-05 9.99639E-05 0.343797 0.655803
9.9964E-05 9.9964E-05 9.9964E-05 9.9964E-05 0.0314092 0.968191
9.9964E-05 0.000779403 9.9964E-05 9.9964E-05 9.9964E-05 0.998821
0.128694 9.9982E-05 9.9982E-05 0.0208437 0.754418 0.0958436
9.9964E-05 9.9964E-05 9.9964E-05 0.993684 9.9964E-05 0.00591617
0.113346 9.9991E-05 0.00394376 0.0165294 0.784459 0.0816224
9.9973E-05 0.0358565 9.9973E-05 9.9973E-05 0.131185 0.832658
0.0492519 0.0127638 0.00633369 9.9982E-05 9.9982E-05 0.931451
9.9982E-05 0.0107304 9.9982E-05 0.00300929 0.759171 0.226889
9.996E-05 9.996E-05 9.996E-05 0.9995 9.996E-05 9.996E-05
0.321246 0.643137 9.9973E-05 0.0353177 9.9973E-05 9.9973E-05
0.0120904 0.00110751 9.9991E-05 0.00376744 0.246774 0.736161
9.9964E-05 9.9964E-05 9.9964E-05 9.9964E-05 0.172607 0.826993
0.0228026 0.0123982 9.9982E-05 9.9982E-05 0.675288 0.289312
0.00465539 0.0225067 9.9982E-05 0.00232096 9.9982E-05 0.970317
0.517765 9.9982E-05 9.9982E-05 0.0349531 0.388851 0.0582304
0.197194 0.153315 0.0937218 0.508647 9.9991E-05 0.0470226
9.9973E-05 0.036626 9.9973E-05 9.9973E-05 0.0739185 0.889156
9.9964E-05 9.9964E-05 9.9964E-05 9.9964E-05 0.381794 0.617806
9.9964E-05 0.994144 9.9964E-05 9.9964E-05 0.00545623 9.9964E-05
9.9973E-05 9.9973E-05 9.9973E-05 0.00723621 0.112873 0.879591
9.9964E-05 9.9964E-05 9.9964E-05 9.9964E-05 0.473743 0.525857
9.9964E-05 9.9964E-05 9.9964E-05 9.9964E-05 0.111091 0.88851
0.177859 9.9982E-05 0.00321951 9.9982E-05 0.579735 0.238986
0.160329 9.9991E-05 0.00259419 0.00721527 0.556023 0.273738
0.347291 9.9973E-05 9.9973E-05 9.9973E-05 0.453115 0.199293
0.590867 9.9982E-05 0.0144606 9.9982E-05 0.292962 0.10151
9.9973E-05 0.0238748 9.9973E-05 9.9973E-05 0.300481 0.675345
9.9973E-05 9.9973E-05 9.9973E-05 0.00853087 0.0523982 0.938771
9.9982E-05 0.0185589 9.9982E-05 0.0219064 0.228206 0.731128
0.0530107 9.9991E-05 0.0423258 0.873783 0.0215056 0.00927438
0.0581601 0.0257825 9.9973E-05 9.9973E-05 9.9973E-05 0.915757
9.9982E-05 0.0137994 0.0153261 0.966355 0.00431912 9.9982E-05
9.9973E-05 0.00543037 9.9973E-05 9.9973E-05 0.255582 0.738688
9.99639E-05 0.962832 9.99639E-05 9.99639E-05 9.99639E-05 0.0367682
0.106974 0.0111053 9.9982E-05 9.9982E-05 0.797475 0.0842458
0.321262 9.9973E-05 9.9973E-05 9.9973E-05 0.571091 0.107347
0.159926 0.0189676 0.0274131 9.9991E-05 0.639336 0.154257
9.9964E-05 9.9964E-05 9.9964E-05 9.9964E-05 0.373391 0.626209
0.251574 0.00415744 0.00196656 0.0305613 0.435182 0.27656
0.00757217 9.9973E-05 9.9973E-05 0.000396944 9.9973E-05 0.991731
9.9982E-05 0.0143064 0.00897613 9.9982E-05 0.475874 0.500643
0.578875 0.0161575 0.027537 0.00595373 9.9991E-05 0.371377
0.10635 9.9982E-05 9.9982E-05 0.0140594 0.109978 0.769413
0.0184284 0.00771092 0.0113366 0.00207001 0.0889748 0.871479
9.99729E-05 0.982514 9.99729E-05 0.00642306 9.99729E-05 0.0107625
0.682276 0.0614497 9.9991E-05 0.000633866 0.0942116 0.161329
9.9964E-05 0.985403 9.9964E-05 9.9964E-05 0.0141975 9.9964E-05
9.9964E-05 9.9964E-05 9.9964E-05 9.9964E-05 0.245399 0.754201
0.581587 0.0565154 0.0028043 0.000165838 0.0504425 0.308484
0.671759 0.0377529 0.0027117 9.9982E-05 9.9982E-05 0.287576
9.9973E-05 9.9973E-05 9.9973E-05 0.0241982 0.18827 0.787231
9.996E-05 9.996E-05 9.996E-05 9.996E-05 9.996E-05 0.9995
9.996E-05 9.996E-05 9.996E-05 0.9995 9.996E-05 9.996E-05
0.740017 0.0371937 9.9982E-05 9.9982E-05 0.15781 0.064779
9.9973E-05 9.9973E-05 9.9973E-05 0.00221328 0.215311 0.782176
0.332259 0.412499 0.0243067 0.0425453 9.9991E-05 0.18829
0.0257423 9.9973E-05 9.9973E-05 0.00987835 9.9973E-05 0.964079
9.996E-05 9.996E-05 0.9995 9.996E-05 9.996E-05 9.996E-05
0.0533608 9.9991E-05 0.0030371 0.00178687 0.0449668 0.896748
0.199836 9.9982E-05 0.621052 0.0275401 9.9982E-05 0.151372
0.100795 0.00449422 0.005583 0.0199867 0.727229 0.141912
0.0508661 9.9973E-05 0.000150674 9.9973E-05 9.9973E-05 0.948683
9.9964E-05 9.9964E-05 0.00835046 9.9964E-05 9.9964E-05 0.99125
0.650262 9.9973E-05 9.9973E-05 9.9973E-05 0.258451 0.0909872
0.0840255 0.0106431 0.00114539 0.00332477 9.9991E-05 0.900761
9.9964E-05 0.974986 9.9964E-05 9.9964E-05 0.0246141 9.9964E-05
9.9973E-05 0.00380442 9.9973E-05 0.00117148 9.9973E-05 0.994724
9.996E-05 9.996E-05 0.9995 9.996E-05 9.996E-05 9.996E-05
9.996E-05 9.996E-05 9.996E-05 9.996E-05 9.996E-05 0.9995
0.134312 0.0381799 9.9982E-05 9.9982E-05 0.593117 0.234192
0.0963796 9.9991E-05 0.0166917 0.00581823 0.489369 0.391641
0.63926 9.9973E-05 9.9973E-05 9.9973E-05 0.257603 0.102838
0.392344 0.00753427 0.0143259 0.0298734 0.207973 0.347949
0.614559 0.0149735 9.9991E-05 0.047364 0.100432 0.222571
9.9964E-05 9.9964E-05 9.9964E-05 0.000571308 9.9964E-05 0.999029
9.9982E-05 0.0507439 9.9982E-05 0.00632225 0.525037 0.417696
9.9964E-05 9.9964E-05 9.9964E-05 9.9964E-05 0.0506186 0.948982
0.221194 0.0544528 9.9991E-05 0.0289554 0.392173 0.303125
0.388146 9.9973E-05 9.9973E-05 9.9973E-05 0.548756 0.0627987
0.0215597 0.0181758 0.0148972 9.9991E-05 0.0264322 0.918835
9.9973E-05 9.9973E-05 9.9973E-05 0.00577401 0.454253 0.539673
9.9982E-05 0.0100551 9.9982E-05 0.0106439 0.197625 0.781476
0.0585934 9.9964E-05 9.9964E-05 9.9964E-05 9.9964E-05 0.941007
0.480441 0.0574274 0.0239834 0.0141097 9.9991E-05 0.423938
0.157793 9.9991E-05 0.000649219 0.00843376 0.434255 0.398769
0.227919 0.0105425 0.0153564 0.00595722 0.274668 0.465557
0.0351269 0.0492099 0.882074 0.0111618 0.0223272 9.9991E-05
0.081034 0.00937808 9.9973E-05 9.9973E-05 9.9973E-05 0.909288
0.0182361 9.9964E-05 9.9964E-05 9.9964E-05 9.9964E-05 0.981364
0.00484167 9.9982E-05 0.0116114 9.9982E-05 0.0741787 0.909168
9.99639E-05 0.978664 9.99639E-05 9.99639E-05 9.99639E-05 0.0209361
0.0181426 9.9982E-05 0.00497633 9.9982E-05 0.199021 0.77766
0.683155 9.9973E-05 9.9973E-05 9.9973E-05 0.158851 0.157695
0.0460731 0.0172423 9.9991E-05 0.00240331 0.477539 0.456642
9.9964E-05 9.9964E-05 0.00194847 9.9964E-05 9.9964E-05 0.997652
0.0758153 0.0136688 9.9982E-05 9.9982E-05 0.0425543 0.867762
9.996E-05 9.996E-05 9.996E-05 9.996E-05 9.996E-05 0.9995
0.61019 9.9982E-05 9.9982E-05 0.0194425 0.213435 0.156733
0.103029 0.045948 0.785772 0.0288788 9.9991E-05 0.0362719
0.787928 9.9973E-05 9.9973E-05 9.9973E-05 0.195717 0.0160553
9.9973E-05 9.9973E-05 9.9973E-05 0.0180016 0.377588 0.604111
0.0151646 9.9973E-05 0.957017 0.0275188 9.9973E-05 9.9973E-05
0.0610442 0.0365631 0.00798054 9.9991E-05 0.249612 0.6447
9.9964E-05 9.9964E-05 9.9964E-05 9.9964E-05 0.632709 0.366891
0.0843997 0.0160055 9.9982E-05 0.00219 9.9982E-05 0.897205
0.00565015 9.9973E-05 9.9973E-05 0.000890726 9.9973E-05 0.993159
0.0471024 0.00285295 9.9982E-05 0.0140016 9.9982E-05 0.935843
0.233684 0.00368155 9.9982E-05 9.9982E-05 0.205766 0.556668
9.99639E-05 0.962979 9.99639E-05 9.99639E-05 9.99639E-05 0.0366216
9.9964E-05 9.9964E-05 9.9964E-05 0.00718288 9.9964E-05 0.992417
0.31642 9.9973E-05 9.9973E-05 9.9973E-05 0.597077 0.0862025
9.9973E-05 0.00372368 9.9973E-05 9.9973E-05 0.474152 0.521825
9.9973E-05 0.966864 0.0124246 9.9973E-05 9.9973E-05 0.0204113
0.493947 0.00439243 9.9982E-05 9.9982E-05 0.446309 0.0551519
0.6886 9.9982E-05 0.0482289 0.00437732 9.9982E-05 0.258594
0.263528 0.0356716 9.9982E-05 9.9982E-05 0.469146 0.231454
9.9964E-05 0.917742 9.9964E-05 9.9964E-05 9.9964E-05 0.0818585
9.9964E-05 9.9964E-05 9.9964E-05 9.9964E-05 0.447612 0.551988
9.996E-05 9.996E-05 0.9995 9.996E-05 9.996E-05 9.996E-05
9.9982E-05 9.9982E-05 0.00870707 0.00438028 0.340474 0.646239
9.9973E-05 9.9973E-05 9.9973E-05 0.00855846 0.0476496 0.943492
9.996E-05 9.996E-05 0.9995 9.996E-05 9.996E-05 9.996E-05
9.9964E-05 9.9964E-05 9.9964E-05 9.9964E-05 0.0973979 0.902202
0.013908 0.0132434 0.00503126 0.916857 0.0233943 0.0275664
0.0947969 9.9982E-05 9.9982E-05 0.0150272 0.607561 0.282415
0.0368998 0.0130025 9.9982E-05 9.9982E-05 0.000843467 0.949054
0.629513 0.063728 0.00805012 9.9991E-05 0.185952 0.112657
0.0180151 9.9982E-05 0.0272946 9.9982E-05 0.176377 0.778114
0.0566164 9.9973E-05 0.918529 0.024555 9.9973E-05 9.9973E-05
0.102051 0.0181998 0.014293 9.9991E-05 0.539256 0.3261
