9.9955E-05 0.0326252 0.600014 9.9955E-05 9.9955E-05 9.9955E-05 0.0183704 0.348491 9.9955E-05
0.0394376 9.9946E-05 0.941525 9.9946E-05 0.0184378 9.9946E-05 9.9946E-05 9.9946E-05 9.9946E-05
9.9964E-05 0.00154794 0.936706 9.9964E-05 0.00099024 0.0096974 9.9964E-05 0.0506587 9.9964E-05
0.087297 9.9964E-05 0.506827 0.00646885 9.9964E-05 9.9964E-05 0.00482015 0.394187 9.9964E-05
0.282033 0.0283937 0.0368412 9.9982E-05 0.043252 0.02195 9.9982E-05 0.450964 0.136367
0.671219 9.9964E-05 0.202163 9.9964E-05 9.9964E-05 0.000978462 0.0155008 9.9964E-05 0.109739
0.192604 0.19453 0.146828 9.9964E-05 0.0338882 9.9964E-05 9.9964E-05 9.9964E-05 0.43175
0.313931 0.304965 9.9955E-05 9.9955E-05 9.9955E-05 0.00465158 9.9955E-05 0.375953 9.9955E-05
0.0127162 0.00914427 0.892731 0.00960402 9.9982E-05 0.00839744 0.0146644 0.0525424 9.9982E-05
9.9937E-05 9.9937E-05 0.705181 9.9937E-05 9.9937E-05 9.9937E-05 9.9937E-05 0.294119 9.9937E-05
9.9964E-05 0.190594 0.12553 9.9964E-05 0.0399994 9.9964E-05 9.9964E-05 0.467891 0.175586
9.9964E-05 0.0144905 9.9964E-05 9.9964E-05 9.9964E-05 0.000744442 0.00704481 0.420693 0.556628
0.0466063 0.279629 0.130498 9.9964E-05 9.9964E-05 9.9964E-05 9.9964E-05 0.505825 0.0370428
0.787587 0.0434308 0.115868 9.9964E-05 0.0341662 9.9964E-05 9.9964E-05 0.0185486 9.9964E-05
9.9946E-05 9.9946E-05 0.398466 9.9946E-05 0.00558303 9.9946E-05 9.9946E-05 0.595352 9.9946E-05
0.213725 9.99639E-05 0.453658 9.99639E-05 9.99639E-05 9.99639E-05 0.0107306 0.116797 0.204689
9.9937E-05 9.9937E-05 0.175797 9.9937E-05 9.9937E-05 9.9937E-05 9.9937E-05 9.9937E-05 0.823503
0.22891 9.9973E-05 0.213027 0.0144453 0.202419 0.00332377 0.337575 9.9973E-05 9.9973E-05
0.0366375 9.9955E-05 0.955167 0.00259787 0.00509779 9.9955E-05 9.9955E-05 9.9955E-05 9.9955E-05
0.256445 0.539617 0.0783571 0.0237406 9.9982E-05 0.0311285 0.0043571 0.0661549 9.9982E-05
9.9946E-05 9.9946E-05 0.916238 9.9946E-05 9.9946E-05 9.9946E-05 9.9946E-05 0.0530216 0.0301405
9.9955E-05 0.149403 0.118781 9.9955E-05 9.9955E-05 9.9955E-05 9.9955E-05 0.373048 0.358269
0.111298 0.109743 0.109831 9.9973E-05 9.9973E-05 0.0132742 9.9973E-05 0.64773 0.00782349
0.0158643 0.0286827 9.9964E-05 9.9964E-05 9.9964E-05 0.888546 0.00739328 0.0591141 9.9964E-05
0.582776 9.9955E-05 0.00970722 9.9955E-05 9.9955E-05 9.9955E-05 9.9955E-05 0.373091 0.0339266
9.9973E-05 0.221144 0.211455 9.9973E-05 0.0317654 0.00224862 9.9973E-05 0.510404 0.0226828
0.154843 0.447941 0.120085 9.9964E-05 0.0253773 9.9964E-05 9.9964E-05 0.251354 9.9964E-05
9.9946E-05 9.9946E-05 0.851272 9.9946E-05 9.9946E-05 9.9946E-05 0.00582844 0.1423 9.9946E-05
9.9937E-05 9.9937E-05 0.717491 9.9937E-05 9.9937E-05 9.9937E-05 9.9937E-05 0.281809 9.9937E-05
9.9937E-05 9.9937E-05 0.961477 9.9937E-05 9.9937E-05 9.9937E-05 9.9937E-05 0.0378238 9.9937E-05
0.679228 9.9973E-05 0.0950857 9.9973E-05 0.0250535 0.000184186 9.9973E-05 0.131755 0.0683939
0.038597 9.9946E-05 0.945924 9.9946E-05 9.9946E-05 9.9946E-05 9.9946E-05 9.9946E-05 0.0148791
9.9946E-05 0.0176714 0.972425 9.9946E-05 0.00930435 9.9946E-05 9.9946E-05 9.9946E-05 9.9946E-05
0.674925 0.204994 0.119481 9.9946E-05 9.9946E-05 9.9946E-05 9.9946E-05 9.9946E-05 9.9946E-05
0.00468501 0.00315136 0.979166 9.9955E-05 9.9955E-05 0.0124982 9.9955E-05 9.9955E-05 9.9955E-05
0.269078 0.149097 0.116778 0.00279343 0.0111496 9.9982E-05 9.9982E-05 0.221045 0.229859
9.9937E-05 9.9937E-05 0.446785 9.9937E-05 9.9937E-05 9.9937E-05 9.9937E-05 0.552515 9.9937E-05
9.99549E-05 9.99549E-05 0.0498076 0.0270306 9.99549E-05 9.99549E-05 9.99549E-05 0.0508713 0.871791
0.448352 0.540472 9.99549E-05 9.99549E-05 9.99549E-05 0.00724718 0.00342893 9.99549E-05 9.99549E-05
0.0785709 0.065436 0.0482427 9.9973E-05 9.9973E-05 0.0546889 9.9973E-05 0.585259 0.167502
0.692195 0.0571254 0.0349392 0.00494515 9.9982E-05 0.0121944 9.9982E-05 0.180703 0.0176975
9.9964E-05 0.0174047 0.958206 0.0101233 9.9964E-05 0.00926999 9.9964E-05 9.9964E-05 0.00459584
9.9955E-05 0.0212994 0.755688 9.9955E-05 9.9955E-05 9.9955E-05 9.9955E-05 0.217185 0.00532802
9.9946E-05 9.9946E-05 0.704374 9.9946E-05 0.0180746 9.9946E-05 9.9946E-05 0.276951 9.9946E-05
0.0881968 9.9955E-05 0.634949 9.9955E-05 9.9955E-05 9.9955E-05 0.0269709 0.249383 9.9955E-05
0.000439402 9.9955E-05 0.00513039 0.00793858 9.9955E-05 9.9955E-05 0.985992 9.9955E-05 9.9955E-05
9.9955E-05 0.0547928 0.884155 9.9955E-05 0.0154483 9.9955E-05 9.9955E-05 9.9955E-05 0.0451041
9.9937E-05 9.9937E-05 0.839399 9.9937E-05 9.9937E-05 9.9937E-05 9.9937E-05 0.159902 9.9937E-05
9.993E-05 9.993E-05 9.993E-05 9.993E-05 9.993E-05 9.993E-05 0.999201 9.993E-05 9.993E-05
9.9937E-05 9.9937E-05 0.539833 9.9937E-05 9.9937E-05 9.9937E-05 9.9937E-05 0.459467 9.9937E-05
9.9964E-05 0.02921 0.32984 9.9964E-05 0.0239251 9.9964E-05 9.9964E-05 0.365797 0.250829
9.9937E-05 9.9937E-05 0.623671 9.9937E-05 9.9937E-05 9.9937E-05 9.9937E-05 0.37563 9.9937E-05
9.9955E-05 9.9955E-05 0.472257 9.9955E-05 9.9955E-05 0.00293192 9.9955E-05 0.481656 0.0426559
0.415099 9.9964E-05 0.516414 0.0142956 9.9964E-05 0.0156866 0.0381052 9.9964E-05 9.9964E-05
0.139113 9.9973E-05 0.1954 9.9973E-05 0.0149146 0.0440382 9.9973E-05 0.425168 0.181066
0.140073 9.9964E-05 0.784485 0.0245987 0.00247304 0.0479703 9.9964E-05 9.9964E-05 9.9964E-05
9.9946E-05 9.9946E-05 0.861193 9.9946E-05 9.9946E-05 9.9946E-05 0.00711007 0.131097 9.9946E-05
0.00623966 0.0133575 0.969555 0.000368646 9.9964E-05 9.9964E-05 0.0100795 9.9964E-05 9.9964E-05
0.0343787 9.9955E-05 0.663206 9.9955E-05 9.9955E-05 9.9955E-05 0.00856297 0.293352 9.9955E-05
9.9937E-05 9.9937E-05 0.674692 9.9937E-05 9.9937E-05 9.9937E-05 9.9937E-05 0.324609 9.9937E-05
0.0049294 9.9946E-05 0.935048 9.9946E-05 9.9946E-05 9.9946E-05 9.9946E-05 0.059423 9.9946E-05
0.0471404 9.99641E-05 9.99641E-05 0.0157689 0.0159896 0.830378 9.99641E-05 9.99641E-05 0.0903233
9.9964E-05 0.00404325 0.970952 0.00642401 9.9964E-05 0.00278021 9.9964E-05 9.9964E-05 0.0154008
0.142694 9.9991E-05 0.181125 0.0212813 0.0158484 0.0202252 0.00442421 0.469326 0.144975
9.9946E-05 9.9946E-05 0.939667 9.9946E-05 9.9946E-05 9.9946E-05 9.9946E-05 0.0161515 0.0435818
0.00709644 9.9955E-05 0.989153 0.00311658 0.000134072 9.9955E-05 9.9955E-05 9.9955E-05 9.9955E-05
9.9964E-05 9.9964E-05 0.5806 9.9964E-05 0.0159831 9.9964E-05 0.00346094 0.355285 0.0442713
9.9955E-05 0.00749594 0.558451 9.9955E-05 9.9955E-05 9.9955E-05 9.9955E-05 0.429728 0.00382494
9.9946E-05 0.281473 0.145018 9.9946E-05 9.9946E-05 9.9946E-05 9.9946E-05 9.9946E-05 0.572909
9.993E-05 9.993E-05 9.993E-05 9.993E-05 9.993E-05 9.993E-05 0.999201 9.993E-05 9.993E-05
0.268867 0.0793743 0.0387786 9.9964E-05 9.9964E-05 0.00604391 9.9964E-05 0.606537 9.9964E-05
0.102586 9.99639E-05 0.83271 0.0207916 0.0173101 0.0262025 9.99639E-05 9.99639E-05 9.99639E-05
9.99604E-05 9.99604E-05 0.735238 0.00944396 9.99604E-05 0.00389067 9.99604E-05 0.250928 9.99604E-05
0.00868937 9.9946E-05 0.952626 9.9946E-05 9.9946E-05 0.0380845 9.9946E-05 9.9946E-05 9.9946E-05
9.9946E-05 9.9946E-05 0.992723 0.00244318 9.9946E-05 0.0042337 9.9946E-05 9.9946E-05 9.9946E-05
0.039245 9.9964E-05 0.905734 0.00323418 9.9964E-05 9.9964E-05 0.0310821 9.9964E-05 0.0203047
9.9946E-05 9.9946E-05 0.945396 0.00556748 9.9946E-05 9.9946E-05 9.9946E-05 0.0484367 9.9946E-05
0.0183728 0.206113 0.180523 9.9973E-05 0.0560362 9.9973E-05 9.9973E-05 0.0821107 0.456543
9.9946E-05 0.0324487 0.932931 9.9946E-05 9.9946E-05 9.9946E-05 9.9946E-05 0.0340212 9.9946E-05
0.152566 9.9964E-05 9.9964E-05 9.9964E-05 0.0474163 0.6552 0.00511905 9.9964E-05 0.139299
0.00937426 9.9955E-05 0.459751 9.9955E-05 9.9955E-05 0.0154349 9.9955E-05 0.51494 9.9955E-05
9.9955E-05 9.9955E-05 0.881421 9.9955E-05 0.00402559 9.9955E-05 0.00243422 0.111619 9.9955E-05
9.99369E-05 9.99369E-05 0.0182315 9.99369E-05 0.981069 9.99369E-05 9.99369E-05 9.99369E-05 9.99369E-05
0.525955 9.9955E-05 0.42164 0.00699395 9.9955E-05 9.9955E-05 0.0449112 9.9955E-05 9.9955E-05
0.307755 9.9955E-05 0.236682 9.9955E-05 9.9955E-05 9.9955E-05 9.9955E-05 0.430373 0.0246896
0.0356496 9.9955E-05 0.753727 9.9955E-05 9.9955E-05 9.9955E-05 0.00647093 0.203653 9.9955E-05
0.0125923 9.9955E-05 0.9609 9.9955E-05 0.01205 0.013958 9.9955E-05 9.9955E-05 9.9955E-05
9.993E-05 9.993E-05 9.993E-05 0.999201 9.993E-05 9.993E-05 9.993E-05 9.993E-05 9.993E-05
9.99549E-05 0.00318048 0.447302 9.99549E-05 9.99549E-05 9.99549E-05 0.00768211 0.541336 9.99549E-05
9.99465E-05 9.99465E-05 0.48347 9.99465E-05 9.99465E-05 0.00391256 9.99465E-05 0.512017 9.99465E-05
9.995E-05 0.256578 0.144008 9.995E-05 9.995E-05 9.995E-05 9.995E-05 0.379995 0.218919
0.0173823 0.265617 0.0396229 9.9973E-05 9.9973E-05 0.0245816 9.9973E-05 0.528498 0.123998
9.9946E-05 0.73811 0.0685793 9.9946E-05 9.9946E-05 9.9946E-05 9.9946E-05 0.192711 9.9946E-05
0.00735504 9.9946E-05 0.990644 0.00140139 9.9946E-05 9.9946E-05 9.9946E-05 9.9946E-05 9.9946E-05
9.9937E-05 9.9937E-05 0.457481 9.9937E-05 9.9937E-05 9.9937E-05 9.9937E-05 0.54182 9.9937E-05
9.9937E-05 9.9937E-05 0.84286 9.9937E-05 9.9937E-05 9.9937E-05 9.9937E-05 0.156441 9.9937E-05
0.0292715 9.9964E-05 0.260964 9.9964E-05 9.9964E-05 0.00771145 9.9964E-05 0.655999 0.0456547
0.746206 0.129881 0.119144 9.9964E-05 9.9964E-05 9.9964E-05 0.00230711 0.00206106 9.9964E-05
0.0206947 9.9964E-05 0.966091 0.000752613 9.9964E-05 0.0109484 0.0011133 9.9964E-05 9.9964E-05
9.9955E-05 9.9955E-05 0.192744 9.9955E-05 9.9955E-05 0.0465225 9.9955E-05 0.231382 0.528851
0.13487 0.123596 0.132913 0.00278986 9.9973E-05 9.9973E-05 0.020025 0.585506 9.9973E-05
9.99551E-05 0.0378563 9.99551E-05 9.99551E-05 0.0891425 0.837749 9.99551E-05 9.99551E-05 0.0347526
9.9946E-05 0.0170082 0.477233 9.9946E-05 9.9946E-05 9.9946E-05 9.9946E-05 0.505159 9.9946E-05
9.9946E-05 9.9946E-05 0.935416 9.9946E-05 9.9946E-05 9.9946E-05 9.9946E-05 0.0171338 0.0468502
9.993E-05 9.993E-05 0.999201 9.993E-05 9.993E-05 9.993E-05 9.993E-05 9.993E-05 9.993E-05
0.0557176 0.563803 0.00256537 9.9973E-05 9.9973E-05 9.9973E-05 0.00968706 0.361747 0.00618007
9.9946E-05 9.9946E-05 0.00479146 9.9946E-05 0.00976797 9.9946E-05 0.984841 9.9946E-05 9.9946E-05
9.99459E-05 0.921267 0.0425976 9.99459E-05 9.99459E-05 9.99459E-05 9.99459E-05 0.0355356 9.99459E-05
9.9955E-05 9.9955E-05 0.725495 9.9955E-05 9.9955E-05 0.0321362 9.9955E-05 0.205123 0.0367457
0.0230447 9.9955E-05 0.943974 0.00929533 9.9955E-05 0.0231859 9.9955E-05 9.9955E-05 9.9955E-05
9.9955E-05 0.208271 0.0591517 9.9955E-05 9.9955E-05 9.9955E-05 9.9955E-05 0.420247 0.311831
9.993E-05 9.993E-05 9.993E-05 9.993E-05 9.993E-05 9.993E-05 0.999201 9.993E-05 9.993E-05
0.292577 9.9964E-05 9.9964E-05 0.00466452 0.0612041 0.638841 0.00231399 9.9964E-05 9.9964E-05
9.9964E-05 0.0717427 0.615875 9.9964E-05 9.9964E-05 9.9964E-05 0.00347469 0.206474 0.102035
9.9937E-05 9.9937E-05 0.694141 9.9937E-05 9.9937E-05 9.9937E-05 9.9937E-05 0.30516 9.9937E-05
9.9946E-05 0.409672 0.106372 9.9946E-05 9.9946E-05 9.9946E-05 9.9946E-05 0.483356 9.9946E-05
0.00985193 0.0124825 0.949357 9.9955E-05 9.9955E-05 0.0278088 9.9955E-05 9.9955E-05 9.9955E-05
0.289036 0.357277 0.0448112 9.9973E-05 0.119146 9.9973E-05 9.9973E-05 0.021948 0.167483
9.99369E-05 9.99369E-05 9.99369E-05 9.99369E-05 0.941737 9.99369E-05 0.0575637 9.99369E-05 9.99369E-05
9.9955E-05 9.9955E-05 0.829899 9.9955E-05 9.9955E-05 0.0414623 9.9955E-05 0.125696 0.00244257
9.99459E-05 0.122961 0.431194 9.99459E-05 9.99459E-05 9.99459E-05 9.99459E-05 0.445246 9.99459E-05
9.993E-05 9.993E-05 9.993E-05 9.993E-05 9.993E-05 0.999201 9.993E-05 9.993E-05 9.993E-05
9.9946E-05 0.0332883 0.827514 9.9946E-05 9.9946E-05 9.9946E-05 9.9946E-05 0.138598 9.9946E-05
9.9946E-05 9.9946E-05 0.325468 9.9946E-05 9.9946E-05 9.9946E-05 9.9946E-05 0.607172 0.0667606
9.9937E-05 9.9937E-05 0.760348 9.9937E-05 9.9937E-05 9.9937E-05 9.9937E-05 0.238953 9.9937E-05
9.9955E-05 0.753031 0.231095 0.00651331 0.00886111 9.9955E-05 9.9955E-05 9.9955E-05 9.9955E-05
0.0851275 0.481726 0.165588 9.9973E-05 0.000307481 9.9973E-05 0.000247097 0.266705 9.9973E-05
0.289117 9.9955E-05 9.9955E-05 9.9955E-05 0.0239053 9.9955E-05 9.9955E-05 0.499562 0.186917
0.376291 9.99549E-05 0.0750938 0.0224992 9.99549E-05 9.99549E-05 9.99549E-05 9.99549E-05 0.525616
9.9955E-05 9.9955E-05 0.460699 9.9955E-05 0.0125611 0.0138873 9.9955E-05 0.512353 9.9955E-05
9.9955E-05 9.9955E-05 0.836626 9.9955E-05 9.9955E-05 0.000337174 0.00651054 0.156027 9.9955E-05
9.9955E-05 9.9955E-05 0.604934 9.9955E-05 9.9955E-05 0.0167818 0.016104 0.36168 9.9955E-05
9.9955E-05 0.00716735 9.9955E-05 0.0491863 0.20755 9.9955E-05 0.735597 9.9955E-05 9.9955E-05
0.0372729 9.9964E-05 0.883484 9.9964E-05 0.000463431 0.0328734 9.9964E-05 9.9964E-05 0.0455064
0.0108685 9.9964E-05 9.9964E-05 0.00837693 0.0541486 0.00303643 0.92317 9.9964E-05 9.9964E-05
9.9955E-05 9.9955E-05 0.580755 9.9955E-05 0.0247971 0.00199137 9.9955E-05 0.391957 9.9955E-05
9.99369E-05 9.99369E-05 0.0583728 9.99369E-05 9.99369E-05 0.940928 9.99369E-05 9.99369E-05 9.99369E-05
9.99459E-05 0.32256 9.99459E-05 9.99459E-05 9.99459E-05 9.99459E-05 9.99459E-05 0.352302 0.324539
0.0796704 0.700807 0.113738 0.00905835 9.9973E-05 0.00235758 9.9973E-05 9.9973E-05 0.0940687
9.9982E-05 0.366767 0.0743382 0.0225378 0.0161412 0.0291594 9.9982E-05 0.143041 0.347816
9.9955E-05 0.0166205 0.429409 9.9955E-05 9.9955E-05 0.0176605 9.9955E-05 0.53581 9.9955E-05
0.154044 0.174329 0.193569 9.9982E-05 0.0112419 9.9982E-05 0.0320509 0.173241 0.261324
0.0103732 9.9955E-05 0.906814 9.9955E-05 9.9955E-05 9.9955E-05 0.0007812 0.0815315 9.9955E-05
0.0152718 0.0562148 0.31874 0.00600317 9.9991E-05 0.0227227 0.000750914 0.533171 0.0470259
0.642439 9.99549E-05 0.298084 0.00917659 0.0498 9.99549E-05 9.99549E-05 9.99549E-05 9.99549E-05
0.120907 9.9955E-05 0.65611 9.9955E-05 9.9955E-05 9.9955E-05 0.00693937 0.215544 9.9955E-05
0.0380364 9.9973E-05 0.746916 0.00966943 9.9973E-05 0.00361065 0.00482927 0.196638 9.9973E-05
9.99459E-05 9.99459E-05 0.0247579 9.99459E-05 9.99459E-05 0.970839 0.00380376 9.99459E-05 9.99459E-05
0.666771 9.9964E-05 0.0784021 9.9964E-05 9.9964E-05 0.0407286 9.9964E-05 0.036282 0.177417
9.99371E-05 0.00908952 9.99371E-05 9.99371E-05 9.99371E-05 0.990211 9.99371E-05 9.99371E-05 9.99371E-05
9.9955E-05 9.9955E-05 0.592242 9.9955E-05 9.9955E-05 0.00662812 0.000316343 0.400314 9.9955E-05
0.599745 9.9964E-05 0.167138 9.9964E-05 0.0585612 0.0434816 9.9964E-05 0.130673 9.9964E-05
0.695978 0.0336177 0.240837 9.9964E-05 9.9964E-05 0.0230439 0.00612382 9.9964E-05 9.9964E-05
9.9946E-05 9.9946E-05 0.666041 9.9946E-05 9.9946E-05 9.9946E-05 0.0276432 0.305717 9.9946E-05
9.9946E-05 9.9946E-05 0.971615 9.9946E-05 9.9946E-05 9.9946E-05 9.9946E-05 0.0156825 0.0121025
9.9946E-05 9.9946E-05 9.9946E-05 0.00195757 9.9946E-05 0.0173488 0.980094 9.9946E-05 9.9946E-05
0.610051 0.113707 0.016948 9.997E-05 0.00363734 0.0358986 9.997E-05 9.997E-05 0.219458
9.9955E-05 9.9955E-05 0.620463 0.000191336 9.9955E-05 9.9955E-05 0.00300773 0.375838 9.9955E-05
0.345404 9.9973E-05 0.170831 0.0226608 0.0281275 0.392693 0.0399837 9.9973E-05 9.9973E-05
0.023179 9.9946E-05 0.970259 9.9946E-05 9.9946E-05 0.00596195 9.9946E-05 9.9946E-05 9.9946E-05
9.993E-05 9.993E-05 9.993E-05 0.999201 9.993E-05 9.993E-05 9.993E-05 9.993E-05 9.993E-05
0.0186696 9.9973E-05 0.841522 0.00124195 0.0305668 9.9973E-05 9.9973E-05 0.100948 0.00675206
0.165069 9.9955E-05 0.117999 0.572112 0.144321 9.9955E-05 9.9955E-05 9.9955E-05 9.9955E-05
9.9982E-05 0.332918 0.0322147 0.00201016 9.9982E-05 0.0111237 0.0212078 0.437877 0.162449
0.0103549 9.9964E-05 0.964795 0.00690251 9.9964E-05 0.00250957 9.9964E-05 9.9964E-05 0.0150385
9.9937E-05 9.9937E-05 0.997976 0.00132466 9.9937E-05 9.9937E-05 9.9937E-05 9.9937E-05 9.9937E-05
0.472616 9.9955E-05 0.0416226 9.9955E-05 9.9955E-05 9.9955E-05 0.013897 9.9955E-05 0.471365
0.0810386 9.9955E-05 0.912514 9.9955E-05 9.9955E-05 0.00396666 0.00198089 9.9955E-05 9.9955E-05
9.99371E-05 9.99371E-05 9.99371E-05 9.99371E-05 9.99371E-05 0.959591 9.99371E-05 9.99371E-05 0.0397098
9.9955E-05 9.9955E-05 0.978485 9.9955E-05 9.9955E-05 0.00291785 0.00290651 0.0151909 9.9955E-05
9.993E-05 9.993E-05 9.993E-05 0.999201 9.993E-05 9.993E-05 9.993E-05 9.993E-05 9.993E-05
9.9937E-05 9.9937E-05 0.979628 9.9937E-05 9.9937E-05 9.9937E-05 9.9937E-05 0.0196721 9.9937E-05
0.0530912 9.9973E-05 0.0768407 9.9973E-05 0.00541486 0.0119521 9.9973E-05 0.4148 0.437601
0.0838111 0.0599847 0.209138 0.013604 9.9982E-05 9.9982E-05 0.016277 0.458217 0.158768
0.523468 9.9955E-05 0.0432649 9.9955E-05 9.9955E-05 9.9955E-05 9.9955E-05 0.0607851 0.371982
0.488525 0.00696833 0.114435 9.9973E-05 0.0195771 9.9973E-05 0.00855571 0.361639 9.9973E-05
0.636152 9.9973E-05 0.103889 9.9973E-05 0.0606716 9.9973E-05 0.0146246 0.120616 0.0637469
9.9946E-05 0.0113495 0.986171 9.9946E-05 9.9946E-05 9.9946E-05 0.00187931 9.9946E-05 9.9946E-05
9.9973E-05 0.0118276 0.228151 9.9973E-05 0.0121508 0.0403403 9.9973E-05 0.501838 0.205392
9.9946E-05 9.9946E-05 0.85403 0.00133988 9.9946E-05 9.9946E-05 9.9946E-05 0.144031 9.9946E-05
0.240533 9.9982E-05 0.119806 9.9982E-05 0.013275 0.0458835 0.0208213 0.36141 0.198071
0.0567649 0.0991522 0.0952318 0.0138031 9.9964E-05 9.9964E-05 9.9964E-05 9.9964E-05 0.734648
0.0262471 9.9982E-05 0.846464 0.0111323 0.00359753 0.0169723 9.9982E-05 0.0886259 0.00676074
9.9946E-05 9.9946E-05 0.314301 9.9946E-05 9.9946E-05 9.9946E-05 0.0144777 0.670622 9.9946E-05
9.9964E-05 9.9964E-05 0.616237 0.000725335 9.9964E-05 0.0029143 0.00860111 0.371122 9.9964E-05
0.024152 0.0335795 0.937186 9.9955E-05 9.9955E-05 0.00458248 9.9955E-05 9.9955E-05 9.9955E-05
0.499342 9.9964E-05 0.403457 0.0192939 9.9964E-05 0.0669164 0.010591 9.9964E-05 9.9964E-05
0.174285 0.0906787 0.204336 9.9973E-05 9.9973E-05 9.9973E-05 0.00100899 0.423008 0.106383
0.26957 0.0131464 0.297123 0.0223233 9.9982E-05 0.00957537 9.9982E-05 0.351925 0.0361364
9.9955E-05 0.0172344 9.9955E-05 0.878022 0.0750577 0.0291861 9.9955E-05 9.9955E-05 9.9955E-05
0.0747317 9.9946E-05 0.918233 9.9946E-05 9.9946E-05 0.00643532 9.9946E-05 9.9946E-05 9.9946E-05
0.0162611 9.9946E-05 0.981428 9.9946E-05 0.00171166 9.9946E-05 9.9946E-05 9.9946E-05 9.9946E-05
0.00101395 9.9973E-05 0.824698 0.0132254 9.9973E-05 9.9973E-05 0.000850806 0.140928 0.0189836
9.99369E-05 9.99369E-05 0.0210586 9.99369E-05 9.99369E-05 0.978242 9.99369E-05 9.99369E-05 9.99369E-05
0.0467741 9.9964E-05 0.646666 0.0102388 9.9964E-05 9.9964E-05 9.9964E-05 0.236293 0.059628
0.562707 0.0167241 0.120989 9.9964E-05 9.9964E-05 9.9964E-05 0.00254303 9.9964E-05 0.296637
0.0142482 0.162135 0.305556 9.9982E-05 0.0160579 0.0205713 9.9982E-05 0.418645 0.0625873
9.9937E-05 9.9937E-05 0.99252 9.9937E-05 0.00678007 9.9937E-05 9.9937E-05 9.9937E-05 9.9937E-05
0.0656263 0.00462815 0.823656 9.9973E-05 9.9973E-05 0.0148283 9.9973E-05 0.022823 0.0681382
9.9937E-05 9.9937E-05 0.996098 9.9937E-05 9.9937E-05 9.9937E-05 9.9937E-05 9.9937E-05 0.00320213
0.559449 0.339986 0.0860477 9.9955E-05 9.9955E-05 9.9955E-05 0.0140173 9.9955E-05 9.9955E-05
0.100267 0.00509952 0.0157554 0.758262 0.108255 0.0120609 9.9973E-05 9.9973E-05 9.9973E-05
0.7052 0.2941 9.9937E-05 9.9937E-05 9.9937E-05 9.9937E-05 9.9937E-05 9.9937E-05 9.9937E-05
9.9973E-05 0.0478785 0.454713 9.9973E-05 0.00146378 9.9973E-05 0.0277015 0.367023 0.10092
0.0281224 9.9946E-05 9.9946E-05 0.953657 9.9946E-05 9.9946E-05 0.017621 9.9946E-05 9.9946E-05
0.0715182 9.9973E-05 0.518943 0.0108082 9.9973E-05 0.0323788 9.9973E-05 0.282144 0.0839075
9.995E-05 0.303409 0.214226 9.995E-05 9.995E-05 9.995E-05 9.995E-05 0.342466 0.139398
0.0570022 0.0256307 0.869318 9.9964E-05 0.0268051 0.0208443 9.9964E-05 9.9964E-05 9.9964E-05
0.00808416 9.9955E-05 0.98568 0.000582198 9.9955E-05 9.9955E-05 0.00515374 9.9955E-05 9.9955E-05
0.0125195 0.0262406 0.936873 0.00472927 9.9973E-05 0.00532116 0.0140161 9.9973E-05 9.9973E-05
0.251936 9.9955E-05 0.40374 9.9955E-05 9.9955E-05 9.9955E-05 9.9955E-05 0.239954 0.10387
9.99369E-05 9.99369E-05 0.0516918 9.99369E-05 9.99369E-05 0.947609 9.99369E-05 9.99369E-05 9.99369E-05
9.9946E-05 9.9946E-05 0.943527 9.9946E-05 0.00733294 9.9946E-05 9.9946E-05 0.0485406 9.9946E-05
0.0117032 0.340901 0.114561 9.9955E-05 9.9955E-05 9.9955E-05 9.9955E-05 9.9955E-05 0.532334
0.0258996 0.0696437 0.330126 9.9955E-05 9.9955E-05 9.9955E-05 9.9955E-05 0.573831 9.9955E-05
9.99459E-05 9.99459E-05 9.99459E-05 0.0134878 9.99459E-05 0.968532 9.99459E-05 0.0173802 9.99459E-05
0.270567 0.3409 0.0558885 9.9964E-05 9.9964E-05 9.9964E-05 0.00722535 9.9964E-05 0.325019
0.772581 9.9955E-05 0.156043 0.0275013 9.9955E-05 9.9955E-05 9.9955E-05 0.0433758 9.9955E-05
0.137237 9.9973E-05 0.104866 9.9973E-05 9.9973E-05 0.0310376 0.00658291 0.282725 0.437252
9.9955E-05 9.9955E-05 0.0794738 9.9955E-05 9.9955E-05 0.908517 0.0109417 0.000568196 9.9955E-05
9.9955E-05 0.0541374 0.352087 9.9955E-05 9.9955E-05 9.9955E-05 0.000997203 0.592278 9.9955E-05
9.99369E-05 9.99369E-05 9.99369E-05 0.995511 9.99369E-05 9.99369E-05 0.00378904 9.99369E-05 9.99369E-05
0.00822804 9.9964E-05 0.461827 0.00366974 9.9964E-05 9.9964E-05 0.00790432 0.517971 9.9964E-05
9.9955E-05 9.9955E-05 0.869698 9.9955E-05 0.000370507 9.9955E-05 0.00615922 0.123273 9.9955E-05
9.99371E-05 0.00511397 9.99371E-05 0.994186 9.99371E-05 9.99371E-05 9.99371E-05 9.99371E-05 9.99371E-05
9.9937E-05 9.9937E-05 0.812213 9.9937E-05 9.9937E-05 9.9937E-05 9.9937E-05 0.187088 9.9937E-05
0.0340235 0.00556431 9.9982E-05 0.0136216 0.0660279 0.0219365 0.840284 9.9982E-05 0.0183425
0.0793815 9.9964E-05 0.062902 9.9964E-05 0.0183448 9.9964E-05 9.9964E-05 0.586978 0.251994
9.9964E-05 9.9964E-05 0.894589 9.9964E-05 0.0119569 0.0222561 9.9964E-05 0.0497394 0.0210591
0.548348 0.120578 0.0860092 0.000186038 9.9973E-05 0.0536824 9.9973E-05 9.9973E-05 0.190897
0.000658847 0.0668571 0.686998 0.0165954 9.9964E-05 9.9964E-05 9.9964E-05 0.228491 9.9964E-05
0.0696197 9.9946E-05 9.9946E-05 0.904333 9.9946E-05 9.9946E-05 0.0254479 9.9946E-05 9.9946E-05
0.148874 0.0646333 0.0850741 0.00793554 9.9973E-05 9.9973E-05 9.9973E-05 0.612249 0.0809341
