0.99683 9.9991E-05 0.00307049
0.967337 0.0325632 9.9991E-05
0.987218 0.0126818 9.9991E-05
0.960304 0.0218921 0.0178042
0.807602 0.00628103 0.186117
0.670392 0.120111 0.209497
0.780957 9.9991E-05 0.218943
0.784311 0.0101186 0.20557
0.950709 0.0491908 9.9991E-05
0.9998 9.999E-05 9.999E-05
0.879509 9.9991E-05 0.120391
0.824372 9.99911E-05 0.175528
0.9223 9.9991E-05 0.0775997
0.643823 0.147975 0.208202
0.9998 9.999E-05 9.999E-05
0.879301 0.0496761 0.0710225
0.831537 9.99911E-05 0.168363
0.377925 0.483559 0.138516
0.971893 0.0280068 9.9991E-05
0.740291 0.0533856 0.206324
0.986736 0.0131639 9.9991E-05
0.879229 9.9991E-05 0.120671
0.900207 9.9991E-05 0.0996934
0.128268 0.00138508 0.870347
0.737889 0.0658637 0.196247
0.909028 9.9991E-05 0.0908723
0.840267 9.99911E-05 0.159633
0.988344 0.0115559 9.9991E-05
0.9998 9.999E-05 9.999E-05
0.9998 9.999E-05 9.999E-05
0.686012 0.099878 0.21411
0.977625 0.0222748 9.9991E-05
0.987564 0.0123362 9.9991E-05
0.703475 0.0927364 0.203789
0.986422 0.013478 9.9991E-05
0.836383 0.0434274 0.120189
0.9998 9.999E-05 9.999E-05
0.75892 9.99911E-05 0.24098
0.673049 0.0513327 0.275618
0.843634 9.9991E-05 0.156266
0.662806 0.113453 0.223741
0.971275 0.0286245 9.9991E-05
0.9998 9.999E-05 9.999E-05
0.991668 0.00823176 9.9991E-05
0.958765 0.0411352 9.9991E-05
0.0189982 0.850717 0.130285
0.984442 0.0154576 9.9991E-05
0.9998 9.999E-05 9.999E-05
0.0297261 0.854693 0.115581
0.9998 9.999E-05 9.999E-05
0.958856 9.9991E-05 0.0410438
0.9998 9.999E-05 9.999E-05
0.986927 9.9991E-05 0.0129733
0.757664 0.140914 0.101422
0.839166 9.9991E-05 0.160734
0.887112 0.0742778 0.0386104
0.999336 0.000564334 9.9991E-05
0.974337 0.0255634 9.9991E-05
0.992496 0.00740434 9.9991E-05
0.9998 9.999E-05 9.999E-05
0.9998 9.999E-05 9.999E-05
0.116387 0.0246141 0.858999
0.968312 0.0315875 9.9991E-05
0.843208 0.0255509 0.131241
0.985007 0.0148927 9.9991E-05
0.981973 0.0179272 9.9991E-05
0.9998 9.999E-05 9.999E-05
0.9998 9.999E-05 9.999E-05
0.830644 9.99911E-05 0.169256
0.0109262 0.853743 0.135331
0.872843 9.9991E-05 0.127057
0.90542 0.0817466 0.0128333
0.983857 0.016043 9.9991E-05
0.953622 0.0283919 0.0179862
0.982995 0.0169053 9.9991E-05
0.937806 0.0620943 9.9991E-05
0.989372 0.010528 9.9991E-05
0.825291 9.9991E-05 0.174609
0.997278 0.00262176 9.9991E-05
0.195548 0.0616952 0.742757
0.967192 9.9991E-05 0.0327081
0.973498 0.0264016 9.9991E-05
0.31114 0.483155 0.205705
0.712735 0.168945 0.118321
0.885766 0.0279706 0.0862631
0.972741 0.0271587 9.9991E-05
0.980887 0.0190131 9.9991E-05
9.999E-05 0.9998 9.999E-05
0.9998 9.999E-05 9.999E-05
0.9998 9.999E-05 9.999E-05
0.906366 9.9991E-05 0.093534
0.879072 9.99911E-05 0.120828
0.914043 9.99911E-05 0.0858571
0.980084 0.0198164 9.9991E-05
0.9998 9.999E-05 9.999E-05
0.99611 0.00379032 9.9991E-05
0.960594 9.9991E-05 0.0393063
0.665532 0.126664 0.207804
0.968726 0.0311738 9.9991E-05
0.813285 9.9991E-05 0.186615
0.903657 0.0107884 0.085555
0.0682674 0.022407 0.909326
0.9998 9.999E-05 9.999E-05
0.996897 0.00300253 9.9991E-05
0.986763 0.013137 9.9991E-05
0.867963 9.99911E-05 0.131937
0.0442252 0.840378 0.115397
0.853743 9.99911E-05 0.146157
0.974556 9.9991E-05 0.0253445
0.959402 0.0404978 9.9991E-05
0.897714 9.99911E-05 0.102186
9.9991E-05 0.860324 0.139576
0.195673 0.0998633 0.704464
0.989368 9.9991E-05 0.0105315
0.9998 9.999E-05 9.999E-05
0.907653 9.9991E-05 0.0922469
0.978907 0.0209931 9.9991E-05
0.70502 0.0723661 0.222614
0.177214 0.57387 0.248915
0.98084 0.0139411 0.0052189
0.9998 9.999E-05 9.999E-05
0.0522207 9.9991E-05 0.947679
0.9998 9.999E-05 9.999E-05
0.974139 9.9991E-05 0.0257612
0.9998 9.999E-05 9.999E-05
0.874395 9.99911E-05 0.125505
0.858208 9.9991E-05 0.141692
0.816353 9.99911E-05 0.183547
0.727125 0.0788603 0.194015
0.97556 9.9991E-05 0.0243402
0.990053 0.00984666 9.9991E-05
0.977394 0.0125662 0.0100397
0.0533256 0.801994 0.14468
0.97023 0.0182385 0.0115313
0.0217325 0.820739 0.157528
0.9998 9.999E-05 9.999E-05
0.116168 9.99909E-05 0.883732
0.850723 9.99911E-05 0.149177
0.825653 9.99911E-05 0.174247
0.809997 9.99911E-05 0.189903
0.976313 9.9991E-05 0.0235867
0.81602 0.0327622 0.151217
0.985322 0.0145776 9.9991E-05
0.950667 9.9991E-05 0.0492333
0.677987 0.15547 0.166543
0.948197 0.03651 0.0152933
0.972942 0.0269583 9.9991E-05
0.0850907 0.0284084 0.886501
0.637668 0.0906925 0.27164
0.022028 0.00588884 0.972083
0.9998 9.999E-05 9.999E-05
0.674809 0.103021 0.22217
0.664086 0.133826 0.202088
0.984298 0.0156016 9.9991E-05
0.984913 0.0149875 9.9991E-05
0.00132493 0.832449 0.166226
0.600337 0.0700147 0.329648
0.9998 9.999E-05 9.999E-05
0.359525 0.139169 0.501306
0.959711 0.0401891 9.9991E-05
9.999E-05 0.9998 9.999E-05
0.957147 0.0427532 9.9991E-05
0.268636 0.728992 0.00237145
0.845696 9.99911E-05 0.154204
0.979454 0.0204464 9.9991E-05
0.9748 0.0250999 9.9991E-05
0.684215 0.0733229 0.242462
0.95497 0.0449296 9.9991E-05
0.0435795 9.9991E-05 0.95632
0.986741 0.0131593 9.9991E-05
9.999E-05 0.9998 9.999E-05
0.990899 0.00900099 9.9991E-05
0.854008 9.9991E-05 0.145892
0.899073 0.00830374 0.0926232
0.700234 0.0592051 0.240561
0.753613 0.0861867 0.1602
0.652108 0.122462 0.22543
0.982278 0.0176219 9.9991E-05
0.888047 9.9991E-05 0.111853
0.992691 0.00720861 9.9991E-05
0.767409 0.0284582 0.204133
0.786145 9.99911E-05 0.213755
0.966425 0.0334748 9.9991E-05
0.978092 9.9991E-05 0.0218075
0.990388 0.00951156 9.9991E-05
0.979532 0.0203682 9.9991E-05
0.681717 0.153683 0.1646
0.901297 9.9991E-05 0.0986034
0.845374 0.0525584 0.102067
0.025948 0.971417 0.00263499
0.956706 0.0431942 9.9991E-05
0.983466 0.0164343 9.9991E-05
0.977851 0.0220489 9.9991E-05
0.100064 0.0137965 0.88614
0.9998 9.999E-05 9.999E-05
0.702273 0.0662392 0.231488
0.914968 9.9991E-05 0.0849318
0.973235 0.0266645 9.9991E-05
0.98434 0.0155596 9.9991E-05
0.988282 0.0116184 9.9991E-05
0.67893 0.0953018 0.225768
0.0912586 0.889306 0.0194352
0.655291 0.10267 0.242038
0.95693 9.9991E-05 0.0429704
9.999E-05 0.9998 9.999E-05
0.930329 0.0146613 0.0550097
0.934597 9.9991E-05 0.0653029
0.95096 0.04853 0.000509896
0.977554 0.022346 9.9991E-05
0.95711 0.0427898 9.9991E-05
0.89133 0.0186198 0.0900505
0.125575 0.0136744 0.860751
0.991492 0.00840779 9.9991E-05
0.796471 9.99911E-05 0.203429
0.964835 9.9991E-05 0.0350653
0.108218 0.020016 0.871766
0.746783 0.0128346 0.240382
0.63038 0.187996 0.181623
0.813637 9.9991E-05 0.186263
0.153852 0.0115513 0.834596
0.9998 9.999E-05 9.999E-05
9.999E-05 0.9998 9.999E-05
0.984562 9.9991E-05 0.0153375
0.982934 0.0169659 9.9991E-05
9.999E-05 0.9998 9.999E-05
0.9998 9.999E-05 9.999E-05
0.0747116 0.765967 0.159321
0.926106 9.99911E-05 0.0737937
0.980187 0.0197125 9.9991E-05
0.663337 0.0738293 0.262834
0.982151 0.0177489 9.9991E-05
9.999E-05 0.9998 9.999E-05
0.886095 9.9991E-05 0.113805
