9.9964E-05 9.9964E-05 0.0169845 0.0538766 0.317184 9.9964E-05 0.611555 9.9964E-05
9.9946E-05 0.0461019 9.9946E-05 9.9946E-05 9.9946E-05 9.9946E-05 0.953298 9.9946E-05
9.9955E-05 9.9955E-05 9.9955E-05 9.9955E-05 0.040019 9.9955E-05 0.946038 0.0134432
9.9973E-05 0.0880743 0.00232864 9.9973E-05 0.356816 0.00686695 0.545614 9.9973E-05
0.0221764 0.297418 9.9982E-05 0.111293 0.478883 9.9982E-05 0.0622282 0.0278013
0.0665495 0.663812 0.00818669 0.0233863 0.0208163 9.9991E-05 0.20942 0.00772931
0.654041 0.0785596 9.9964E-05 0.0583548 9.9964E-05 9.9964E-05 0.208645 9.9964E-05
9.99551E-05 0.353148 9.99551E-05 0.194242 0.45211 9.99551E-05 9.99551E-05 9.99551E-05
9.9982E-05 0.00445704 0.0151563 0.019577 0.0410586 0.00844129 0.91111 9.9982E-05
9.9946E-05 9.9946E-05 9.9946E-05 9.9946E-05 0.281257 9.9946E-05 0.718144 9.9946E-05
0.0859693 9.9973E-05 0.0141379 0.360002 0.362208 9.9973E-05 0.177383 9.9973E-05
0.307059 9.9973E-05 9.9973E-05 0.224432 0.437758 9.9973E-05 0.0166227 0.0138287
9.9964E-05 0.0580087 9.9964E-05 0.385926 0.416812 9.9964E-05 0.138854 9.9964E-05
9.9955E-05 0.811298 9.9955E-05 0.0532179 9.9955E-05 9.9955E-05 0.134985 9.9955E-05
9.9955E-05 9.9955E-05 0.00721312 9.9955E-05 0.556699 9.9955E-05 0.435588 9.9955E-05
0.174692 0.198518 0.00379687 9.9991E-05 0.141928 0.00793974 0.46869 0.00433523
0.528693 9.9964E-05 9.9964E-05 0.247291 0.0826141 9.9964E-05 0.141002 9.9964E-05
9.997E-05 0.274382 0.426374 9.997E-05 9.997E-05 0.0414495 0.236851 0.0206433
9.9955E-05 0.0277588 9.9955E-05 9.9955E-05 9.9955E-05 0.00451793 0.967223 9.9955E-05
0.502658 0.121594 0.0171692 0.0685395 0.15826 0.018696 0.0961371 0.0169458
0.00612625 9.9964E-05 9.9964E-05 9.9964E-05 0.084111 9.9964E-05 0.9008 0.00856249
0.0638368 9.9973E-05 9.9973E-05 0.47493 0.314382 9.9973E-05 0.140655 0.00589638
9.9973E-05 0.0856297 9.9973E-05 0.16625 0.559169 9.9973E-05 0.162952 0.0256994
9.9973E-05 0.0127512 0.0113428 0.0124198 0.0741508 9.9973E-05 9.9973E-05 0.889035
0.0430938 0.567595 9.9964E-05 9.9964E-05 0.357735 9.9964E-05 0.0311762 9.9964E-05
9.9964E-05 9.9964E-05 9.9964E-05 0.370538 0.358994 9.9964E-05 0.253314 0.0167539
0.102834 0.140912 9.9982E-05 0.351983 0.254786 0.00953163 0.139754 9.9982E-05
9.9955E-05 9.9955E-05 0.00191043 9.9955E-05 0.12428 9.9955E-05 0.87331 9.9955E-05
9.9946E-05 9.9946E-05 9.9946E-05 9.9946E-05 0.285345 9.9946E-05 0.714056 9.9946E-05
9.9946E-05 9.9946E-05 9.9946E-05 9.9946E-05 0.0108839 9.9946E-05 0.988516 9.9946E-05
9.9973E-05 0.673756 9.9973E-05 0.0975204 0.126967 9.9973E-05 0.0875863 0.0138709
9.9946E-05 0.0500862 9.9946E-05 9.9946E-05 9.9946E-05 9.9946E-05 0.949314 9.9946E-05
9.9955E-05 0.00474066 9.9955E-05 0.032082 9.9955E-05 9.9955E-05 0.962678 9.9955E-05
9.9955E-05 0.65874 9.9955E-05 0.193357 9.9955E-05 9.9955E-05 0.147403 9.9955E-05
9.9964E-05 0.0140384 9.9964E-05 0.00739628 9.9964E-05 9.9964E-05 0.97082 0.00734578
0.146482 0.277779 9.9982E-05 0.202081 0.221841 0.0119294 0.139688 9.9982E-05
9.9946E-05 9.9946E-05 9.9946E-05 9.9946E-05 0.502528 9.9946E-05 0.496873 9.9946E-05
0.780932 9.9964E-05 9.9964E-05 9.9964E-05 0.197644 0.0128228 0.00820154 9.9964E-05
9.99549E-05 0.45092 9.99549E-05 0.530642 9.99549E-05 9.99549E-05 9.99549E-05 0.0179379
0.071693 0.0673101 9.9982E-05 0.115698 0.635168 9.9982E-05 0.0505794 0.0593518
0.180868 0.597471 9.9982E-05 9.9982E-05 0.127809 0.0107508 0.0730006 0.00990113
9.9964E-05 9.9964E-05 9.9964E-05 0.00635529 9.9964E-05 0.0025658 0.979015 0.011664
9.9955E-05 9.9955E-05 9.9955E-05 0.0406731 0.196262 9.9955E-05 0.762565 9.9955E-05
9.9964E-05 9.9964E-05 0.00284545 9.9964E-05 0.28174 0.00717381 0.707841 9.9964E-05
9.9964E-05 0.0607966 0.0285464 9.9964E-05 0.242769 9.9964E-05 0.667488 9.9964E-05
9.994E-05 9.994E-05 0.9993 9.994E-05 9.994E-05 9.994E-05 9.994E-05 9.994E-05
0.0138633 0.000618966 9.9964E-05 0.0931214 9.9964E-05 9.9964E-05 0.891996 9.9964E-05
9.9946E-05 9.9946E-05 9.9946E-05 9.9946E-05 0.188162 9.9946E-05 0.811238 9.9946E-05
9.994E-05 9.994E-05 0.9993 9.994E-05 9.994E-05 9.994E-05 9.994E-05 9.994E-05
9.99459E-05 9.99459E-05 9.99459E-05 9.99459E-05 0.441719 9.99459E-05 0.557682 9.99459E-05
0.107816 9.9973E-05 9.9973E-05 0.158373 0.384765 0.00291075 0.345835 9.9973E-05
9.99459E-05 9.99459E-05 9.99459E-05 9.99459E-05 0.377394 9.99459E-05 0.622006 9.99459E-05
9.9964E-05 9.9964E-05 9.9964E-05 0.0823322 0.432052 9.9964E-05 0.478586 0.00663025
9.9973E-05 0.401383 0.0342671 9.9973E-05 9.9973E-05 0.00957025 0.547111 0.00736849
0.0280197 0.182502 9.9982E-05 0.0953027 0.437311 9.9982E-05 0.207876 0.0487887
9.99639E-05 0.144216 9.99639E-05 9.99639E-05 9.99639E-05 0.0232578 0.785589 0.0465367
9.9955E-05 9.9955E-05 0.00334226 9.9955E-05 0.11378 9.9955E-05 0.882378 9.9955E-05
9.9964E-05 0.00113738 0.0015664 0.0344571 9.9964E-05 9.9964E-05 0.962439 9.9964E-05
9.9973E-05 0.0177684 0.00756696 9.9973E-05 0.289863 9.9973E-05 0.682452 0.00204925
9.9946E-05 9.9946E-05 9.9946E-05 9.9946E-05 0.30417 9.9946E-05 0.695231 9.9946E-05
9.9964E-05 0.000788829 9.9964E-05 0.0134548 0.0408416 9.9964E-05 0.944515 9.9964E-05
0.166239 9.99551E-05 9.99551E-05 9.99551E-05 9.99551E-05 0.0222298 9.99551E-05 0.811032
9.9964E-05 9.9964E-05 9.9964E-05 0.0297683 9.9964E-05 0.0116088 0.947794 0.0104291
0.0893009 0.132944 9.9991E-05 0.0196436 0.538139 0.0154854 0.162945 0.0414418
0.0417707 9.9964E-05 0.00206117 9.9964E-05 0.0193509 9.9964E-05 0.936417 9.9964E-05
9.9955E-05 0.0182363 9.9955E-05 9.9955E-05 9.9955E-05 0.00228293 0.978981 9.9955E-05
9.9955E-05 9.9955E-05 0.00831741 9.9955E-05 0.406547 9.9955E-05 0.584635 9.9955E-05
9.9955E-05 9.9955E-05 9.9955E-05 0.0394016 0.390069 9.9955E-05 0.570029 9.9955E-05
0.163648 9.9964E-05 9.9964E-05 0.686818 9.9964E-05 9.9964E-05 0.136703 0.0124302
9.994E-05 9.994E-05 0.9993 9.994E-05 9.994E-05 9.994E-05 9.994E-05 9.994E-05
9.9973E-05 0.283868 9.9973E-05 0.0524333 0.621315 9.9973E-05 0.0350187 0.00706554
9.9973E-05 0.106483 0.00655467 9.9973E-05 9.9973E-05 0.0256474 0.829263 0.0317512
9.9973E-05 9.9973E-05 0.0155005 9.9973E-05 0.220004 0.00920939 0.740804 0.014182
9.9955E-05 0.0110385 9.9955E-05 9.9955E-05 9.9955E-05 9.9955E-05 0.942559 0.0459029
0.00590956 9.9946E-05 9.9946E-05 9.9946E-05 9.9946E-05 9.9946E-05 0.993491 9.9946E-05
9.9964E-05 0.0355666 0.0275571 9.9964E-05 9.9964E-05 0.00288646 0.93359 9.9964E-05
9.9964E-05 9.9964E-05 9.9964E-05 0.000591505 0.0495517 0.00052923 0.948928 9.9964E-05
0.201789 0.0918049 9.9982E-05 0.437982 0.0919433 9.9982E-05 0.164603 0.0116783
0.0180251 9.9964E-05 9.9964E-05 0.0117758 0.0378053 9.9964E-05 0.931994 9.9964E-05
0.180885 0.114662 0.0160774 9.9982E-05 9.9982E-05 0.000409398 0.00633003 0.681436
9.9964E-05 0.000501477 9.9964E-05 9.9964E-05 0.509352 9.9964E-05 0.463776 0.0259706
9.9946E-05 9.9946E-05 9.9946E-05 9.9946E-05 0.101555 9.9946E-05 0.897845 9.9946E-05
9.9982E-05 0.363649 0.390693 0.00652809 9.9982E-05 0.0655807 0.10351 0.069839
9.997E-05 0.497676 0.0368315 9.997E-05 9.997E-05 0.00565667 0.451249 0.00828692
0.0224787 0.29933 9.9964E-05 9.9964E-05 0.430827 9.9964E-05 0.246964 9.9964E-05
9.9964E-05 0.0225026 9.9964E-05 9.9964E-05 0.234176 0.00959079 0.733331 9.9964E-05
9.9955E-05 0.0303492 9.9955E-05 9.9955E-05 9.9955E-05 9.9955E-05 0.950035 0.0191159
9.994E-05 9.994E-05 9.994E-05 9.994E-05 9.994E-05 0.9993 9.994E-05 9.994E-05
9.99639E-05 9.99639E-05 0.00499195 0.0188189 0.521792 9.99639E-05 0.453997 9.99639E-05
9.9955E-05 9.9955E-05 9.9955E-05 9.9955E-05 0.485468 9.9955E-05 0.510308 0.00372374
9.9964E-05 0.0235547 9.9964E-05 0.522496 0.308653 9.9964E-05 0.144896 9.9964E-05
0.112687 9.9982E-05 9.9982E-05 0.277893 0.514798 0.0123647 0.064838 0.0172186
9.9955E-05 9.9955E-05 9.9955E-05 0.756916 0.196967 9.9955E-05 0.0456172 9.9955E-05
9.9946E-05 9.9946E-05 9.9946E-05 9.9946E-05 9.9946E-05 9.9946E-05 0.994855 0.0045455
9.9946E-05 9.9946E-05 9.9946E-05 9.9946E-05 0.537201 9.9946E-05 0.462199 9.9946E-05
9.9946E-05 9.9946E-05 9.9946E-05 9.9946E-05 0.135786 9.9946E-05 0.863614 9.9946E-05
0.0689217 9.9955E-05 9.9955E-05 9.9955E-05 0.637096 9.9955E-05 0.293483 9.9955E-05
9.9982E-05 0.729725 0.00181129 0.133178 0.00924345 9.9982E-05 0.117995 0.00784758
9.9946E-05 0.0247517 9.9946E-05 9.9946E-05 9.9946E-05 9.9946E-05 0.974649 9.9946E-05
0.389562 9.9964E-05 9.9964E-05 9.9964E-05 0.397335 9.9964E-05 0.161556 0.0511467
9.9982E-05 0.189013 0.0142808 0.0360161 0.636951 0.000871672 0.122668 9.9982E-05
0.0103579 0.093917 0.0161051 0.0288923 9.9973E-05 9.9973E-05 9.9973E-05 0.850428
9.99459E-05 9.99459E-05 9.99459E-05 9.99459E-05 0.512403 9.99459E-05 0.486997 9.99459E-05
0.052662 9.9955E-05 9.9955E-05 9.9955E-05 0.0227809 9.9955E-05 0.924057 9.9955E-05
9.9946E-05 9.9946E-05 9.9946E-05 9.9946E-05 9.9946E-05 9.9946E-05 0.995418 0.00398183
0.154593 9.9964E-05 0.0236625 0.466721 0.354624 9.9964E-05 9.9964E-05 9.9964E-05
9.9946E-05 9.9946E-05 0.997386 9.9946E-05 9.9946E-05 9.9946E-05 0.00201472 9.9946E-05
9.9964E-05 9.9964E-05 0.0169988 0.85534 0.101281 9.9964E-05 0.0259801 9.9964E-05
9.9955E-05 9.9955E-05 9.9955E-05 9.9955E-05 0.232763 9.9955E-05 0.728324 0.0384131
9.9964E-05 0.0474774 9.9964E-05 9.9964E-05 9.9964E-05 0.0027257 0.933547 0.0158504
9.9955E-05 9.9955E-05 9.9955E-05 0.613819 0.299938 9.9955E-05 0.0857433 9.9955E-05
9.994E-05 9.994E-05 0.9993 9.994E-05 9.994E-05 9.994E-05 9.994E-05 9.994E-05
9.9955E-05 0.321404 0.0253989 9.9955E-05 9.9955E-05 9.9955E-05 9.9955E-05 0.652697
9.9964E-05 9.9964E-05 0.00418198 0.154061 0.186746 9.9964E-05 0.654611 9.9964E-05
9.9946E-05 9.9946E-05 9.9946E-05 9.9946E-05 0.29504 9.9946E-05 0.704361 9.9946E-05
9.9964E-05 9.9964E-05 9.9964E-05 0.387046 0.478685 9.9964E-05 0.124022 0.00984788
9.9955E-05 9.9955E-05 9.9955E-05 0.0100354 9.9955E-05 9.9955E-05 0.96178 0.0276853
9.9964E-05 0.433376 0.0355321 0.475259 0.0554331 9.9964E-05 9.9964E-05 9.9964E-05
0.0660076 0.15222 0.508262 9.9982E-05 9.9982E-05 0.096169 0.0285704 0.148571
0.000441222 9.9973E-05 9.9973E-05 9.9973E-05 0.137138 0.000981156 0.822092 0.0390471
9.99549E-05 9.99549E-05 9.99549E-05 0.122795 0.420134 9.99549E-05 0.456571 9.99549E-05
9.9946E-05 9.9946E-05 9.9946E-05 0.0179445 9.9946E-05 9.9946E-05 9.9946E-05 0.981456
0.0191833 9.9973E-05 0.00682036 0.0184398 0.150616 9.9973E-05 0.804641 9.9973E-05
9.9964E-05 9.9964E-05 9.9964E-05 0.0629813 0.598977 9.9964E-05 0.335907 0.00173522
9.9946E-05 9.9946E-05 9.9946E-05 9.9946E-05 0.225394 9.9946E-05 0.774006 9.9946E-05
9.9955E-05 9.9955E-05 9.9955E-05 0.76806 9.9955E-05 0.0202218 0.211218 9.9955E-05
9.9973E-05 0.121485 0.00844421 0.45467 0.288704 9.9973E-05 0.126396 9.9973E-05
0.388218 0.172096 9.9964E-05 9.9964E-05 0.340622 9.9964E-05 0.0986644 9.9964E-05
0.590244 0.277205 9.99639E-05 9.99639E-05 9.99639E-05 0.0104609 0.121691 9.99639E-05
9.9955E-05 9.9955E-05 9.9955E-05 9.9955E-05 0.492037 9.9955E-05 0.493234 0.0142295
9.9964E-05 9.9964E-05 0.00426221 9.9964E-05 0.145013 9.9964E-05 0.844435 0.00589028
9.9964E-05 9.9964E-05 0.0195688 9.9964E-05 0.366396 9.9964E-05 0.605831 0.00780394
9.9973E-05 0.0397922 0.863641 0.033533 9.9973E-05 0.0519547 0.0107788 9.9973E-05
9.9964E-05 0.0564417 9.9964E-05 9.9964E-05 0.0389922 9.9964E-05 0.882117 0.0220491
9.9973E-05 9.9973E-05 0.972738 0.000899078 0.0104713 0.00903558 9.9973E-05 0.00655636
9.9955E-05 9.9955E-05 9.9955E-05 9.9955E-05 0.394933 9.9955E-05 0.60036 0.00420709
9.99459E-05 9.99459E-05 9.99459E-05 9.99459E-05 9.99459E-05 9.99459E-05 0.0382299 0.96117
0.243939 9.99549E-05 9.99549E-05 0.357621 0.397941 9.99549E-05 9.99549E-05 9.99549E-05
0.203603 0.0553047 9.9973E-05 0.613644 9.9973E-05 0.015997 0.111151 9.9973E-05
0.36631 9.9982E-05 9.9982E-05 0.313696 0.207404 0.0242197 0.0851426 0.00302785
9.9955E-05 9.9955E-05 9.9955E-05 9.9955E-05 0.533785 9.9955E-05 0.45679 0.00892554
0.291958 0.116203 0.0318699 0.112625 0.242007 0.000500138 0.204737 9.9991E-05
9.9955E-05 0.0122692 9.9955E-05 9.9955E-05 0.0747076 9.9955E-05 0.912523 9.9955E-05
9.9973E-05 9.9973E-05 9.9973E-05 0.111261 0.528191 0.00553522 0.331695 0.0230172
9.9973E-05 0.628226 0.00242168 9.9973E-05 9.9973E-05 0.0204013 0.322266 0.0263855
0.0128544 0.113717 0.0133675 9.9973E-05 0.210461 9.9973E-05 0.649299 9.9973E-05
9.9982E-05 0.0296478 0.00246749 9.9982E-05 0.180299 0.00920858 0.776796 0.00138105
9.99549E-05 9.99549E-05 0.00912722 9.99549E-05 9.99549E-05 9.99549E-05 0.0181401 0.972233
0.0569605 0.681879 9.9982E-05 0.0594978 0.0943009 9.9982E-05 0.0652263 0.0419357
9.99461E-05 9.99461E-05 9.99461E-05 0.0216614 9.99461E-05 9.99461E-05 9.99461E-05 0.977739
9.9946E-05 9.9946E-05 9.9946E-05 9.9946E-05 0.383967 9.9946E-05 0.615433 9.9946E-05
0.123295 0.543072 9.9982E-05 9.9982E-05 0.040676 0.00479713 0.242914 0.0450465
0.00938196 0.728483 9.9973E-05 9.9973E-05 0.0360869 9.9973E-05 0.202462 0.023286
0.00622232 9.9964E-05 0.0251532 9.9964E-05 0.286957 9.9964E-05 0.681268 9.9964E-05
9.9955E-05 9.9955E-05 9.9955E-05 0.0282331 0.00226828 9.9955E-05 0.968999 9.9955E-05
9.9946E-05 9.9946E-05 0.997552 9.9946E-05 9.9946E-05 9.9946E-05 9.9946E-05 0.0018483
0.397916 0.51991 0.00110097 0.0203704 9.9982E-05 9.9982E-05 0.0252459 0.0352571
9.9946E-05 9.9946E-05 9.9946E-05 9.9946E-05 0.354715 9.9946E-05 0.644686 9.9946E-05
9.997E-05 0.372368 0.0259338 9.997E-05 9.997E-05 0.024072 0.1595 0.417825
9.9955E-05 0.0358867 0.00452526 9.9955E-05 9.9955E-05 9.9955E-05 0.959088 9.9955E-05
9.994E-05 9.994E-05 9.994E-05 9.994E-05 9.994E-05 0.9993 9.994E-05 9.994E-05
9.9973E-05 0.0479932 0.00895027 9.9973E-05 0.109774 0.00535688 0.827626 9.9973E-05
9.9964E-05 0.249534 0.0327162 9.9964E-05 9.9964E-05 0.603578 0.113772 9.9964E-05
0.191031 9.9991E-05 0.0216196 0.345743 0.425658 0.00494649 0.00375473 0.00714752
0.0356802 9.9955E-05 9.9955E-05 9.9955E-05 9.9955E-05 0.00574524 0.958075 9.9955E-05
9.9946E-05 9.9946E-05 9.9946E-05 9.9946E-05 9.9946E-05 0.00486341 0.994537 9.9946E-05
0.484443 0.365506 0.00782913 0.0486348 9.9973E-05 9.9973E-05 0.0932863 9.9973E-05
9.9964E-05 0.091568 0.00279568 9.9964E-05 9.9964E-05 9.9964E-05 0.89685 0.00838683
9.99461E-05 9.99461E-05 9.99461E-05 0.0228224 9.99461E-05 9.99461E-05 9.99461E-05 0.976578
9.9964E-05 9.9964E-05 0.011133 9.9964E-05 0.0364107 9.9964E-05 0.946545 0.00551195
9.994E-05 9.994E-05 9.994E-05 9.994E-05 9.994E-05 0.9993 9.994E-05 9.994E-05
9.99613E-05 9.99613E-05 9.99613E-05 9.99613E-05 0.0152898 9.99613E-05 0.981645 0.00256587
0.393541 9.9964E-05 9.9964E-05 9.9964E-05 0.504413 9.9964E-05 0.0822184 0.0194274
0.0761981 0.092835 0.00385181 0.125002 0.47191 0.0120734 0.21803 9.9991E-05
0.278935 0.527126 9.9964E-05 9.9964E-05 0.172627 9.9964E-05 0.0209123 9.9964E-05
9.9982E-05 0.509404 0.0081268 9.9982E-05 0.322972 0.00629568 0.151667 0.00133457
0.109962 0.612495 0.0409361 9.9973E-05 0.0925348 9.9973E-05 0.143772 9.9973E-05
9.9946E-05 9.9946E-05 9.9946E-05 0.0181151 9.9946E-05 9.9946E-05 0.981285 9.9946E-05
0.11308 9.997E-05 9.997E-05 0.149539 0.450364 9.997E-05 0.252043 0.0346743
9.995E-05 9.995E-05 9.995E-05 9.995E-05 0.131612 0.00274546 0.865143 9.995E-05
0.256814 0.16035 0.0273591 9.9982E-05 0.353225 9.9982E-05 0.16076 0.0412917
0.905792 9.9955E-05 9.9955E-05 9.9955E-05 0.00290563 9.9955E-05 0.0908028 9.9955E-05
9.9973E-05 0.0291045 9.9973E-05 9.9973E-05 0.0922139 0.0133043 0.851071 0.0140061
9.9955E-05 9.9955E-05 0.0121301 9.9955E-05 0.672218 9.9955E-05 0.315152 9.9955E-05
9.9964E-05 9.9964E-05 0.00719833 9.9964E-05 0.331746 9.9964E-05 0.649154 0.0115012
0.0283663 0.0164227 9.9964E-05 0.0138608 9.9964E-05 9.9964E-05 0.94095 9.9964E-05
9.997E-05 0.499114 0.00893333 9.997E-05 9.997E-05 0.019446 0.418062 0.0541448
9.9964E-05 0.195638 9.9964E-05 0.138395 0.456526 9.9964E-05 0.209041 9.9964E-05
9.9982E-05 0.260711 9.9982E-05 0.10189 0.276085 0.0215033 0.331228 0.00838312
0.0604313 9.9964E-05 0.0221568 9.9964E-05 9.9964E-05 0.875715 9.9964E-05 0.0412972
9.9964E-05 0.0983916 9.9964E-05 9.9964E-05 9.9964E-05 0.00325925 0.888543 0.00940643
9.9946E-05 0.0218479 9.9946E-05 9.9946E-05 9.9946E-05 9.9946E-05 0.977552 9.9946E-05
0.0111265 9.9964E-05 9.9964E-05 9.9964E-05 0.134357 0.00842594 0.84569 9.9964E-05
9.99459E-05 9.99459E-05 9.99459E-05 9.99459E-05 9.99459E-05 9.99459E-05 0.0360164 0.963384
0.00593054 0.0561795 9.9973E-05 9.9973E-05 0.271265 0.00806675 0.658258 9.9973E-05
9.99578E-05 0.654179 9.99578E-05 0.250431 9.99578E-05 9.99578E-05 0.0948905 9.99578E-05
0.0925213 0.0146476 9.9982E-05 0.123442 0.452237 9.9982E-05 0.29913 0.0178213
9.9946E-05 9.9946E-05 9.9946E-05 9.9946E-05 9.9946E-05 0.00259235 0.996808 9.9946E-05
0.0517323 0.0375822 9.9982E-05 0.0361711 0.0231546 9.9982E-05 0.833033 0.018127
0.00764076 9.9964E-05 9.9964E-05 0.00138567 0.00317565 9.9964E-05 0.987398 9.9964E-05
9.9973E-05 0.5979 0.00830059 0.273673 0.067534 9.9973E-05 0.0522922 9.9973E-05
9.9973E-05 0.135199 0.0274066 9.9973E-05 9.9973E-05 0.783345 0.00283053 0.050919
0.208033 0.652356 9.9955E-05 0.139111 9.9955E-05 9.9955E-05 9.9955E-05 9.9955E-05
0.0608288 9.9973E-05 0.0173467 0.0860647 0.359873 9.9973E-05 0.475586 9.9973E-05
9.9955E-05 0.0222256 0.0235329 9.9955E-05 9.9955E-05 0.953742 9.9955E-05 9.9955E-05
0.0608695 0.0761539 9.9982E-05 9.9982E-05 0.331564 0.00314935 0.495703 0.0323599
0.00869335 9.99639E-05 9.99639E-05 0.436119 0.320173 9.99639E-05 0.234614 9.99639E-05
9.9973E-05 0.0726495 0.00347649 0.0104263 9.9973E-05 9.9973E-05 0.885977 0.0271704
9.9955E-05 0.016286 0.00612452 9.9955E-05 9.9955E-05 9.9955E-05 0.97709 9.9955E-05
9.9973E-05 0.0356333 0.0198762 0.0148304 9.9973E-05 9.9973E-05 0.922787 0.00657319
0.148314 0.183997 9.9964E-05 9.9964E-05 0.231795 9.9964E-05 0.435494 9.9964E-05
9.99459E-05 9.99459E-05 9.99459E-05 9.99459E-05 9.99459E-05 9.99459E-05 0.0519596 0.947441
9.9946E-05 9.9946E-05 9.9946E-05 9.9946E-05 0.0532476 9.9946E-05 0.946153 9.9946E-05
0.0640269 0.105549 9.9973E-05 0.741373 9.9973E-05 9.9973E-05 0.0873776 0.00137301
9.9973E-05 0.0283367 9.9973E-05 0.0605183 0.595384 9.9973E-05 0.311299 0.00416243
9.99549E-05 9.99549E-05 9.99549E-05 9.99549E-05 0.0304245 0.014063 9.99549E-05 0.955013
0.22906 0.28007 0.00388776 0.429777 9.9982E-05 9.9982E-05 0.051426 0.00557869
9.9964E-05 0.767559 9.9964E-05 9.9964E-05 0.0732529 0.0308792 0.127909 9.9964E-05
0.565126 9.9973E-05 0.00355504 9.9973E-05 0.225084 9.9973E-05 0.178282 0.0276529
9.9955E-05 9.9955E-05 9.9955E-05 9.9955E-05 0.0121412 9.9955E-05 0.0800507 0.907308
9.9955E-05 9.9955E-05 9.9955E-05 0.0759882 0.540801 9.9955E-05 0.382711 9.9955E-05
9.994E-05 9.994E-05 9.994E-05 9.994E-05 9.994E-05 0.9993 9.994E-05 9.994E-05
9.9973E-05 9.9973E-05 0.00887928 0.0195713 0.486597 0.00342825 0.481224 9.9973E-05
9.9955E-05 9.9955E-05 0.00983015 9.9955E-05 0.110947 9.9955E-05 0.878723 9.9955E-05
9.994E-05 9.994E-05 9.994E-05 9.994E-05 9.994E-05 0.9993 9.994E-05 9.994E-05
9.9946E-05 9.9946E-05 9.9946E-05 9.9946E-05 0.187935 9.9946E-05 0.811466 9.9946E-05
0.0379856 0.00574534 0.912853 9.9991E-05 0.0131861 0.00808658 0.0103327 0.0117109
9.9973E-05 0.0808455 0.00289684 0.341751 0.473013 9.9973E-05 0.101193 9.9973E-05
9.9964E-05 0.0292393 9.9964E-05 9.9964E-05 0.0760042 9.9964E-05 0.880188 0.0141689
0.0466962 0.538843 9.9982E-05 0.267145 9.9982E-05 0.0111508 0.0762772 0.0596876
0.0183849 0.0167395 9.9982E-05 0.0357947 0.248095 0.0197551 0.661031 9.9982E-05
9.9955E-05 0.0598036 0.0298175 9.9955E-05 9.9955E-05 0.909879 9.9955E-05 9.9955E-05
0.155563 0.0891476 9.9982E-05 0.0108044 0.595259 0.00783071 0.141195 9.9982E-05
