0.811411 0.188389 9.9982E-05 9.9982E-05
0.989714 9.9982E-05 0.0100856 9.9982E-05
0.982875 9.9982E-05 9.9982E-05 0.0169246
0.781655 0.202022 0.0162228 9.9991E-05
0.416494 0.490004 0.0267613 0.0667403
0.453735 0.289652 0.11966 0.136953
0.370131 0.571859 0.00360466 0.0544055
0.318757 0.617602 0.0430045 0.0206361
0.964839 9.9991E-05 0.0250212 0.0100397
0.912409 0.087391 9.9982E-05 9.9982E-05
0.443809 0.555991 9.9982E-05 9.9982E-05
0.349921 0.649879 9.9982E-05 9.9982E-05
0.467523 0.532277 9.9982E-05 9.9982E-05
0.435338 0.290661 0.134555 0.139445
0.742876 0.256924 9.9982E-05 9.9982E-05
0.639095 0.2725 0.0509778 0.0374265
0.361723 0.638078 9.9982E-05 9.9982E-05
0.361444 9.9991E-05 0.464897 0.173559
0.971295 9.9991E-05 0.0193004 0.0093047
0.313386 0.54667 0.0787978 0.0611454
0.986112 0.0136879 9.9982E-05 9.9982E-05
0.40872 0.59108 9.9982E-05 9.9982E-05
0.508659 0.478369 9.9991E-05 0.0128727
9.9982E-05 0.0826397 9.9982E-05 0.91716
0.421305 0.403762 0.0672021 0.107731
0.533237 0.466563 9.9982E-05 9.9982E-05
0.398585 0.559674 0.0362822 0.00545859
0.979772 0.0139888 9.9991E-05 0.00613879
0.909518 0.0902817 9.9982E-05 9.9982E-05
0.9997 9.998E-05 9.998E-05 9.998E-05
0.430678 0.34313 0.103119 0.123072
0.988734 9.9982E-05 0.0110661 9.9982E-05
0.9997 9.998E-05 9.998E-05 9.998E-05
0.412954 0.366325 0.11465 0.106071
0.989536 9.9982E-05 9.9982E-05 0.010264
0.407519 0.526642 0.065739 9.9991E-05
0.779425 0.220375 9.9982E-05 9.9982E-05
0.254637 0.678948 0.0385434 0.0278723
0.210965 0.61382 0.0866698 0.088545
0.427696 0.538631 9.9991E-05 0.0335737
0.362176 0.404447 0.10672 0.126657
0.984942 9.9991E-05 0.00606964 0.00888791
0.896115 0.103685 9.9982E-05 9.9982E-05
0.888378 0.111422 9.9982E-05 9.9982E-05
0.854778 0.120426 0.0126207 0.0121753
0.0220901 9.9991E-05 0.839134 0.138676
0.933942 0.0629152 0.00304314 9.9991E-05
0.985639 0.0141611 9.9982E-05 9.9982E-05
0.0239709 9.9991E-05 0.83868 0.137249
0.801233 0.198567 9.9982E-05 9.9982E-05
0.601824 0.397976 9.9982E-05 9.9982E-05
0.86541 0.13439 9.9982E-05 9.9982E-05
0.718869 0.280931 9.9982E-05 9.9982E-05
0.731825 0.0220069 0.124341 0.121828
0.513682 0.412123 9.9991E-05 0.0740951
0.867343 9.9991E-05 0.0468537 0.0857029
0.9997 9.998E-05 9.998E-05 9.998E-05
0.996467 9.9982E-05 0.00333289 9.9982E-05
0.864767 0.135033 9.9982E-05 9.9982E-05
0.886749 0.113051 9.9982E-05 9.9982E-05
0.9997 9.998E-05 9.998E-05 9.998E-05
0.0226736 0.0833897 0.00359057 0.890346
0.975445 9.9991E-05 0.0123283 0.0121269
0.494427 0.435239 0.0247875 0.0455468
0.997536 9.9982E-05 0.00226404 9.9982E-05
0.986421 9.9982E-05 0.0133787 9.9982E-05
0.799555 0.200245 9.9982E-05 9.9982E-05
0.802952 0.196848 9.9982E-05 9.9982E-05
0.342404 0.646261 9.9991E-05 0.0112352
0.00908752 9.9991E-05 0.840173 0.15064
0.447962 0.512638 0.00900731 0.0303925
0.888226 9.9991E-05 0.0520494 0.0596242
0.932212 0.0624554 9.9991E-05 0.00523308
0.950077 9.9982E-05 9.9982E-05 0.0497232
0.988328 9.9982E-05 9.9982E-05 0.0114721
0.952998 9.9982E-05 0.0468021 9.9982E-05
0.999007 9.9982E-05 0.000793061 9.9982E-05
0.39459 0.571839 9.9991E-05 0.0334711
0.983294 0.016506 9.9982E-05 9.9982E-05
0.0625424 0.125611 0.0442656 0.767581
0.740586 0.259214 9.9982E-05 9.9982E-05
0.987413 0.00464922 0.00783794 9.9991E-05
0.264398 0.0493082 0.483211 0.203083
0.689504 0.0238788 0.154078 0.132539
0.571573 0.367226 0.0465247 0.0146758
0.899498 0.0806265 0.0197752 9.9991E-05
0.972438 9.9982E-05 9.9982E-05 0.0273617
9.998E-05 9.998E-05 0.9997 9.998E-05
0.725955 0.273845 9.9982E-05 9.9982E-05
0.755285 0.244515 9.9982E-05 9.9982E-05
0.432432 0.567368 9.9982E-05 9.9982E-05
0.395982 0.603818 9.9982E-05 9.9982E-05
0.327145 0.672655 9.9982E-05 9.9982E-05
0.993574 9.9982E-05 9.9982E-05 0.00622563
0.749504 0.250296 9.9982E-05 9.9982E-05
0.975361 0.0244394 9.9982E-05 9.9982E-05
0.618789 0.381011 9.9982E-05 9.9982E-05
0.414651 0.336598 0.135373 0.113378
0.977242 9.9991E-05 0.00572547 0.0169321
0.439525 0.497203 9.9991E-05 0.0631728
0.534676 0.453344 0.01188 9.9991E-05
9.9991E-05 0.105615 0.0053563 0.888928
0.763178 0.236622 9.9982E-05 9.9982E-05
0.987064 0.00974999 0.00308568 9.9991E-05
0.9997 9.998E-05 9.998E-05 9.998E-05
0.292833 0.706968 9.9982E-05 9.9982E-05
0.044418 9.9991E-05 0.801539 0.153943
0.264105 0.735696 9.9982E-05 9.9982E-05
0.867068 0.085929 9.9991E-05 0.0469033
0.960959 9.9982E-05 9.9982E-05 0.038841
0.370618 0.629182 9.9982E-05 9.9982E-05
0.0312988 9.9991E-05 0.822372 0.14623
0.090637 0.0814072 0.0691361 0.75882
0.794115 0.205685 9.9982E-05 9.9982E-05
0.907238 0.0925625 9.9982E-05 9.9982E-05
0.428055 0.571745 9.9982E-05 9.9982E-05
0.973056 9.9982E-05 9.9982E-05 0.0267436
0.274847 0.568432 0.0928203 0.0639014
0.126273 0.049786 0.5649 0.259041
0.930784 0.0304545 9.9991E-05 0.0386618
0.708232 0.291568 9.9982E-05 9.9982E-05
9.998E-05 9.998E-05 9.998E-05 0.9997
0.93178 0.0680204 9.9982E-05 9.9982E-05
0.639354 0.360446 9.9982E-05 9.9982E-05
0.949079 0.050721 9.9982E-05 9.9982E-05
0.426402 0.570467 0.00303085 9.9991E-05
0.446334 0.538748 0.0148182 9.9991E-05
0.408824 0.537568 0.0258319 0.0277758
0.322421 0.523813 0.105125 0.0486413
0.783832 0.215968 9.9982E-05 9.9982E-05
0.971375 0.0149641 0.00231649 0.0113446
0.84048 0.157202 9.99977E-05 0.00221795
0.0383324 9.9991E-05 0.796021 0.165547
0.946794 9.9991E-05 0.000364849 0.0527416
0.0156698 9.9991E-05 0.806892 0.177338
0.816024 0.183776 9.9982E-05 9.9982E-05
0.0244692 9.99819E-05 9.99819E-05 0.975331
0.287342 0.712458 9.9982E-05 9.9982E-05
0.320179 0.651022 0.0242458 0.00455329
0.317428 0.632593 0.0196156 0.0303636
0.717531 0.282269 9.9982E-05 9.9982E-05
0.427342 0.491028 0.0505098 0.0311206
0.990656 9.9982E-05 9.9982E-05 0.00914391
0.615941 0.383859 9.9982E-05 9.9982E-05
0.596599 0.114254 0.146063 0.143084
0.825131 0.150717 0.0240527 9.9991E-05
0.925268 0.0573299 0.012359 0.00504346
0.00836051 9.9982E-05 9.9982E-05 0.99144
0.366627 0.35031 0.109988 0.173076
9.9982E-05 0.0100595 9.9982E-05 0.989741
0.822618 0.177182 9.9982E-05 9.9982E-05
0.45171 0.261153 0.115407 0.17173
0.500501 0.221176 0.117192 0.16113
0.864147 0.130839 0.00491468 9.9991E-05
0.9997 9.998E-05 9.998E-05 9.998E-05
9.9982E-05 9.9982E-05 0.81563 0.18417
0.276257 0.455384 0.0938467 0.174512
0.834615 0.165185 9.9982E-05 9.9982E-05
0.332079 0.00545091 0.126361 0.536109
0.976283 9.9991E-05 0.00836574 0.0152509
9.998E-05 9.998E-05 0.9997 9.998E-05
0.930081 0.0454519 0.0221123 0.00235462
0.239425 0.0202714 0.740204 9.9991E-05
0.338738 0.655864 0.00529797 9.9991E-05
0.986193 9.9991E-05 0.00382521 0.00988141
0.992035 9.9982E-05 0.00776534 9.9982E-05
0.311381 0.496799 0.103067 0.088753
0.950953 9.9991E-05 0.0156694 0.0332773
9.9982E-05 0.019592 9.9982E-05 0.980208
0.999471 9.9982E-05 9.9982E-05 0.000329318
9.998E-05 9.998E-05 0.9997 9.998E-05
0.9997 9.998E-05 9.998E-05 9.998E-05
0.381882 0.592587 9.9991E-05 0.0254319
0.520675 0.455881 0.0233437 9.9991E-05
0.315122 0.507051 0.0842893 0.0935375
0.490332 0.349919 0.102237 0.0575121
0.395339 0.340638 0.141362 0.12266
0.9997 9.998E-05 9.998E-05 9.998E-05
0.52928 0.446642 9.9991E-05 0.0239783
0.972317 0.0274827 9.9982E-05 9.9982E-05
0.443037 0.421917 0.0412517 0.0937943
0.2815 0.648095 0.0265147 0.0438897
0.936522 0.0362052 0.0105984 0.0166744
0.676287 0.323513 9.9982E-05 9.9982E-05
0.866218 0.130402 0.00328069 9.9991E-05
0.98958 0.00505409 0.00297243 0.00239341
0.626428 0.060944 0.136583 0.176045
0.535218 0.442417 0.0105277 0.0118369
0.571916 0.32662 0.0606076 0.0408561
9.9982E-05 0.0529549 0.946845 9.9982E-05
0.957095 9.9991E-05 0.0113715 0.0314336
0.9997 9.998E-05 9.998E-05 9.998E-05
0.944211 0.0515138 0.0041748 9.9991E-05
0.00165446 9.9982E-05 9.9982E-05 0.998146
0.840407 0.159393 9.9982E-05 9.9982E-05
0.370095 0.444076 0.0902467 0.0955829
0.568384 0.420935 9.9991E-05 0.010581
0.992173 9.9982E-05 0.00762739 9.9982E-05
0.900885 0.0656598 0.00621244 0.0272425
0.9997 9.998E-05 9.998E-05 9.998E-05
0.351038 0.448504 0.120647 0.0798102
0.0748727 0.0285873 0.872092 0.0244482
0.273342 0.517529 0.123111 0.0860187
0.705165 0.294635 9.9982E-05 9.9982E-05
9.998E-05 9.998E-05 0.9997 9.998E-05
0.747521 0.206469 0.00724673 0.0387634
0.486238 0.513562 9.9982E-05 9.9982E-05
0.940631 9.9991E-05 0.017663 0.0416056
0.99831 9.9982E-05 0.00149034 9.9982E-05
0.966954 9.9991E-05 0.0152505 0.0176952
0.65979 0.285279 0.017927 0.0370036
0.0393524 9.99819E-05 9.99819E-05 0.960448
0.9997 9.998E-05 9.998E-05 9.998E-05
0.291658 0.677931 9.9991E-05 0.0303114
0.631188 0.368612 9.9982E-05 9.9982E-05
0.0251424 9.9982E-05 9.9982E-05 0.974658
0.289514 0.603822 0.0442601 0.0624044
0.48813 0.209412 0.188309 0.114148
0.411838 0.523948 0.00385084 0.060363
0.0709678 9.9982E-05 9.9982E-05 0.928832
0.685079 0.314721 9.9982E-05 9.9982E-05
9.998E-05 9.998E-05 0.9997 9.998E-05
0.737915 0.261885 9.9982E-05 9.9982E-05
0.974145 0.0109431 0.0148118 9.9991E-05
9.9982E-05 0.00570416 0.994096 9.9982E-05
0.962186 0.0376145 9.9982E-05 9.9982E-05
0.058237 9.9991E-05 0.758659 0.183004
0.430879 0.568921 9.9982E-05 9.9982E-05
0.968755 9.9982E-05 9.9982E-05 0.031045
0.328824 0.4097 0.0865547 0.174921
0.807705 0.172194 0.0200008 9.9991E-05
0.00326473 9.9982E-05 0.996535 9.9982E-05
0.508043 0.483271 0.00209831 0.00658745
