9.99459E-05 9.99459E-05 9.99459E-05 0.113977 9.99459E-05 9.99459E-05 0.624591 0.245206 9.99459E-05 0.0156267
9.9928E-05 9.9928E-05 0.0572324 9.9928E-05 9.9928E-05 9.9928E-05 0.941968 9.9928E-05 9.9928E-05 9.9928E-05
0.0116902 9.9946E-05 0.0108323 9.9946E-05 9.9946E-05 9.9946E-05 0.922847 0.0540307 9.9946E-05 9.9946E-05
0.00115401 0.0090337 0.0137084 9.9973E-05 9.9973E-05 9.9973E-05 0.580281 0.327783 0.0653927 0.00234738
0.0403747 0.00293507 9.9973E-05 0.0503504 0.0607557 9.9973E-05 0.124144 0.389337 0.331803 9.9973E-05
9.9955E-05 9.9955E-05 0.568485 0.0583895 9.9955E-05 9.9955E-05 0.125582 0.0374434 0.2096 9.9955E-05
9.995E-05 9.995E-05 9.995E-05 0.328573 0.0681382 0.0821193 0.134781 9.995E-05 0.385889 9.995E-05
9.9955E-05 9.9955E-05 0.176207 9.9955E-05 0.161719 0.0224185 9.9955E-05 0.523212 0.115944 9.9955E-05
0.00395385 0.00617242 0.0203769 9.9973E-05 9.9973E-05 0.0282 0.901429 0.0244459 9.9973E-05 0.0151219
9.9928E-05 9.9928E-05 9.9928E-05 9.9928E-05 9.9928E-05 9.9928E-05 0.760243 0.238958 9.9928E-05 9.9928E-05
0.00562672 9.9973E-05 9.9973E-05 0.0922305 0.0285007 0.26753 0.165356 0.4283 9.9973E-05 0.0121558
9.9937E-05 9.9937E-05 9.9937E-05 0.780916 9.9937E-05 9.9937E-05 9.9937E-05 0.21715 9.9937E-05 0.00123428
9.9964E-05 9.9964E-05 0.0260189 0.219818 9.9964E-05 0.0864813 0.145057 0.494731 0.027494 9.9964E-05
9.99459E-05 9.99459E-05 0.842178 9.99459E-05 9.99459E-05 0.0779344 9.99459E-05 0.0204926 0.0587948 9.99459E-05
9.99279E-05 9.99279E-05 9.99279E-05 9.99279E-05 9.99279E-05 9.99279E-05 0.424527 0.574673 9.99279E-05 9.99279E-05
9.99639E-05 9.99639E-05 0.14359 0.261391 9.99639E-05 9.99639E-05 0.444241 0.028358 0.114909 0.00711029
9.9955E-05 9.9955E-05 9.9955E-05 0.0298567 0.434479 0.224342 0.120977 0.189846 9.9955E-05 9.9955E-05
9.99459E-05 0.00821919 0.471468 9.99459E-05 9.99459E-05 9.99459E-05 0.117658 9.99459E-05 9.99459E-05 0.402055
9.9937E-05 0.00542534 9.9937E-05 9.9937E-05 9.9937E-05 9.9937E-05 0.962662 9.9937E-05 0.0312129 9.9937E-05
0.0167856 0.0272284 9.9964E-05 9.9964E-05 9.9964E-05 0.341084 0.068255 0.139517 0.40673 9.9964E-05
0.00417626 9.9946E-05 9.9946E-05 0.0275477 9.9946E-05 9.9946E-05 0.920798 0.0468789 9.9946E-05 9.9946E-05
0.0183826 9.9964E-05 9.9964E-05 0.32041 0.018102 0.144561 0.156267 0.341877 9.9964E-05 9.9964E-05
0.01517 9.9955E-05 9.9955E-05 0.135629 0.166378 9.9955E-05 0.219267 0.463056 9.9955E-05 9.9955E-05
0.886606 9.99461E-05 0.0322627 9.99461E-05 9.99461E-05 0.0241565 9.99461E-05 0.056375 9.99461E-05 9.99461E-05
0.0263606 9.9955E-05 9.9955E-05 0.0919708 9.9955E-05 0.190779 0.246449 0.443941 9.9955E-05 9.9955E-05
9.9955E-05 9.9955E-05 0.109131 9.9955E-05 9.9955E-05 0.439669 0.123692 0.190523 0.136485 9.9955E-05
0.00120795 9.9946E-05 9.9946E-05 9.9946E-05 9.9946E-05 9.9946E-05 0.880233 0.103939 9.9946E-05 0.0140212
9.9937E-05 9.9937E-05 9.9937E-05 0.000847015 9.9937E-05 9.9937E-05 0.783731 0.214722 9.9937E-05 9.9937E-05
9.9937E-05 9.9937E-05 9.9937E-05 9.9937E-05 0.00755646 9.9937E-05 0.978196 0.0135475 9.9937E-05 9.9937E-05
9.9946E-05 9.9946E-05 0.662174 0.325225 9.9946E-05 9.9946E-05 0.00654035 0.00546104 9.9946E-05 9.9946E-05
9.9955E-05 9.9955E-05 0.01949 0.0103279 0.0266081 9.9955E-05 0.93856 9.9955E-05 0.0045138 9.9955E-05
0.000350727 9.9955E-05 9.9955E-05 0.00302321 0.00622576 9.9955E-05 0.977962 9.9955E-05 0.0119381 9.9955E-05
9.994E-05 9.994E-05 0.0681575 9.994E-05 9.994E-05 0.0999583 0.17208 9.994E-05 0.659205 9.994E-05
0.00146355 9.9937E-05 0.0117961 9.9937E-05 9.9937E-05 9.9937E-05 0.986041 9.9937E-05 9.9937E-05 9.9937E-05
9.9973E-05 0.00220569 0.0323126 0.0332744 0.506464 9.9973E-05 0.207231 0.121427 0.0967861 9.9973E-05
9.9928E-05 9.9928E-05 9.9928E-05 9.9928E-05 9.9928E-05 9.9928E-05 0.528734 0.470467 9.9928E-05 9.9928E-05
9.99549E-05 0.00879911 9.99549E-05 0.152422 0.79048 9.99549E-05 0.0114117 0.0363877 9.99549E-05 9.99549E-05
0.0183456 9.99459E-05 9.99459E-05 0.0247105 9.99459E-05 0.379322 9.99459E-05 9.99459E-05 0.577022 9.99459E-05
0.0457078 9.9964E-05 9.9964E-05 0.179459 0.0181967 9.9964E-05 0.0682972 0.604227 0.083713 9.9964E-05
0.0143683 0.0221154 0.0695434 0.0221313 0.0472548 9.9982E-05 0.14064 0.0141598 0.669587 9.9982E-05
0.00950529 0.00345809 9.9955E-05 9.9955E-05 9.9955E-05 0.000715385 0.981274 9.9955E-05 0.00454758 9.9955E-05
9.9937E-05 9.9937E-05 9.9937E-05 0.0267803 9.9937E-05 9.9937E-05 0.788677 0.183844 9.9937E-05 9.9937E-05
9.9937E-05 0.010615 9.9937E-05 9.9937E-05 9.9937E-05 9.9937E-05 0.731239 0.257446 9.9937E-05 9.9937E-05
9.9955E-05 9.9955E-05 9.9955E-05 0.0315249 9.9955E-05 9.9955E-05 0.693519 0.176396 0.0691064 0.0289535
9.9946E-05 9.9946E-05 9.9946E-05 0.00354176 9.9946E-05 9.9946E-05 0.00364429 9.9946E-05 0.00604123 0.986173
9.9955E-05 9.9955E-05 9.9955E-05 0.0325127 0.0502114 0.0208673 0.880596 9.9955E-05 0.0153126 9.9955E-05
9.9928E-05 9.9928E-05 9.9928E-05 9.9928E-05 9.9928E-05 9.9928E-05 0.855337 0.143864 9.9928E-05 9.9928E-05
9.99201E-05 9.99201E-05 9.99201E-05 9.99201E-05 9.99201E-05 9.99201E-05 9.99201E-05 9.99201E-05 9.99201E-05 0.999101
9.99279E-05 9.99279E-05 9.99279E-05 9.99279E-05 9.99279E-05 9.99279E-05 0.580577 0.418624 9.99279E-05 9.99279E-05
9.9964E-05 9.9964E-05 0.0167247 0.111914 0.0489141 0.11109 0.356792 0.354165 9.9964E-05 9.9964E-05
9.99279E-05 9.99279E-05 9.99279E-05 9.99279E-05 9.99279E-05 9.99279E-05 0.656621 0.34258 9.99279E-05 9.99279E-05
9.9937E-05 9.9937E-05 9.9937E-05 0.151896 9.9937E-05 9.9937E-05 0.49667 0.350734 9.9937E-05 9.9937E-05
0.00141746 9.99459E-05 0.566311 9.99459E-05 9.99459E-05 9.99459E-05 0.422339 9.99459E-05 9.99459E-05 0.00933311
0.0480082 9.99639E-05 0.0811367 0.226121 9.99639E-05 9.99639E-05 0.191412 0.354354 0.0985693 9.99639E-05
0.0260731 0.00780528 0.256691 9.99459E-05 9.99459E-05 9.99459E-05 0.708831 9.99459E-05 9.99459E-05 9.99459E-05
0.00316638 9.9946E-05 9.9946E-05 9.9946E-05 9.9946E-05 9.9946E-05 0.887673 0.104779 9.9946E-05 0.00378154
9.9946E-05 9.9946E-05 0.0101148 9.9946E-05 9.9946E-05 0.0177642 0.969763 9.9946E-05 9.9946E-05 0.00175866
0.00385753 9.9964E-05 0.00154174 0.0422802 9.9964E-05 9.9964E-05 0.723645 0.221972 9.9964E-05 0.00630414
9.9937E-05 9.9937E-05 9.9937E-05 0.00994516 9.9937E-05 9.9937E-05 0.732719 0.256637 9.9937E-05 9.9937E-05
9.9937E-05 9.9937E-05 9.9937E-05 9.9937E-05 9.9937E-05 9.9937E-05 0.953628 0.0427407 0.00293226 9.9937E-05
0.829708 0.0120328 0.0823924 9.99551E-05 0.0601111 0.0152558 9.99551E-05 9.99551E-05 9.99551E-05 9.99551E-05
0.0083572 0.00393683 9.9955E-05 0.0011134 9.9955E-05 0.0363354 0.949757 9.9955E-05 9.9955E-05 9.9955E-05
0.0300571 9.9964E-05 0.184871 0.138252 0.06559 9.9964E-05 0.15338 0.427451 9.9964E-05 9.9964E-05
9.9946E-05 9.9946E-05 9.9946E-05 0.0198841 9.9946E-05 0.0113652 0.95539 9.9946E-05 9.9946E-05 0.012761
9.9946E-05 0.00408589 0.0144564 9.9946E-05 9.9946E-05 9.9946E-05 0.977007 9.9946E-05 0.00385104 9.9946E-05
9.9964E-05 9.9964E-05 9.9964E-05 0.00250706 0.0221027 0.00267456 0.63026 0.337167 9.9964E-05 0.00488882
9.9946E-05 9.9946E-05 9.9946E-05 0.059452 9.9946E-05 0.0104203 0.615307 0.314221 9.9946E-05 9.9946E-05
9.99279E-05 9.99279E-05 9.99279E-05 0.993059 9.99279E-05 9.99279E-05 0.0061417 9.99279E-05 9.99279E-05 9.99279E-05
9.99201E-05 9.99201E-05 9.99201E-05 9.99201E-05 9.99201E-05 9.99201E-05 9.99201E-05 9.99201E-05 9.99201E-05 0.999101
0.00487721 9.9964E-05 0.0300517 9.9964E-05 9.9964E-05 0.0146994 0.102046 0.586998 0.260928 9.9964E-05
0.0129828 0.016907 0.182062 9.99459E-05 9.99459E-05 9.99459E-05 0.787448 9.99459E-05 9.99459E-05 9.99459E-05
0.00876352 0.00275003 9.9955E-05 9.9955E-05 9.9955E-05 9.9955E-05 0.775729 0.206634 9.9955E-05 0.00562348
0.0242375 9.9937E-05 0.0280289 9.9937E-05 9.9937E-05 9.9937E-05 0.947034 9.9937E-05 9.9937E-05 9.9937E-05
9.9937E-05 0.00235455 9.9937E-05 9.9937E-05 0.0123606 9.9937E-05 0.984585 9.9937E-05 9.9937E-05 9.9937E-05
9.9973E-05 0.000562747 0.0109187 0.00457452 0.0073308 9.9973E-05 0.928494 9.9973E-05 0.025763 0.022056
9.9946E-05 0.00384769 9.9946E-05 9.9946E-05 9.9946E-05 0.0129892 0.960483 0.0220809 9.9946E-05 9.9946E-05
9.9955E-05 9.9955E-05 0.172035 0.290608 9.9955E-05 0.38309 0.0906393 0.0631278 9.9955E-05 9.9955E-05
9.9937E-05 9.9937E-05 9.9937E-05 9.9937E-05 9.9937E-05 0.0546439 0.929252 0.0154047 9.9937E-05 9.9937E-05
0.679055 9.99461E-05 0.207184 9.99461E-05 0.109904 9.99461E-05 9.99461E-05 9.99461E-05 9.99461E-05 0.00325699
0.0178757 9.9964E-05 9.9964E-05 0.0536095 9.9964E-05 0.00379881 0.52259 0.399991 9.9964E-05 0.00173517
9.9946E-05 0.00200511 9.9946E-05 9.9946E-05 9.9946E-05 9.9946E-05 0.913737 0.0729147 9.9946E-05 0.0107433
0.0307382 0.0465324 0.508994 9.9955E-05 9.9955E-05 0.0358588 9.9955E-05 9.9955E-05 9.9955E-05 0.377377
9.9937E-05 9.9937E-05 0.626194 9.9937E-05 9.9937E-05 9.9937E-05 0.356287 9.9937E-05 9.9937E-05 0.0168193
9.99459E-05 9.99459E-05 0.134065 9.99459E-05 9.99459E-05 9.99459E-05 0.229134 0.42359 0.212611 9.99459E-05
9.9946E-05 0.00727955 0.0395739 9.9946E-05 9.9946E-05 9.9946E-05 0.767728 0.184819 9.9946E-05 9.9946E-05
0.008732 9.9946E-05 0.0357364 0.0239999 9.9946E-05 9.9946E-05 0.930932 9.9946E-05 9.9946E-05 9.9946E-05
9.9928E-05 0.999048 9.9928E-05 9.9928E-05 9.9928E-05 9.9928E-05 9.9928E-05 9.9928E-05 9.9928E-05 0.000153034
9.99549E-05 9.99549E-05 9.99549E-05 0.0795326 9.99549E-05 0.0027631 0.474678 0.434641 9.99549E-05 0.00788558
9.99369E-05 9.99369E-05 9.99369E-05 0.0974528 9.99369E-05 9.99369E-05 0.552397 0.349451 9.99369E-05 9.99369E-05
9.99459E-05 9.99459E-05 9.99459E-05 0.585868 9.99459E-05 0.135347 0.131367 0.146817 9.99459E-05 9.99459E-05
9.9955E-05 9.9955E-05 9.9955E-05 0.0884585 0.209937 0.113385 0.0690265 0.518693 9.9955E-05 9.9955E-05
9.9946E-05 9.9946E-05 9.9946E-05 0.0687081 9.9946E-05 0.751027 0.053984 0.125681 9.9946E-05 9.9946E-05
9.9937E-05 9.9937E-05 0.0154498 9.9937E-05 0.00482023 9.9937E-05 0.97903 9.9937E-05 9.9937E-05 9.9937E-05
9.9928E-05 9.9928E-05 9.9928E-05 9.9928E-05 9.9928E-05 9.9928E-05 0.497234 0.501966 9.9928E-05 9.9928E-05
9.9928E-05 9.9928E-05 9.9928E-05 9.9928E-05 9.9928E-05 9.9928E-05 0.863405 0.135796 9.9928E-05 9.9928E-05
9.9946E-05 9.9946E-05 0.0194587 0.123804 9.9946E-05 9.9946E-05 0.293508 0.56263 9.9946E-05 9.9946E-05
9.9955E-05 9.9955E-05 0.385611 9.9955E-05 0.116876 9.9955E-05 0.136477 9.9955E-05 0.358826 0.00171014
0.00807694 9.9946E-05 0.0188679 9.9946E-05 9.9946E-05 9.9946E-05 0.955997 9.9946E-05 0.0164587 9.9946E-05
0.0580728 9.9955E-05 9.9955E-05 0.420313 0.167783 9.9955E-05 0.185854 0.167477 9.9955E-05 9.9955E-05
9.9964E-05 0.00142979 9.9964E-05 9.9964E-05 0.0510598 9.9964E-05 0.18627 0.569802 0.179603 0.0114355
0.850235 9.99461E-05 9.99461E-05 0.0238403 9.99461E-05 9.99461E-05 9.99461E-05 9.99461E-05 0.109666 0.0156586
9.9946E-05 9.9946E-05 9.9946E-05 0.0458786 0.0165581 0.00977424 0.927189 9.9946E-05 9.9946E-05 9.9946E-05
9.99201E-05 9.99201E-05 9.99201E-05 9.99201E-05 9.99201E-05 9.99201E-05 0.999101 9.99201E-05 9.99201E-05 9.99201E-05
9.9946E-05 9.9946E-05 9.9946E-05 9.9946E-05 0.163455 0.240956 9.9946E-05 0.479901 0.115088 9.9946E-05
9.99201E-05 9.99201E-05 9.99201E-05 9.99201E-05 9.99201E-05 9.99201E-05 9.99201E-05 9.99201E-05 9.99201E-05 0.999101
9.99201E-05 9.99201E-05 9.99201E-05 9.99201E-05 9.99201E-05 0.999101 9.99201E-05 9.99201E-05 9.99201E-05 9.99201E-05
0.0224379 9.9946E-05 9.9946E-05 0.100067 9.9946E-05 9.9946E-05 0.759018 0.117878 9.9946E-05 9.9946E-05
0.021679 0.00764795 0.0265103 9.9955E-05 9.9955E-05 9.9955E-05 0.940463 9.9955E-05 0.00319953 9.9955E-05
9.9946E-05 9.9946E-05 9.9946E-05 0.466687 9.9946E-05 0.194106 0.0339892 0.304618 9.9946E-05 9.9946E-05
9.99201E-05 9.99201E-05 9.99201E-05 9.99201E-05 9.99201E-05 9.99201E-05 9.99201E-05 9.99201E-05 9.99201E-05 0.999101
0.630771 9.9946E-05 0.2805 9.9946E-05 9.9946E-05 9.9946E-05 9.9946E-05 9.9946E-05 0.061259 0.0268702
9.9946E-05 9.9946E-05 9.9946E-05 0.213195 9.9946E-05 0.00241104 0.644366 0.139429 9.9946E-05 9.9946E-05
9.9928E-05 9.9928E-05 9.9928E-05 9.9928E-05 9.9928E-05 9.9928E-05 0.730098 0.269102 9.9928E-05 9.9928E-05
9.9955E-05 9.9955E-05 9.9955E-05 0.174331 0.0613144 0.16512 0.102683 0.496051 9.9955E-05 9.9955E-05
0.0273122 9.9955E-05 0.00895171 9.9955E-05 9.9955E-05 0.0038963 0.942505 9.9955E-05 0.0168348 9.9955E-05
9.9964E-05 9.9964E-05 0.175984 0.0554741 9.9964E-05 0.429227 0.0128199 9.9964E-05 0.287638 0.0384568
0.116687 0.0798869 0.281078 9.9964E-05 9.9964E-05 0.0250654 9.9964E-05 0.00793726 9.9964E-05 0.488945
0.0406206 0.000349467 9.9955E-05 9.9955E-05 0.0200871 9.9955E-05 0.851172 0.0872706 9.9955E-05 9.9955E-05
9.994E-05 9.994E-05 9.994E-05 0.0639101 9.994E-05 0.0842891 0.487896 0.363305 9.994E-05 9.994E-05
0.984763 9.9928E-05 9.9928E-05 0.0144375 9.9928E-05 9.9928E-05 9.9928E-05 9.9928E-05 9.9928E-05 9.9928E-05
9.9955E-05 9.9955E-05 9.9955E-05 9.9955E-05 0.0172989 0.0462994 0.830261 0.102363 9.9955E-05 0.00327805
9.9937E-05 9.9937E-05 9.9937E-05 0.198372 9.9937E-05 9.9937E-05 0.377424 0.423505 9.9937E-05 9.9937E-05
9.9928E-05 9.9928E-05 9.9928E-05 9.9928E-05 9.9928E-05 9.9928E-05 0.804388 0.194812 9.9928E-05 9.9928E-05
9.9946E-05 0.00111945 9.9946E-05 9.9946E-05 0.0592743 0.760471 0.178536 9.9946E-05 9.9946E-05 9.9946E-05
9.9973E-05 9.9973E-05 0.0139881 0.308563 9.9973E-05 0.218635 0.141646 0.211394 0.0962637 0.00921116
9.9955E-05 9.9955E-05 0.112269 9.9955E-05 0.116479 9.9955E-05 0.0252231 0.523391 0.222138 9.9955E-05
9.99369E-05 9.99369E-05 0.46907 9.99369E-05 0.224273 0.305958 9.99369E-05 9.99369E-05 9.99369E-05 9.99369E-05
0.0147505 9.9937E-05 9.9937E-05 9.9937E-05 9.9937E-05 9.9937E-05 0.552898 0.431652 9.9937E-05 9.9937E-05
0.00580449 9.9946E-05 9.9946E-05 9.9946E-05 9.9946E-05 9.9946E-05 0.833588 0.148482 9.9946E-05 0.0115266
0.0138265 9.9955E-05 9.9955E-05 9.9955E-05 9.9955E-05 0.00512862 0.627922 0.330595 9.9955E-05 0.0220282
9.9946E-05 0.0485121 0.0695285 9.9946E-05 9.9946E-05 0.0341308 9.9946E-05 9.9946E-05 9.9946E-05 0.847229
0.0251655 9.9964E-05 0.0394548 0.00645637 0.0472061 9.9964E-05 0.875234 0.006083 9.9964E-05 9.9964E-05
9.9955E-05 0.0170366 9.9955E-05 0.0151862 9.9955E-05 9.9955E-05 9.9955E-05 0.00404599 0.0143687 0.948863
0.0138038 9.9946E-05 9.9946E-05 9.9946E-05 9.9946E-05 0.00747585 0.634029 0.344092 9.9946E-05 9.9946E-05
0.945515 9.99279E-05 9.99279E-05 9.99279E-05 9.99279E-05 9.99279E-05 0.0536859 9.99279E-05 9.99279E-05 9.99279E-05
9.99459E-05 9.99459E-05 9.99459E-05 0.0931486 0.0649963 0.515967 9.99459E-05 0.325289 9.99459E-05 9.99459E-05
9.9955E-05 0.00105551 0.159054 0.242674 9.9955E-05 0.594974 0.00174275 9.9955E-05 9.9955E-05 9.9955E-05
0.0225554 0.0335721 0.0412061 0.167703 9.9973E-05 0.53152 0.0549329 0.14821 9.9973E-05 9.9973E-05
0.00930461 9.9946E-05 9.9946E-05 9.9946E-05 9.9946E-05 0.0183285 0.487925 0.483842 9.9946E-05 9.9946E-05
9.9964E-05 9.9964E-05 9.9964E-05 0.10937 0.260426 9.9964E-05 0.187855 0.247588 0.165814 0.028547
0.00122721 9.9946E-05 0.0118247 9.9946E-05 9.9946E-05 9.9946E-05 0.954536 0.031812 9.9946E-05 9.9946E-05
0.00949656 9.9973E-05 0.0178386 0.0503346 0.0236892 0.0779252 0.356652 0.463764 9.9973E-05 9.9973E-05
9.99459E-05 9.99459E-05 0.765658 0.00177042 0.0133137 9.99459E-05 0.218658 9.99459E-05 9.99459E-05 9.99459E-05
9.9973E-05 0.000872708 0.00842882 9.9973E-05 0.0164465 9.9973E-05 0.672045 0.170638 0.117929 0.0133397
0.000644297 0.00415222 0.0242209 9.9973E-05 0.00561144 9.9973E-05 0.804573 0.155643 9.9973E-05 0.00485559
0.961659 9.99369E-05 0.00729501 9.99369E-05 9.99369E-05 9.99369E-05 0.0303465 9.99369E-05 9.99369E-05 9.99369E-05
0.0507376 9.9955E-05 0.0530178 0.011031 9.9955E-05 9.9955E-05 0.164029 9.9955E-05 0.720685 9.9955E-05
0.982627 9.99371E-05 9.99371E-05 9.99371E-05 9.99371E-05 0.00314648 9.99371E-05 0.0135274 9.99371E-05 9.99371E-05
9.9937E-05 9.9937E-05 9.9937E-05 0.0545001 9.9937E-05 9.9937E-05 0.650401 0.294399 9.9937E-05 9.9937E-05
0.0157107 9.9955E-05 0.743702 0.0437708 9.9955E-05 9.9955E-05 0.0620737 0.134243 9.9955E-05 9.9955E-05
0.033722 9.9955E-05 0.388275 9.9955E-05 0.00791602 9.9955E-05 0.221613 9.9955E-05 0.347974 9.9955E-05
9.99459E-05 9.99459E-05 9.99459E-05 9.99459E-05 9.99459E-05 0.0621009 0.67766 0.237964 9.99459E-05 0.0216756
9.9928E-05 9.9928E-05 9.9928E-05 0.00968262 9.9928E-05 9.9928E-05 0.989518 9.9928E-05 9.9928E-05 9.9928E-05
0.00376987 9.9928E-05 9.9928E-05 9.9928E-05 9.9928E-05 9.9928E-05 9.9928E-05 9.9928E-05 9.9928E-05 0.995431
0.011865 9.99459E-05 0.448168 9.99459E-05 0.511865 9.99459E-05 9.99459E-05 9.99459E-05 0.0275026 9.99459E-05
9.99459E-05 9.99459E-05 9.99459E-05 9.99459E-05 9.99459E-05 9.99459E-05 0.643283 0.352057 0.00335641 0.000704692
0.387057 0.00556281 0.528346 9.99549E-05 9.99549E-05 9.99549E-05 0.0550862 9.99549E-05 9.99549E-05 0.0234485
9.9946E-05 9.9946E-05 0.0156206 9.9946E-05 9.9946E-05 9.9946E-05 0.956331 9.9946E-05 0.019036 0.0084126
9.99201E-05 0.999101 9.99201E-05 9.99201E-05 9.99201E-05 9.99201E-05 9.99201E-05 9.99201E-05 9.99201E-05 9.99201E-05
9.9946E-05 9.9946E-05 0.0660655 9.9946E-05 9.9946E-05 9.9946E-05 0.826341 0.0973894 9.9946E-05 0.00960398
9.9946E-05 0.586509 0.344242 9.9946E-05 9.9946E-05 9.9946E-05 0.0627748 9.9946E-05 9.9946E-05 0.00587504
0.0126235 9.9973E-05 0.00598641 9.9973E-05 0.0386672 0.633249 0.0690058 0.227267 9.9973E-05 0.0129018
9.9946E-05 0.00420336 0.0128906 9.9946E-05 0.0117423 9.9946E-05 0.970564 9.9946E-05 9.9946E-05 9.9946E-05
9.9928E-05 9.9928E-05 9.9928E-05 9.9928E-05 9.9928E-05 9.9928E-05 0.973082 9.9928E-05 0.0261188 9.9928E-05
0.00816202 0.00170498 9.99639E-05 9.99639E-05 0.521728 9.99639E-05 0.0874861 9.99639E-05 0.376544 0.00397528
0.000830583 9.9973E-05 0.0494648 0.00691541 0.00396168 9.9973E-05 0.921398 9.9973E-05 0.0129131 0.00421677
0.965371 9.99371E-05 9.99371E-05 9.99371E-05 0.0103274 0.0236017 9.99371E-05 9.99371E-05 9.99371E-05 9.99371E-05
0.0155441 9.9946E-05 9.9946E-05 9.9946E-05 9.9946E-05 9.9946E-05 0.978413 9.9946E-05 0.00436947 0.00107387
9.99201E-05 0.999101 9.99201E-05 9.99201E-05 9.99201E-05 9.99201E-05 9.99201E-05 9.99201E-05 9.99201E-05 9.99201E-05
9.9937E-05 9.9937E-05 0.00558809 0.00621694 9.9937E-05 9.9937E-05 0.987495 9.9937E-05 9.9937E-05 9.9937E-05
0.0124799 0.00276435 0.0803993 0.455728 0.032776 9.9973E-05 0.0180607 0.397492 9.9973E-05 9.9973E-05
9.9973E-05 0.016281 9.9973E-05 0.204165 9.9973E-05 0.0913626 0.296539 0.286887 0.10417 0.000295477
9.9946E-05 9.9946E-05 0.242993 9.9946E-05 0.516667 9.9946E-05 0.0749093 9.9946E-05 0.164831 9.9946E-05
9.99549E-05 0.0141557 9.99549E-05 9.99549E-05 9.99549E-05 9.99549E-05 0.239616 0.216081 0.517052 0.0125955
9.99549E-05 9.99549E-05 0.0810991 0.0452511 9.99549E-05 9.99549E-05 0.183759 9.99549E-05 0.650055 0.039336
9.9928E-05 9.9928E-05 9.9928E-05 9.9928E-05 9.9928E-05 0.00912072 0.99008 9.9928E-05 9.9928E-05 9.9928E-05
0.0336289 9.99459E-05 9.99459E-05 0.344495 9.99459E-05 9.99459E-05 0.251798 0.369478 9.99459E-05 9.99459E-05
9.9955E-05 0.000384007 0.000245298 9.9955E-05 0.000544237 9.9955E-05 0.890762 0.107565 9.9955E-05 9.9955E-05
0.0426682 9.9973E-05 0.0533024 0.188008 9.9973E-05 9.9973E-05 0.176372 0.279059 0.24021 0.02008
9.99279E-05 9.99279E-05 9.99279E-05 9.99279E-05 0.954191 9.99279E-05 0.0450092 9.99279E-05 9.99279E-05 9.99279E-05
0.00427513 0.00888978 0.0564286 0.0113464 9.9964E-05 9.9964E-05 0.854669 0.0639915 9.9964E-05 9.9964E-05
9.9946E-05 9.9946E-05 9.9946E-05 9.9946E-05 9.9946E-05 0.000174393 0.377455 0.607568 9.9946E-05 0.014203
0.0140236 9.9946E-05 9.9946E-05 9.9946E-05 9.9946E-05 9.9946E-05 0.673802 0.307905 9.9946E-05 0.00366986
9.9946E-05 9.9946E-05 0.0321434 9.9946E-05 9.9946E-05 0.0138803 0.917912 9.9946E-05 0.0354649 9.9946E-05
0.0414871 0.0124091 0.583365 9.9955E-05 9.9955E-05 9.9955E-05 0.317438 9.9955E-05 0.044802 9.9955E-05
9.9955E-05 9.9955E-05 9.9955E-05 0.230284 9.9955E-05 9.9955E-05 0.259712 0.317451 0.183844 0.00820974
0.00105899 0.0185785 0.160266 0.267752 9.9973E-05 9.9973E-05 0.327807 0.161426 0.062812 9.9973E-05
0.0401944 0.890379 0.0214176 9.9973E-05 0.0233069 9.9973E-05 9.9973E-05 0.00686447 0.0115138 0.00602353
0.0126598 9.9946E-05 0.0236369 9.9946E-05 9.9946E-05 9.9946E-05 0.915623 9.9946E-05 0.0474809 9.9946E-05
9.99281E-05 9.99281E-05 0.0186926 9.99281E-05 9.99281E-05 9.99281E-05 0.980508 9.99281E-05 9.99281E-05 9.99281E-05
9.9955E-05 0.0105332 9.9955E-05 0.0231796 9.9955E-05 9.9955E-05 0.840695 0.116917 0.0081756 9.9955E-05
0.958583 9.99279E-05 9.99279E-05 9.99279E-05 9.99279E-05 9.99279E-05 0.0406171 9.99279E-05 9.99279E-05 9.99279E-05
9.9964E-05 0.00594758 0.000362529 0.139266 9.9964E-05 9.9964E-05 0.692455 0.160447 0.00112189 9.9964E-05
9.9937E-05 9.9937E-05 9.9937E-05 0.0431858 9.9937E-05 9.9937E-05 0.139887 9.9937E-05 0.816228 9.9937E-05
0.0205353 9.9973E-05 9.9973E-05 9.9973E-05 0.102471 0.195497 0.343938 0.324526 0.0125142 0.000218994
9.9928E-05 9.9928E-05 0.0215207 9.9928E-05 9.9928E-05 9.9928E-05 0.97768 9.9928E-05 9.9928E-05 9.9928E-05
0.00807687 9.9964E-05 0.0444717 0.0350991 9.9964E-05 9.9964E-05 0.823169 0.0456156 0.0431677 9.9964E-05
9.9937E-05 9.9937E-05 0.00167893 0.00233992 9.9937E-05 9.9937E-05 0.995282 9.9937E-05 9.9937E-05 9.9937E-05
9.99459E-05 9.99459E-05 9.99459E-05 0.203165 9.99459E-05 9.99459E-05 0.0943986 9.99459E-05 0.681525 0.0203117
0.0383339 0.766855 0.135457 9.9955E-05 9.9955E-05 9.9955E-05 9.9955E-05 9.9955E-05 0.0348566 0.0239979
9.99459E-05 9.99459E-05 0.0587167 9.99459E-05 0.105874 0.0752207 9.99459E-05 9.99459E-05 0.759589 9.99459E-05
0.00901176 9.9973E-05 9.9973E-05 0.0153629 0.00470919 0.130278 0.486863 0.339785 9.9973E-05 0.0136909
9.9937E-05 0.952843 0.0455933 9.9937E-05 9.9937E-05 9.9937E-05 9.9937E-05 9.9937E-05 9.9937E-05 0.000863858
0.0371781 0.00812174 0.0351878 0.121894 0.00403001 9.9982E-05 0.568281 0.200263 0.0248442 9.9982E-05
9.99459E-05 9.99459E-05 9.99459E-05 0.246055 9.99459E-05 0.338868 0.231842 0.182635 9.99459E-05 9.99459E-05
0.0230936 9.9964E-05 0.056546 9.9964E-05 9.9964E-05 0.0181622 0.882717 9.9964E-05 0.0114936 0.00758728
9.9937E-05 9.9937E-05 9.9937E-05 0.00767309 9.9937E-05 9.9937E-05 0.985953 9.9937E-05 9.9937E-05 0.005674
9.9955E-05 0.000590821 9.9955E-05 0.0136539 9.9955E-05 9.9955E-05 0.930945 9.9955E-05 0.0460502 0.00826066
9.9955E-05 9.9955E-05 0.0469565 0.186493 9.9955E-05 9.9955E-05 0.461688 0.100607 0.203756 9.9955E-05
0.946272 9.99278E-05 9.99278E-05 9.99278E-05 9.99278E-05 9.99278E-05 0.0529289 9.99278E-05 9.99278E-05 9.99278E-05
0.00312666 9.9946E-05 9.9946E-05 9.9946E-05 9.9946E-05 9.9946E-05 0.967187 0.0273538 9.9946E-05 0.00173268
9.99459E-05 9.99459E-05 9.99459E-05 0.419685 0.526532 0.0168708 0.0363127 9.99459E-05 9.99459E-05 9.99459E-05
9.9946E-05 9.9946E-05 9.9946E-05 9.9946E-05 9.9946E-05 0.105824 0.360546 0.509044 0.0239861 9.9946E-05
0.964861 0.00295424 9.99459E-05 9.99459E-05 9.99459E-05 9.99459E-05 0.017886 0.0136991 9.99459E-05 9.99459E-05
9.9964E-05 9.9964E-05 9.9964E-05 0.440735 0.0998261 0.0224764 0.0704558 9.9964E-05 0.358186 0.00792074
9.9946E-05 0.00340234 0.920479 0.00495105 9.9946E-05 9.9946E-05 9.9946E-05 0.0705684 9.9946E-05 9.9946E-05
0.0180867 9.9973E-05 0.156927 0.283063 0.0111998 9.9973E-05 0.0676043 0.357879 0.10494 9.9973E-05
0.889745 9.9946E-05 9.9946E-05 9.9946E-05 9.9946E-05 9.9946E-05 0.0955743 0.0119712 9.9946E-05 0.00210936
9.9946E-05 9.9946E-05 9.9946E-05 9.9946E-05 0.0210974 0.0992295 0.433755 0.445319 9.9946E-05 9.9946E-05
9.99201E-05 0.999101 9.99201E-05 9.99201E-05 9.99201E-05 9.99201E-05 9.99201E-05 9.99201E-05 9.99201E-05 9.99201E-05
9.99549E-05 0.0136309 0.00649229 9.99549E-05 9.99549E-05 9.99549E-05 0.482394 0.494284 0.00269905 9.99549E-05
9.9937E-05 9.9937E-05 9.9937E-05 9.9937E-05 9.9937E-05 9.9937E-05 0.886904 0.101934 9.9937E-05 0.0104617
9.99201E-05 0.999101 9.99201E-05 9.99201E-05 9.99201E-05 9.99201E-05 9.99201E-05 9.99201E-05 9.99201E-05 9.99201E-05
9.9928E-05 9.9928E-05 9.9928E-05 9.9928E-05 9.9928E-05 9.9928E-05 0.823681 0.175519 9.9928E-05 9.9928E-05
0.00817778 0.00937606 9.9964E-05 9.9964E-05 9.9964E-05 0.0221373 0.0202604 9.9964E-05 0.0449989 0.89465
9.9946E-05 9.9946E-05 0.0587002 0.52146 9.9946E-05 9.9946E-05 0.0774436 0.341796 9.9946E-05 9.9946E-05
0.0120027 9.9955E-05 0.0380196 9.9955E-05 0.0211491 9.9955E-05 0.878302 0.0500269 9.9955E-05 9.9955E-05
0.0508982 0.00562061 0.324772 0.174269 0.19595 9.9973E-05 0.0720103 9.9973E-05 0.17618 9.9973E-05
9.9964E-05 0.0123006 0.00912246 9.9964E-05 0.0736178 0.0281966 0.675593 0.20077 9.9964E-05 9.9964E-05
9.9937E-05 0.919329 0.0462622 9.9937E-05 9.9937E-05 9.9937E-05 9.9937E-05 9.9937E-05 9.9937E-05 0.0337094
9.9955E-05 0.00247644 9.9955E-05 9.9955E-05 0.183481 9.9955E-05 0.219129 0.459457 0.134958 9.9955E-05
