0.198601 0.801199 9.9982E-05 9.9982E-05
9.9982E-05 0.991691 9.9982E-05 0.00810862
9.9982E-05 0.984391 0.0154085 9.9982E-05
0.200908 0.785936 9.9991E-05 0.013056
0.497162 0.400908 0.070886 0.0310448
0.301542 0.448414 0.117261 0.132784
0.570696 0.359912 0.059648 0.00974411
0.638403 0.314379 0.0113435 0.0358747
9.999E-05 0.968076 0.0105402 0.0212834
0.104463 0.895337 9.9982E-05 9.9982E-05
0.57905 0.42075 9.9982E-05 9.9982E-05
0.669357 0.330443 9.9982E-05 9.9982E-05
0.54356 0.45624 9.9982E-05 9.9982E-05
0.281653 0.441922 0.124856 0.15157
0.262737 0.737063 9.9982E-05 9.9982E-05
0.252643 0.65358 0.0424676 0.0513089
0.645128 0.354672 9.9982E-05 9.9982E-05
9.9991E-05 0.373808 0.165483 0.460609
9.9982E-05 0.978758 9.9982E-05 0.0210422
0.555633 0.316765 0.0525364 0.0750657
0.0145668 0.97741 0.00713353 0.000889233
0.566616 0.433184 9.9982E-05 9.9982E-05
0.483145 0.516655 9.9982E-05 9.9982E-05
0.0751942 9.9982E-05 0.924606 9.9982E-05
0.484237 0.515563 9.9982E-05 9.9982E-05
0.569675 0.408049 0.00252125 0.019755
0.0104944 0.989306 9.9982E-05 9.9982E-05
0.0912069 0.908593 9.9982E-05 9.9982E-05
9.998E-05 0.9997 9.998E-05 9.998E-05
0.350144 0.429736 0.125657 0.0944632
9.9982E-05 0.990555 9.9982E-05 0.00924535
9.998E-05 0.9997 9.998E-05 9.998E-05
0.365763 0.426477 0.0975123 0.110248
9.9982E-05 0.99654 0.00326048 9.9982E-05
0.516371 0.418346 9.9991E-05 0.065183
0.200969 0.798831 9.9982E-05 9.9982E-05
0.687891 0.238542 0.0383272 0.0352406
0.616409 0.223058 0.0746031 0.0859302
0.56448 0.409622 0.0257989 9.9991E-05
0.388137 0.372021 0.123385 0.116458
9.9991E-05 0.973143 0.0174442 0.00931328
0.0861964 0.913604 9.9982E-05 9.9982E-05
0.106666 0.893134 9.9982E-05 9.9982E-05
0.127346 0.846007 0.000879928 0.0257669
9.9991E-05 0.0387154 0.127462 0.833723
0.0667775 0.928947 0.00101773 0.00325765
0.0193067 0.980493 9.9982E-05 9.9982E-05
9.9991E-05 0.0221922 0.139529 0.838179
0.191974 0.807826 9.9982E-05 9.9982E-05
0.407728 0.592072 9.9982E-05 9.9982E-05
0.147415 0.852385 9.9982E-05 9.9982E-05
0.28662 0.71318 9.9982E-05 9.9982E-05
0.0180605 0.736572 0.123508 0.12186
0.435886 0.500685 0.0633291 9.9991E-05
9.9991E-05 0.861909 0.0839815 0.0540097
9.998E-05 0.9997 9.998E-05 9.998E-05
9.9982E-05 0.986621 9.9982E-05 0.0131788
0.141751 0.854971 0.00317862 9.9991E-05
0.114404 0.885396 9.9982E-05 9.9982E-05
9.998E-05 0.9997 9.998E-05 9.998E-05
0.0866093 0.000769867 0.895039 0.0175821
9.9991E-05 0.989768 0.00474605 0.00538634
0.438692 0.491368 0.0404269 0.0295134
9.9982E-05 0.997407 9.9982E-05 0.00239271
9.9982E-05 0.998867 9.9982E-05 0.000933525
0.204978 0.794822 9.9982E-05 9.9982E-05
0.195685 0.804115 9.9982E-05 9.9982E-05
0.644088 0.342971 0.0128408 9.9991E-05
9.9991E-05 0.02179 0.139748 0.838362
0.523634 0.446288 0.0236883 0.00638934
9.9991E-05 0.892855 0.0437302 0.0633147
0.0650094 0.920054 0.0148369 9.9991E-05
9.9982E-05 0.948701 0.0510992 9.9982E-05
9.9991E-05 0.997696 0.000277522 0.00192618
9.9982E-05 0.957872 9.9982E-05 0.0419284
9.9982E-05 0.995389 9.9982E-05 0.00441057
0.589108 0.386264 0.024528 9.9991E-05
0.0109259 0.988874 9.9982E-05 9.9982E-05
0.135674 0.0617577 0.767085 0.035483
0.266362 0.72791 0.00562876 9.9991E-05
0.00588252 0.986926 9.9991E-05 0.00709132
0.0769695 0.242052 0.1923 0.488678
0.0238117 0.690181 0.130729 0.155278
0.372448 0.582424 0.0058984 0.0392297
0.0894656 0.902689 9.9991E-05 0.00774506
9.9982E-05 0.980881 0.0189194 9.9982E-05
9.998E-05 9.998E-05 9.998E-05 0.9997
0.28054 0.71926 9.9982E-05 9.9982E-05
0.244716 0.755084 9.9982E-05 9.9982E-05
0.575206 0.424594 9.9982E-05 9.9982E-05
0.612291 0.387509 9.9982E-05 9.9982E-05
0.662557 0.337243 9.9982E-05 9.9982E-05
9.9982E-05 0.987804 0.0119957 9.9982E-05
0.258557 0.741243 9.9982E-05 9.9982E-05
0.022337 0.977463 9.9982E-05 9.9982E-05
0.390381 0.609419 9.9982E-05 9.9982E-05
0.341278 0.409172 0.106549 0.143001
9.9991E-05 0.987775 0.0107637 0.00136124
0.489552 0.432604 0.0777447 9.9991E-05
0.473508 0.50988 9.9991E-05 0.016512
0.11202 9.9982E-05 0.88778 9.9982E-05
9.998E-05 0.9997 9.998E-05 9.998E-05
9.998E-05 0.9997 9.998E-05 9.998E-05
0.704119 0.290816 9.9991E-05 0.00496576
9.9991E-05 0.0495981 0.125299 0.825003
0.731615 0.268185 9.9982E-05 9.9982E-05
0.0742339 0.880709 0.0449567 9.9991E-05
9.9991E-05 0.9617 0.029995 0.00820531
0.622879 0.376921 9.9982E-05 9.9982E-05
9.9991E-05 0.0292701 0.135954 0.834676
0.0820785 0.076481 0.771963 0.0694775
0.206634 0.793167 9.9982E-05 9.9982E-05
0.098541 0.901259 9.9982E-05 9.9982E-05
0.568084 0.431716 9.9982E-05 9.9982E-05
9.9982E-05 0.971002 0.0287978 9.9982E-05
0.565273 0.277273 0.0675767 0.0898776
0.0556201 0.129569 0.243736 0.571076
0.0300415 0.933309 0.0333751 0.0032744
0.296837 0.702963 9.9982E-05 9.9982E-05
9.998E-05 9.998E-05 0.9997 9.998E-05
0.0531182 0.946682 9.9982E-05 9.9982E-05
0.354107 0.645693 9.9982E-05 9.9982E-05
0.0520431 0.947757 9.9982E-05 9.9982E-05
0.551648 0.439166 9.9991E-05 0.00908572
0.546731 0.441321 9.9991E-05 0.0118477
0.55602 0.384131 0.0327275 0.027121
0.522249 0.336945 0.0414197 0.099386
0.220149 0.779651 9.9982E-05 9.9982E-05
0.0212065 0.967231 0.0114627 9.9991E-05
0.163858 0.82793 0.00544178 0.00276948
9.9991E-05 0.0743471 0.133333 0.79222
9.9982E-05 0.948676 0.0511239 9.9982E-05
9.9991E-05 0.029016 0.156452 0.814432
0.175234 0.824566 9.9982E-05 9.9982E-05
9.99819E-05 0.0386545 0.961146 9.99819E-05
0.721061 0.278739 9.9982E-05 9.9982E-05
0.659156 0.31212 0.00114507 0.027579
0.64145 0.319208 0.0162859 0.0230559
0.28509 0.71471 9.9982E-05 9.9982E-05
0.499557 0.427511 0.0384091 0.0345227
9.9991E-05 0.999136 0.0004698 0.000293852
0.387948 0.611852 9.9982E-05 9.9982E-05
0.127976 0.594381 0.128098 0.149545
0.135097 0.825588 0.00721465 0.0320999
0.0617361 0.914543 0.0163068 0.00741459
9.9982E-05 0.0167435 0.983057 9.9982E-05
0.365603 0.364184 0.158354 0.111859
0.00423201 9.9982E-05 0.995568 9.9982E-05
0.19295 0.80685 9.9982E-05 9.9982E-05
0.252073 0.48314 0.158339 0.106448
0.233311 0.479985 0.170256 0.116448
0.122773 0.873592 9.9991E-05 0.00353477
9.998E-05 0.9997 9.998E-05 9.998E-05
9.9991E-05 0.018862 0.17215 0.808888
0.458942 0.27819 0.176632 0.086236
0.151371 0.848429 9.9982E-05 9.9982E-05
0.0127551 0.337732 0.534823 0.11469
9.9991E-05 0.97939 0.00612342 0.0143863
9.998E-05 9.998E-05 9.998E-05 0.9997
0.062663 0.910556 0.00215906 0.0246216
0.0100105 0.261878 0.00488671 0.723225
0.646068 0.339927 0.0030928 0.0109124
9.9991E-05 0.990056 0.00774225 0.00210144
9.9982E-05 0.991967 9.9982E-05 0.00783298
0.518071 0.281169 0.104929 0.0958306
9.9991E-05 0.954015 0.0281054 0.0177799
0.0288176 9.9982E-05 0.970982 9.9982E-05
9.9982E-05 0.983816 0.0159844 9.9982E-05
9.998E-05 9.998E-05 9.998E-05 0.9997
9.998E-05 0.9997 9.998E-05 9.998E-05
0.594326 0.381979 0.0235958 9.9991E-05
0.455774 0.531977 9.9991E-05 0.0121485
0.498464 0.325838 0.0999523 0.0757454
0.351679 0.492047 0.0622206 0.0940538
0.337434 0.392761 0.125267 0.144537
9.998E-05 0.9997 9.998E-05 9.998E-05
0.462452 0.514629 0.0228193 9.9991E-05
0.0190501 0.98075 9.9982E-05 9.9982E-05
0.426014 0.431076 0.103067 0.039843
0.654812 0.29109 0.0229273 0.0311714
0.0154426 0.933878 0.0305635 0.0201155
0.319928 0.679872 9.9982E-05 9.9982E-05
0.12844 0.87136 9.9982E-05 9.9982E-05
0.0190952 0.972914 0.00789087 9.9991E-05
0.081809 0.623368 0.153399 0.141424
0.428187 0.539446 0.0138541 0.0185128
0.330214 0.574751 0.0449623 0.0500726
0.0551961 9.9982E-05 9.9982E-05 0.944604
9.9991E-05 0.963821 0.028897 0.00718177
9.998E-05 0.9997 9.998E-05 9.998E-05
0.0465296 0.946531 9.9991E-05 0.0068394
9.9982E-05 0.0148567 0.984943 9.9982E-05
0.148101 0.850731 0.00106784 9.9991E-05
0.417973 0.382067 0.107606 0.0923544
0.436523 0.557186 0.0061908 9.9991E-05
9.9991E-05 0.982837 0.00730597 0.00975739
0.0478989 0.924007 0.0233165 0.00477709
9.998E-05 0.9997 9.998E-05 9.998E-05
0.448684 0.349853 0.081867 0.119596
0.0446094 0.0775942 0.00120952 0.876587
0.506998 0.278704 0.0865649 0.127733
0.307718 0.687952 9.9991E-05 0.00422958
9.998E-05 9.998E-05 9.998E-05 0.9997
0.213918 0.738959 0.038964 0.00815922
0.51527 0.48453 9.9982E-05 9.9982E-05
9.9991E-05 0.935107 0.0429593 0.0218336
9.9982E-05 0.986608 9.9982E-05 0.0131918
9.9991E-05 0.966517 0.0116986 0.0216848
0.283632 0.658758 0.0254712 0.0321389
9.99819E-05 0.0250275 0.974773 9.99819E-05
9.9982E-05 0.997338 0.00246207 9.9982E-05
0.679584 0.303944 0.0163715 9.9991E-05
0.374827 0.624973 9.9982E-05 9.9982E-05
9.9982E-05 0.0310736 0.968726 9.9982E-05
0.621233 0.262114 0.0620685 0.0545851
0.213804 0.481838 0.116242 0.188116
0.519764 0.403318 0.0579321 0.0189855
9.9982E-05 0.0628226 0.936977 9.9982E-05
0.325581 0.674219 9.9982E-05 9.9982E-05
9.998E-05 9.998E-05 9.998E-05 0.9997
0.2663 0.7335 9.9982E-05 9.9982E-05
9.9982E-05 0.988106 9.9982E-05 0.0116937
0.00325609 9.9982E-05 9.9982E-05 0.996544
0.0413353 0.958465 9.9982E-05 9.9982E-05
0.00542155 0.0704169 0.183182 0.740979
0.553476 0.446324 9.9982E-05 9.9982E-05
0.00467882 0.967585 0.0276364 9.9991E-05
0.409437 0.337872 0.167439 0.0852519
0.164542 0.817532 9.9991E-05 0.0178262
9.9982E-05 0.0073498 9.9982E-05 0.99245
0.513512 0.478864 9.9991E-05 0.00752411
