0.85647 0.14343 9.9991E-05
0.99278 9.9991E-05 0.00711979
0.99101 9.9991E-05 0.00889015
0.840797 0.159103 9.9991E-05
0.491628 0.492571 0.0158008
0.493239 0.329498 0.177264
0.436458 0.563442 9.9991E-05
0.394076 0.582993 0.0229304
0.973308 9.9991E-05 0.0265923
0.949681 0.0502194 9.9991E-05
0.507424 0.492476 9.9991E-05
0.389294 0.610606 9.9991E-05
0.522384 0.477516 9.9991E-05
0.489203 0.322871 0.187925
0.777281 0.222619 9.9991E-05
0.685746 0.254923 0.0593308
0.425723 0.574177 9.9991E-05
0.389548 0.0305362 0.579915
0.975036 9.9991E-05 0.0248636
0.388979 0.539606 0.0714147
0.98928 0.010231 0.000488577
0.464953 0.534947 9.9991E-05
0.560609 0.439291 9.9991E-05
0.102706 0.548311 0.348983
0.474139 0.437782 0.088079
0.567324 0.432576 9.9991E-05
0.470731 0.529151 0.000118491
0.995378 9.9991E-05 0.00452153
0.942879 0.0570207 9.9991E-05
0.9998 9.999E-05 9.999E-05
0.481083 0.390564 0.128353
0.991134 9.9991E-05 0.00876613
0.996948 9.9991E-05 0.00295227
0.475049 0.380408 0.144543
0.9998 9.999E-05 9.999E-05
0.486022 0.496685 0.0172933
0.846436 0.153464 9.9991E-05
0.338811 0.655529 0.0056596
0.300694 0.614973 0.084333
0.472425 0.527475 9.9991E-05
0.428996 0.426647 0.144357
0.985255 9.9991E-05 0.014645
0.934999 0.0649009 9.9991E-05
0.915148 0.0822426 0.00260926
0.886325 0.089598 0.0240765
0.0214025 9.9991E-05 0.978498
0.949522 0.0503785 9.9991E-05
0.9998 9.999E-05 9.999E-05
0.0266173 9.9991E-05 0.973283
0.843237 0.156663 9.9991E-05
0.663621 0.336279 9.9991E-05
0.899262 0.100638 9.9991E-05
0.765112 0.234788 9.9991E-05
0.751249 0.0657323 0.183019
0.573321 0.426579 9.9991E-05
0.896746 9.9991E-05 0.103154
0.9998 9.999E-05 9.999E-05
0.988932 9.9991E-05 0.0109679
0.894119 0.105781 9.9991E-05
0.927475 0.072425 9.9991E-05
0.9998 9.999E-05 9.999E-05
0.114212 0.528521 0.357267
0.981176 9.9991E-05 0.0187236
0.562774 0.414405 0.0228213
0.996436 9.9991E-05 0.00346379
0.990634 9.9991E-05 0.00926637
0.854582 0.145318 9.9991E-05
0.842798 0.157102 9.9991E-05
0.410627 0.589273 9.9991E-05
0.0209994 9.9991E-05 0.978901
0.511042 0.488858 9.9991E-05
0.905471 9.9991E-05 0.0944286
0.948767 0.0511333 9.9991E-05
0.969088 9.9991E-05 0.0308119
0.990958 9.9991E-05 0.0089416
0.950428 9.9991E-05 0.0494724
0.9998 9.999E-05 9.999E-05
0.439339 0.560561 9.9991E-05
0.9998 9.999E-05 9.999E-05
0.16969 0.496713 0.333597
0.762739 0.237161 9.9991E-05
0.996664 9.9991E-05 0.00323578
0.272155 0.13109 0.596755
0.695128 0.0844158 0.220456
0.640136 0.336987 0.0228763
0.939814 0.0555625 0.00462357
0.990068 9.9991E-05 0.00983186
9.999E-05 9.999E-05 0.9998
0.780512 0.219388 9.9991E-05
0.807078 0.192822 9.9991E-05
0.492185 0.507715 9.9991E-05
0.448105 0.551795 9.9991E-05
0.416234 0.583666 9.9991E-05
0.989625 9.9991E-05 0.0102747
0.801365 0.198535 9.9991E-05
0.987941 0.0119586 9.9991E-05
0.662686 0.337214 9.9991E-05
0.45153 0.380744 0.167726
0.98648 9.9991E-05 0.0134203
0.487733 0.512167 9.9991E-05
0.582001 0.417899 9.9991E-05
0.0123288 0.608669 0.379002
0.816044 0.183856 9.9991E-05
0.9998 9.999E-05 9.999E-05
0.998483 9.9991E-05 0.00141693
0.379911 0.61999 9.9991E-05
0.0461778 9.9991E-05 0.953722
0.34903 0.65087 9.9991E-05
0.909537 0.0903634 9.9991E-05
0.970373 9.9991E-05 0.0295272
0.427483 0.572417 9.9991E-05
0.0304774 9.9991E-05 0.969423
0.164925 0.454899 0.380176
0.829779 0.170121 9.9991E-05
0.928096 0.0718043 9.9991E-05
0.494868 0.505032 9.9991E-05
0.980495 9.9991E-05 0.0194046
0.364895 0.5422 0.0929045
0.165437 0.126712 0.707851
0.953148 0.0325665 0.0142853
0.784346 0.215554 9.9991E-05
0.102885 0.536163 0.360953
0.972174 0.0277257 9.9991E-05
0.700793 0.299107 9.9991E-05
0.978195 0.0217054 9.9991E-05
0.499404 0.500496 9.9991E-05
0.50111 0.49879 9.9991E-05
0.462224 0.526449 0.0113268
0.403162 0.50476 0.0920777
0.792754 0.207146 9.9991E-05
0.9998 9.999E-05 9.999E-05
0.876311 0.122383 0.00130527
0.0662234 0.0101484 0.923628
0.968197 0.00918993 0.0226135
0.0389464 0.0185202 0.942533
0.854414 0.145486 9.9991E-05
0.199635 0.438078 0.362287
0.328801 0.671099 9.9991E-05
0.402186 0.597714 9.9991E-05
0.394664 0.605236 9.9991E-05
0.761843 0.238057 9.9991E-05
0.512031 0.454339 0.0336299
0.999075 9.9991E-05 0.000824789
0.673878 0.326022 9.9991E-05
0.605014 0.171604 0.223381
0.860395 0.10114 0.038465
0.944259 0.0407392 0.0150022
0.161381 0.449132 0.389487
0.425932 0.422146 0.151922
0.0511453 0.57053 0.378325
0.860879 0.139021 9.9991E-05
0.506458 0.311267 0.182275
0.539787 0.288169 0.172044
0.898096 0.101165 0.000739032
0.9998 9.999E-05 9.999E-05
0.0320928 9.9991E-05 0.967807
0.327468 0.520042 0.152491
0.885 0.1149 9.9991E-05
0.383595 0.259226 0.357179
0.979398 9.9991E-05 0.0205015
9.999E-05 9.999E-05 0.9998
0.949227 0.0285285 0.0222444
0.242109 9.9991E-05 0.757791
0.410204 0.589696 9.9991E-05
0.992758 9.9991E-05 0.00714216
0.9998 9.999E-05 9.999E-05
0.357769 0.534689 0.107542
0.965201 9.9991E-05 0.0346993
0.0790061 0.566844 0.354149
0.9998 9.999E-05 9.999E-05
9.999E-05 9.999E-05 0.9998
0.9998 9.999E-05 9.999E-05
0.464103 0.535797 9.9991E-05
0.591185 0.408715 9.9991E-05
0.389385 0.515022 0.0955926
0.545183 0.342471 0.112345
0.437494 0.379131 0.183375
0.9998 9.999E-05 9.999E-05
0.58594 0.41396 9.9991E-05
0.9998 9.999E-05 9.999E-05
0.518751 0.420732 0.0605171
0.368644 0.630347 0.00100893
0.965668 0.0116459 0.0226857
0.736421 0.263479 9.9991E-05
0.88933 0.11057 9.9991E-05
0.998212 0.000593089 0.00119518
0.6364 0.143715 0.219886
0.601898 0.398002 9.9991E-05
0.640826 0.313394 0.0457794
9.999E-05 9.999E-05 0.9998
0.966271 9.9991E-05 0.0336289
0.9998 9.999E-05 9.999E-05
0.969317 0.0218792 0.00880409
0.15094 0.457066 0.391994
0.864004 0.135896 9.9991E-05
0.444856 0.452504 0.10264
0.626873 0.373027 9.9991E-05
0.987043 9.9991E-05 0.0128567
0.936096 0.0503141 0.0135897
0.9998 9.999E-05 9.999E-05
0.419713 0.454297 0.125989
0.0697301 0.000429102 0.929841
0.32403 0.532354 0.143616
0.735845 0.264055 9.9991E-05
9.999E-05 9.999E-05 0.9998
0.790886 0.200531 0.00858278
0.565473 0.434427 9.9991E-05
0.949248 9.9991E-05 0.0506519
0.997311 9.9991E-05 0.00258911
0.97079 9.9991E-05 0.0291103
0.711994 0.277797 0.0102099
0.199902 0.429717 0.370381
0.9998 9.999E-05 9.999E-05
0.357255 0.642645 9.9991E-05
0.683176 0.316724 9.9991E-05
0.137845 0.471838 0.390318
0.362898 0.61217 0.0249323
0.499783 0.263202 0.237015
0.500632 0.499268 9.9991E-05
0.190252 0.46712 0.342628
0.749492 0.250408 9.9991E-05
9.999E-05 9.999E-05 0.9998
0.782139 0.217761 9.9991E-05
0.991745 9.9991E-05 0.00815455
9.999E-05 9.999E-05 0.9998
0.97908 0.0208204 9.9991E-05
0.0740772 0.0207477 0.905175
0.535191 0.464709 9.9991E-05
0.985249 0.00521631 0.00953504
0.387798 0.466097 0.146105
0.864223 0.135677 9.9991E-05
9.999E-05 9.999E-05 0.9998
0.548372 0.451528 9.9991E-05
