9.9973E-05 9.9973E-05 0.189515 0.810185 9.9973E-05
0.00919201 9.99773E-05 9.99773E-05 0.990508 9.99773E-05
9.9973E-05 9.9973E-05 9.9973E-05 0.985865 0.0138355
0.017155 9.9982E-05 0.206991 0.775654 9.9982E-05
0.0200399 0.00750639 0.485783 0.411399 0.0752712
0.0827102 0.0573212 0.282515 0.455462 0.121991
0.00329603 0.0053239 0.572798 0.345116 0.0734666
0.0277558 0.0221826 0.615177 0.310899 0.0239859
0.0193471 0.00965216 0.000903924 0.965917 0.00418014
9.9973E-05 9.9973E-05 0.100578 0.899122 9.9973E-05
9.9973E-05 9.9973E-05 0.568635 0.431065 9.9973E-05
9.9982E-05 9.9982E-05 0.66745 0.314709 0.0176416
9.9973E-05 9.9973E-05 0.556513 0.443187 9.9973E-05
0.0849238 0.0811877 0.278035 0.442888 0.112965
9.9973E-05 9.9973E-05 0.261099 0.738601 9.9973E-05
0.0213775 0.0307121 0.264068 0.642564 0.0412781
9.999E-05 0.000157468 0.635683 0.351983 0.0120771
0.468854 0.0669813 9.9991E-05 0.367757 0.0963079
9.9982E-05 0.0117388 9.9982E-05 0.985103 0.00295814
0.0314648 0.0584464 0.540254 0.317241 0.0525939
9.9982E-05 9.9982E-05 0.00542693 0.98823 0.00614308
9.9973E-05 9.9973E-05 0.597005 0.402695 9.9973E-05
9.9982E-05 9.9982E-05 0.506786 0.491013 0.00200121
0.0124202 9.9982E-05 0.083236 9.9982E-05 0.904144
9.9973E-05 9.9973E-05 0.482446 0.517254 9.9973E-05
0.0161838 0.0103825 0.572195 0.39709 0.00414935
0.00243117 9.9991E-05 0.00879208 0.981072 0.00760483
9.9973E-05 9.9973E-05 0.114819 0.884881 9.9973E-05
9.997E-05 9.997E-05 9.997E-05 0.9996 9.997E-05
0.0363897 0.0774852 0.34298 0.414886 0.128259
9.9973E-05 0.00681379 9.9973E-05 0.992886 9.9973E-05
9.9973E-05 9.9973E-05 9.9973E-05 0.995416 0.00428452
0.0593118 0.0575112 0.36943 0.421477 0.0922695
9.9973E-05 9.9973E-05 9.9973E-05 0.994831 0.00486906
0.0199448 0.0478977 0.526811 0.405246 9.9991E-05
9.9973E-05 9.9973E-05 0.234057 0.765643 9.9973E-05
9.9991E-05 0.043574 0.669579 0.255663 0.0310835
0.0533067 0.0392948 0.600421 0.211159 0.0958184
9.9982E-05 9.9982E-05 0.540116 0.42064 0.039044
0.0537712 0.0761365 0.384813 0.370588 0.114692
9.9982E-05 0.00699099 9.9982E-05 0.985629 0.00717988
9.9973E-05 9.9973E-05 0.100279 0.899421 9.9973E-05
9.9982E-05 0.000156036 0.110306 0.889338 9.9982E-05
0.0291828 9.9982E-05 0.120649 0.849968 9.9982E-05
0.9996 9.997E-05 9.997E-05 9.997E-05 9.997E-05
0.0118207 9.9982E-05 0.057946 0.930033 9.9982E-05
9.9973E-05 9.9973E-05 0.0174889 0.982211 9.9973E-05
0.9996 9.997E-05 9.997E-05 9.997E-05 9.997E-05
9.9973E-05 9.9973E-05 0.1961 0.8036 9.9973E-05
9.9973E-05 9.9973E-05 0.410051 0.589649 9.9973E-05
9.9973E-05 9.9973E-05 0.161513 0.838187 9.9973E-05
9.9973E-05 9.9973E-05 0.282254 0.717446 9.9973E-05
0.0708578 0.0642713 0.0219636 0.734183 0.108724
0.00447294 9.9991E-05 0.443278 0.484875 0.0672741
0.00943107 0.0441707 9.9991E-05 0.867686 0.0786125
9.9982E-05 9.9982E-05 0.011816 0.987627 0.000356619
0.00556604 0.00652412 9.9982E-05 0.98771 9.9982E-05
9.9982E-05 9.9982E-05 0.13841 0.859517 0.00187351
9.9973E-05 9.9973E-05 0.119443 0.880257 9.9973E-05
9.997E-05 9.997E-05 9.997E-05 0.9996 9.997E-05
9.9991E-05 0.0270588 0.0859773 0.00565874 0.881205
9.9982E-05 0.0118687 9.9982E-05 0.981185 0.006746
0.00938122 0.0258121 0.424601 0.495949 0.044257
0.00984994 9.9973E-05 9.9973E-05 0.98985 9.9973E-05
9.9982E-05 0.0126897 9.9982E-05 0.984811 0.00229956
9.9973E-05 9.9973E-05 0.193284 0.806416 9.9973E-05
9.9973E-05 9.9973E-05 0.204634 0.795066 9.9973E-05
9.9982E-05 9.9982E-05 0.640731 0.339422 0.0196471
0.9996 9.997E-05 9.997E-05 9.997E-05 9.997E-05
0.00590573 0.0074301 0.507216 0.446794 0.0326539
0.0140143 0.0404052 9.9991E-05 0.896351 0.0491296
0.00174541 9.9991E-05 0.0631964 0.928113 0.00684476
9.9973E-05 9.9973E-05 9.9973E-05 0.94768 0.0520198
9.9973E-05 0.00466198 9.9973E-05 0.995038 9.9973E-05
0.0357904 0.014557 9.9982E-05 0.949453 9.9982E-05
9.9973E-05 0.00584333 9.9973E-05 0.993857 9.9973E-05
9.9991E-05 0.00410054 0.591027 0.371866 0.0329064
0.000131783 9.9982E-05 0.00368322 0.995985 9.9982E-05
0.0356594 0.0216859 0.112284 0.0694565 0.760914
9.9973E-05 9.9973E-05 0.276182 0.723518 9.9973E-05
0.00143405 0.00808011 9.9991E-05 0.988412 0.00197368
0.432725 0.121732 0.0878712 0.222337 0.135334
0.0975841 0.0715047 0.0247921 0.686449 0.11967
0.0342415 0.0134985 0.37094 0.580334 0.000985599
0.0152045 0.00644251 0.0709281 0.907325 9.9991E-05
9.9982E-05 0.0028779 9.9982E-05 0.973242 0.0236799
9.997E-05 0.9996 9.997E-05 9.997E-05 9.997E-05
9.9973E-05 9.9973E-05 0.269011 0.730689 9.9973E-05
9.9973E-05 9.9973E-05 0.24993 0.74977 9.9973E-05
9.9973E-05 9.9973E-05 0.583174 0.416526 9.9973E-05
9.9973E-05 9.9973E-05 0.618313 0.381387 9.9973E-05
9.9973E-05 9.9973E-05 0.678979 0.320721 9.9973E-05
9.9973E-05 9.9973E-05 9.9973E-05 0.983659 0.0160406
9.9973E-05 9.9973E-05 0.24547 0.75423 9.9973E-05
9.9973E-05 9.9973E-05 0.0311313 0.968569 9.9973E-05
9.9973E-05 9.9973E-05 0.388676 0.611024 9.9973E-05
0.0812669 0.0755453 0.342133 0.398899 0.102155
9.9982E-05 0.00197966 9.9982E-05 0.981304 0.0165161
9.9982E-05 9.9982E-05 0.485007 0.445626 0.0691673
0.0268623 0.000813558 0.461811 0.510413 9.9991E-05
0.0206748 9.9982E-05 0.0994088 9.9982E-05 0.879716
0.00280709 9.9982E-05 0.0138345 0.983158 9.9982E-05
9.997E-05 9.997E-05 9.997E-05 0.9996 9.997E-05
0.00724461 9.9982E-05 0.708397 0.284158 9.9982E-05
0.9996 9.997E-05 9.997E-05 9.997E-05 9.997E-05
9.9973E-05 9.9973E-05 0.736908 0.262792 9.9973E-05
9.9982E-05 9.9982E-05 0.105043 0.873848 0.0209092
9.9982E-05 0.0104591 9.9982E-05 0.946456 0.0428851
9.9973E-05 9.9973E-05 0.66438 0.33532 9.9973E-05
0.9996 9.997E-05 9.997E-05 9.997E-05 9.997E-05
0.0508221 0.0359368 0.0632977 0.0896161 0.760327
9.9973E-05 9.9973E-05 0.217748 0.781952 9.9973E-05
9.9973E-05 9.9973E-05 0.12396 0.875741 9.9973E-05
9.9973E-05 9.9973E-05 0.569166 0.430534 9.9973E-05
9.9973E-05 9.9973E-05 9.9973E-05 0.971293 0.028407
0.0982846 0.0138572 0.559049 0.279012 0.049797
0.543293 0.127897 0.0560015 0.104207 0.168601
9.9991E-05 0.00564449 0.0161589 0.944197 0.0338998
9.9973E-05 9.9973E-05 0.30219 0.69751 9.9973E-05
9.997E-05 9.997E-05 9.997E-05 9.997E-05 0.9996
9.9973E-05 9.9973E-05 0.0670324 0.932668 9.9973E-05
9.9973E-05 9.9973E-05 0.37064 0.62906 9.9973E-05
9.9973E-05 9.9973E-05 0.0623937 0.937306 9.9973E-05
9.9982E-05 0.0141896 0.57176 0.41385 9.9982E-05
0.0137548 0.000147464 0.56543 0.420568 9.9991E-05
0.0276257 0.00387357 0.54348 0.394285 0.0307367
0.0162726 0.0841045 0.502051 0.347905 0.0496667
9.9973E-05 9.9973E-05 0.234953 0.764747 9.9973E-05
0.00284636 9.9991E-05 0.0323587 0.962481 0.00221375
0.0195806 9.9982E-05 0.153059 0.827161 9.9982E-05
0.859584 0.0640891 0.0136932 0.0475306 0.0151034
0.00101303 0.00127006 0.0175767 0.939339 0.0408017
0.970383 0.016036 9.99925E-05 0.00186448 0.0116161
9.9973E-05 9.9973E-05 0.192269 0.807431 9.9973E-05
9.99729E-05 9.99729E-05 9.99729E-05 0.0393657 0.960334
9.99729E-05 9.99729E-05 0.743845 0.255855 9.99729E-05
9.9991E-05 0.0321445 0.654028 0.306982 0.00674555
9.9991E-05 0.0337275 0.636136 0.301535 0.0285017
9.9973E-05 9.9973E-05 0.285011 0.714689 9.9973E-05
0.0417616 0.0159401 0.505819 0.414338 0.0221412
0.00119453 9.9982E-05 9.9982E-05 0.997943 0.000662359
9.9973E-05 9.9973E-05 0.380641 0.619059 9.9973E-05
0.0651275 0.0975445 0.120333 0.581392 0.135602
0.0208052 0.00622508 0.13204 0.832441 0.00848922
0.00285271 0.0133735 0.0566197 0.926716 0.000438535
0.00620072 9.9982E-05 9.9982E-05 0.00516307 0.988436
0.066522 0.0489556 0.360149 0.345148 0.179226
9.9973E-05 9.9973E-05 0.00497968 9.9973E-05 0.99472
9.9973E-05 9.9973E-05 0.18926 0.81044 9.9973E-05
0.0347977 0.0735464 0.256976 0.460698 0.173982
0.0585087 0.0744911 0.239197 0.494274 0.133529
0.0151813 9.9982E-05 0.14523 0.839389 9.9982E-05
9.9973E-05 0.000845053 9.9973E-05 0.998855 9.9973E-05
0.998774 9.9973E-05 9.9973E-05 9.9973E-05 0.000926317
0.0493543 0.0597388 0.443825 0.275719 0.171363
9.9973E-05 9.9973E-05 0.164016 0.835684 9.9973E-05
0.0723188 0.0659466 9.9991E-05 0.322933 0.538701
0.00762673 0.00558052 9.9991E-05 0.971955 0.0147378
9.997E-05 0.9996 9.997E-05 9.997E-05 9.997E-05
0.0185981 0.00531505 0.0482789 0.927708 9.9991E-05
0.0472641 0.650852 9.9991E-05 0.268604 0.0331795
0.0112477 9.9982E-05 0.633833 0.354719 9.9982E-05
9.9982E-05 0.00425914 9.9982E-05 0.979065 0.0164763
9.9973E-05 0.00617878 9.9973E-05 0.993521 9.9973E-05
0.0440315 0.0632605 0.480411 0.32419 0.0881071
0.00834668 0.0136233 9.9991E-05 0.958559 0.0193707
9.9973E-05 9.9973E-05 0.0208194 9.9973E-05 0.978881
0.00402739 9.9982E-05 9.9982E-05 0.987313 0.00845945
9.997E-05 0.9996 9.997E-05 9.997E-05 9.997E-05
9.997E-05 9.997E-05 9.997E-05 0.9996 9.997E-05
9.9982E-05 9.9982E-05 0.589962 0.390318 0.0195205
0.0158908 0.00534867 0.437333 0.541328 9.9991E-05
0.0408009 0.0447274 0.478272 0.316355 0.119845
0.0656035 0.0378905 0.339536 0.493621 0.0633497
0.114327 0.0523991 0.360623 0.36897 0.103681
9.997E-05 9.997E-05 9.997E-05 0.9996 9.997E-05
9.9982E-05 9.9982E-05 0.438178 0.538814 0.0228084
9.9982E-05 0.00529129 0.0158067 0.978702 9.9982E-05
0.0388567 0.0101539 0.406397 0.45386 0.0907325
9.9991E-05 0.0370709 0.646243 0.287425 0.0291612
9.9991E-05 0.0154619 0.0219644 0.936025 0.0264486
9.9973E-05 9.9973E-05 0.329397 0.670303 9.9973E-05
9.9982E-05 9.9982E-05 0.144857 0.850857 0.00408667
9.9991E-05 0.000448305 0.0159076 0.975158 0.00838619
0.0619539 0.0871647 0.062142 0.640404 0.148335
0.0190495 9.9982E-05 0.450536 0.530215 9.9982E-05
0.0151144 0.0369113 0.330543 0.578305 0.0391259
0.0132143 0.898168 0.0437443 0.00211236 0.0427608
0.00128529 0.00935895 9.9991E-05 0.961143 0.0281131
9.997E-05 9.997E-05 9.997E-05 0.9996 9.997E-05
9.9982E-05 0.00350203 0.0490536 0.947244 9.9982E-05
9.99729E-05 9.99729E-05 9.99729E-05 0.0246943 0.975006
9.9982E-05 0.00483397 0.156421 0.838545 9.9982E-05
0.0572731 0.0384414 0.428743 0.373666 0.101877
9.9982E-05 9.9982E-05 0.422663 0.573451 0.00368668
0.000548285 0.00375417 9.9982E-05 0.995498 9.9982E-05
9.9991E-05 0.00592345 0.0760981 0.893076 0.0248027
9.9973E-05 0.00282902 9.9973E-05 0.996871 9.9973E-05
0.0898554 0.0334576 0.450526 0.36601 0.0601501
0.0503781 0.8078 0.016044 0.0720928 0.0536848
0.041169 0.083321 0.503642 0.272628 0.0992398
0.0201641 9.9982E-05 0.296035 0.683601 9.9982E-05
0.0193355 0.967393 9.9991E-05 0.0112302 0.00194109
9.9991E-05 0.00644229 0.225052 0.731524 0.0368826
9.9973E-05 9.9973E-05 0.534324 0.465376 9.9973E-05
0.0069431 0.0209613 9.9991E-05 0.935764 0.0362313
0.00369799 9.9973E-05 9.9973E-05 0.996002 9.9973E-05
0.00636649 0.00644689 9.9991E-05 0.981005 0.00608178
0.013935 0.0101012 0.267233 0.657893 0.0508383
9.99729E-05 9.99729E-05 9.99729E-05 0.0492098 0.95049
9.997E-05 9.997E-05 9.997E-05 0.9996 9.997E-05
9.9991E-05 0.00708659 0.690934 0.28602 0.0158599
9.9973E-05 9.9973E-05 0.367339 0.632361 9.9973E-05
9.9982E-05 0.00703559 9.9982E-05 0.00889621 0.983868
0.0278842 0.015216 0.593069 0.301394 0.0624368
0.0474134 0.135827 0.215035 0.469901 0.131824
0.0138784 9.9991E-05 0.534471 0.392592 0.0589578
9.9973E-05 9.9973E-05 9.9973E-05 0.0833564 0.916344
9.9973E-05 9.9973E-05 0.328915 0.670785 9.9973E-05
0.00271817 0.995285 9.9982E-05 0.00179716 9.9982E-05
9.9973E-05 9.9973E-05 0.277815 0.721885 9.9973E-05
0.0165911 9.9982E-05 0.0019725 0.981236 9.9982E-05
9.997E-05 0.9996 9.997E-05 9.997E-05 9.997E-05
9.9973E-05 9.9973E-05 0.040438 0.959262 9.9973E-05
0.90966 0.00791288 0.0281279 0.0400869 0.0142126
9.9973E-05 9.9973E-05 0.570148 0.429552 9.9973E-05
9.9973E-05 9.9973E-05 9.9973E-05 0.965989 0.0337111
0.00801744 0.0880727 0.407421 0.334345 0.162143
0.00110599 0.0134716 0.172817 0.812505 9.9991E-05
0.029364 0.93134 9.9982E-05 0.0390962 9.9982E-05
9.9991E-05 0.0147747 0.493015 0.488548 0.00356292
