9.9964E-05 9.9964E-05 9.9964E-05 0.313881 9.9964E-05 0.671141 0.0145773
9.9955E-05 9.9955E-05 0.0490198 9.9955E-05 9.9955E-05 0.95048 9.9955E-05
9.9982E-05 0.0138239 0.000299818 0.00362644 0.0121252 0.969925 9.9982E-05
0.0121181 9.9982E-05 0.0715995 0.332456 9.9982E-05 0.576021 0.00760488
9.9982E-05 0.0121722 0.334922 0.538093 0.0340534 0.0805593 9.9982E-05
9.9982E-05 9.9982E-05 0.716483 0.0855021 0.0145758 0.175594 0.00764522
9.9982E-05 0.497629 0.300453 0.049273 0.00774012 0.144705 9.9982E-05
0.00215155 0.204115 0.330423 0.463011 9.9973E-05 9.9973E-05 9.9973E-05
0.0113121 9.9982E-05 0.0250529 0.0372544 9.9982E-05 0.916203 0.00997783
9.995E-05 9.995E-05 9.995E-05 0.227491 9.995E-05 0.772009 9.995E-05
9.9982E-05 0.400849 9.9982E-05 0.316399 0.00396852 0.256005 0.0225794
9.9982E-05 0.252122 0.0833276 0.612257 0.0217766 0.0303166 9.9982E-05
9.9973E-05 0.181061 0.0442212 0.550759 9.9973E-05 0.223659 9.9973E-05
9.9973E-05 0.0369547 0.841998 0.0153717 9.9973E-05 0.105375 9.9973E-05
0.00141385 9.9973E-05 9.9973E-05 0.45234 9.9973E-05 0.544076 0.00187041
0.000704155 9.9973E-05 0.331108 0.228938 9.9973E-05 0.43895 9.9973E-05
9.9973E-05 0.731259 0.00953424 0.0179183 9.9973E-05 0.240989 9.9973E-05
0.0333073 9.9982E-05 0.300395 9.9982E-05 0.0160552 0.203983 0.44606
0.00660293 9.9964E-05 0.0351774 9.9964E-05 9.9964E-05 0.95782 9.9964E-05
0.0245739 0.340797 0.31808 0.207586 0.036638 0.0643648 0.00796029
0.003532 9.9973E-05 9.9973E-05 0.0731681 0.0042096 0.91879 9.9973E-05
9.9973E-05 0.405368 9.9973E-05 0.392089 0.00404908 0.198193 9.9973E-05
9.9982E-05 0.0172365 0.115194 0.652404 0.000427103 0.214539 9.9982E-05
9.9982E-05 0.0311157 0.0162532 0.0616392 0.885422 9.9982E-05 0.00537039
9.9973E-05 0.259448 9.9973E-05 0.402809 0.0158669 0.321576 9.9973E-05
0.000155055 0.348026 0.182143 0.293253 9.9991E-05 0.172418 0.00390504
9.9973E-05 9.9973E-05 9.9973E-05 0.097196 0.00350885 0.896707 0.00228786
9.9955E-05 9.9955E-05 9.9955E-05 0.203722 9.9955E-05 0.795779 9.9955E-05
9.995E-05 9.995E-05 9.995E-05 0.00668686 9.995E-05 0.992813 9.995E-05
9.9973E-05 9.9973E-05 0.728 0.175686 0.0134823 0.0825316 9.9973E-05
9.9955E-05 9.9955E-05 0.0651806 9.9955E-05 9.9955E-05 0.93432 9.9955E-05
9.9955E-05 9.9955E-05 0.0126829 9.9955E-05 9.9955E-05 0.986817 9.9955E-05
9.9973E-05 0.164767 0.665273 0.0133766 9.9973E-05 0.156284 9.9973E-05
9.9955E-05 9.9955E-05 0.0276377 9.9955E-05 9.9955E-05 0.971863 9.9955E-05
0.0122881 0.335429 0.278024 0.193609 9.9982E-05 0.180449 9.9982E-05
9.9955E-05 9.9955E-05 9.9955E-05 0.398084 9.9955E-05 0.601416 9.9955E-05
0.0278544 0.40293 0.203548 0.357689 0.00777885 9.9982E-05 9.9982E-05
9.9982E-05 0.350835 0.495197 0.14961 0.00104754 9.9982E-05 0.0031103
9.9982E-05 0.1124 0.0807401 0.611858 0.0411316 0.153671 9.9982E-05
0.00199897 0.0879071 0.671294 0.146409 0.0173255 0.0726085 0.00245748
0.0129045 9.9964E-05 9.9964E-05 9.9964E-05 0.0214783 0.965217 9.9964E-05
9.996E-05 0.0254498 9.996E-05 0.168471 9.996E-05 0.805679 9.996E-05
0.0040391 9.9973E-05 9.9973E-05 0.23683 9.9973E-05 0.751072 0.00775939
9.9973E-05 9.9973E-05 0.059595 0.234357 9.9973E-05 0.675427 0.0303209
9.995E-05 9.995E-05 9.995E-05 9.995E-05 9.995E-05 9.995E-05 0.9994
9.9964E-05 0.0853413 0.013625 9.9964E-05 9.9964E-05 0.900634 9.9964E-05
9.9955E-05 9.9955E-05 9.9955E-05 0.124299 9.9955E-05 0.875202 9.9955E-05
9.995E-05 9.995E-05 9.995E-05 9.995E-05 9.995E-05 9.995E-05 0.9994
9.99549E-05 9.99549E-05 9.99549E-05 0.402685 9.99549E-05 0.596815 9.99549E-05
0.0065763 0.191914 9.997E-05 0.386378 9.997E-05 0.414832 9.997E-05
9.9955E-05 9.9955E-05 9.9955E-05 0.288022 9.9955E-05 0.711478 9.9955E-05
9.9964E-05 9.9964E-05 9.9964E-05 0.470794 0.0044518 0.524354 9.9964E-05
0.0116975 9.9982E-05 0.445749 9.9982E-05 0.0189782 0.49704 0.0263354
9.9973E-05 9.9973E-05 0.184468 0.533656 0.0461897 0.235386 9.9973E-05
0.0171515 9.9973E-05 0.155693 9.9973E-05 0.0373018 0.789554 9.9973E-05
9.9964E-05 9.9964E-05 9.9964E-05 0.0593455 9.9964E-05 0.936317 0.0039377
9.9973E-05 0.0183341 0.018342 9.9973E-05 9.9973E-05 0.9595 0.00352378
9.9982E-05 9.9982E-05 0.00977402 0.245388 0.00795676 0.730341 0.0063409
9.9955E-05 9.9955E-05 9.9955E-05 0.250133 9.9955E-05 0.749367 9.9955E-05
9.996E-05 0.0144568 9.996E-05 0.0202388 9.996E-05 0.964905 9.996E-05
0.00796537 0.0817991 0.0504602 9.99731E-05 0.859475 9.99731E-05 9.99731E-05
0.00979989 0.0316467 9.9982E-05 9.9982E-05 0.00465996 0.95079 0.00290349
0.0244857 9.9991E-05 0.201143 0.532447 0.0125226 0.221272 0.00803009
9.9964E-05 0.0334144 9.9964E-05 9.9964E-05 9.9964E-05 0.958545 0.00764048
0.00958357 9.995E-05 9.995E-05 9.995E-05 9.995E-05 0.989917 9.995E-05
9.9964E-05 9.9964E-05 9.9964E-05 0.349492 9.9964E-05 0.645622 0.00448525
9.9964E-05 0.00865798 9.9964E-05 0.359102 9.9964E-05 0.631841 9.9964E-05
9.9973E-05 0.676011 9.9973E-05 0.120398 0.0259242 0.177367 9.9973E-05
9.995E-05 9.995E-05 9.995E-05 9.995E-05 9.995E-05 9.995E-05 0.9994
9.9973E-05 9.9973E-05 0.272488 0.615184 0.00925943 0.102768 9.9973E-05
0.0172679 9.9982E-05 0.136278 9.9982E-05 0.0233837 0.820237 0.00263352
9.997E-05 9.997E-05 9.997E-05 0.182347 0.0168864 0.794878 0.00558908
9.9964E-05 9.9964E-05 0.0216666 9.9964E-05 0.0363471 0.941586 9.9964E-05
0.00336942 0.00413229 9.9964E-05 9.9964E-05 9.9964E-05 0.992098 9.9964E-05
0.00486008 9.9973E-05 0.0507798 9.9973E-05 9.9973E-05 0.910518 0.0335425
0.00228894 0.0104677 9.9973E-05 0.0107021 9.9973E-05 0.976241 9.9973E-05
9.9973E-05 0.3777 0.196585 0.264649 9.9973E-05 0.160767 9.9973E-05
9.9964E-05 0.0375144 9.9964E-05 0.01312 9.9964E-05 0.948966 9.9964E-05
0.000326323 0.0560545 0.237686 9.9982E-05 0.697886 9.9982E-05 0.00784753
9.9964E-05 9.9964E-05 9.9964E-05 0.432861 0.0213851 0.545354 9.9964E-05
9.996E-05 9.996E-05 9.996E-05 0.0798902 9.996E-05 0.908505 0.0112052
0.066137 9.9982E-05 0.362423 9.9982E-05 0.0781796 0.10321 0.38985
0.00959993 9.9982E-05 0.536653 9.9982E-05 0.0113145 0.407149 0.0350829
9.9973E-05 9.9973E-05 0.293446 0.404513 9.9973E-05 0.29876 0.00298011
0.00902142 9.9982E-05 0.00228799 0.187312 9.9982E-05 0.799274 0.00190544
9.9964E-05 9.9964E-05 0.052625 9.9964E-05 0.00826446 0.938711 9.9964E-05
0.9994 9.995E-05 9.995E-05 9.995E-05 9.995E-05 9.995E-05 9.995E-05
9.99549E-05 9.99549E-05 9.99549E-05 0.481996 9.99549E-05 0.517504 9.99549E-05
9.99549E-05 9.99549E-05 9.99549E-05 0.441938 9.99549E-05 0.557562 9.99549E-05
9.9973E-05 0.253702 0.0443822 0.508267 9.9973E-05 0.193349 9.9973E-05
0.00400322 0.278969 0.00345151 0.570757 0.0127178 0.130001 9.9991E-05
9.9964E-05 0.575208 9.9964E-05 0.302476 9.9964E-05 0.121916 9.9964E-05
9.9964E-05 9.9964E-05 0.00142765 9.9964E-05 0.00595743 0.992215 9.9964E-05
9.9955E-05 9.9955E-05 9.9955E-05 0.459912 9.9955E-05 0.539588 9.9955E-05
9.9955E-05 9.9955E-05 9.9955E-05 0.10049 9.9955E-05 0.899011 9.9955E-05
9.9964E-05 9.9964E-05 0.0228673 0.61217 9.9964E-05 0.364562 9.9964E-05
9.9982E-05 0.070107 0.761951 0.0684495 9.9982E-05 0.0955986 0.00369357
9.996E-05 9.996E-05 0.0412996 9.996E-05 0.0108095 0.947491 9.996E-05
9.9982E-05 0.11722 0.11808 0.523015 0.0577791 0.183706 9.9982E-05
0.00889404 0.0752866 0.111124 0.552575 9.9991E-05 0.235936 0.0160848
9.9973E-05 0.039891 0.102572 9.9973E-05 0.846256 9.9973E-05 0.0109809
9.9973E-05 0.00963346 9.9973E-05 0.0349208 9.9973E-05 0.954976 0.000169398
9.9955E-05 9.9955E-05 9.9955E-05 9.9955E-05 0.000543936 0.998956 9.9955E-05
9.9982E-05 0.42264 0.0176796 0.498294 9.9982E-05 0.0335082 0.0276789
9.995E-05 9.995E-05 9.995E-05 9.995E-05 9.995E-05 9.995E-05 0.9994
9.9973E-05 0.791453 9.9973E-05 0.104225 9.9973E-05 0.099771 0.00425121
9.9964E-05 9.9964E-05 9.9964E-05 0.205953 0.0468327 0.746814 9.9964E-05
0.00488318 9.997E-05 0.0554593 9.997E-05 0.0218474 0.91751 9.997E-05
9.9964E-05 0.402136 9.9964E-05 0.46376 9.9964E-05 0.133704 9.9964E-05
9.995E-05 9.995E-05 9.995E-05 9.995E-05 9.995E-05 9.995E-05 0.9994
0.00623879 9.9973E-05 0.326035 9.9973E-05 0.639687 9.9973E-05 0.0277388
9.9973E-05 0.100147 9.9973E-05 0.239288 9.9973E-05 0.659174 0.00109153
9.9955E-05 9.9955E-05 9.9955E-05 0.251008 9.9955E-05 0.748492 9.9955E-05
9.9973E-05 0.252431 9.9973E-05 0.542605 0.00226158 0.202403 9.9973E-05
9.9964E-05 9.9964E-05 0.00704475 9.9964E-05 0.0249483 0.967607 9.9964E-05
9.9982E-05 0.442586 0.40216 0.0802237 9.9982E-05 0.0344219 0.0404093
0.10097 0.0305418 0.177933 9.9991E-05 0.146562 0.0283222 0.515571
0.00387291 9.9973E-05 9.9973E-05 0.0905539 0.037441 0.867832 9.9973E-05
9.9964E-05 0.0534216 9.9964E-05 0.418299 9.9964E-05 0.527879 9.9964E-05
9.995E-05 9.995E-05 9.995E-05 9.995E-05 0.9994 9.995E-05 9.995E-05
9.9973E-05 0.0484661 9.9973E-05 0.101095 9.9973E-05 0.841962 0.0081765
9.9955E-05 9.9955E-05 9.9955E-05 0.602541 9.9955E-05 0.396959 9.9955E-05
9.995E-05 9.995E-05 9.995E-05 0.209037 9.995E-05 0.790463 9.995E-05
0.00898365 0.712656 9.9964E-05 9.9964E-05 9.9964E-05 0.277961 9.9964E-05
9.9982E-05 0.268447 0.103446 0.400591 9.9982E-05 0.20989 0.0174259
9.9973E-05 0.215116 0.31249 0.373507 9.9973E-05 0.098587 9.9973E-05
0.0163955 0.445706 0.458762 9.997E-05 9.997E-05 0.0788363 9.997E-05
9.9964E-05 9.9964E-05 9.9964E-05 0.402268 0.00675922 0.590573 9.9964E-05
9.9973E-05 9.9973E-05 9.9973E-05 0.113837 0.0065261 0.871349 0.00798852
9.997E-05 9.997E-05 9.997E-05 0.321136 0.0045462 0.658351 0.0156676
0.0525125 0.03988 0.0317701 9.9973E-05 9.9973E-05 9.9973E-05 0.875538
9.9973E-05 9.9973E-05 0.0543231 0.0064783 0.0357203 0.903178 9.9973E-05
0.00652495 9.9973E-05 0.0135332 0.0174249 9.9973E-05 9.9973E-05 0.962217
9.9973E-05 9.9973E-05 9.9973E-05 0.311314 0.00163676 0.684656 0.00209286
9.99549E-05 9.99549E-05 9.99549E-05 9.99549E-05 0.96812 0.0313801 9.99549E-05
9.99729E-05 0.526223 9.99729E-05 0.435477 0.00369375 0.0343071 9.99729E-05
0.0131878 0.749682 0.0921672 9.997E-05 9.997E-05 0.144663 9.997E-05
0.035398 0.49123 0.0302511 0.317025 0.0324696 0.0935266 9.999E-05
9.9964E-05 9.9964E-05 9.9964E-05 0.457499 0.0120484 0.530052 9.9964E-05
9.9991E-05 0.129787 0.267727 0.413313 0.0107371 0.157272 0.0210634
9.9964E-05 9.9964E-05 0.0100089 0.0490079 9.9964E-05 0.940583 9.9964E-05
0.00611786 0.108846 9.9991E-05 0.463567 0.00809751 0.407135 0.00613655
0.0209197 9.9973E-05 0.670913 9.9973E-05 0.0138816 0.293986 9.9973E-05
0.00296461 9.9982E-05 0.120985 0.174932 9.9982E-05 0.692132 0.00878628
0.0118843 9.9973E-05 0.0229975 0.15878 9.9973E-05 0.806039 9.9973E-05
9.99639E-05 9.99639E-05 9.99639E-05 9.99639E-05 0.948301 0.03712 0.0141792
9.9973E-05 9.9973E-05 0.726204 0.168128 0.047404 0.0579642 9.9973E-05
9.99551E-05 0.0153959 9.99551E-05 9.99551E-05 0.984104 9.99551E-05 9.99551E-05
9.9955E-05 9.9955E-05 9.9955E-05 0.348329 9.9955E-05 0.651171 9.9955E-05
0.00596858 9.998E-05 0.671427 0.0764001 0.0561419 0.189863 9.998E-05
9.9973E-05 9.9973E-05 0.736287 0.031864 0.0286454 0.202904 9.9973E-05
9.9964E-05 9.9964E-05 9.9964E-05 0.23454 9.9964E-05 0.739906 0.0251544
9.9955E-05 0.00552328 9.9955E-05 9.9955E-05 9.9955E-05 0.993977 9.9955E-05
9.9955E-05 9.9955E-05 9.9955E-05 9.9955E-05 0.000975274 9.9955E-05 0.998525
9.99639E-05 0.318924 0.637339 9.99639E-05 0.0433366 9.99639E-05 9.99639E-05
9.99549E-05 9.99549E-05 9.99549E-05 0.311539 9.99549E-05 0.687961 9.99549E-05
0.0224909 9.9982E-05 0.376176 9.9982E-05 0.409551 0.141576 0.0500062
9.9973E-05 9.9973E-05 0.0338585 9.9973E-05 0.00337451 0.952708 0.009759
0.9994 9.995E-05 9.995E-05 9.995E-05 9.995E-05 9.995E-05 9.995E-05
0.0107196 9.998E-05 0.0442866 0.0923476 9.998E-05 0.84021 0.0122367
0.612492 9.9973E-05 0.252995 9.9973E-05 9.9973E-05 0.112595 0.0216181
0.00632948 0.39595 9.9991E-05 0.465878 0.00160402 0.102237 0.027902
0.000731031 0.00416992 0.0345458 9.9982E-05 0.00951809 0.950835 9.9982E-05
0.0068893 9.9955E-05 9.9955E-05 9.9955E-05 9.9955E-05 0.992611 9.9955E-05
0.0133071 0.420368 0.494906 9.9991E-05 0.0140228 0.0538199 0.00347622
9.9973E-05 9.9973E-05 0.0737418 9.9973E-05 0.00359642 0.915457 0.00690441
9.9955E-05 0.0101911 9.9955E-05 9.9955E-05 0.989309 9.9955E-05 9.9955E-05
9.9955E-05 9.9955E-05 9.9955E-05 9.9955E-05 0.0048992 0.994601 9.9955E-05
0.9994 9.995E-05 9.995E-05 9.995E-05 9.995E-05 9.995E-05 9.995E-05
9.995E-05 9.995E-05 9.995E-05 9.995E-05 9.995E-05 0.9994 9.995E-05
9.9982E-05 0.079093 0.17692 0.63648 0.0240718 0.0832356 9.9982E-05
0.00508998 0.107803 0.094693 0.49047 0.00260117 0.293809 0.00553378
9.9964E-05 0.0980787 0.645538 0.255984 9.9964E-05 9.9964E-05 9.9964E-05
0.010883 9.9982E-05 0.47716 0.320784 9.9982E-05 0.180252 0.0107222
9.9982E-05 9.9982E-05 0.684469 0.19185 0.0123249 0.0660994 0.0450572
9.995E-05 9.995E-05 9.995E-05 9.995E-05 9.995E-05 0.9994 9.995E-05
9.9973E-05 0.134356 9.9973E-05 0.520111 0.0547444 0.290489 9.9973E-05
0.000296389 9.9964E-05 9.9964E-05 0.0930965 9.9964E-05 0.906207 9.9964E-05
9.9982E-05 9.9982E-05 0.312303 0.493126 0.046048 0.134204 0.0141198
0.0151119 0.722017 0.156697 9.9973E-05 9.9973E-05 0.105875 9.9973E-05
0.02086 9.9982E-05 0.0470589 0.0845313 0.0221498 0.8252 9.9982E-05
9.9964E-05 9.9964E-05 9.9964E-05 0.560689 9.9964E-05 0.436597 0.00231381
0.00125643 9.9982E-05 9.9982E-05 0.295846 0.0140534 0.685101 0.00354344
9.9964E-05 0.0415639 0.0484726 9.9964E-05 9.9964E-05 0.909564 9.9964E-05
0.0185776 9.9982E-05 0.530455 9.9982E-05 0.0470304 0.387065 0.0166722
0.000251865 0.0253642 0.189088 0.530101 9.9991E-05 0.254862 0.000233851
0.0183297 9.9973E-05 0.281199 0.357173 9.9973E-05 0.342999 9.9973E-05
0.8953 0.0131212 0.0589796 0.00209936 0.0232169 9.9991E-05 0.00718266
9.996E-05 9.996E-05 0.0858114 9.996E-05 0.0156464 0.898142 9.996E-05
9.9955E-05 9.9955E-05 0.0260579 9.9955E-05 9.9955E-05 0.973442 9.9955E-05
0.0111157 9.9964E-05 9.9964E-05 0.122942 9.9964E-05 0.865543 9.9964E-05
9.99549E-05 9.99549E-05 9.99549E-05 9.99549E-05 0.971001 0.0284992 9.99549E-05
0.00696966 9.9973E-05 0.0619144 0.253114 9.9973E-05 0.677702 9.9973E-05
9.9973E-05 0.147854 0.665267 0.116642 9.9973E-05 0.0699372 9.9973E-05
9.9973E-05 0.187985 9.9973E-05 0.420961 0.0252202 0.365534 9.9973E-05
0.00432793 9.9973E-05 9.9973E-05 9.9973E-05 0.00851695 0.986034 0.000821058
9.9973E-05 0.0361111 0.0716545 0.0446535 9.9973E-05 0.847281 9.9973E-05
9.995E-05 9.995E-05 9.995E-05 9.995E-05 9.995E-05 0.9994 9.995E-05
9.9982E-05 0.177273 0.630663 0.12162 9.9982E-05 0.0492785 0.0209651
0.776768 9.9982E-05 0.139512 9.9982E-05 0.0354457 0.0112016 0.0368726
9.9955E-05 0.313262 0.686238 9.9955E-05 9.9955E-05 9.9955E-05 9.9955E-05
9.9973E-05 0.0982629 9.9973E-05 0.330605 9.9973E-05 0.549211 0.0216211
0.956173 9.9964E-05 0.0284274 9.9964E-05 9.9964E-05 9.9964E-05 0.015
0.00886588 9.998E-05 0.0773042 0.310068 0.0353132 0.568249 9.998E-05
9.99639E-05 0.363527 9.99639E-05 0.355615 9.99639E-05 0.280458 9.99639E-05
9.9982E-05 0.0109405 0.0621032 9.9982E-05 0.0282083 0.892045 0.00650352
9.9964E-05 9.9964E-05 0.017025 9.9964E-05 9.9964E-05 0.975003 0.00757186
9.9964E-05 9.9964E-05 0.0378014 9.9964E-05 9.9964E-05 0.945824 0.0159745
9.9964E-05 9.9964E-05 0.291196 0.285367 9.9964E-05 0.423037 9.9964E-05
9.99549E-05 9.99549E-05 9.99549E-05 9.99549E-05 0.933674 0.065826 9.99549E-05
9.9964E-05 9.9964E-05 9.9964E-05 0.025247 9.9964E-05 0.968873 0.00548047
9.9982E-05 0.746918 0.108257 0.0155346 0.00632265 0.122769 9.9982E-05
9.9964E-05 9.9964E-05 0.00874225 0.572795 9.9964E-05 0.418063 9.9964E-05
0.0136284 9.9964E-05 9.9964E-05 9.9964E-05 0.981343 0.00462915 9.9964E-05
9.9973E-05 0.501058 0.378203 0.0508374 9.9973E-05 0.0696016 9.9973E-05
0.0324786 9.9973E-05 0.790216 0.0454763 9.9973E-05 0.131529 9.9973E-05
9.9982E-05 0.132681 0.268663 0.456143 0.0343248 0.107988 9.9982E-05
9.9964E-05 9.9964E-05 9.9964E-05 9.9964E-05 0.910214 0.08858 0.000805902
9.9964E-05 0.0952262 9.9964E-05 0.417111 9.9964E-05 0.487263 9.9964E-05
0.9994 9.995E-05 9.995E-05 9.995E-05 9.995E-05 9.995E-05 9.995E-05
0.00598638 9.9973E-05 9.9973E-05 0.431328 9.9973E-05 0.553275 0.00911063
9.996E-05 9.996E-05 9.996E-05 0.0930645 9.996E-05 0.896947 0.00958827
0.995689 0.00381106 9.99551E-05 9.99551E-05 9.99551E-05 9.99551E-05 9.99551E-05
9.9955E-05 9.9955E-05 9.9955E-05 0.156015 9.9955E-05 0.843486 9.9955E-05
0.0125856 0.0330447 0.0240728 0.0165447 0.0268496 9.9991E-05 0.886803
9.9973E-05 0.0285022 0.143355 0.729043 9.9973E-05 0.0987995 9.9973E-05
9.9973E-05 9.9973E-05 0.0253109 0.0351838 0.0275023 0.911703 9.9973E-05
9.9973E-05 0.265004 0.557023 9.9973E-05 0.0658942 0.111779 9.9973E-05
0.00803245 0.0681161 0.0256788 0.207454 9.9991E-05 0.690469 0.000149418
0.904296 9.9964E-05 0.0704872 9.9964E-05 9.9964E-05 9.9964E-05 0.0248171
0.0203603 0.108481 0.0810909 0.540647 0.0110487 0.238272 9.999E-05
