0.629299 9.996E-05 0.284947 0.0744192 9.996E-05 0.0109353 9.996E-05 9.996E-05
0.96203 9.9946E-05 9.9946E-05 9.9946E-05 9.9946E-05 9.9946E-05 0.0373706 9.9946E-05
0.925926 9.9964E-05 0.0531116 9.9964E-05 0.0171236 9.9964E-05 0.00343881 9.9964E-05
0.591212 0.0100106 0.347227 9.9982E-05 0.000921939 0.000824144 0.0496037 9.9982E-05
0.0843931 9.9973E-05 0.462814 0.1606 0.0376876 9.9973E-05 0.254205 9.9973E-05
0.223773 9.9973E-05 9.9973E-05 0.151204 0.00122666 0.014967 0.60853 9.9973E-05
0.114121 9.9964E-05 9.9964E-05 0.723797 9.9964E-05 9.9964E-05 0.127162 0.0345201
9.9955E-05 9.9955E-05 0.510553 9.9955E-05 9.9955E-05 9.9955E-05 0.310495 0.178452
0.901338 0.00611804 0.0414119 9.9982E-05 0.00146337 0.0140309 9.9982E-05 0.0354381
0.741041 9.9946E-05 0.258359 9.9946E-05 9.9946E-05 9.9946E-05 9.9946E-05 9.9946E-05
0.169859 9.9982E-05 0.353773 0.0919134 0.0174534 0.0102314 9.9982E-05 0.35657
0.00155963 9.9964E-05 0.338711 0.596812 9.9964E-05 9.9964E-05 9.9964E-05 0.0625173
0.174486 9.9973E-05 0.46884 0.128593 9.9973E-05 9.9973E-05 0.0313326 0.196449
0.117898 9.99549E-05 0.0573299 9.99549E-05 9.99549E-05 9.99549E-05 0.824272 9.99549E-05
0.447026 0.00547052 0.539624 9.9973E-05 0.0063491 0.00122994 9.9973E-05 9.9973E-05
0.489512 0.00433522 0.0172396 0.348014 9.9982E-05 0.00677634 0.133922 9.9982E-05
0.157427 9.9973E-05 0.0310811 0.279428 9.9973E-05 9.9973E-05 0.0348174 0.496947
0.241782 0.034159 9.997E-05 9.997E-05 0.0190714 0.420955 0.283732 9.997E-05
0.957037 0.0126729 9.9964E-05 0.00966895 9.9964E-05 9.9964E-05 0.0202213 9.9964E-05
0.0917485 0.0273535 0.120628 0.23747 0.0102937 0.0200276 0.200397 0.292082
0.927841 9.9955E-05 0.0590737 0.0125857 9.9955E-05 9.9955E-05 9.9955E-05 9.9955E-05
0.138527 9.9973E-05 0.260998 0.190023 0.00221386 9.9973E-05 9.9973E-05 0.407938
0.167489 9.9982E-05 0.580331 0.141187 0.00294092 9.9982E-05 0.059389 0.048464
9.9973E-05 9.9973E-05 0.0770318 9.9973E-05 0.881572 0.0172395 0.021479 0.00237799
0.261833 9.9964E-05 0.471899 9.9964E-05 0.009205 9.9964E-05 9.9964E-05 0.256663
0.105353 9.9973E-05 0.353076 0.085602 9.9973E-05 9.9973E-05 0.189006 0.266663
0.910361 9.9946E-05 0.0890395 9.9946E-05 9.9946E-05 9.9946E-05 9.9946E-05 9.9946E-05
0.722563 9.994E-05 0.276837 9.994E-05 9.994E-05 9.994E-05 9.994E-05 9.994E-05
0.975448 9.9946E-05 0.0239525 9.9946E-05 9.9946E-05 9.9946E-05 9.9946E-05 9.9946E-05
0.15621 9.9982E-05 0.0690562 0.127851 0.0114713 9.9982E-05 0.592364 0.042847
0.944739 9.9955E-05 9.9955E-05 0.0176642 9.9955E-05 9.9955E-05 0.0370972 9.9955E-05
0.960239 9.9955E-05 9.9955E-05 0.0188479 9.9955E-05 9.9955E-05 0.0204138 9.9955E-05
0.137041 9.9964E-05 0.071351 9.9964E-05 9.9964E-05 9.9964E-05 0.668887 0.12232
0.984384 9.9964E-05 9.9964E-05 9.9964E-05 0.000322945 9.9964E-05 0.0115547 0.00333801
0.13555 0.0133377 0.219145 0.0789928 9.9982E-05 9.9982E-05 0.27171 0.281065
0.516229 9.9946E-05 0.483171 9.9946E-05 9.9946E-05 9.9946E-05 9.9946E-05 9.9946E-05
0.00981661 0.0236227 0.0382869 0.873423 9.9973E-05 9.9973E-05 9.9973E-05 0.0545512
9.9982E-05 9.9982E-05 0.00578335 0.133059 0.0114683 0.00383853 0.426869 0.418782
0.0889516 9.9982E-05 0.569539 0.203538 0.0407064 9.9982E-05 0.0525534 0.0445121
0.121156 0.0108484 0.0336184 0.27738 0.00307259 9.9991E-05 0.549044 0.00478083
0.983953 0.000317198 9.9964E-05 9.9964E-05 0.0134535 9.9964E-05 9.9964E-05 0.00187611
0.778009 9.9955E-05 0.209609 0.0118825 9.9955E-05 9.9955E-05 9.9955E-05 9.9955E-05
0.71772 0.0061739 0.267855 9.9973E-05 0.0054943 0.00245645 9.9973E-05 9.9973E-05
0.657165 9.9973E-05 0.240064 0.00900865 9.9973E-05 0.0246485 0.0688142 9.9973E-05
9.994E-05 9.994E-05 9.994E-05 9.994E-05 9.994E-05 0.9993 9.994E-05 9.994E-05
0.887993 9.9964E-05 9.9964E-05 0.0583303 9.9964E-05 9.9964E-05 0.00190425 0.0513723
0.86142 9.9946E-05 0.13798 9.9946E-05 9.9946E-05 9.9946E-05 9.9946E-05 9.9946E-05
9.994E-05 9.994E-05 9.994E-05 9.994E-05 9.994E-05 0.9993 9.994E-05 9.994E-05
0.534137 9.99459E-05 0.465263 9.99459E-05 9.99459E-05 9.99459E-05 9.99459E-05 9.99459E-05
0.361288 0.000750241 0.411762 0.120957 9.9973E-05 9.9973E-05 9.9973E-05 0.104943
0.661026 9.9946E-05 0.338374 9.9946E-05 9.9946E-05 9.9946E-05 9.9946E-05 9.9946E-05
0.494952 9.9973E-05 0.410772 0.042595 0.00682885 9.9973E-05 9.9973E-05 0.0445519
0.53887 0.0101509 9.9973E-05 9.9973E-05 0.0106514 0.0305586 0.409469 9.9973E-05
0.198598 9.9973E-05 0.386555 0.270371 0.0591745 9.9973E-05 0.0850015 9.9973E-05
0.781296 0.0201394 9.996E-05 9.996E-05 0.0334806 9.996E-05 0.164684 9.996E-05
0.904734 9.9955E-05 0.0897135 9.9955E-05 9.9955E-05 0.00505239 9.9955E-05 9.9955E-05
0.958359 0.00404594 9.9973E-05 0.0124144 9.9973E-05 0.0157083 9.9973E-05 0.00917283
0.696805 9.9973E-05 0.264755 9.9973E-05 0.00810134 0.00924794 0.0207914 9.9973E-05
0.713071 9.9946E-05 0.286329 9.9946E-05 9.9946E-05 9.9946E-05 9.9946E-05 9.9946E-05
0.958799 9.9946E-05 0.0406015 9.9946E-05 9.9946E-05 9.9946E-05 9.9946E-05 9.9946E-05
9.99641E-05 0.0147682 9.99641E-05 9.99641E-05 0.839667 9.99641E-05 0.0704277 0.0747374
0.955387 0.0138834 9.9964E-05 9.9964E-05 0.00600531 9.9964E-05 9.9964E-05 0.0243247
0.19953 0.0191598 0.474192 0.177001 0.0366935 0.00788892 0.0854338 9.9991E-05
0.94124 9.9955E-05 9.9955E-05 0.0553388 9.9955E-05 0.00292171 9.9955E-05 9.9955E-05
0.971655 0.0119025 9.9955E-05 9.9955E-05 9.9955E-05 9.9955E-05 0.0159431 9.9955E-05
0.6238 9.9955E-05 0.330535 0.0451655 9.9955E-05 9.9955E-05 9.9955E-05 9.9955E-05
0.625469 9.995E-05 0.340741 9.995E-05 9.995E-05 9.995E-05 9.995E-05 0.03329
0.0998442 9.9955E-05 9.9955E-05 0.513148 9.9955E-05 9.9955E-05 9.9955E-05 0.386508
9.994E-05 9.994E-05 9.994E-05 9.994E-05 9.994E-05 0.9993 9.994E-05 9.994E-05
0.0533241 9.9955E-05 0.662428 9.9955E-05 9.9955E-05 9.9955E-05 0.283748 9.9955E-05
0.832926 0.0194221 9.997E-05 9.997E-05 0.0240095 0.00675913 0.116583 9.997E-05
0.783905 0.000846338 0.197349 9.9973E-05 0.00855312 0.00904707 9.9973E-05 9.9973E-05
0.954678 9.9955E-05 9.9955E-05 9.9955E-05 0.037944 9.9955E-05 0.00687834 9.9955E-05
0.993772 9.9946E-05 9.9946E-05 9.9946E-05 9.9946E-05 9.9946E-05 9.9946E-05 0.0056284
0.921141 0.0039909 9.9973E-05 9.9973E-05 9.9973E-05 0.0226937 0.050961 0.000913917
0.954729 0.00450565 0.0353653 0.00262474 9.9973E-05 0.002475 9.9973E-05 9.9973E-05
0.164313 9.9973E-05 0.0373701 0.623951 9.9973E-05 9.9973E-05 0.0171852 0.156881
0.933692 9.9955E-05 0.0268252 9.9955E-05 9.9955E-05 9.9955E-05 9.9955E-05 0.0389835
9.9973E-05 0.00160683 9.9973E-05 0.101517 0.689839 0.022291 0.184446 9.9973E-05
0.492447 9.9964E-05 0.471537 0.0152014 0.0204147 9.9964E-05 9.9964E-05 9.9964E-05
0.917625 9.9955E-05 0.0729734 9.9955E-05 9.9955E-05 0.00890151 9.9955E-05 9.9955E-05
0.115315 0.0676218 9.9991E-05 0.0111073 0.054148 0.393603 0.352133 0.00597209
0.44096 0.00532947 9.9964E-05 9.9964E-05 9.9964E-05 0.0313451 0.521965 9.9964E-05
0.270326 9.9955E-05 0.453568 9.9955E-05 9.9955E-05 9.9955E-05 0.275606 9.9955E-05
0.782545 0.00110762 0.198577 9.9964E-05 9.9964E-05 9.9964E-05 0.0173704 9.9964E-05
0.948272 9.9964E-05 9.9964E-05 0.0135388 0.00938581 9.9964E-05 0.0284041 9.9964E-05
9.994E-05 0.9993 9.994E-05 9.994E-05 9.994E-05 9.994E-05 9.994E-05 9.994E-05
0.492996 0.000622762 0.49349 9.9964E-05 9.9964E-05 9.9964E-05 9.9964E-05 0.0124914
0.51833 9.99549E-05 0.45195 0.0292206 9.99549E-05 9.99549E-05 9.99549E-05 9.99549E-05
0.163203 9.9964E-05 0.311437 0.282619 9.9964E-05 9.9964E-05 9.9964E-05 0.242342
0.070694 9.9982E-05 0.575718 0.0321464 0.0121278 9.9982E-05 0.0327805 0.276333
0.0772181 9.9955E-05 0.148037 9.9955E-05 9.9955E-05 9.9955E-05 9.9955E-05 0.774245
0.987688 9.9946E-05 9.9946E-05 9.9946E-05 0.0117124 9.9946E-05 9.9946E-05 9.9946E-05
0.48874 9.9946E-05 0.51066 9.9946E-05 9.9946E-05 9.9946E-05 9.9946E-05 9.9946E-05
0.875544 9.9955E-05 0.123388 9.9955E-05 9.9955E-05 0.000568682 9.9955E-05 9.9955E-05
0.314579 9.9964E-05 0.607679 0.0740083 9.9964E-05 9.9964E-05 0.0033331 9.9964E-05
0.124586 9.9973E-05 0.0424963 9.9973E-05 9.9973E-05 0.00843431 0.714289 0.109895
0.959667 9.9955E-05 9.9955E-05 9.9955E-05 0.00296779 9.9955E-05 0.0368655 9.9955E-05
0.17753 9.9964E-05 0.203078 0.586862 0.0321304 9.9964E-05 9.9964E-05 9.9964E-05
0.132167 0.00274344 0.669297 9.997E-05 9.997E-05 0.00537127 0.190121 9.997E-05
9.99641E-05 9.99641E-05 9.99641E-05 0.079485 0.848298 0.0118577 0.0599591 9.99641E-05
0.918582 9.9946E-05 9.9946E-05 0.080818 9.9946E-05 9.9946E-05 9.9946E-05 9.9946E-05
0.9993 9.994E-05 9.994E-05 9.994E-05 9.994E-05 9.994E-05 9.994E-05 9.994E-05
0.00286867 9.9982E-05 0.349832 0.08868 9.9982E-05 0.0175814 0.0288652 0.511973
9.994E-05 9.994E-05 9.994E-05 9.994E-05 9.994E-05 0.9993 9.994E-05 9.994E-05
0.0132282 9.99639E-05 0.0773857 9.99639E-05 9.99639E-05 0.0107498 9.99639E-05 0.898236
0.735699 9.9964E-05 0.158148 0.0841074 0.0216456 9.9964E-05 9.9964E-05 9.9964E-05
0.924335 0.0095335 9.9964E-05 9.9964E-05 0.0394993 9.9964E-05 0.0262326 9.9964E-05
0.0514921 9.9964E-05 0.387527 0.157446 9.9964E-05 9.9964E-05 9.9964E-05 0.403134
9.994E-05 9.994E-05 9.994E-05 9.994E-05 9.994E-05 0.9993 9.994E-05 9.994E-05
9.9964E-05 0.00452452 9.9964E-05 9.9964E-05 0.655583 0.0155171 0.323975 9.9964E-05
0.630338 9.9964E-05 0.154252 0.203152 9.9964E-05 9.9964E-05 9.9964E-05 0.011858
0.707099 9.9946E-05 0.292302 9.9946E-05 9.9946E-05 9.9946E-05 9.9946E-05 9.9946E-05
0.159334 9.9964E-05 0.485908 9.9964E-05 0.0044553 9.9964E-05 9.9964E-05 0.349903
0.970252 9.9964E-05 9.9964E-05 9.9964E-05 0.0244572 9.9964E-05 0.00219051 0.00270088
0.0181271 9.998E-05 0.08812 0.0875736 9.998E-05 0.035714 0.406914 0.363351
0.0383686 0.102613 9.9982E-05 0.0616308 0.134335 0.516244 0.146609 9.9982E-05
0.854672 9.9955E-05 0.116123 9.9955E-05 0.0287043 9.9955E-05 9.9955E-05 9.9955E-05
0.468879 9.99549E-05 0.406256 9.99549E-05 9.99549E-05 9.99549E-05 9.99549E-05 0.124365
9.994E-05 9.994E-05 9.994E-05 9.994E-05 0.9993 9.994E-05 9.994E-05 9.994E-05
0.818017 9.9955E-05 0.122706 9.9955E-05 9.9955E-05 9.9955E-05 9.9955E-05 0.058777
0.355724 9.9955E-05 0.493402 0.150374 9.9955E-05 9.9955E-05 9.9955E-05 9.9955E-05
0.770205 9.9946E-05 0.229195 9.9946E-05 9.9946E-05 9.9946E-05 9.9946E-05 9.9946E-05
0.194686 0.0103561 9.9955E-05 9.9955E-05 9.9955E-05 9.9955E-05 9.9955E-05 0.794458
0.141333 9.998E-05 0.355797 0.0295336 9.998E-05 0.00692286 0.133428 0.332787
9.9964E-05 9.9964E-05 0.574242 0.0128023 9.9964E-05 9.9964E-05 0.350987 0.0615696
0.0780959 0.0104444 9.99729E-05 0.198435 9.99729E-05 9.99729E-05 0.439107 0.273618
0.544959 9.9955E-05 0.44494 9.9955E-05 0.00960092 9.9955E-05 9.9955E-05 9.9955E-05
0.829741 9.996E-05 0.15621 9.996E-05 0.00765242 0.00599616 9.996E-05 9.996E-05
0.639938 9.996E-05 0.328035 9.996E-05 0.0126352 0.0189918 9.996E-05 9.996E-05
0.00852779 0.0640842 9.9973E-05 9.9973E-05 9.9973E-05 0.845616 0.0584875 0.0229847
0.904015 9.9982E-05 0.00660017 0.0188135 0.0238122 9.9982E-05 0.0411821 0.00537694
9.9973E-05 0.0174294 0.017272 9.9973E-05 0.0103816 0.95399 0.000627034 9.9973E-05
0.633649 9.9955E-05 0.351776 9.9955E-05 0.0140755 9.9955E-05 9.9955E-05 9.9955E-05
0.0542914 9.994E-05 9.994E-05 9.994E-05 0.945109 9.994E-05 9.994E-05 9.994E-05
9.99549E-05 9.99549E-05 0.350729 0.17471 9.99549E-05 9.99549E-05 9.99549E-05 0.474061
0.0919025 0.0198643 9.9964E-05 0.503318 9.9964E-05 9.9964E-05 9.9964E-05 0.384515
0.0627593 0.0349988 0.150634 0.36813 0.0162817 9.9982E-05 9.9982E-05 0.366996
0.475069 9.9955E-05 0.504334 9.9955E-05 0.0200973 9.9955E-05 9.9955E-05 9.9955E-05
0.153327 9.9982E-05 0.262896 0.249067 9.9982E-05 0.017583 0.176834 0.140093
0.930841 9.9964E-05 0.0661527 9.9964E-05 9.9964E-05 0.00246364 0.000142669 9.9964E-05
0.345984 0.00760703 0.469752 0.0722588 0.021334 0.000615675 9.999E-05 0.0823481
0.343635 0.0203288 9.99639E-05 9.99639E-05 0.00291521 9.99639E-05 0.632721 9.99639E-05
0.669184 9.997E-05 0.190788 0.0037979 9.997E-05 0.00807615 0.127854 9.997E-05
0.800383 0.0107317 0.166013 9.997E-05 9.997E-05 0.00107903 0.0214929 9.997E-05
0.0136533 9.99549E-05 9.99549E-05 9.99549E-05 0.977466 0.00838113 9.99549E-05 9.99549E-05
0.0813491 9.9982E-05 0.0127133 0.268356 0.0518163 0.00499365 0.580571 9.9982E-05
9.99461E-05 9.99461E-05 9.99461E-05 9.99461E-05 0.996415 9.99461E-05 9.99461E-05 0.00298573
0.615213 9.9955E-05 0.364672 0.0196157 9.9955E-05 9.9955E-05 9.9955E-05 9.9955E-05
0.196828 0.00424827 0.124383 0.00580358 0.0625286 9.9982E-05 0.606008 9.9982E-05
0.25977 9.9973E-05 0.0293949 0.0259511 0.0191416 9.9973E-05 0.665442 9.9973E-05
0.686222 9.9964E-05 0.276143 9.9964E-05 9.9964E-05 0.0273484 9.9964E-05 0.009887
0.987617 9.995E-05 0.00160909 9.995E-05 9.995E-05 9.995E-05 9.995E-05 0.0102741
9.9946E-05 9.9946E-05 9.9946E-05 9.9946E-05 0.00600387 0.993396 9.9946E-05 9.9946E-05
0.000111472 9.9973E-05 9.9973E-05 0.268656 0.0281727 9.9973E-05 0.599024 0.103736
0.653578 9.9955E-05 0.345222 9.9955E-05 9.9955E-05 0.000699765 9.9955E-05 9.9955E-05
0.143694 0.0219648 9.997E-05 9.997E-05 0.423121 0.0437025 0.367218 9.997E-05
0.963715 9.9955E-05 9.9955E-05 9.9955E-05 9.9955E-05 0.00174084 0.0340442 9.9955E-05
9.994E-05 0.9993 9.994E-05 9.994E-05 9.994E-05 9.994E-05 9.994E-05 9.994E-05
0.841782 0.00167927 0.0813844 0.0303849 9.998E-05 0.00617201 0.0383979 9.998E-05
0.148278 0.607235 9.9964E-05 9.9964E-05 9.9964E-05 0.022922 0.221166 9.9964E-05
0.0333709 0.00717203 0.4665 9.9991E-05 0.0206582 0.0150192 0.0313222 0.425858
0.965077 0.00114925 9.9982E-05 0.01421 0.00344725 9.9982E-05 0.0101477 0.00576911
0.996222 0.00317878 9.9946E-05 9.9946E-05 9.9946E-05 9.9946E-05 9.9946E-05 9.9946E-05
0.0630571 9.9973E-05 9.9973E-05 0.249816 9.9973E-05 0.0060441 0.468879 0.211904
0.905857 9.9955E-05 9.9955E-05 9.9955E-05 0.00878622 9.9955E-05 0.0848565 9.9955E-05
9.99461E-05 9.99461E-05 9.99461E-05 9.99461E-05 0.966023 9.99461E-05 9.99461E-05 0.0333776
0.974639 9.9973E-05 0.00923819 0.00137785 0.012502 0.00194338 9.9973E-05 9.9973E-05
9.994E-05 0.9993 9.994E-05 9.994E-05 9.994E-05 9.994E-05 9.994E-05 9.994E-05
0.9993 9.994E-05 9.994E-05 9.994E-05 9.994E-05 9.994E-05 9.994E-05 9.994E-05
0.0708127 0.000862143 0.389682 0.534868 0.00347543 9.9973E-05 9.9973E-05 9.9973E-05
0.295588 0.0151886 0.332975 0.32819 9.9982E-05 0.0122349 9.9982E-05 0.0156228
9.9955E-05 9.9955E-05 0.248846 9.9955E-05 9.9955E-05 9.9955E-05 0.649724 0.10093
0.187214 9.9964E-05 0.339014 9.9964E-05 9.9964E-05 0.0151549 0.458217 9.9964E-05
0.11896 9.99639E-05 9.99639E-05 0.368434 9.99639E-05 0.0674785 0.444728 9.99639E-05
0.986882 9.9946E-05 9.9946E-05 9.9946E-05 9.9946E-05 9.9946E-05 9.9946E-05 0.0125185
0.259281 9.997E-05 0.409882 0.227392 0.0373611 9.997E-05 9.997E-05 0.0657839
0.887582 9.9946E-05 0.111818 9.9946E-05 9.9946E-05 9.9946E-05 9.9946E-05 9.9946E-05
0.218626 9.9982E-05 0.130638 0.501022 0.0499253 0.0344458 0.0651432 9.9982E-05
0.0284847 0.00124847 0.0486125 9.9982E-05 0.0116156 9.9982E-05 0.233417 0.676421
0.827795 0.0151484 0.110145 9.9973E-05 0.00897941 9.9973E-05 0.0376332 9.9973E-05
0.368553 9.9946E-05 0.630848 9.9946E-05 9.9946E-05 9.9946E-05 9.9946E-05 9.9946E-05
0.668767 9.9964E-05 0.320256 9.9964E-05 0.00704584 0.0035306 9.9964E-05 9.9964E-05
0.913701 9.996E-05 9.996E-05 0.0551567 9.996E-05 9.996E-05 0.0270002 0.00374267
0.419193 0.0224899 9.997E-05 9.997E-05 0.0351594 0.006353 0.516505 9.997E-05
0.2627 9.9973E-05 0.336094 0.309528 9.9973E-05 0.0134872 0.077891 9.9973E-05
0.337147 0.0175742 0.270518 0.177913 0.00910122 9.9982E-05 0.187547 9.9982E-05
9.9973E-05 0.900959 9.9973E-05 9.9973E-05 0.0286596 0.0112504 0.0276688 0.0311624
0.915742 9.9955E-05 9.9955E-05 9.9955E-05 0.00714476 9.9955E-05 0.0766137 9.9955E-05
0.976689 9.9946E-05 9.9946E-05 9.9946E-05 9.9946E-05 9.9946E-05 0.0227109 9.9946E-05
0.86795 0.00842566 0.117757 0.00358507 9.9973E-05 0.00198188 9.9973E-05 9.9973E-05
0.0261787 9.99459E-05 9.99459E-05 9.99459E-05 0.973222 9.99459E-05 9.99459E-05 9.99459E-05
0.666682 0.0107626 0.256954 0.065201 9.9964E-05 9.9964E-05 9.9964E-05 9.9964E-05
0.112765 9.9973E-05 0.0222341 0.230762 9.9973E-05 9.9973E-05 0.581347 0.0525922
0.305429 9.9973E-05 0.43172 9.9973E-05 0.0227617 9.9973E-05 0.0386328 0.201157
0.996818 9.9946E-05 9.9946E-05 9.9946E-05 9.9946E-05 0.00258255 9.9946E-05 9.9946E-05
0.847502 9.9973E-05 0.00294718 0.129768 0.0117346 9.9973E-05 0.00774784 9.9973E-05
0.997266 9.9946E-05 9.9946E-05 9.9946E-05 9.9946E-05 9.9946E-05 9.9946E-05 0.00213454
0.0892695 9.998E-05 0.0559214 0.24936 9.998E-05 0.017388 0.491004 0.0968572
0.00533998 0.781728 9.997E-05 9.997E-05 0.0395623 0.0353453 0.137725 9.997E-05
9.9946E-05 9.9946E-05 9.9946E-05 9.9946E-05 9.9946E-05 9.9946E-05 0.662871 0.33653
0.485336 9.997E-05 0.323328 0.114919 9.997E-05 0.0257455 9.997E-05 0.0503708
9.9955E-05 0.954357 9.9955E-05 9.9955E-05 9.9955E-05 0.0144239 0.0307189 9.9955E-05
0.531233 0.00570373 0.281144 0.103276 0.0237848 9.998E-05 0.0546578 9.998E-05
0.222737 9.996E-05 0.303581 0.163143 9.996E-05 9.996E-05 9.996E-05 0.310138
0.898152 0.000441097 9.9982E-05 9.9982E-05 0.0325166 0.00552783 0.0419114 0.0212516
0.976226 9.9955E-05 9.9955E-05 0.019288 9.9955E-05 0.00398656 9.9955E-05 9.9955E-05
0.950371 0.00415361 9.9973E-05 0.00738158 9.9973E-05 0.00631143 0.0314827 9.9973E-05
0.452526 9.9964E-05 0.12513 0.310023 9.9964E-05 9.9964E-05 0.111921 9.9964E-05
0.060575 9.994E-05 9.994E-05 9.994E-05 0.938825 9.994E-05 9.994E-05 9.994E-05
0.966869 9.9955E-05 0.0315807 0.0010508 9.9955E-05 9.9955E-05 9.9955E-05 9.9955E-05
0.0693425 9.9973E-05 9.9973E-05 0.125769 0.00610496 9.9973E-05 0.10804 0.690443
0.352011 9.9982E-05 0.562262 0.0256867 0.00533894 9.9982E-05 0.0165224 0.0379794
9.99549E-05 0.0158968 0.0125971 9.99549E-05 0.971006 9.99549E-05 9.99549E-05 9.99549E-05
0.0652443 9.9964E-05 9.9964E-05 0.463259 9.9964E-05 9.9964E-05 0.219523 0.251574
0.192572 0.0327599 0.0549245 0.00336833 9.9973E-05 9.9973E-05 0.716076 9.9973E-05
0.110408 9.9982E-05 0.207137 0.606284 0.00642652 0.00426418 0.0652811 9.9982E-05
0.0814966 9.9964E-05 0.00968451 9.9964E-05 0.903297 0.00512245 9.9964E-05 9.9964E-05
0.408036 9.9955E-05 0.523227 9.9955E-05 9.9955E-05 9.9955E-05 9.9955E-05 0.0682372
9.99459E-05 0.999271 9.99459E-05 9.99459E-05 9.99459E-05 0.000129515 9.99459E-05 9.99459E-05
0.510093 9.99654E-05 0.44829 0.0355673 9.99654E-05 0.00564912 9.99654E-05 9.99654E-05
0.874579 9.9955E-05 0.112255 9.9955E-05 9.9955E-05 0.0126661 9.9955E-05 9.9955E-05
9.994E-05 0.9993 9.994E-05 9.994E-05 9.994E-05 9.994E-05 9.994E-05 9.994E-05
0.829376 9.9946E-05 0.170025 9.9946E-05 9.9946E-05 9.9946E-05 9.9946E-05 9.9946E-05
0.0178598 0.0103064 0.0112602 9.9991E-05 0.0090862 0.894472 0.0279143 0.0290007
0.119469 9.9964E-05 0.484198 0.389801 9.9964E-05 0.00613165 9.9964E-05 9.9964E-05
0.895137 9.9964E-05 0.0576539 9.9964E-05 0.0314537 9.9964E-05 0.0153557 9.9964E-05
0.108507 0.0087477 9.9982E-05 0.0962665 0.0638388 9.9982E-05 0.501362 0.221079
0.656485 0.00912858 0.239168 9.997E-05 9.997E-05 9.997E-05 0.0341678 0.0607502
0.00624552 0.917474 9.9964E-05 9.9964E-05 9.9964E-05 0.0226939 0.0531864 9.9964E-05
0.154934 0.0116545 0.57007 0.0302786 0.0104634 9.9991E-05 0.114006 0.108493
