0.276443 9.9955E-05 9.9955E-05 0.155487 9.9955E-05 0.00219828 9.9955E-05 0.0113797 9.9955E-05 0.553993
9.9928E-05 9.9928E-05 9.9928E-05 9.9928E-05 9.9928E-05 9.9928E-05 0.0364802 9.9928E-05 9.9928E-05 0.96272
0.0646933 9.9946E-05 9.9946E-05 9.9946E-05 9.9946E-05 0.0150576 9.9946E-05 0.00346616 9.9946E-05 0.916183
0.421479 0.01131 0.00875842 9.9964E-05 9.9964E-05 9.9964E-05 0.0243596 9.9964E-05 0.053243 0.480451
0.469171 9.9955E-05 0.0566257 0.00680976 9.9955E-05 9.9955E-05 9.9955E-05 9.9955E-05 0.366482 0.100412
0.0211162 9.9964E-05 9.9964E-05 0.0708697 9.9964E-05 0.00718633 0.684055 9.9964E-05 0.11809 0.0982827
9.9955E-05 9.9955E-05 0.0116556 0.29945 0.118204 9.9955E-05 9.9955E-05 9.9955E-05 0.396927 0.173263
0.473517 9.9955E-05 0.00446719 9.9955E-05 0.136154 9.9955E-05 0.0762729 9.9955E-05 0.30909 9.9955E-05
0.0695414 0.00217475 9.9964E-05 9.9964E-05 0.0130463 9.9964E-05 0.0137031 0.00977505 9.9964E-05 0.891359
0.334635 9.9928E-05 9.9928E-05 9.9928E-05 9.9928E-05 9.9928E-05 9.9928E-05 9.9928E-05 9.9928E-05 0.664566
0.460087 9.9946E-05 0.060621 9.9946E-05 0.383893 9.9946E-05 9.9946E-05 9.9946E-05 9.9946E-05 0.0947988
0.13063 9.9946E-05 0.0163989 0.851123 9.9946E-05 9.9946E-05 9.9946E-05 9.9946E-05 9.9946E-05 0.00124819
0.466855 9.99549E-05 9.99549E-05 0.144555 0.211923 9.99549E-05 9.99549E-05 9.99549E-05 0.0785758 0.0975918
9.99369E-05 9.99369E-05 9.99369E-05 9.99369E-05 0.0603996 9.99369E-05 0.894922 9.99369E-05 0.0439788 9.99369E-05
0.682016 9.9937E-05 9.9937E-05 9.9937E-05 9.9937E-05 9.9937E-05 9.9937E-05 0.00487635 9.9937E-05 0.312408
9.99639E-05 0.00123318 9.99639E-05 0.359624 9.99639E-05 9.99639E-05 0.213909 0.000682739 0.00358975 0.420561
0.107867 9.9973E-05 0.0270994 0.0462055 0.607369 9.9973E-05 0.084613 9.9973E-05 0.013515 0.113031
9.9964E-05 0.0166281 0.00936239 9.9964E-05 9.9964E-05 0.00706699 0.389441 0.416435 9.9964E-05 0.160666
9.9955E-05 0.00563466 0.00286261 9.9955E-05 9.9955E-05 9.9955E-05 0.0333 9.9955E-05 0.000564621 0.957138
0.107983 0.0316985 0.0604147 9.9973E-05 0.334873 9.9973E-05 9.9973E-05 0.000486482 0.324004 0.140241
0.047185 9.9937E-05 9.9937E-05 0.0568264 9.9937E-05 9.9937E-05 9.9937E-05 9.9937E-05 9.9937E-05 0.895289
0.160931 9.99459E-05 9.99459E-05 0.373815 0.323719 9.99459E-05 9.99459E-05 9.99459E-05 9.99459E-05 0.140936
0.381146 9.9955E-05 9.9955E-05 0.459178 9.9955E-05 0.0096683 0.0127672 9.9955E-05 9.9955E-05 0.136741
0.0575983 9.9937E-05 0.478677 9.9937E-05 9.9937E-05 0.463025 9.9937E-05 9.9937E-05 9.9937E-05 9.9937E-05
0.53602 9.9946E-05 0.03989 9.9946E-05 0.263771 9.9946E-05 9.9946E-05 9.9946E-05 9.9946E-05 0.159719
0.29679 9.9955E-05 9.9955E-05 0.0786792 0.196032 9.9955E-05 9.9955E-05 9.9955E-05 0.306088 0.121911
0.138555 9.9946E-05 9.9946E-05 9.9946E-05 9.9946E-05 0.00748721 9.9946E-05 0.00193638 9.9946E-05 0.851422
0.307561 9.9937E-05 9.9937E-05 0.0177748 9.9937E-05 9.9937E-05 9.9937E-05 9.9937E-05 9.9937E-05 0.673965
0.0428961 9.99281E-05 9.99281E-05 9.99281E-05 9.99281E-05 9.99281E-05 9.99281E-05 9.99281E-05 9.99281E-05 0.956304
9.9946E-05 9.9946E-05 0.0418603 0.294691 9.9946E-05 9.9946E-05 0.647603 9.9946E-05 9.9946E-05 0.0152452
9.9946E-05 9.9946E-05 9.9946E-05 0.0143872 9.9946E-05 9.9946E-05 0.00264736 9.9946E-05 0.0141669 0.968199
9.9937E-05 9.9937E-05 0.0168541 9.9937E-05 9.9937E-05 9.9937E-05 9.9937E-05 9.9937E-05 0.0187321 0.963714
9.9937E-05 9.9937E-05 9.9937E-05 9.9937E-05 9.9937E-05 9.9937E-05 0.222539 9.9937E-05 0.544239 0.232522
9.9928E-05 9.9928E-05 9.9928E-05 9.9928E-05 9.9928E-05 0.0129559 9.9928E-05 9.9928E-05 9.9928E-05 0.986245
0.233979 0.0147215 9.9964E-05 0.0464562 0.146357 9.9964E-05 9.9964E-05 9.9964E-05 0.390093 0.167993
0.615191 9.9928E-05 9.9928E-05 9.9928E-05 9.9928E-05 9.9928E-05 9.9928E-05 9.9928E-05 9.9928E-05 0.384009
9.9964E-05 0.0218924 0.0212572 0.716836 0.134477 9.9964E-05 0.10481 9.9964E-05 0.000326615 9.9964E-05
9.99729E-05 9.99729E-05 0.0388939 0.200187 0.190822 9.99729E-05 0.0910023 0.00634371 0.441596 0.0308554
0.581111 9.9946E-05 9.9946E-05 0.202031 9.9946E-05 0.0561061 9.9946E-05 9.9946E-05 0.160152 9.9946E-05
9.9964E-05 0.0155394 9.9964E-05 0.116064 9.9964E-05 0.00364803 0.272158 9.9964E-05 0.438953 0.153238
9.9946E-05 0.00622171 0.0111226 9.9946E-05 0.00498089 9.9946E-05 9.9946E-05 9.9946E-05 9.9946E-05 0.977075
0.21045 9.9937E-05 9.9937E-05 0.0668566 9.9937E-05 9.9937E-05 9.9937E-05 9.9937E-05 9.9937E-05 0.721994
0.3382 0.00250407 9.9955E-05 9.9955E-05 9.9955E-05 0.00740045 0.0169947 9.9955E-05 9.9955E-05 0.634402
0.243152 9.9964E-05 9.9964E-05 0.0597122 9.9964E-05 9.9964E-05 0.0406933 0.0205706 0.0247989 0.610673
9.99201E-05 9.99201E-05 9.99201E-05 9.99201E-05 9.99201E-05 9.99201E-05 9.99201E-05 0.999101 9.99201E-05 9.99201E-05
9.9946E-05 9.9946E-05 9.9946E-05 0.0276509 0.0414064 9.9946E-05 9.9946E-05 9.9946E-05 0.0519791 0.878364
0.165407 9.9937E-05 9.9937E-05 0.000707705 9.9937E-05 9.9937E-05 9.9937E-05 9.9937E-05 9.9937E-05 0.833186
9.99201E-05 9.99201E-05 9.99201E-05 9.99201E-05 9.99201E-05 9.99201E-05 9.99201E-05 0.999101 9.99201E-05 9.99201E-05
0.531849 9.9928E-05 9.9928E-05 9.9928E-05 9.9928E-05 9.9928E-05 9.9928E-05 9.9928E-05 9.9928E-05 0.467352
0.426363 9.9955E-05 9.9955E-05 0.148896 0.132886 9.9955E-05 0.0288171 9.9955E-05 9.9955E-05 0.262538
0.440941 9.99279E-05 9.99279E-05 9.99279E-05 9.99279E-05 9.99279E-05 9.99279E-05 9.99279E-05 9.99279E-05 0.558259
0.369256 9.9946E-05 9.9946E-05 0.183487 9.9946E-05 0.000703444 9.9946E-05 9.9946E-05 9.9946E-05 0.445953
9.99459E-05 9.99459E-05 9.99459E-05 9.99459E-05 9.99459E-05 0.0125843 0.548574 0.0194537 9.99459E-05 0.418788
0.205672 9.9964E-05 9.9964E-05 0.459023 9.9964E-05 0.0508458 0.0766705 9.9964E-05 0.0230074 0.184381
9.99459E-05 0.0123492 9.99459E-05 9.99459E-05 9.99459E-05 0.0371179 0.2379 9.99459E-05 9.99459E-05 0.712033
0.136559 9.9937E-05 9.9937E-05 9.9937E-05 9.9937E-05 9.9937E-05 9.9937E-05 0.00191669 9.9937E-05 0.860825
9.9964E-05 0.0018218 9.9964E-05 0.0129755 0.00769427 9.9964E-05 0.0010175 0.00785949 9.9964E-05 0.968232
0.313572 9.9955E-05 9.9955E-05 9.9955E-05 9.9955E-05 0.015358 0.0281975 0.00792358 9.9955E-05 0.63445
0.360449 9.9928E-05 9.9928E-05 9.9928E-05 9.9928E-05 9.9928E-05 9.9928E-05 9.9928E-05 9.9928E-05 0.638752
0.0601989 9.9937E-05 9.9937E-05 9.9937E-05 0.0174376 9.9937E-05 9.9937E-05 9.9937E-05 9.9937E-05 0.921664
9.99201E-05 9.99201E-05 0.999101 9.99201E-05 9.99201E-05 9.99201E-05 9.99201E-05 9.99201E-05 9.99201E-05 9.99201E-05
9.9955E-05 0.00717077 9.9955E-05 0.0213177 0.00529539 0.00832427 9.9955E-05 9.9955E-05 9.9955E-05 0.957392
0.545528 0.0111404 0.0561257 0.166171 9.9964E-05 9.9964E-05 0.195902 9.9964E-05 9.9964E-05 0.0247328
9.9937E-05 9.9937E-05 9.9937E-05 0.0337138 9.9937E-05 9.9937E-05 9.9937E-05 0.0088798 9.9937E-05 0.956707
9.9946E-05 0.00327419 0.00766591 9.9946E-05 9.9946E-05 9.9946E-05 9.9946E-05 9.9946E-05 0.00419425 0.984266
0.37546 9.9955E-05 0.0169385 0.0735722 9.9955E-05 9.9955E-05 9.9955E-05 0.00181546 9.9955E-05 0.531714
0.422016 9.9937E-05 9.9937E-05 9.9937E-05 0.0386516 9.9937E-05 9.9937E-05 9.9937E-05 9.9937E-05 0.538633
9.9946E-05 9.9946E-05 9.9946E-05 0.551964 0.358048 0.00136469 9.9946E-05 9.9946E-05 9.9946E-05 0.0880236
9.99201E-05 9.99201E-05 9.99201E-05 9.99201E-05 9.99201E-05 9.99201E-05 9.99201E-05 0.999101 9.99201E-05 9.99201E-05
0.637957 9.9955E-05 9.9955E-05 9.9955E-05 9.9955E-05 0.0127762 0.0255252 9.9955E-05 0.30106 0.0221827
9.99459E-05 0.00733622 9.99459E-05 9.99459E-05 9.99459E-05 0.0333916 0.183538 9.99459E-05 9.99459E-05 0.775135
0.27135 9.9946E-05 9.9946E-05 9.9946E-05 9.9946E-05 0.0180155 9.9946E-05 0.00346447 9.9946E-05 0.70657
9.9937E-05 9.9937E-05 0.0231537 9.9937E-05 9.9937E-05 0.0189274 9.9937E-05 9.9937E-05 9.9937E-05 0.957219
9.99371E-05 9.99371E-05 9.99371E-05 9.99371E-05 0.0057004 0.000660243 9.99371E-05 9.99371E-05 9.99371E-05 0.99294
9.9964E-05 0.0136522 9.9964E-05 9.9964E-05 0.00377986 9.9964E-05 0.00622952 0.0267997 0.0343388 0.9148
0.015184 9.9946E-05 0.00267758 9.9946E-05 0.0216343 9.9946E-05 9.9946E-05 9.9946E-05 9.9946E-05 0.959904
0.0814387 9.9973E-05 9.9973E-05 0.471188 0.192078 0.00395475 0.126672 9.9973E-05 0.0239015 0.100467
0.0339786 9.9946E-05 9.9946E-05 9.9946E-05 0.0417358 9.9946E-05 9.9946E-05 9.9946E-05 0.00256141 0.921125
9.9955E-05 9.9955E-05 0.809617 0.0344545 9.9955E-05 0.0560588 0.06504 9.9955E-05 9.9955E-05 0.0343301
0.482115 9.9946E-05 9.9946E-05 0.0909271 9.9946E-05 0.0306922 9.9946E-05 9.9946E-05 9.9946E-05 0.395666
0.106925 9.9946E-05 9.9946E-05 9.9946E-05 9.9946E-05 0.00467634 9.9946E-05 0.00840125 9.9946E-05 0.879398
9.9964E-05 0.0555496 0.138846 9.9964E-05 0.00156537 9.9964E-05 0.406672 0.364273 9.9964E-05 0.0326941
9.9937E-05 9.9937E-05 9.9937E-05 9.9937E-05 9.9937E-05 9.9937E-05 0.650515 0.0239897 9.9937E-05 0.324796
0.447645 9.99459E-05 9.99459E-05 9.99459E-05 9.99459E-05 9.99459E-05 0.157253 9.99459E-05 0.200457 0.194045
0.216991 0.00583635 9.9964E-05 0.026458 9.9964E-05 9.9964E-05 0.0517287 0.00726601 9.9964E-05 0.69132
9.9946E-05 9.9946E-05 0.0184082 0.0137403 9.9946E-05 9.9946E-05 0.0217437 9.9946E-05 9.9946E-05 0.945508
9.99201E-05 0.999101 9.99201E-05 9.99201E-05 9.99201E-05 9.99201E-05 9.99201E-05 9.99201E-05 9.99201E-05 9.99201E-05
0.469492 9.99369E-05 9.99369E-05 0.143346 9.99369E-05 9.99369E-05 9.99369E-05 9.99369E-05 9.99369E-05 0.386462
0.415325 9.99369E-05 9.99369E-05 0.151571 9.99369E-05 9.99369E-05 9.99369E-05 9.99369E-05 9.99369E-05 0.432405
0.173709 9.9946E-05 9.9946E-05 0.54494 0.1629 9.9946E-05 9.9946E-05 9.9946E-05 9.9946E-05 0.117851
0.570698 9.9946E-05 0.038829 9.9946E-05 0.346316 9.9946E-05 9.9946E-05 9.9946E-05 0.0435569 9.9946E-05
0.284236 9.9937E-05 9.9937E-05 9.9937E-05 0.67581 9.9937E-05 9.9937E-05 9.9937E-05 9.9937E-05 0.0392545
9.9937E-05 9.9937E-05 9.9937E-05 9.9937E-05 9.9937E-05 0.00731827 0.0209864 9.9937E-05 9.9937E-05 0.970996
0.629156 9.9928E-05 9.9928E-05 9.9928E-05 9.9928E-05 9.9928E-05 9.9928E-05 9.9928E-05 9.9928E-05 0.370045
0.199739 9.9928E-05 9.9928E-05 9.9928E-05 9.9928E-05 9.9928E-05 9.9928E-05 9.9928E-05 9.9928E-05 0.799462
0.57403 9.9946E-05 9.9946E-05 0.205074 9.9946E-05 9.9946E-05 0.0281462 9.9946E-05 9.9946E-05 0.19215
0.0144957 9.9955E-05 9.9955E-05 9.9955E-05 0.136509 9.9955E-05 0.695895 9.9955E-05 0.142702 0.00989865
9.9946E-05 9.9946E-05 0.00849522 9.9946E-05 9.9946E-05 9.9946E-05 0.000832001 9.9946E-05 0.00648557 0.983588
0.033114 9.9946E-05 9.9946E-05 0.739022 9.9946E-05 0.0476217 9.9946E-05 9.9946E-05 9.9946E-05 0.179643
0.655856 0.00769119 9.9955E-05 9.9955E-05 9.9955E-05 9.9955E-05 9.9955E-05 0.00587016 0.23747 0.0926133
9.9928E-05 9.9928E-05 0.873579 9.9928E-05 9.9928E-05 0.125622 9.9928E-05 9.9928E-05 9.9928E-05 9.9928E-05
9.9946E-05 9.9946E-05 9.9946E-05 0.05187 0.00776499 9.9946E-05 9.9946E-05 0.00258437 9.9946E-05 0.937181
9.99281E-05 9.99281E-05 9.99281E-05 9.99281E-05 9.99281E-05 0.00218481 9.99281E-05 9.99281E-05 9.99281E-05 0.997016
0.299654 9.99549E-05 9.99549E-05 0.044531 0.513457 9.99549E-05 9.99549E-05 0.00699785 0.134861 9.99549E-05
9.99201E-05 9.99201E-05 9.99201E-05 9.99201E-05 9.99201E-05 9.99201E-05 9.99201E-05 0.999101 9.99201E-05 9.99201E-05
0.121175 9.99369E-05 9.99369E-05 9.99369E-05 0.865797 9.99369E-05 9.99369E-05 0.0123279 9.99369E-05 9.99369E-05
0.0697152 9.9946E-05 9.9946E-05 0.212107 9.9946E-05 0.0222808 9.9946E-05 9.9946E-05 9.9946E-05 0.695297
9.9955E-05 0.000165632 0.0400882 9.9955E-05 9.9955E-05 0.00313084 0.0232796 9.9955E-05 9.9955E-05 0.932836
0.200468 9.9946E-05 9.9946E-05 0.458613 0.312498 9.9946E-05 9.9946E-05 9.9946E-05 9.9946E-05 0.0278216
9.99201E-05 9.99201E-05 9.99201E-05 9.99201E-05 9.99201E-05 9.99201E-05 9.99201E-05 0.999101 9.99201E-05 9.99201E-05
9.99459E-05 0.00105993 0.856597 9.99459E-05 9.99459E-05 9.99459E-05 0.135905 0.00583827 9.99459E-05 9.99459E-05
0.162629 9.9955E-05 9.9955E-05 0.176118 0.0381179 9.9955E-05 9.9955E-05 0.00651306 9.9955E-05 0.616122
0.394443 9.9928E-05 9.9928E-05 9.9928E-05 9.9928E-05 9.9928E-05 9.9928E-05 9.9928E-05 9.9928E-05 0.604758
0.604528 9.9955E-05 0.0199474 9.9955E-05 0.325597 9.9955E-05 9.9955E-05 9.9955E-05 0.00132973 0.0480984
0.00354182 9.99555E-05 0.0106563 9.99555E-05 9.99555E-05 0.0101034 9.99555E-05 9.99555E-05 0.00151232 0.973686
9.9973E-05 9.9973E-05 0.00961515 0.140405 0.371725 9.9973E-05 0.31893 0.0407749 0.114671 0.00357892
0.00881224 0.0860638 0.123813 9.9973E-05 0.00191315 0.0396249 0.235725 0.503748 9.9973E-05 9.9973E-05
0.155816 0.0011038 9.9946E-05 9.9946E-05 9.9946E-05 0.0388524 9.9946E-05 9.9946E-05 9.9946E-05 0.803629
0.399735 9.99459E-05 9.99459E-05 0.0820952 0.108505 9.99459E-05 9.99459E-05 9.99459E-05 9.99459E-05 0.409065
9.99281E-05 9.99281E-05 0.07323 9.99281E-05 9.99281E-05 0.925971 9.99281E-05 9.99281E-05 9.99281E-05 9.99281E-05
0.175983 9.9946E-05 9.9946E-05 9.9946E-05 0.039613 9.9946E-05 9.9946E-05 0.00810213 9.9946E-05 0.775702
0.435681 9.99369E-05 9.99369E-05 0.301256 9.99369E-05 9.99369E-05 9.99369E-05 9.99369E-05 9.99369E-05 0.262364
0.2711 9.9928E-05 9.9928E-05 9.9928E-05 9.9928E-05 9.9928E-05 9.9928E-05 9.9928E-05 9.9928E-05 0.728101
9.9946E-05 0.00498 0.0162518 9.9946E-05 0.757044 9.9946E-05 9.9946E-05 9.9946E-05 9.9946E-05 0.221124
0.274459 9.9973E-05 9.9973E-05 0.255717 0.21301 9.9973E-05 0.0168064 0.0137382 0.103607 0.122362
0.53884 9.9946E-05 0.0323604 9.9946E-05 9.9946E-05 9.9946E-05 9.9946E-05 9.9946E-05 0.416921 0.0112784
9.99369E-05 9.99369E-05 9.99369E-05 0.0748895 0.382996 9.99369E-05 0.541415 9.99369E-05 9.99369E-05 9.99369E-05
0.548843 9.99533E-05 0.0072919 9.99533E-05 9.99533E-05 0.0167823 9.99533E-05 9.99533E-05 9.99533E-05 0.426483
0.227002 9.9946E-05 9.9946E-05 9.9946E-05 9.9946E-05 0.00834608 9.9946E-05 0.004768 9.9946E-05 0.759284
0.410732 9.99494E-05 9.99494E-05 9.99494E-05 9.99494E-05 0.0155966 9.99494E-05 0.0226855 9.99494E-05 0.550386
9.9955E-05 0.0502897 0.01307 9.9955E-05 0.0306124 9.9955E-05 0.0655165 0.840012 9.9955E-05 9.9955E-05
9.99544E-05 9.99544E-05 9.99544E-05 0.0364306 9.99544E-05 0.0209317 0.0767258 9.99544E-05 9.99544E-05 0.865312
9.9946E-05 0.0142163 9.9946E-05 9.9946E-05 9.9946E-05 0.0109748 9.9946E-05 0.954248 0.0199613 9.9946E-05
0.436061 9.9946E-05 9.9946E-05 0.0216301 9.9946E-05 0.0224302 9.9946E-05 9.9946E-05 9.9946E-05 0.519279
9.99279E-05 9.99279E-05 9.99279E-05 9.99279E-05 9.99279E-05 0.950225 9.99279E-05 9.99279E-05 9.99279E-05 0.0489752
0.289142 9.99369E-05 9.99369E-05 0.213928 0.496231 9.99369E-05 9.99369E-05 9.99369E-05 9.99369E-05 9.99369E-05
9.9964E-05 0.00666626 0.0166807 0.228012 0.565983 9.9964E-05 0.12871 9.9964E-05 9.9964E-05 0.0535493
0.102254 0.0391 9.9964E-05 0.459853 0.320984 0.0271999 9.9964E-05 9.9964E-05 9.9964E-05 0.0502089
0.612349 9.9955E-05 0.0183946 9.9955E-05 0.0039575 9.9955E-05 9.9955E-05 9.9955E-05 0.00307654 0.361723
0.344616 9.9973E-05 0.00633027 0.086069 0.0465166 9.9973E-05 9.9973E-05 0.0113727 0.371756 0.133039
0.087856 9.99281E-05 9.99281E-05 9.99281E-05 9.99281E-05 9.99281E-05 9.99281E-05 9.99281E-05 9.99281E-05 0.911345
0.533519 0.000994981 9.9982E-05 0.0583119 0.109247 0.0211463 0.0373092 0.00170821 9.9982E-05 0.237563
9.99279E-05 9.99279E-05 9.99279E-05 9.99279E-05 9.99279E-05 9.99279E-05 0.811027 9.99279E-05 9.99279E-05 0.188173
0.18779 0.00286882 9.9955E-05 9.9955E-05 9.9955E-05 9.9955E-05 9.9955E-05 0.00860549 0.136152 0.664084
0.181826 0.0105088 9.9964E-05 0.0215308 9.9964E-05 9.9964E-05 0.050638 0.000704808 9.9964E-05 0.734392
9.99369E-05 9.99369E-05 9.99369E-05 9.99369E-05 9.99369E-05 0.959381 0.0280583 0.0118611 9.99369E-05 9.99369E-05
9.99549E-05 9.99549E-05 9.99549E-05 0.152614 9.99549E-05 0.0573874 0.33549 9.99549E-05 0.374579 0.0794294
9.99281E-05 9.99281E-05 0.107159 9.99281E-05 9.99281E-05 0.892041 9.99281E-05 9.99281E-05 9.99281E-05 9.99281E-05
0.393729 0.00307273 9.9964E-05 0.0736922 9.9964E-05 0.00882247 9.9964E-05 0.000803456 9.9964E-05 0.51948
0.191694 9.9955E-05 0.0853147 0.00180634 9.9955E-05 9.9955E-05 0.715107 9.9955E-05 9.9955E-05 0.00557833
9.9955E-05 9.9955E-05 9.9955E-05 9.9955E-05 9.9955E-05 0.0265878 0.477821 0.00365934 0.282584 0.208848
0.33555 9.9946E-05 9.9946E-05 9.9946E-05 0.0194553 9.9946E-05 9.9946E-05 0.0294234 9.9946E-05 0.614971
9.9928E-05 9.9928E-05 9.9928E-05 9.9928E-05 0.0356378 9.9928E-05 9.9928E-05 9.9928E-05 9.9928E-05 0.963563
9.9928E-05 9.9928E-05 9.9928E-05 9.9928E-05 9.9928E-05 0.0054606 9.9928E-05 0.99374 9.9928E-05 9.9928E-05
9.99459E-05 9.99459E-05 9.99459E-05 9.99459E-05 0.200225 0.0362743 0.528669 9.99459E-05 0.234233 9.99459E-05
0.399781 9.99459E-05 0.00274787 9.99459E-05 9.99459E-05 9.99459E-05 9.99459E-05 9.99459E-05 0.031261 0.56561
9.995E-05 9.995E-05 0.508123 9.995E-05 9.995E-05 0.0140627 0.322313 0.0333444 9.995E-05 0.121657
9.9946E-05 9.9946E-05 9.9946E-05 9.9946E-05 9.9946E-05 9.9946E-05 0.0237622 0.00577846 0.000215484 0.969644
9.99201E-05 0.999101 9.99201E-05 9.99201E-05 9.99201E-05 9.99201E-05 9.99201E-05 9.99201E-05 9.99201E-05 9.99201E-05
0.114879 9.9955E-05 9.9955E-05 0.0420552 9.9955E-05 9.9955E-05 0.0686338 0.00723897 9.9955E-05 0.766694
9.9946E-05 0.579423 9.9946E-05 9.9946E-05 9.9946E-05 9.9946E-05 0.328853 0.0191438 9.9946E-05 0.0719803
0.309986 9.9964E-05 0.0143774 0.30826 0.338389 9.9964E-05 9.9964E-05 0.0196651 9.9964E-05 0.00892301
9.9964E-05 0.00261579 0.0106425 9.9964E-05 0.0129004 9.9964E-05 0.00202532 9.9964E-05 0.00893402 0.962482
9.9937E-05 0.00264164 9.9937E-05 9.9937E-05 9.9937E-05 9.9937E-05 9.9937E-05 9.9937E-05 0.016304 0.980355
9.9955E-05 0.0115261 0.0171859 9.9955E-05 0.0762152 9.9955E-05 9.9955E-05 9.9955E-05 0.69281 0.201763
9.9946E-05 9.9946E-05 9.9946E-05 9.9946E-05 9.9946E-05 0.00998668 0.0660833 9.9946E-05 0.0127846 0.910546
9.99281E-05 9.99281E-05 0.371165 9.99281E-05 9.99281E-05 0.628036 9.99281E-05 9.99281E-05 9.99281E-05 9.99281E-05
0.0341685 9.9937E-05 9.9937E-05 9.9937E-05 9.9937E-05 0.00436107 9.9937E-05 9.9937E-05 9.9937E-05 0.960771
9.99201E-05 0.999101 9.99201E-05 9.99201E-05 9.99201E-05 9.99201E-05 9.99201E-05 9.99201E-05 9.99201E-05 9.99201E-05
0.00195681 9.9946E-05 9.9946E-05 0.00893836 9.9946E-05 0.00415482 9.9946E-05 9.9946E-05 9.9946E-05 0.98435
0.248969 9.9946E-05 9.9946E-05 0.673643 9.9946E-05 9.9946E-05 0.0449908 9.9946E-05 9.9946E-05 0.0317976
0.242663 0.00973194 9.9964E-05 0.405986 9.9964E-05 9.9964E-05 9.9964E-05 0.0125957 0.0772907 0.251333
0.0847376 9.9964E-05 9.9964E-05 0.179066 0.0260095 0.00947719 0.435445 9.9964E-05 0.264865 9.9964E-05
0.241415 0.00507291 9.9973E-05 9.9973E-05 9.9973E-05 0.00737756 0.0817334 0.0246161 0.406912 0.232573
9.996E-05 9.996E-05 9.996E-05 0.132825 9.996E-05 0.0144497 0.356606 0.0468295 0.329427 0.119463
9.99281E-05 9.99281E-05 9.99281E-05 9.99281E-05 0.00778653 9.99281E-05 9.99281E-05 9.99281E-05 9.99281E-05 0.991414
0.466317 9.99549E-05 9.99549E-05 0.239858 0.0653394 0.0536334 9.99549E-05 9.99549E-05 9.99549E-05 0.174352
0.1487 9.9937E-05 0.000222866 9.9937E-05 9.9937E-05 9.9937E-05 9.9937E-05 9.9937E-05 9.9937E-05 0.850377
0.135704 9.9982E-05 0.0286388 0.448106 9.9982E-05 0.0212344 0.158514 0.0285629 0.019078 0.159963
9.9955E-05 9.9955E-05 9.9955E-05 0.00890037 0.711755 0.0228209 0.229552 9.9955E-05 9.9955E-05 0.0264719
0.0545986 0.00534244 0.0251292 0.0607431 9.9964E-05 9.9964E-05 0.0243811 9.9964E-05 9.9964E-05 0.829406
0.673655 9.9946E-05 9.9946E-05 0.0640873 9.9946E-05 9.9946E-05 9.9946E-05 0.00190448 9.9946E-05 0.259753
0.412178 9.99459E-05 0.0337254 9.99459E-05 9.99459E-05 9.99459E-05 9.99459E-05 0.00142769 9.99459E-05 0.552069
9.9955E-05 9.9955E-05 0.00644428 0.00135099 0.0172962 9.9955E-05 9.9955E-05 9.9955E-05 0.0424978 0.931911
9.9955E-05 0.00544014 9.9955E-05 9.9955E-05 9.9955E-05 0.0485219 0.622158 9.9955E-05 0.0232283 0.300151
0.273947 9.9955E-05 9.9955E-05 0.28958 9.9955E-05 9.9955E-05 9.9955E-05 0.00859881 0.1773 0.250074
0.191698 0.0155473 0.00450077 0.274299 9.9982E-05 0.000807952 0.166679 9.9982E-05 0.0520331 0.294235
0.00318175 0.885743 0.0476753 9.9964E-05 9.9964E-05 9.9964E-05 0.00970601 0.00906991 0.0442243 9.9964E-05
9.9955E-05 0.00171739 0.0238188 9.9955E-05 9.9955E-05 9.9955E-05 0.00566095 9.9955E-05 0.0366965 0.931607
9.9937E-05 9.9937E-05 9.9937E-05 9.9937E-05 9.9937E-05 9.9937E-05 0.00764811 9.9937E-05 0.00191219 0.98974
0.0974722 0.00366847 9.9955E-05 0.0753715 9.9955E-05 9.9955E-05 9.9955E-05 0.0035538 9.9955E-05 0.819434
9.9928E-05 9.9928E-05 9.9928E-05 9.9928E-05 9.9928E-05 0.980907 9.9928E-05 9.9928E-05 9.9928E-05 0.0182932
0.210473 0.00263854 9.9955E-05 0.137364 9.9955E-05 9.9955E-05 0.0355672 9.9955E-05 9.9955E-05 0.613458
9.9928E-05 9.9928E-05 9.9928E-05 9.9928E-05 9.9928E-05 9.9928E-05 9.9928E-05 9.9928E-05 0.769091 0.23011
0.462887 9.9964E-05 9.9964E-05 0.00572595 0.244075 0.038931 0.0269761 9.9964E-05 9.9964E-05 0.221005
9.9946E-05 9.9946E-05 9.9946E-05 9.9946E-05 9.9946E-05 0.00491846 0.0229038 0.0015775 9.9946E-05 0.970001
0.0642379 9.9973E-05 0.0149332 0.00740486 0.0227944 9.9973E-05 0.00699995 9.9973E-05 0.05754 0.82579
0.0076528 9.9937E-05 9.9937E-05 9.9937E-05 9.9937E-05 0.00301199 9.9937E-05 9.9937E-05 9.9937E-05 0.988636
9.9946E-05 9.9946E-05 9.9946E-05 0.0401703 9.9946E-05 9.9946E-05 9.9946E-05 0.0219164 0.707204 0.23011
9.9955E-05 0.776333 9.9955E-05 9.9955E-05 9.9955E-05 0.0427409 0.146755 0.026365 0.0073059 9.9955E-05
9.99459E-05 9.99459E-05 9.99459E-05 9.99459E-05 0.056448 9.99459E-05 0.155316 9.99459E-05 0.692992 0.0946441
0.323589 9.9955E-05 9.9955E-05 0.12157 0.102245 9.9955E-05 9.9955E-05 0.0239739 9.9955E-05 0.428122
9.9937E-05 0.948107 9.9937E-05 9.9937E-05 9.9937E-05 9.9937E-05 0.0337768 0.0174163 9.9937E-05 9.9937E-05
0.176347 0.0141529 9.9964E-05 0.246556 9.9964E-05 0.0361768 0.0171383 9.9964E-05 9.9964E-05 0.509229
0.263427 9.99459E-05 9.99459E-05 0.282303 0.270734 9.99459E-05 9.99459E-05 9.99459E-05 9.99459E-05 0.182936
9.9955E-05 9.9955E-05 0.0310958 9.9955E-05 0.0247334 0.00863616 0.0532126 9.9955E-05 9.9955E-05 0.881822
9.9928E-05 9.9928E-05 9.9928E-05 0.039792 9.9928E-05 9.9928E-05 9.9928E-05 9.9928E-05 9.9928E-05 0.959409
9.9955E-05 0.00364096 0.00536667 9.9955E-05 9.9955E-05 9.9955E-05 9.9955E-05 0.00673716 0.046366 0.937389
0.0639174 9.9955E-05 9.9955E-05 0.354364 9.9955E-05 0.0058038 0.174563 9.9955E-05 9.9955E-05 0.400852
9.99279E-05 9.99279E-05 9.99279E-05 9.99279E-05 9.99279E-05 0.957052 9.99279E-05 9.99279E-05 9.99279E-05 0.0421484
0.0502031 9.9937E-05 9.9937E-05 9.9937E-05 9.9937E-05 0.00280442 9.9937E-05 9.9937E-05 9.9937E-05 0.946293
9.9964E-05 9.9964E-05 9.9964E-05 0.125122 0.656002 0.0112676 0.146249 9.9964E-05 0.0140344 0.046925
0.664064 9.9973E-05 9.9973E-05 0.0690988 0.00044141 0.00604625 0.0274848 9.9973E-05 0.0166958 0.215869
0.00436913 0.0251482 0.0316257 9.9946E-05 9.9946E-05 0.938257 9.9946E-05 9.9946E-05 9.9946E-05 9.9946E-05
9.9955E-05 9.9955E-05 9.9955E-05 0.00254062 0.372931 0.0138903 9.9955E-05 9.9955E-05 0.457105 0.153033
0.0500257 9.9937E-05 9.9937E-05 0.00804631 9.9937E-05 9.9937E-05 0.941228 9.9937E-05 9.9937E-05 9.9937E-05
0.274839 9.997E-05 0.0476089 0.369743 0.0385873 9.997E-05 0.130888 9.997E-05 0.0872902 0.0507435
0.0211151 9.9964E-05 9.9964E-05 9.9964E-05 0.013118 0.90258 0.00708985 0.00704275 9.9964E-05 0.048654
0.583148 9.9937E-05 9.9937E-05 9.9937E-05 0.100757 9.9937E-05 9.9937E-05 9.9937E-05 9.9937E-05 0.315395
9.99279E-05 0.993438 9.99279E-05 9.99279E-05 9.99279E-05 9.99279E-05 9.99279E-05 9.99279E-05 9.99279E-05 0.00576248
0.536076 0.00919114 0.00791116 0.0580946 9.9973E-05 9.9973E-05 9.9973E-05 0.00455603 0.00367307 0.380198
0.0958174 9.9946E-05 9.9946E-05 0.0189269 9.9946E-05 9.9946E-05 9.9946E-05 0.0148777 9.9946E-05 0.869778
9.99201E-05 0.999101 9.99201E-05 9.99201E-05 9.99201E-05 9.99201E-05 9.99201E-05 9.99201E-05 9.99201E-05 9.99201E-05
0.227306 9.9928E-05 9.9928E-05 9.9928E-05 9.9928E-05 9.9928E-05 9.9928E-05 9.9928E-05 9.9928E-05 0.771895
0.0114066 0.00896361 9.9982E-05 9.9982E-05 0.00567247 0.0194356 0.0263648 0.886935 0.0193043 0.0217177
0.230916 9.9955E-05 9.9955E-05 0.674962 9.9955E-05 9.9955E-05 0.00600662 0.00457061 9.9955E-05 0.0830445
0.0937043 9.9946E-05 9.9946E-05 9.9946E-05 9.9946E-05 0.0212603 0.0474428 9.9946E-05 9.9946E-05 0.836993
9.9973E-05 0.011321 9.9973E-05 0.0271426 0.0961187 0.0762906 0.202158 9.9973E-05 0.423893 0.162776
0.304944 0.00864194 9.9964E-05 9.9964E-05 0.0553415 9.9964E-05 0.0596227 9.9964E-05 0.00301468 0.568035
9.9946E-05 0.915837 9.9946E-05 9.9946E-05 9.9946E-05 9.9946E-05 0.0490279 0.022107 9.9946E-05 0.0124281
0.420854 0.00718966 9.9973E-05 0.184834 0.079241 0.0146853 9.9973E-05 9.9973E-05 0.140771 0.152125
