0.0153673 9.9955E-05 0.561876 9.9955E-05 0.0339219 9.9955E-05 0.372064 9.9955E-05 0.0162713 9.9955E-05
9.9928E-05 0.0308154 0.968385 9.9928E-05 9.9928E-05 9.9928E-05 9.9928E-05 9.9928E-05 9.9928E-05 9.9928E-05
9.995E-05 9.995E-05 0.925473 0.00836098 9.995E-05 9.995E-05 0.0401028 0.0129035 9.995E-05 0.01266
0.0216261 9.9964E-05 0.516202 9.9964E-05 9.9964E-05 0.00163762 0.317968 9.9964E-05 0.0217785 0.120389
0.00213384 0.0918621 0.110935 0.0274156 0.172555 9.9982E-05 0.337704 9.9982E-05 0.0884547 0.168741
0.00937656 0.571016 0.16643 0.0127041 9.9955E-05 9.9955E-05 9.9955E-05 9.9955E-05 9.9955E-05 0.239974
9.9946E-05 0.044705 0.145917 9.9946E-05 0.407187 9.9946E-05 9.9946E-05 9.9946E-05 0.401592 9.9946E-05
9.99279E-05 9.99279E-05 9.99279E-05 9.99279E-05 9.99279E-05 9.99279E-05 0.0529535 9.99279E-05 9.99279E-05 0.946247
0.0173404 0.000656619 0.90562 9.9964E-05 9.9964E-05 0.0102926 0.0343188 0.0313722 9.9964E-05 9.9964E-05
9.9928E-05 9.9928E-05 0.686806 9.9928E-05 9.9928E-05 9.9928E-05 0.312395 9.9928E-05 9.9928E-05 9.9928E-05
0.00397948 9.9964E-05 0.124331 9.9964E-05 0.0331725 9.9964E-05 0.400598 0.243097 9.9964E-05 0.194421
9.9928E-05 9.9928E-05 9.9928E-05 9.9928E-05 0.614884 9.9928E-05 0.384316 9.9928E-05 9.9928E-05 9.9928E-05
9.9955E-05 9.9955E-05 0.142782 9.9955E-05 0.106648 9.9955E-05 0.44443 0.21066 9.9955E-05 0.0949806
9.99549E-05 0.81522 0.0795093 9.99549E-05 9.99549E-05 9.99549E-05 0.0295006 0.0365061 9.99549E-05 0.0387639
0.00525978 9.9964E-05 0.369043 0.00118137 9.9964E-05 0.00832612 0.612652 9.9964E-05 9.9964E-05 0.00313784
0.00297434 0.191679 0.423027 9.9973E-05 0.14687 9.9973E-05 0.139705 9.9973E-05 0.0951097 0.000334855
9.9955E-05 0.134717 0.121707 9.9955E-05 9.9955E-05 9.9955E-05 0.0704504 0.671845 0.000779804 9.9955E-05
0.413983 0.369366 0.177733 0.0113179 9.9955E-05 0.027101 9.9955E-05 9.9955E-05 9.9955E-05 9.9955E-05
0.00471919 0.0070533 0.959565 9.9955E-05 9.9955E-05 0.00421295 9.9955E-05 9.9955E-05 0.0239496 9.9955E-05
9.99279E-05 9.99279E-05 9.99279E-05 9.99279E-05 9.99279E-05 0.00406696 9.99279E-05 9.99279E-05 0.995134 9.99279E-05
9.99436E-05 9.99436E-05 0.869922 0.00188899 9.99436E-05 9.99436E-05 0.127489 9.99436E-05 9.99436E-05 9.99436E-05
9.9955E-05 9.9955E-05 0.111651 0.0157325 0.102801 9.9955E-05 0.375197 0.394119 9.9955E-05 9.9955E-05
0.00121665 9.9973E-05 0.140234 0.0164613 0.234235 0.00145678 0.591401 9.9973E-05 9.9973E-05 0.0146958
0.00931195 9.9946E-05 9.9946E-05 0.895644 9.9946E-05 9.9946E-05 0.0186075 9.9946E-05 9.9946E-05 0.0758371
9.9964E-05 9.9964E-05 0.200285 0.0254063 9.9964E-05 0.000145868 0.457793 0.252853 9.9964E-05 0.0631177
9.9946E-05 9.9946E-05 0.202742 9.9946E-05 9.9946E-05 9.9946E-05 9.9946E-05 0.306335 0.00720319 0.483121
0.0116597 9.9946E-05 0.834 9.9946E-05 9.9946E-05 9.9946E-05 0.151966 9.9946E-05 0.00177502 9.9946E-05
9.9928E-05 9.9928E-05 0.657324 9.9928E-05 9.9928E-05 9.9928E-05 0.341876 9.9928E-05 9.9928E-05 9.9928E-05
9.9937E-05 9.9937E-05 0.960307 9.9937E-05 9.9937E-05 9.9937E-05 0.0276103 0.0113831 9.9937E-05 9.9937E-05
9.9946E-05 0.519088 0.156859 9.9946E-05 0.279181 9.9946E-05 0.0442718 9.9946E-05 9.9946E-05 9.9946E-05
9.9946E-05 0.0106347 0.940588 9.9946E-05 0.0463424 0.00183551 9.9946E-05 9.9946E-05 9.9946E-05 9.9946E-05
9.9937E-05 9.9937E-05 0.961748 9.9937E-05 0.0234273 9.9937E-05 9.9937E-05 9.9937E-05 9.9937E-05 0.014125
9.9937E-05 0.435464 0.130066 9.9937E-05 9.9937E-05 9.9937E-05 9.9937E-05 9.9937E-05 9.9937E-05 0.43377
9.9937E-05 9.9937E-05 0.979296 0.00381939 9.9937E-05 9.9937E-05 9.9937E-05 0.0161851 9.9937E-05 9.9937E-05
9.9973E-05 0.0561842 0.210482 9.9973E-05 0.425185 0.0139554 0.10282 0.02365 9.9973E-05 0.167424
9.9928E-05 9.9928E-05 0.42464 9.9928E-05 9.9928E-05 9.9928E-05 0.574561 9.9928E-05 9.9928E-05 9.9928E-05
9.99459E-05 9.99459E-05 9.99459E-05 9.99459E-05 0.642058 0.0313957 0.218325 9.99459E-05 0.107622 9.99459E-05
0.00147507 0.237015 9.99639E-05 0.0130759 9.99639E-05 9.99639E-05 9.99639E-05 0.295987 0.184794 0.267252
9.9955E-05 9.9955E-05 0.0264507 0.0298262 0.153799 9.9955E-05 0.502702 9.9955E-05 9.9955E-05 0.286723
9.9955E-05 0.609452 0.0126489 9.9955E-05 0.094572 9.9955E-05 0.117843 9.9955E-05 0.164984 9.9955E-05
9.9946E-05 9.9946E-05 0.957825 0.0146717 9.9946E-05 0.00289332 9.9946E-05 9.9946E-05 9.9946E-05 0.02401
9.9937E-05 9.9937E-05 0.738456 9.9937E-05 9.9937E-05 9.9937E-05 0.224769 0.0360756 9.9937E-05 9.9937E-05
0.00133089 0.00517302 0.636344 0.00191684 9.9973E-05 0.0121517 0.333387 9.9973E-05 0.00939671 9.9973E-05
0.034153 0.0425239 0.63049 9.9955E-05 9.9955E-05 9.9955E-05 0.254428 9.9955E-05 9.9955E-05 0.0379049
0.998061 9.9928E-05 9.9928E-05 9.9928E-05 9.9928E-05 9.9928E-05 9.9928E-05 9.9928E-05 9.9928E-05 0.00114002
9.9946E-05 9.9946E-05 0.850589 9.9946E-05 0.0485232 9.9946E-05 9.9946E-05 0.0453844 9.9946E-05 0.0549033
9.9928E-05 9.9928E-05 0.799276 9.9928E-05 9.9928E-05 9.9928E-05 0.199924 9.9928E-05 9.9928E-05 9.9928E-05
0.999101 9.99201E-05 9.99201E-05 9.99201E-05 9.99201E-05 9.99201E-05 9.99201E-05 9.99201E-05 9.99201E-05 9.99201E-05
9.9928E-05 9.9928E-05 0.500084 9.9928E-05 9.9928E-05 9.9928E-05 0.499117 9.9928E-05 9.9928E-05 9.9928E-05
9.9964E-05 0.0213602 0.298121 9.9964E-05 0.0300615 0.0123354 0.477263 0.160459 9.9964E-05 9.9964E-05
9.9946E-05 9.9946E-05 0.58856 9.9946E-05 9.9946E-05 0.000305159 0.399074 9.9946E-05 9.9946E-05 0.0114613
9.9955E-05 9.9955E-05 0.428246 0.00787488 0.0384659 9.9955E-05 0.493763 9.9955E-05 9.9955E-05 0.0311497
0.0334721 0.440617 0.519705 0.00384198 9.9955E-05 0.00186366 9.9955E-05 9.9955E-05 9.9955E-05 9.9955E-05
9.9964E-05 0.20064 0.119116 0.0494521 0.092849 9.9964E-05 0.535862 0.00168102 9.9964E-05 9.9964E-05
9.99459E-05 0.186414 0.760767 0.0359949 9.99459E-05 0.0162242 9.99459E-05 9.99459E-05 9.99459E-05 9.99459E-05
0.00262088 9.9937E-05 0.849696 9.9937E-05 9.9937E-05 9.9937E-05 0.146983 9.9937E-05 9.9937E-05 9.9937E-05
0.00454418 9.9955E-05 0.968886 9.9955E-05 9.9955E-05 0.00175248 9.9955E-05 0.012562 0.0117559 9.9955E-05
0.00785326 0.0265587 0.644439 0.00153884 9.9964E-05 9.9964E-05 0.30559 9.9964E-05 9.9964E-05 0.0136203
9.9928E-05 9.9928E-05 0.63208 9.9928E-05 9.9928E-05 9.9928E-05 0.36712 9.9928E-05 9.9928E-05 9.9928E-05
9.9937E-05 9.9937E-05 0.903032 9.9937E-05 9.9937E-05 9.9937E-05 0.0770116 0.0192568 9.9937E-05 9.9937E-05
9.99551E-05 0.0703255 9.99551E-05 0.837943 0.066054 0.0103797 9.99551E-05 9.99551E-05 0.0147986 9.99551E-05
9.9946E-05 9.9946E-05 0.953255 0.00307992 9.9946E-05 0.00901143 9.9946E-05 0.0340541 9.9946E-05 9.9946E-05
9.9964E-05 0.123645 0.136717 0.0239177 0.206073 0.0253827 0.483865 9.9964E-05 9.9964E-05 9.9964E-05
0.00827011 9.9946E-05 0.918113 9.9946E-05 9.9946E-05 9.9946E-05 0.0539469 9.9946E-05 0.0190708 9.9946E-05
9.9937E-05 9.9937E-05 0.98479 9.9937E-05 9.9937E-05 0.00328392 9.9937E-05 9.9937E-05 0.0112262 9.9937E-05
0.00502861 9.9955E-05 0.555638 9.9955E-05 0.0147796 9.9955E-05 0.423913 9.9955E-05 9.9955E-05 0.000140789
9.99281E-05 9.99281E-05 0.541434 9.99281E-05 9.99281E-05 9.99281E-05 0.457767 9.99281E-05 9.99281E-05 9.99281E-05
9.99369E-05 9.99369E-05 0.161041 9.99369E-05 0.533473 9.99369E-05 9.99369E-05 0.304786 9.99369E-05 9.99369E-05
0.999101 9.99201E-05 9.99201E-05 9.99201E-05 9.99201E-05 9.99201E-05 9.99201E-05 9.99201E-05 9.99201E-05 9.99201E-05
9.9955E-05 9.9955E-05 0.12553 0.00417747 9.9955E-05 9.9955E-05 0.300506 9.9955E-05 0.0150467 0.554239
9.99459E-05 0.129879 0.815895 0.0316375 9.99459E-05 0.0219887 9.99459E-05 9.99459E-05 9.99459E-05 9.99459E-05
0.00830984 9.9955E-05 0.721066 0.0140041 9.9955E-05 0.00337023 0.25275 9.9955E-05 9.9955E-05 9.9955E-05
9.9928E-05 9.9928E-05 0.958137 0.0410632 9.9928E-05 9.9928E-05 9.9928E-05 9.9928E-05 9.9928E-05 9.9928E-05
9.99281E-05 9.99281E-05 0.978088 9.99281E-05 9.99281E-05 9.99281E-05 9.99281E-05 9.99281E-05 0.0211124 9.99281E-05
0.0327715 9.9955E-05 0.932737 9.9955E-05 0.0283489 0.00265046 9.9955E-05 9.9955E-05 0.0029919 9.9955E-05
9.9955E-05 9.9955E-05 0.951722 9.9955E-05 9.9955E-05 0.00110378 0.0288701 0.0142156 0.00358917 9.9955E-05
9.9964E-05 0.197728 0.107387 9.9964E-05 0.118151 9.9964E-05 0.192894 0.352568 0.0308717 9.9964E-05
9.9955E-05 9.9955E-05 0.91847 9.9955E-05 9.9955E-05 9.9955E-05 0.047127 0.0301426 0.000243594 0.00351699
0.0125581 0.1641 9.9946E-05 0.678234 0.144508 9.9946E-05 9.9946E-05 9.9946E-05 9.9946E-05 9.9946E-05
9.9964E-05 0.00218201 0.409624 0.0190003 9.9964E-05 9.9964E-05 0.512902 9.9964E-05 0.0406901 0.0152011
0.00616446 9.9946E-05 0.865333 0.00548389 9.9946E-05 9.9946E-05 0.122419 9.9946E-05 9.9946E-05 9.9946E-05
0.400321 0.367854 0.0895222 0.0522666 9.9964E-05 0.0630231 9.9964E-05 0.0266133 9.9964E-05 9.9964E-05
0.0385875 0.528541 0.431481 0.000790527 9.9946E-05 9.9946E-05 9.9946E-05 9.9946E-05 9.9946E-05 9.9946E-05
0.00441156 0.087168 0.27819 9.99639E-05 0.00964816 9.99639E-05 0.243721 9.99639E-05 9.99639E-05 0.376461
0.00322362 0.0371096 0.699237 9.9955E-05 9.9955E-05 0.00815768 0.251772 9.9955E-05 9.9955E-05 9.9955E-05
9.9946E-05 0.0282593 0.936936 0.00959486 0.0246097 9.9946E-05 9.9946E-05 9.9946E-05 9.9946E-05 9.9946E-05
9.99201E-05 9.99201E-05 9.99201E-05 9.99201E-05 9.99201E-05 0.999101 9.99201E-05 9.99201E-05 9.99201E-05 9.99201E-05
0.00812629 0.00264959 0.424926 9.99549E-05 9.99549E-05 9.99549E-05 0.529762 0.0340361 9.99549E-05 9.99549E-05
9.9928E-05 9.9928E-05 0.444227 9.9928E-05 9.9928E-05 9.9928E-05 0.554973 9.9928E-05 9.9928E-05 9.9928E-05
9.9946E-05 9.9946E-05 0.101787 9.9946E-05 0.192221 9.9946E-05 0.461253 0.244139 9.9946E-05 9.9946E-05
9.9964E-05 9.9964E-05 0.0201485 9.9964E-05 0.299835 0.0164948 0.557499 0.0967912 0.00883176 9.9964E-05
9.9955E-05 9.9955E-05 0.0783979 9.9955E-05 0.07549 9.9955E-05 0.219559 0.618865 0.00718822 9.9955E-05
9.9928E-05 9.9928E-05 0.990331 0.00886965 9.9928E-05 9.9928E-05 9.9928E-05 9.9928E-05 9.9928E-05 9.9928E-05
9.9937E-05 9.9937E-05 0.384451 9.9937E-05 9.9937E-05 9.9937E-05 0.594436 9.9937E-05 9.9937E-05 0.0204139
9.9937E-05 9.9937E-05 0.818215 9.9937E-05 0.00418163 9.9937E-05 0.176904 9.9937E-05 9.9937E-05 9.9937E-05
9.9946E-05 0.0459142 0.158183 9.9946E-05 9.9946E-05 9.9946E-05 0.689019 9.9946E-05 0.106284 9.9946E-05
0.00928105 0.589234 0.128404 9.9973E-05 0.155892 9.9973E-05 9.9973E-05 0.00497978 0.0278755 0.0840329
9.9955E-05 0.00677159 0.96784 0.00633879 0.00337828 9.9955E-05 9.9955E-05 9.9955E-05 9.9955E-05 0.0151716
9.9955E-05 9.9955E-05 0.100694 0.0494693 0.254681 9.9955E-05 0.373014 9.9955E-05 0.221642 9.9955E-05
0.0135033 9.9955E-05 0.154137 9.9955E-05 0.123546 9.9955E-05 0.416217 9.9955E-05 9.9955E-05 0.292097
0.0234249 0.00348619 9.99551E-05 0.85051 0.0522461 9.99551E-05 9.99551E-05 9.99551E-05 0.0698327 9.99551E-05
9.9937E-05 9.9937E-05 0.899417 9.9937E-05 9.9937E-05 9.9937E-05 0.0382644 9.9937E-05 0.0616188 9.9937E-05
9.99281E-05 9.99281E-05 0.998407 9.99281E-05 9.99281E-05 9.99281E-05 9.99281E-05 9.99281E-05 0.000793194 9.99281E-05
9.99549E-05 9.99549E-05 0.00486192 9.99549E-05 9.99549E-05 9.99549E-05 0.12585 0.337181 0.139536 0.392071
0.992921 9.9928E-05 9.9928E-05 9.9928E-05 9.9928E-05 9.9928E-05 0.00628002 9.9928E-05 9.9928E-05 9.9928E-05
0.00675335 9.99369E-05 0.0556786 9.99369E-05 9.99369E-05 9.99369E-05 9.99369E-05 0.936869 9.99369E-05 9.99369E-05
9.9946E-05 9.9946E-05 0.683272 0.02258 9.9946E-05 9.9946E-05 0.207865 9.9946E-05 0.085683 9.9946E-05
9.9946E-05 0.0225723 0.933464 0.0306375 9.9946E-05 0.0127264 9.9946E-05 9.9946E-05 9.9946E-05 9.9946E-05
9.9946E-05 9.9946E-05 0.0998141 9.9946E-05 0.0490363 9.9946E-05 0.311286 0.539264 9.9946E-05 9.9946E-05
0.999101 9.99201E-05 9.99201E-05 9.99201E-05 9.99201E-05 9.99201E-05 9.99201E-05 9.99201E-05 9.99201E-05 9.99201E-05
0.0250132 0.330994 9.9946E-05 0.643277 9.9946E-05 0.000115708 9.9946E-05 9.9946E-05 9.9946E-05 9.9946E-05
0.00554665 9.9964E-05 0.594756 9.9964E-05 0.116972 9.9964E-05 0.264248 0.0134634 0.00461386 9.9964E-05
9.9928E-05 9.9928E-05 0.669684 9.9928E-05 9.9928E-05 9.9928E-05 0.329517 9.9928E-05 9.9928E-05 9.9928E-05
9.9946E-05 9.9946E-05 0.0840521 9.9946E-05 0.277593 9.9946E-05 0.48921 0.148545 9.9946E-05 9.9946E-05
9.9946E-05 9.9946E-05 0.953075 0.0253919 9.9946E-05 9.9946E-05 9.9946E-05 0.00445809 9.9946E-05 0.0164749
0.0422084 0.344368 0.0548457 9.9973E-05 0.00258911 9.9973E-05 0.00158444 0.378036 9.9973E-05 0.176068
0.518937 0.230161 9.9955E-05 0.118685 9.9955E-05 0.0961913 0.0355257 9.9955E-05 9.9955E-05 9.9955E-05
9.9946E-05 9.9946E-05 0.781746 0.0427367 9.9946E-05 0.00496748 0.169951 9.9946E-05 9.9946E-05 9.9946E-05
9.99549E-05 9.99549E-05 0.42556 9.99549E-05 0.0152423 9.99549E-05 0.417338 0.0955541 9.99549E-05 0.0458054
9.9937E-05 9.9937E-05 9.9937E-05 0.988866 0.00111512 9.9937E-05 9.9937E-05 0.00931973 9.9937E-05 9.9937E-05
0.00582971 9.9946E-05 0.790736 9.9946E-05 9.9946E-05 9.9946E-05 0.143886 0.0589479 9.9946E-05 9.9946E-05
9.9946E-05 9.9946E-05 0.265629 9.9946E-05 0.056143 9.9946E-05 0.665095 9.9946E-05 0.0125338 9.9946E-05
9.9928E-05 9.9928E-05 0.719341 9.9928E-05 9.9928E-05 9.9928E-05 0.27986 9.9928E-05 9.9928E-05 9.9928E-05
9.99371E-05 9.99371E-05 0.250543 9.99371E-05 9.99371E-05 0.011514 9.99371E-05 0.737244 9.99371E-05 9.99371E-05
9.9955E-05 9.9955E-05 0.195249 9.9955E-05 0.0680253 9.9955E-05 0.152287 0.220953 9.9955E-05 0.362986
9.9955E-05 0.299461 9.9955E-05 9.9955E-05 9.9955E-05 9.9955E-05 0.40602 0.146767 0.0959732 0.0512796
9.99549E-05 0.582328 0.00720477 9.99549E-05 9.99549E-05 0.00709207 0.00966007 0.393215 9.99549E-05 9.99549E-05
9.9946E-05 0.0066014 0.431745 0.0236828 9.9946E-05 9.9946E-05 0.537371 9.9946E-05 9.9946E-05 9.9946E-05
0.00322368 9.9946E-05 0.807637 0.0157826 9.9946E-05 9.9946E-05 0.172757 9.9946E-05 9.9946E-05 9.9946E-05
0.027687 9.99459E-05 0.53526 0.0242173 9.99459E-05 9.99459E-05 0.412236 9.99459E-05 9.99459E-05 9.99459E-05
0.857014 0.0321447 9.9955E-05 9.9955E-05 9.9955E-05 0.0597658 9.9955E-05 0.0221104 0.0284654 9.9955E-05
9.9955E-05 0.0665389 0.862192 0.0179176 0.0136355 9.9955E-05 0.0392162 9.9955E-05 9.9955E-05 9.9955E-05
0.954903 0.0122152 9.9955E-05 9.9955E-05 0.0149993 0.0152092 0.00217372 9.9955E-05 9.9955E-05 9.9955E-05
9.9928E-05 9.9928E-05 0.553384 9.9928E-05 9.9928E-05 9.9928E-05 0.445816 9.9928E-05 9.9928E-05 9.9928E-05
9.99279E-05 9.99279E-05 0.0345702 0.96463 9.99279E-05 9.99279E-05 9.99279E-05 9.99279E-05 9.99279E-05 9.99279E-05
9.99549E-05 9.99549E-05 9.99549E-05 0.0124669 0.072879 9.99549E-05 0.333833 0.57951 0.000810934 9.99549E-05
9.9946E-05 9.9946E-05 0.0428263 9.9946E-05 0.0553429 9.9946E-05 9.9946E-05 0.335472 0.565759 9.9946E-05
9.99549E-05 9.99549E-05 0.0270439 9.99549E-05 9.99549E-05 0.00171741 0.0498476 0.30132 0.619571 9.99549E-05
9.9946E-05 9.9946E-05 0.409352 0.00265375 9.9946E-05 9.9946E-05 0.462496 9.9946E-05 9.9946E-05 0.124898
0.0295297 9.9964E-05 0.236577 9.9964E-05 0.368437 0.0019821 0.112005 9.9964E-05 9.9964E-05 0.251069
9.9937E-05 0.0127881 0.900232 9.9937E-05 9.9937E-05 9.9937E-05 0.0862805 9.9937E-05 9.9937E-05 9.9937E-05
9.9973E-05 0.0442416 0.250451 0.0213624 0.0224272 0.00378781 0.567359 0.0900705 9.9973E-05 9.9973E-05
9.99369E-05 0.704618 0.29061 9.99369E-05 9.99369E-05 0.00407231 9.99369E-05 9.99369E-05 9.99369E-05 9.99369E-05
0.00903663 0.0425334 0.666094 9.9973E-05 0.00174094 9.9973E-05 0.165943 9.9973E-05 0.0220936 0.0922579
9.9946E-05 0.0408636 0.738066 9.9946E-05 9.9946E-05 0.0128642 0.207607 9.9946E-05 9.9946E-05 9.9946E-05
0.00931417 9.99369E-05 0.0256409 0.964345 9.99369E-05 9.99369E-05 9.99369E-05 9.99369E-05 9.99369E-05 9.99369E-05
9.9973E-05 0.500722 0.108322 0.0527585 0.110506 9.9973E-05 0.00996293 9.9973E-05 0.0318398 0.185589
9.99281E-05 9.99281E-05 9.99281E-05 0.98714 9.99281E-05 9.99281E-05 9.99281E-05 0.0120606 9.99281E-05 9.99281E-05
0.00255645 9.9946E-05 0.533068 9.9946E-05 9.9946E-05 9.9946E-05 0.415223 9.9946E-05 0.048553 9.9946E-05
9.9955E-05 0.584522 0.138972 0.0462201 9.9955E-05 9.9955E-05 0.103763 9.9955E-05 0.126024 9.9955E-05
9.9955E-05 0.581863 0.22254 0.0230059 9.9955E-05 9.9955E-05 9.9955E-05 9.9955E-05 0.0936464 0.0784443
0.0236693 9.99459E-05 0.641525 9.99459E-05 9.99459E-05 9.99459E-05 0.302832 0.0313736 9.99459E-05 9.99459E-05
9.9928E-05 9.9928E-05 0.949924 9.9928E-05 9.9928E-05 9.9928E-05 0.0492763 9.9928E-05 9.9928E-05 9.9928E-05
0.992154 9.9928E-05 9.9928E-05 0.00704694 9.9928E-05 9.9928E-05 9.9928E-05 9.9928E-05 9.9928E-05 9.9928E-05
9.99549E-05 0.550066 9.99549E-05 0.0189306 0.230982 9.99549E-05 9.99549E-05 0.0526039 0.146918 9.99549E-05
9.99369E-05 9.99369E-05 0.591882 9.99369E-05 9.99369E-05 9.99369E-05 0.365023 9.99369E-05 9.99369E-05 0.0423955
0.0396752 0.422102 0.116464 0.407895 9.995E-05 0.0133633 9.995E-05 9.995E-05 9.995E-05 9.995E-05
0.00427929 0.00569807 0.981534 0.0078891 9.9946E-05 9.9946E-05 9.9946E-05 9.9946E-05 9.9946E-05 9.9946E-05
9.99201E-05 9.99201E-05 9.99201E-05 9.99201E-05 9.99201E-05 0.999101 9.99201E-05 9.99201E-05 9.99201E-05 9.99201E-05
0.00987175 0.0311987 0.819689 9.996E-05 9.996E-05 0.000218601 0.110329 9.996E-05 0.0282925 9.996E-05
0.0246426 0.2647 0.104866 9.9946E-05 9.9946E-05 0.605192 9.9946E-05 9.9946E-05 9.9946E-05 9.9946E-05
0.00686292 0.0535326 9.9964E-05 0.0223065 9.9964E-05 0.0113417 0.40269 0.502866 9.9964E-05 9.9964E-05
9.9955E-05 0.00869468 0.954772 9.9955E-05 0.026423 0.00431396 9.9955E-05 9.9955E-05 0.00529697 9.9955E-05
9.9937E-05 9.9937E-05 0.996502 9.9937E-05 9.9937E-05 0.00149721 9.9937E-05 9.9937E-05 9.9937E-05 0.00130155
9.99549E-05 0.273425 0.100604 9.99549E-05 0.432727 0.00478567 9.99549E-05 9.99549E-05 9.99549E-05 0.187959
9.9946E-05 0.0637986 0.917449 0.0107628 0.00739036 9.9946E-05 9.9946E-05 9.9946E-05 9.9946E-05 9.9946E-05
9.99281E-05 9.99281E-05 9.99281E-05 0.985211 9.99281E-05 9.99281E-05 9.99281E-05 0.0139896 9.99281E-05 9.99281E-05
9.9946E-05 9.9946E-05 0.950818 0.00532669 9.9946E-05 9.9946E-05 0.0379471 9.9946E-05 0.00530849 9.9946E-05
9.99201E-05 9.99201E-05 9.99201E-05 9.99201E-05 9.99201E-05 0.999101 9.99201E-05 9.99201E-05 9.99201E-05 9.99201E-05
9.9928E-05 9.9928E-05 0.9581 9.9928E-05 9.9928E-05 9.9928E-05 0.0411006 9.9928E-05 9.9928E-05 9.9928E-05
9.9964E-05 0.0128207 0.0556638 0.0240846 0.23998 9.9964E-05 0.47005 9.9964E-05 0.197002 9.9964E-05
0.0112627 9.9973E-05 0.193376 9.9973E-05 0.104111 0.00372259 0.426916 9.9973E-05 0.162664 0.0976468
9.9955E-05 0.541664 9.9955E-05 9.9955E-05 0.178348 9.9955E-05 0.120499 0.0984991 9.9955E-05 0.0604905
0.00872168 0.0873676 0.289745 0.0115084 9.9973E-05 0.0165805 9.9973E-05 9.9973E-05 0.0257745 0.560003
0.0548635 0.453101 0.105673 9.99639E-05 0.0901743 9.99639E-05 9.99639E-05 9.99639E-05 0.273415 0.0223725
9.9928E-05 9.9928E-05 0.985956 9.9928E-05 9.9928E-05 9.9928E-05 9.9928E-05 0.0132449 9.9928E-05 9.9928E-05
9.99639E-05 9.99639E-05 0.197495 0.0472519 0.144011 9.99639E-05 0.490279 0.0884433 0.0321199 9.99639E-05
9.9937E-05 9.9937E-05 0.848734 9.9937E-05 9.9937E-05 0.00120608 0.14936 9.9937E-05 9.9937E-05 9.9937E-05
0.0276827 0.0673484 0.107142 0.029693 9.99639E-05 9.99639E-05 0.210673 9.99639E-05 0.557062 9.99639E-05
9.9946E-05 0.250241 0.0292056 9.9946E-05 0.0652541 9.9946E-05 9.9946E-05 0.654699 9.9946E-05 9.9946E-05
9.9964E-05 0.0447716 0.806885 0.00592331 9.9964E-05 0.00956961 0.121735 9.9964E-05 0.0107158 9.9964E-05
0.0213384 9.9937E-05 0.239932 9.9937E-05 9.9937E-05 9.9937E-05 0.73803 9.9937E-05 9.9937E-05 9.9937E-05
0.0181411 9.99459E-05 0.580124 0.0080697 9.99459E-05 9.99459E-05 0.393065 9.99459E-05 9.99459E-05 9.99459E-05
9.9964E-05 0.0145357 0.93184 9.9964E-05 0.0206633 9.9964E-05 9.9964E-05 0.0124926 0.0128864 0.00718226
0.00696439 0.563635 0.385385 0.0312349 9.9955E-05 0.0122808 9.9955E-05 9.9955E-05 9.9955E-05 9.9955E-05
9.9955E-05 0.0686231 0.235184 9.9955E-05 0.129936 9.9955E-05 0.366865 9.9955E-05 9.9955E-05 0.198893
9.9982E-05 0.0512869 0.352416 0.0262152 0.0576426 0.0144483 0.140012 9.9982E-05 0.0363974 0.321382
0.015121 0.0271876 9.9973E-05 0.0273801 9.9973E-05 0.885605 0.00082793 0.0386162 0.00496261 9.9973E-05
9.99612E-05 0.0295872 0.928778 0.00358631 0.0124209 9.99612E-05 9.99612E-05 9.99612E-05 9.99612E-05 0.0251281
9.9928E-05 0.0184203 0.98078 9.9928E-05 9.9928E-05 9.9928E-05 9.9928E-05 9.9928E-05 9.9928E-05 9.9928E-05
0.0048373 9.9955E-05 0.824849 9.9955E-05 9.9955E-05 0.00888818 0.15929 0.00163636 9.9955E-05 9.9955E-05
9.99279E-05 9.99279E-05 0.0188546 0.980346 9.99279E-05 9.99279E-05 9.99279E-05 9.99279E-05 9.99279E-05 9.99279E-05
9.9964E-05 0.0666855 0.591182 9.9964E-05 0.00984998 0.0102391 0.308084 9.9964E-05 0.0135606 9.9964E-05
9.9946E-05 0.412547 0.0874561 9.9946E-05 0.141408 9.9946E-05 9.9946E-05 9.9946E-05 9.9946E-05 0.357989
0.00744701 0.0986604 0.23289 0.00481153 9.9973E-05 9.9973E-05 0.484318 0.169298 9.9973E-05 0.00227569
9.9946E-05 0.00482956 0.987385 9.9946E-05 9.9946E-05 0.00323828 0.00394794 9.9946E-05 9.9946E-05 9.9946E-05
9.9973E-05 0.0196536 0.847218 0.0120322 0.0325007 9.9973E-05 0.0207578 9.9973E-05 0.0574446 0.0100936
9.9937E-05 9.9937E-05 0.983531 9.9937E-05 9.9937E-05 9.9937E-05 9.9937E-05 0.014668 9.9937E-05 0.00110164
0.0358056 0.191819 0.103158 9.99549E-05 0.189147 9.99549E-05 9.99549E-05 9.99549E-05 9.99549E-05 0.47957
0.0424263 0.128318 0.00220829 0.0394815 9.9973E-05 0.767925 0.019079 9.9973E-05 0.000262285 9.9973E-05
9.9946E-05 0.670002 9.9946E-05 9.9946E-05 9.9946E-05 9.9946E-05 9.9946E-05 0.282556 0.019052 0.0277898
0.0165025 9.9964E-05 0.421645 9.9964E-05 9.9964E-05 9.9964E-05 0.323048 0.0847303 0.0318003 0.121874
0.00780954 0.0235807 9.9946E-05 9.9946E-05 9.9946E-05 0.956227 9.9946E-05 9.9946E-05 9.9946E-05 0.0117832
9.9964E-05 0.121004 0.469668 0.0220624 9.9964E-05 0.00212531 0.330337 9.9964E-05 0.0544043 9.9964E-05
9.99459E-05 9.99459E-05 0.210739 9.99459E-05 0.074246 9.99459E-05 0.364147 0.350268 9.99459E-05 9.99459E-05
0.00634633 0.0468763 0.890674 0.0204209 9.9964E-05 9.9964E-05 9.9964E-05 0.0296571 9.9964E-05 0.00562585
0.00650388 0.00309124 0.988964 9.9946E-05 9.9946E-05 9.9946E-05 0.000841692 9.9946E-05 9.9946E-05 9.9946E-05
0.0138791 9.9946E-05 0.943744 9.9946E-05 0.0356195 9.9946E-05 9.9946E-05 9.9946E-05 9.9946E-05 0.00615767
9.9955E-05 0.0985691 0.397382 9.9955E-05 0.0519302 9.9955E-05 0.144961 9.9955E-05 0.306658 9.9955E-05
9.99279E-05 9.99279E-05 0.0474841 0.951716 9.99279E-05 9.99279E-05 9.99279E-05 9.99279E-05 9.99279E-05 9.99279E-05
9.9928E-05 9.9928E-05 0.921423 9.9928E-05 9.9928E-05 9.9928E-05 0.0777776 9.9928E-05 9.9928E-05 9.9928E-05
9.99369E-05 9.99369E-05 0.120296 9.99369E-05 0.682862 9.99369E-05 9.99369E-05 0.196142 9.99369E-05 9.99369E-05
9.9946E-05 9.9946E-05 0.248179 9.9946E-05 9.9946E-05 9.9946E-05 0.581172 9.9946E-05 0.126599 0.043451
9.99549E-05 9.99549E-05 0.00431522 0.966473 9.99549E-05 0.0157965 0.00159261 9.99549E-05 9.99549E-05 0.0113229
0.0122141 0.0636693 0.101139 9.99459E-05 0.822377 9.99459E-05 9.99459E-05 9.99459E-05 9.99459E-05 9.99459E-05
9.9946E-05 0.825306 0.060737 9.9946E-05 9.9946E-05 0.00917973 0.104178 9.9946E-05 9.9946E-05 9.9946E-05
9.9946E-05 9.9946E-05 0.0510278 0.00710723 9.9946E-05 9.9946E-05 0.22292 9.9946E-05 0.718345 9.9946E-05
9.9946E-05 9.9946E-05 0.0880629 0.904248 9.9946E-05 9.9946E-05 9.9946E-05 0.00486371 0.00222576 9.9946E-05
9.9946E-05 9.9946E-05 0.353887 9.9946E-05 9.9946E-05 9.9946E-05 0.53613 0.088781 0.0206019 9.9946E-05
9.99279E-05 9.99279E-05 0.00114144 9.99279E-05 9.99279E-05 0.998059 9.99279E-05 9.99279E-05 9.99279E-05 9.99279E-05
9.99459E-05 9.99459E-05 0.42492 9.99459E-05 9.99459E-05 0.00224541 0.469961 9.99459E-05 9.99459E-05 0.102273
0.0112499 9.9946E-05 0.853605 9.9946E-05 9.9946E-05 9.9946E-05 0.133456 9.9946E-05 9.9946E-05 0.00109014
9.99201E-05 9.99201E-05 9.99201E-05 9.99201E-05 9.99201E-05 0.999101 9.99201E-05 9.99201E-05 9.99201E-05 9.99201E-05
9.9928E-05 9.9928E-05 0.790304 9.9928E-05 9.9928E-05 9.9928E-05 0.208897 9.9928E-05 9.9928E-05 9.9928E-05
0.894382 0.0435871 0.0149744 0.0215156 9.9964E-05 0.0018773 9.9964E-05 0.0232632 9.9964E-05 9.9964E-05
0.00210459 0.0319514 0.0617406 9.9955E-05 0.366121 9.9955E-05 0.537583 9.9955E-05 9.9955E-05 9.9955E-05
9.9946E-05 0.0434096 0.857624 0.0180949 9.9946E-05 9.9946E-05 0.0802716 9.9946E-05 9.9946E-05 9.9946E-05
9.99549E-05 0.337331 0.111162 0.0588036 0.476018 0.0161859 9.99549E-05 9.99549E-05 9.99549E-05 9.99549E-05
9.9973E-05 0.0322045 0.605306 9.9973E-05 0.00314688 0.0105092 0.280452 0.0290058 9.9973E-05 0.0390763
0.0137812 0.0566585 9.9937E-05 9.9937E-05 9.9937E-05 0.928861 9.9937E-05 9.9937E-05 9.9937E-05 9.9937E-05
9.9982E-05 0.0541595 0.121236 9.9982E-05 0.0760728 0.00338902 0.494239 0.00886962 0.234146 0.00768734
