9.9973E-05 0.634524 0.0173377 0.00563594 9.9973E-05 0.325323 9.9973E-05 0.0168785
9.9946E-05 0.944187 9.9946E-05 9.9946E-05 9.9946E-05 9.9946E-05 0.0552132 9.9946E-05
9.9973E-05 0.963642 0.00116173 0.00854532 0.011039 0.0153123 9.9973E-05 9.9973E-05
0.0106428 0.600658 9.9973E-05 9.9973E-05 9.9973E-05 0.324361 0.0566658 0.00737231
9.9973E-05 0.0694788 0.0984313 0.0410728 9.9973E-05 0.476945 0.313773 9.9973E-05
9.9973E-05 0.133039 9.9973E-05 0.0154104 9.9973E-05 0.0807364 0.765454 0.00506028
9.9973E-05 0.13311 0.481244 9.9973E-05 0.011402 0.0429698 0.330975 9.9973E-05
9.9955E-05 9.9955E-05 0.157452 9.9955E-05 9.9955E-05 0.520602 0.321447 9.9955E-05
0.0127541 0.922116 0.0178482 0.00933034 9.9982E-05 0.0289948 9.9982E-05 0.00875626
9.9946E-05 0.751752 9.9946E-05 9.9946E-05 9.9946E-05 0.247648 9.9946E-05 9.9946E-05
9.9973E-05 0.169284 0.375973 9.9973E-05 0.0511538 0.390679 9.9973E-05 0.0126099
9.9973E-05 0.0429249 0.349812 9.9973E-05 0.0260952 0.495818 0.08505 9.9973E-05
9.9964E-05 0.207531 0.273023 9.9964E-05 9.9964E-05 0.494241 0.0248051 9.9964E-05
9.9964E-05 0.147838 0.0138579 9.9964E-05 0.0350387 9.9964E-05 0.802865 9.9964E-05
9.9955E-05 0.510672 9.9955E-05 9.9955E-05 9.9955E-05 0.487794 9.9955E-05 0.00103359
0.00276005 0.458614 0.0444293 0.00102383 9.9991E-05 0.181514 0.30118 0.0103792
9.9982E-05 0.185487 0.711367 0.00265692 0.0100693 0.0286128 0.061607 9.9982E-05
0.0304025 0.209118 9.9973E-05 9.9973E-05 0.0450541 9.9973E-05 0.292271 0.422854
0.00163761 0.97428 9.9964E-05 9.9964E-05 0.000840826 9.9964E-05 0.0228416 9.9964E-05
0.0159182 0.0509522 0.386581 9.9991E-05 0.0822683 0.179215 0.284782 0.000183385
9.9946E-05 0.900476 9.9946E-05 9.9946E-05 9.9946E-05 0.0989239 9.9946E-05 9.9946E-05
9.9964E-05 0.190186 0.483332 0.0135005 9.9964E-05 0.312582 9.9964E-05 9.9964E-05
9.9973E-05 0.232064 0.0978497 0.0128204 9.9973E-05 0.586304 0.0706612 9.9973E-05
9.9955E-05 9.9955E-05 9.9955E-05 0.540835 0.411773 0.0468921 9.9955E-05 9.9955E-05
9.9964E-05 0.275969 0.240521 9.9964E-05 0.0433612 0.439749 9.9964E-05 9.9964E-05
9.9973E-05 0.152478 0.387738 9.9973E-05 0.0153492 0.26893 0.175205 9.9973E-05
9.9955E-05 0.887777 9.9955E-05 9.9955E-05 9.9955E-05 0.109215 9.9955E-05 0.00250794
9.9946E-05 0.746778 9.9946E-05 9.9946E-05 9.9946E-05 0.252623 9.9946E-05 9.9946E-05
9.9946E-05 0.964248 9.9946E-05 9.9946E-05 9.9946E-05 0.0351526 9.9946E-05 9.9946E-05
9.9973E-05 0.141039 0.0733534 9.9973E-05 0.0659415 0.0851593 0.634207 9.9973E-05
9.9946E-05 0.938412 9.9946E-05 9.9946E-05 9.9946E-05 9.9946E-05 0.0609886 9.9946E-05
9.9964E-05 0.982517 0.00630152 9.9964E-05 0.00969583 9.9964E-05 0.00108611 9.9964E-05
9.9973E-05 0.155417 0.0897204 0.00764274 9.9973E-05 0.0314368 0.715483 9.9973E-05
9.9946E-05 0.984016 9.9946E-05 9.9946E-05 9.9946E-05 9.9946E-05 0.0153845 9.9946E-05
0.00858785 0.14883 0.267414 9.9973E-05 9.9973E-05 0.227853 0.347016 9.9973E-05
9.9946E-05 0.557872 9.9946E-05 9.9946E-05 9.9946E-05 0.441528 9.9946E-05 9.9946E-05
0.0244982 9.9973E-05 0.442147 9.9973E-05 0.0781172 0.29628 0.158658 9.9973E-05
9.9982E-05 9.9982E-05 0.484361 0.000462285 0.0173248 0.021062 0.466305 0.0102844
9.9973E-05 0.0845779 0.166076 0.0507099 9.9973E-05 0.598606 0.0997303 9.9973E-05
9.9973E-05 0.0334151 0.0073124 0.0205588 9.9973E-05 0.184812 0.753601 9.9973E-05
0.00304401 0.970459 9.9964E-05 0.00255263 0.0235446 9.9964E-05 9.9964E-05 9.9964E-05
9.9955E-05 0.793912 0.0319388 9.9955E-05 9.9955E-05 0.173649 9.9955E-05 9.9955E-05
0.00951042 0.725902 9.9964E-05 9.9964E-05 9.9964E-05 0.263531 9.9964E-05 0.000656558
9.9964E-05 0.677097 9.9964E-05 9.9964E-05 9.9964E-05 0.234426 0.0605727 0.0275035
9.994E-05 9.994E-05 9.994E-05 9.994E-05 9.994E-05 9.994E-05 9.994E-05 0.9993
9.9964E-05 0.876938 0.0997905 9.9964E-05 9.9964E-05 9.9964E-05 0.0214778 0.0013939
9.9946E-05 0.84545 9.9946E-05 9.9946E-05 9.9946E-05 0.15395 9.9946E-05 9.9946E-05
9.994E-05 9.994E-05 9.994E-05 9.994E-05 9.994E-05 9.994E-05 9.994E-05 0.9993
9.99459E-05 0.596825 9.99459E-05 9.99459E-05 9.99459E-05 0.402575 9.99459E-05 9.99459E-05
0.0105671 0.368616 0.186246 9.9973E-05 0.00149063 0.432781 9.9973E-05 9.9973E-05
9.9946E-05 0.672727 9.9946E-05 9.9946E-05 9.9946E-05 0.326673 9.9946E-05 9.9946E-05
9.9955E-05 0.49463 9.9955E-05 0.01498 9.9955E-05 0.48989 9.9955E-05 9.9955E-05
0.0176732 0.525908 9.9982E-05 0.0132898 0.0283189 9.9982E-05 0.379053 0.0355563
9.9964E-05 0.185683 9.9964E-05 0.0511282 9.9964E-05 0.554307 0.208482 9.9964E-05
0.0205136 0.77994 9.9973E-05 0.0513095 9.9973E-05 9.9973E-05 0.144405 0.00353182
9.9955E-05 0.898234 9.9955E-05 9.9955E-05 9.9955E-05 0.0990833 9.9955E-05 0.00218337
9.9964E-05 0.981841 0.00980435 9.9964E-05 9.9964E-05 9.9964E-05 0.00154772 0.00640708
9.9973E-05 0.702325 9.9973E-05 0.012274 9.9973E-05 0.264716 0.00897781 0.0114065
9.9946E-05 0.727655 9.9946E-05 9.9946E-05 9.9946E-05 0.271745 9.9946E-05 9.9946E-05
9.99479E-05 0.955701 9.99479E-05 9.99479E-05 9.99479E-05 0.043699 9.99479E-05 9.99479E-05
9.9946E-05 9.9946E-05 9.9946E-05 0.172346 0.827054 9.9946E-05 9.9946E-05 9.9946E-05
0.00436093 0.967686 0.0174883 0.0100645 9.9964E-05 9.9964E-05 9.9964E-05 9.9964E-05
0.0178131 0.193542 0.0136389 9.9982E-05 0.0800777 0.551537 0.143191 9.9982E-05
9.9964E-05 0.953793 0.0198516 9.9964E-05 9.9964E-05 0.0198203 9.9964E-05 0.00613576
0.00254389 0.985129 9.9964E-05 9.9964E-05 0.000377518 9.9964E-05 0.0115493 9.9964E-05
9.9964E-05 0.603674 9.9964E-05 9.9964E-05 0.00786216 0.385447 9.9964E-05 0.00261704
9.9955E-05 0.638237 0.0212579 9.9955E-05 9.9955E-05 0.340006 9.9955E-05 9.9955E-05
9.9955E-05 0.171329 0.780896 0.047275 9.9955E-05 9.9955E-05 9.9955E-05 9.9955E-05
9.994E-05 9.994E-05 9.994E-05 9.994E-05 9.994E-05 9.994E-05 9.994E-05 0.9993
9.9955E-05 0.0705923 9.9955E-05 9.9955E-05 9.9955E-05 0.638481 0.290427 9.9955E-05
0.0239294 0.850506 9.9973E-05 0.0282146 9.9973E-05 9.9973E-05 0.0916794 0.005371
0.00543195 0.781029 9.9964E-05 0.0151807 9.9964E-05 0.197959 9.9964E-05 9.9964E-05
9.9955E-05 0.961617 9.9955E-05 0.0058225 0.0320607 9.9955E-05 9.9955E-05 9.9955E-05
9.9955E-05 0.997127 9.9955E-05 0.00226276 9.9955E-05 9.9955E-05 9.9955E-05 0.000110305
0.00772974 0.938691 9.9964E-05 9.9964E-05 9.9964E-05 9.9964E-05 0.0316735 0.0215063
0.00617531 0.955576 0.0129073 9.9964E-05 9.9964E-05 0.0249414 9.9964E-05 9.9964E-05
9.9973E-05 0.124924 0.430247 0.0106188 9.9973E-05 0.24508 0.18883 9.9973E-05
9.9955E-05 0.932179 0.0290179 9.9955E-05 9.9955E-05 0.0383033 9.9955E-05 9.9955E-05
9.9964E-05 0.0449969 0.026858 0.0726011 0.855144 9.9964E-05 9.9964E-05 9.9964E-05
9.9964E-05 0.49652 9.9964E-05 0.0385923 9.9964E-05 0.461109 0.00337909 9.9964E-05
9.9964E-05 0.901205 9.9964E-05 0.0108448 9.9964E-05 0.0817546 9.9964E-05 0.00579539
0.0686904 0.0954023 9.9973E-05 9.9973E-05 0.189806 9.9973E-05 0.267846 0.377956
0.0138009 0.420922 9.9973E-05 0.01744 9.9973E-05 9.9973E-05 0.503265 0.0442719
9.9955E-05 0.273791 9.9955E-05 9.9955E-05 9.9955E-05 0.421461 0.304248 9.9955E-05
0.00900564 0.798229 9.9973E-05 9.9973E-05 9.9973E-05 0.185901 0.00606494 0.000499306
9.9964E-05 0.955321 9.9964E-05 0.00753873 0.026338 9.9964E-05 0.0104028 9.9964E-05
0.9993 9.994E-05 9.994E-05 9.994E-05 9.994E-05 9.994E-05 9.994E-05 9.994E-05
9.99549E-05 0.503868 9.99549E-05 9.99549E-05 9.99549E-05 0.492686 9.99549E-05 0.00294642
9.99459E-05 0.513109 9.99459E-05 9.99459E-05 9.99459E-05 0.486291 9.99459E-05 9.99459E-05
9.9964E-05 0.183173 0.334043 9.9964E-05 9.9964E-05 0.441709 0.0406755 9.9964E-05
0.00521039 0.0696225 0.254205 0.00296936 0.0427773 0.619356 0.00575948 9.9991E-05
9.9955E-05 0.11889 0.693244 9.9955E-05 9.9955E-05 0.187367 9.9955E-05 9.9955E-05
9.9955E-05 0.987446 9.9955E-05 0.00808355 9.9955E-05 9.9955E-05 0.00397109 9.9955E-05
9.9946E-05 0.508097 9.9946E-05 9.9946E-05 9.9946E-05 0.491303 9.9946E-05 9.9946E-05
9.9946E-05 0.910079 9.9946E-05 9.9946E-05 9.9946E-05 0.0893209 9.9946E-05 9.9946E-05
9.9964E-05 0.32863 9.9964E-05 0.0073885 9.9964E-05 0.646441 0.01714 9.9964E-05
9.9973E-05 0.117304 0.0862512 9.9973E-05 9.9973E-05 0.0252651 0.764182 0.00669778
9.9955E-05 0.969149 9.9955E-05 9.9955E-05 0.0128483 9.9955E-05 0.0175027 9.9955E-05
9.9973E-05 0.136249 0.106771 0.0620588 9.9973E-05 0.541843 0.152777 9.9973E-05
9.9973E-05 0.198444 0.0470603 9.9973E-05 9.9973E-05 0.568921 0.174477 0.0107977
9.9946E-05 9.9946E-05 9.9946E-05 0.276524 0.722876 9.9946E-05 9.9946E-05 9.9946E-05
9.9946E-05 0.954253 9.9946E-05 9.9946E-05 9.9946E-05 0.0451475 9.9946E-05 9.9946E-05
9.99402E-05 0.9993 9.99402E-05 9.99402E-05 9.99402E-05 9.99402E-05 9.99402E-05 9.99402E-05
9.9973E-05 0.00644784 0.458045 9.9973E-05 9.9973E-05 0.442041 0.0604663 0.0327006
9.994E-05 9.994E-05 9.994E-05 9.994E-05 9.994E-05 9.994E-05 9.994E-05 0.9993
9.9964E-05 0.0622263 0.858858 9.9964E-05 9.9964E-05 0.066584 9.9964E-05 0.0119316
9.9964E-05 0.731235 9.9964E-05 0.0395171 9.9964E-05 0.228298 9.9964E-05 0.000550053
0.00138284 0.945421 9.9973E-05 0.00324989 0.0202833 9.9973E-05 0.0293627 9.9973E-05
9.9955E-05 0.119128 0.519226 9.9955E-05 9.9955E-05 0.361146 9.9955E-05 9.9955E-05
9.994E-05 9.994E-05 9.994E-05 9.994E-05 9.994E-05 9.994E-05 9.994E-05 0.9993
9.99549E-05 0.0126201 9.99549E-05 9.99549E-05 0.941095 9.99549E-05 0.0457849 9.99549E-05
9.9973E-05 0.67082 0.125277 0.000865471 9.9973E-05 0.200666 9.9973E-05 0.00207098
9.9946E-05 0.720507 9.9946E-05 9.9946E-05 9.9946E-05 0.278894 9.9946E-05 9.9946E-05
9.9964E-05 0.179074 0.358319 0.00013298 9.9964E-05 0.462074 9.9964E-05 9.9964E-05
0.00158723 0.974933 9.9982E-05 0.0120702 0.00933118 9.9982E-05 0.0015053 0.000372709
9.9982E-05 0.0372413 0.475957 9.9982E-05 0.0195544 0.0278029 0.385674 0.0535701
0.0983984 0.0691566 9.9982E-05 9.9982E-05 0.22098 0.00755945 0.0952468 0.508459
0.00459351 0.846772 9.9964E-05 0.0351318 9.9964E-05 0.113103 9.9964E-05 9.9964E-05
9.99549E-05 0.492108 0.0989629 9.99549E-05 9.99549E-05 0.408429 9.99549E-05 9.99549E-05
9.99461E-05 9.99461E-05 0.00424091 0.995159 9.99461E-05 9.99461E-05 9.99461E-05 9.99461E-05
9.9964E-05 0.842181 0.0654023 9.9964E-05 9.9964E-05 0.0870562 9.9964E-05 0.0049604
9.9946E-05 0.368136 9.9946E-05 9.9946E-05 9.9946E-05 0.631264 9.9946E-05 9.9946E-05
9.9946E-05 0.784309 9.9946E-05 9.9946E-05 9.9946E-05 0.215091 9.9946E-05 9.9946E-05
0.017831 0.257112 0.707114 9.9964E-05 0.0175427 9.9964E-05 9.9964E-05 9.9964E-05
9.9973E-05 0.164457 0.298124 9.9973E-05 9.9973E-05 0.395264 0.127764 0.0140911
9.9973E-05 0.0257838 0.0942478 9.9973E-05 0.0187683 0.509473 0.351427 9.9973E-05
0.00871658 0.0835349 0.391885 9.9973E-05 9.9973E-05 0.0123439 0.50322 9.9973E-05
9.9955E-05 0.544275 9.9955E-05 0.0130246 9.9955E-05 0.442201 9.9955E-05 9.9955E-05
9.9964E-05 0.863601 9.9964E-05 0.00430157 9.9964E-05 0.127596 9.9964E-05 0.00410073
9.9964E-05 0.633026 9.9964E-05 0.0200189 9.9964E-05 0.325671 9.9964E-05 0.0208841
0.0630819 9.9973E-05 0.016835 9.9973E-05 0.0406946 9.9973E-05 0.0187989 0.86029
9.9964E-05 0.902589 0.0132328 0.026552 9.9964E-05 9.9964E-05 0.0572262 9.9964E-05
0.00984806 9.9964E-05 9.9964E-05 0.0151009 9.9964E-05 9.9964E-05 0.0092573 0.965394
9.9955E-05 0.633513 9.9955E-05 0.00727854 9.9955E-05 0.358708 9.9955E-05 9.9955E-05
9.99459E-05 0.0529296 9.99459E-05 0.946471 9.99459E-05 9.99459E-05 9.99459E-05 9.99459E-05
9.99639E-05 0.0199453 0.565934 9.99639E-05 0.0146372 0.399084 9.99639E-05 9.99639E-05
0.016227 0.128048 0.731078 9.9973E-05 0.0315802 9.9973E-05 0.0927676 9.9973E-05
0.0338821 0.103289 0.606671 0.0167494 0.0221669 0.182924 0.0342171 9.9991E-05
9.9955E-05 0.506597 9.9955E-05 9.9955E-05 0.00451728 0.488386 9.9955E-05 9.9955E-05
9.998E-05 0.16947 0.230505 9.998E-05 0.0373483 0.304799 0.241075 0.0166025
9.9964E-05 0.949168 9.9964E-05 0.000985398 9.9964E-05 0.0343188 0.0151278 9.9964E-05
0.00703534 0.366065 0.127268 0.00963695 9.9982E-05 0.488842 9.9982E-05 0.000953097
0.0179118 0.308364 9.9973E-05 9.9973E-05 0.0262699 9.9973E-05 0.637312 0.00984245
9.9964E-05 0.674094 9.9964E-05 9.9964E-05 9.9964E-05 0.178088 0.133201 0.0142167
0.0151132 0.803795 9.9982E-05 0.00246712 0.00399179 0.158364 0.0160694 9.9982E-05
9.9964E-05 0.0114807 9.9964E-05 0.960146 9.9964E-05 9.9964E-05 0.0178727 0.0101011
9.9982E-05 0.0477013 0.00785494 0.0581301 9.9982E-05 0.150838 0.733133 0.00214294
9.99551E-05 9.99551E-05 0.00574593 0.959406 0.0343479 9.99551E-05 9.99551E-05 9.99551E-05
9.9964E-05 0.628088 9.9964E-05 0.00635538 9.9964E-05 0.364264 9.9964E-05 0.000893345
9.9964E-05 0.231431 9.9964E-05 9.9964E-05 0.111029 0.0738591 0.583282 9.9964E-05
9.9973E-05 0.226056 9.9973E-05 0.014423 0.0330978 0.0240812 0.702043 9.9973E-05
0.00305728 0.712948 0.00493449 9.9973E-05 9.9973E-05 0.26042 9.9973E-05 0.0183413
9.9946E-05 0.993767 0.0056335 9.9946E-05 9.9946E-05 9.9946E-05 9.9946E-05 9.9946E-05
9.9946E-05 9.9946E-05 9.9946E-05 0.00515128 9.9946E-05 9.9946E-05 9.9946E-05 0.994249
9.9955E-05 9.9955E-05 0.237825 0.0563085 9.9955E-05 9.9955E-05 0.705367 9.9955E-05
9.99459E-05 0.66998 9.99459E-05 9.99459E-05 9.99459E-05 0.329421 9.99459E-05 9.99459E-05
0.0268694 0.220497 9.99729E-05 9.99729E-05 0.600402 9.99729E-05 0.136401 0.0155302
9.99557E-05 0.963209 9.99557E-05 9.99557E-05 9.99557E-05 9.99557E-05 0.0289763 0.00731525
0.9993 9.994E-05 9.994E-05 9.994E-05 9.994E-05 9.994E-05 9.994E-05 9.994E-05
9.9964E-05 0.827384 9.9964E-05 9.9964E-05 9.9964E-05 0.111482 0.0472686 0.0134656
0.621773 0.132431 9.9964E-05 9.9964E-05 9.9964E-05 9.9964E-05 0.219746 0.0256499
0.00647064 0.0431386 0.404482 0.0201212 0.00978264 0.485265 0.00752882 0.0232112
0.00525125 0.956924 0.00878367 9.9973E-05 0.0142615 9.9973E-05 0.0144799 9.9973E-05
0.0101103 0.98929 9.9946E-05 9.9946E-05 9.9946E-05 9.9946E-05 9.9946E-05 9.9946E-05
9.9973E-05 0.0224156 0.359226 0.0212846 9.9973E-05 9.9973E-05 0.592134 0.0046404
9.9964E-05 0.898116 9.9964E-05 0.0102035 9.9964E-05 9.9964E-05 0.0889366 0.002344
9.99551E-05 9.99551E-05 0.0304453 0.843932 0.125123 9.99551E-05 9.99551E-05 9.99551E-05
9.9964E-05 0.974914 9.9964E-05 0.00390023 9.9964E-05 0.0121253 9.9964E-05 0.00866062
0.9993 9.994E-05 9.994E-05 9.994E-05 9.994E-05 9.994E-05 9.994E-05 9.994E-05
9.9955E-05 0.987134 9.9955E-05 0.000175657 9.9955E-05 0.012191 9.9955E-05 9.9955E-05
9.9973E-05 0.0218963 0.0930124 9.9973E-05 0.0372752 0.664575 0.182941 9.9973E-05
0.011652 0.270052 0.166582 0.00428744 9.9991E-05 0.450955 0.0747754 0.021596
9.9964E-05 9.9964E-05 0.162837 0.00175585 9.9964E-05 0.189447 0.64556 9.9964E-05
0.00405232 0.177823 9.9973E-05 9.9973E-05 9.9973E-05 0.291035 0.506684 0.0201056
9.9982E-05 0.0795977 0.0156284 0.0176359 9.9982E-05 0.151352 0.685264 0.050322
9.9946E-05 0.989068 0.0103323 9.9946E-05 9.9946E-05 9.9946E-05 9.9946E-05 9.9946E-05
9.9964E-05 0.290465 0.205295 0.0563683 9.9964E-05 0.447472 9.9964E-05 9.9964E-05
9.9946E-05 0.884746 9.9946E-05 9.9946E-05 9.9946E-05 0.114655 9.9946E-05 9.9946E-05
9.9982E-05 0.117065 9.9982E-05 0.0424965 0.0152186 0.493699 0.308046 0.0232751
0.0109411 0.0731615 0.698058 0.0185878 9.9973E-05 9.9973E-05 0.198952 9.9973E-05
0.0153741 0.860734 9.9964E-05 9.9964E-05 0.04539 0.0781024 9.9964E-05 9.9964E-05
9.99549E-05 0.376119 9.99549E-05 9.99549E-05 9.99549E-05 0.615777 9.99549E-05 0.00760391
9.9964E-05 0.659228 9.9964E-05 0.0152093 9.9964E-05 0.317172 9.9964E-05 0.0079908
9.9964E-05 0.921483 0.0246249 9.9964E-05 0.00500525 9.9964E-05 0.0484865 9.9964E-05
0.0186784 0.384681 9.9973E-05 0.0548841 9.9973E-05 9.9973E-05 0.528132 0.0133244
9.9973E-05 0.249518 0.0544024 9.9973E-05 9.9973E-05 0.503491 0.191935 0.000353721
0.0116196 0.325997 0.0213063 0.0202299 0.00222874 0.330033 0.288485 9.9991E-05
0.897917 9.9982E-05 0.0192586 0.0250118 0.0182774 9.9982E-05 0.0389947 0.000340886
9.9955E-05 0.924582 9.9955E-05 9.9955E-05 0.0104658 9.9955E-05 0.0644529 9.9955E-05
9.9946E-05 0.984515 9.9946E-05 9.9946E-05 9.9946E-05 9.9946E-05 0.0148854 9.9946E-05
0.0113055 0.863889 9.9964E-05 9.9964E-05 9.9964E-05 0.123388 0.00101698 9.9964E-05
0.000155819 0.0118917 9.9964E-05 0.972479 9.9964E-05 9.9964E-05 9.9964E-05 0.0150733
0.00726346 0.677203 9.9964E-05 9.9964E-05 9.9964E-05 0.284085 0.0310485 9.9964E-05
9.9973E-05 0.100674 0.173388 9.9973E-05 0.0131911 0.0431307 0.669315 9.9973E-05
9.9982E-05 0.330124 0.17745 0.0246742 9.9982E-05 0.420392 0.0432612 0.0038984
0.00196538 0.978527 9.9973E-05 0.0104984 9.9973E-05 9.9973E-05 0.00148911 0.00722062
9.9973E-05 0.848309 0.0490585 9.9973E-05 0.0323031 0.0291549 0.0408743 9.9973E-05
9.9946E-05 0.998057 0.00134374 9.9946E-05 9.9946E-05 9.9946E-05 9.9946E-05 9.9946E-05
9.9982E-05 0.0881611 0.249421 0.00441076 9.9982E-05 0.011664 0.619268 0.0268758
0.786876 0.0316639 9.9973E-05 0.0327135 9.9973E-05 9.9973E-05 0.11625 0.0321971
9.9946E-05 9.9946E-05 0.22388 9.9946E-05 9.9946E-05 9.9946E-05 0.77552 9.9946E-05
9.9973E-05 0.47761 0.128949 0.00269622 9.9973E-05 0.360064 9.9973E-05 0.0303808
0.952899 9.9964E-05 9.9964E-05 9.9964E-05 0.005212 9.9964E-05 0.027376 0.0141132
0.00279831 0.515678 9.9982E-05 0.0363285 9.9982E-05 0.328308 0.112339 0.00434845
9.99549E-05 0.251884 0.396688 9.99549E-05 9.99549E-05 0.350928 9.99549E-05 9.99549E-05
9.9982E-05 0.894007 0.0124917 0.00793692 0.0254567 9.9982E-05 0.050281 0.00962626
9.9955E-05 0.987063 9.9955E-05 9.9955E-05 9.9955E-05 9.9955E-05 0.0045796 0.0078575
0.00569455 0.939768 0.00283366 0.000600868 0.00586083 9.9991E-05 0.0306944 0.0144477
9.9955E-05 0.411688 9.9955E-05 9.9955E-05 9.9955E-05 0.279036 0.308777 9.9955E-05
9.99549E-05 0.0364637 9.99549E-05 0.958406 9.99549E-05 9.99549E-05 9.99549E-05 0.00463045
9.9955E-05 0.946373 9.9955E-05 9.9955E-05 9.9955E-05 0.0499721 9.9955E-05 0.00315507
9.9964E-05 0.119486 0.739587 0.00345515 9.9964E-05 9.9964E-05 0.137072 9.9964E-05
9.9964E-05 0.365978 0.0170575 9.9964E-05 9.9964E-05 0.594791 0.021774 9.9964E-05
0.0196595 0.00300922 9.9973E-05 0.954915 9.9973E-05 0.0139206 0.00819615 9.9973E-05
9.9973E-05 0.030057 0.590779 0.014315 9.9973E-05 9.9973E-05 0.364075 0.000473492
0.0447187 0.199083 9.9973E-05 9.9973E-05 0.0370589 0.00397005 0.71487 9.9973E-05
9.9973E-05 0.095122 0.189409 9.9973E-05 0.0499958 0.412238 0.252935 9.9973E-05
9.9964E-05 0.0724128 9.9964E-05 0.907386 9.9964E-05 9.9964E-05 0.0109128 0.00888859
9.9955E-05 0.434936 0.0552932 9.9955E-05 9.9955E-05 0.509271 9.9955E-05 9.9955E-05
0.9993 9.994E-05 9.994E-05 9.994E-05 9.994E-05 9.994E-05 9.994E-05 9.994E-05
0.000900647 0.51405 9.9973E-05 9.9973E-05 0.00721298 0.470826 9.9973E-05 0.0067106
9.9955E-05 0.896135 9.9955E-05 9.9955E-05 9.9955E-05 0.0954429 9.9955E-05 0.00792219
0.990501 9.99461E-05 0.00889908 9.99461E-05 9.99461E-05 9.99461E-05 9.99461E-05 9.99461E-05
9.9946E-05 0.834233 9.9946E-05 9.9946E-05 9.9946E-05 0.165167 9.9946E-05 9.9946E-05
0.0060598 9.9991E-05 0.0218811 0.031423 0.00990231 0.0104232 0.0331929 0.887018
9.9973E-05 0.111175 0.119287 9.9973E-05 9.9973E-05 0.635874 0.132041 0.00132257
9.9973E-05 0.902728 9.9973E-05 0.0149023 0.0139973 0.0606691 0.00740337 9.9973E-05
0.00294147 0.0983623 0.243456 0.0875254 9.9973E-05 9.9973E-05 0.567415 9.9973E-05
0.0205836 0.68546 0.0423328 9.997E-05 9.997E-05 0.230381 0.0209426 9.997E-05
0.920836 9.9955E-05 9.9955E-05 9.9955E-05 9.9955E-05 9.9955E-05 0.0671899 0.0114744
0.0137596 0.157478 0.0485918 0.00180155 9.9982E-05 0.624208 0.153961 9.9982E-05
