9.9982E-05 0.201357 9.9982E-05 0.798443
0.00499589 9.9982E-05 9.9982E-05 0.994804
9.9982E-05 9.9982E-05 0.0211366 0.978663
0.0123031 0.206776 9.9991E-05 0.780821
0.0181718 0.490217 0.072989 0.418622
0.129437 0.2986 0.106751 0.465211
9.999E-05 0.573803 0.0714747 0.354623
0.0457358 0.613053 0.0272768 0.313934
0.0255595 9.9991E-05 0.00561789 0.968723
9.9982E-05 0.0967278 9.9982E-05 0.903072
9.9982E-05 0.559683 9.9982E-05 0.440117
9.999E-05 0.663283 0.0138191 0.322798
9.9982E-05 0.541437 9.9982E-05 0.458363
0.150303 0.274691 0.121206 0.4538
9.9982E-05 0.270752 9.9982E-05 0.729048
0.0530771 0.265083 0.0353532 0.646487
9.9991E-05 0.640503 0.000936564 0.358461
0.480317 9.9991E-05 0.161668 0.357915
0.00854269 9.9982E-05 9.9982E-05 0.991257
0.0757055 0.555166 0.0528266 0.316302
9.9991E-05 0.0118306 0.00160919 0.98646
9.9982E-05 0.606593 9.9982E-05 0.393207
9.9982E-05 0.498129 9.9982E-05 0.501671
9.9991E-05 0.0905375 0.908421 0.000941659
9.9982E-05 0.47646 9.9982E-05 0.52334
0.0252985 0.56582 0.00160225 0.407279
0.000248361 0.0164032 0.00764713 0.975701
9.9982E-05 0.0740689 9.9982E-05 0.925731
9.998E-05 9.998E-05 9.998E-05 0.9997
0.109775 0.37438 0.113443 0.402403
0.00686847 9.9982E-05 9.9982E-05 0.992932
9.998E-05 9.998E-05 9.998E-05 0.9997
0.124012 0.358567 0.101068 0.416354
9.9982E-05 9.9982E-05 0.00484335 0.994957
0.0663057 0.522117 9.9991E-05 0.411477
9.9982E-05 0.204536 9.9982E-05 0.795264
0.0282539 0.684291 0.0462477 0.241207
0.0926403 0.58391 0.0889748 0.234475
9.9991E-05 0.560978 0.0300843 0.408838
0.117732 0.375946 0.118357 0.387964
0.00813665 9.9991E-05 0.0168178 0.974946
9.9982E-05 0.106053 9.9982E-05 0.893747
0.000779805 0.113509 9.9991E-05 0.885612
0.0210633 0.120251 9.9991E-05 0.858586
0.862193 9.9991E-05 0.117266 0.0204414
9.9982E-05 0.0671744 9.9982E-05 0.932626
9.9982E-05 0.0265361 9.9982E-05 0.973264
0.857288 9.9991E-05 0.114038 0.0285739
9.9982E-05 0.184842 9.9982E-05 0.814958
9.9982E-05 0.397068 9.9982E-05 0.602732
9.9982E-05 0.140699 9.9982E-05 0.859101
9.9982E-05 0.276772 9.9982E-05 0.723028
0.13893 0.0301457 0.114332 0.716593
9.9991E-05 0.42743 0.0690474 0.503422
0.0653123 9.9991E-05 0.0731081 0.86148
9.998E-05 9.998E-05 9.998E-05 0.9997
0.0161765 9.9982E-05 9.9982E-05 0.983624
9.9991E-05 0.143319 0.00294849 0.853632
9.9982E-05 0.118001 9.9982E-05 0.881799
9.9982E-05 0.0012265 9.9982E-05 0.998574
0.0227476 0.0794759 0.893349 0.00442789
0.0128191 9.9991E-05 0.00742254 0.979658
0.0317302 0.425673 0.0426108 0.499986
0.00596966 9.9991E-05 0.00110458 0.992826
0.00646945 9.9982E-05 9.9982E-05 0.993331
9.9982E-05 0.189935 9.9982E-05 0.809865
9.9982E-05 0.21201 9.9982E-05 0.78779
9.9991E-05 0.649655 0.0135894 0.336656
0.85344 9.9991E-05 0.124837 0.0216226
0.0156888 0.496436 0.0317172 0.456158
0.0528228 9.9991E-05 0.0476535 0.899424
0.00063635 0.0745347 0.0170955 0.907733
9.9982E-05 9.9982E-05 0.0487447 0.951055
0.00593992 9.9982E-05 9.9982E-05 0.99386
0.043833 9.9982E-05 9.9982E-05 0.955967
0.000305193 9.9982E-05 9.9982E-05 0.999495
9.9991E-05 0.58295 0.0362608 0.380689
9.9982E-05 0.00702754 9.9982E-05 0.992773
0.034714 0.129715 0.771525 0.0640455
9.9991E-05 0.263725 0.0120588 0.724116
0.00669738 0.00451103 9.9991E-05 0.988692
0.503077 0.0696223 0.181374 0.245926
0.164809 0.0166774 0.12534 0.693173
0.0452459 0.371273 9.9991E-05 0.583381
0.0145524 0.0793627 9.9991E-05 0.905985
9.9982E-05 9.9982E-05 0.0281549 0.971645
0.9997 9.998E-05 9.998E-05 9.998E-05
9.9982E-05 0.276803 9.9982E-05 0.722997
9.9982E-05 0.242401 9.9982E-05 0.757399
9.9982E-05 0.585108 9.9982E-05 0.414692
9.9982E-05 0.619186 9.9982E-05 0.380614
9.9982E-05 0.678479 9.9982E-05 0.321321
9.9982E-05 9.9982E-05 0.00418511 0.995615
9.9982E-05 0.238928 9.9982E-05 0.760872
9.9982E-05 0.0325971 9.9982E-05 0.967203
9.9982E-05 0.392266 9.9982E-05 0.607534
0.145377 0.344822 0.104339 0.405462
0.00742291 9.9991E-05 0.0134474 0.97903
9.9991E-05 0.505485 0.0670498 0.427365
0.00809083 0.476231 9.9991E-05 0.515578
9.9982E-05 0.10024 0.89956 9.9982E-05
9.9982E-05 0.00149436 9.9982E-05 0.998306
9.998E-05 9.998E-05 9.998E-05 0.9997
0.00351632 0.717079 9.9991E-05 0.279305
0.85602 9.9991E-05 0.108039 0.0358417
9.9982E-05 0.738075 9.9982E-05 0.261725
9.9991E-05 0.0870784 0.0347947 0.878027
0.00638435 9.9991E-05 0.0348094 0.958706
9.9982E-05 0.65057 9.9982E-05 0.34923
0.854712 9.9991E-05 0.133187 0.0120007
0.0833264 0.0602756 0.748517 0.107881
9.9982E-05 0.217706 9.9982E-05 0.782094
9.9982E-05 0.105779 9.9982E-05 0.894021
9.9982E-05 0.567472 9.9982E-05 0.432329
0.00141432 9.9991E-05 0.0334577 0.965028
0.0976837 0.557809 0.0641997 0.280307
0.576632 0.0436069 0.240753 0.139008
9.9991E-05 0.0230931 0.0497238 0.927083
9.9982E-05 0.291734 9.9982E-05 0.708066
9.998E-05 9.998E-05 0.9997 9.998E-05
9.9982E-05 0.0689841 9.9982E-05 0.930816
9.9982E-05 0.347596 9.9982E-05 0.652204
9.9982E-05 0.0608354 9.9982E-05 0.938965
0.0163523 0.558323 9.9991E-05 0.425225
0.00751453 0.554412 9.9991E-05 0.437974
0.0345259 0.554081 0.0271004 0.384293
0.109166 0.524793 0.0521341 0.313907
9.9991E-05 0.220145 0.00040788 0.779347
9.9991E-05 0.0201664 0.00912816 0.970605
0.000388264 0.169476 0.0122105 0.817925
0.806101 9.9991E-05 0.119333 0.0744663
9.9982E-05 9.9982E-05 0.0375887 0.962211
0.823722 9.9991E-05 0.158871 0.0173069
9.9982E-05 0.176314 9.9982E-05 0.823486
9.99819E-05 9.99819E-05 0.957082 0.0427182
9.9982E-05 0.719379 9.9982E-05 0.280421
0.0187213 0.664968 9.9991E-05 0.316211
0.0215477 0.645545 0.018068 0.314839
9.9982E-05 0.282446 9.9982E-05 0.717354
0.0570322 0.483634 0.0270249 0.432309
9.9982E-05 9.9982E-05 0.00584711 0.993953
9.9982E-05 0.381457 9.9982E-05 0.618343
0.163391 0.110439 0.136308 0.589861
0.0192506 0.126979 0.0117683 0.842002
0.0108217 0.0484883 0.011316 0.929374
9.9982E-05 9.9982E-05 0.98343 0.0163704
0.111846 0.366816 0.17182 0.349518
9.9982E-05 0.0094625 0.990338 9.9982E-05
9.9982E-05 0.18829 9.9982E-05 0.81151
0.111647 0.251991 0.156695 0.479667
0.128799 0.225206 0.151482 0.494513
0.00528956 0.129767 9.9991E-05 0.864843
9.998E-05 9.998E-05 9.998E-05 0.9997
0.829744 9.9991E-05 0.159127 0.0110292
0.0942955 0.470937 0.176902 0.257865
9.9982E-05 0.17123 9.9982E-05 0.82857
0.13612 9.9991E-05 0.536043 0.327737
0.0164441 9.9991E-05 0.00120438 0.982252
0.9997 9.998E-05 9.998E-05 9.998E-05
0.0249164 0.0360077 9.9991E-05 0.938976
0.729155 0.0206862 9.9991E-05 0.250059
0.00417157 0.66273 9.9991E-05 0.332998
0.00222276 9.9991E-05 0.00577301 0.991904
0.00707543 9.9982E-05 9.9982E-05 0.992725
0.0973103 0.497375 0.101659 0.303656
0.0171996 9.9991E-05 0.0246458 0.958055
9.9982E-05 0.0307781 0.969022 9.9982E-05
9.9982E-05 9.9982E-05 0.00128348 0.998517
0.9997 9.998E-05 9.998E-05 9.998E-05
9.998E-05 9.998E-05 9.998E-05 0.9997
9.9991E-05 0.587285 0.035677 0.376938
0.018344 0.447734 9.9991E-05 0.533822
0.078015 0.491457 0.100241 0.330287
0.103247 0.344389 0.055771 0.496593
0.14248 0.356367 0.124586 0.376567
9.998E-05 9.998E-05 9.998E-05 0.9997
9.9991E-05 0.450464 0.0284665 0.52097
9.9982E-05 0.00291681 9.9982E-05 0.996883
0.0454062 0.425799 0.0835423 0.445253
0.0221349 0.647221 0.026271 0.304373
0.00801717 0.018107 0.0170444 0.956831
9.9982E-05 0.325001 9.9982E-05 0.674799
9.9982E-05 0.136212 9.9982E-05 0.863588
9.9991E-05 0.00687033 0.00901848 0.984011
0.132095 0.0760405 0.166339 0.625526
0.0152277 0.451514 0.00425014 0.529008
0.0484198 0.32778 0.0384576 0.585343
0.946543 0.0532569 9.9982E-05 9.9982E-05
0.0120619 9.9991E-05 0.0315281 0.95631
9.9982E-05 9.9982E-05 0.00414662 0.995653
0.00246921 0.0422453 9.9991E-05 0.955185
9.9982E-05 9.9982E-05 0.974774 0.0250255
9.9982E-05 0.156953 9.9982E-05 0.842847
0.0989736 0.420864 0.100573 0.379589
9.9982E-05 0.426206 9.9982E-05 0.573594
0.00330357 9.9991E-05 0.0056956 0.990901
0.0094578 0.0590714 0.0299158 0.901555
9.998E-05 9.998E-05 9.998E-05 0.9997
0.116196 0.459311 0.0736588 0.350834
0.884522 0.0334423 0.0182215 0.0638145
0.117818 0.518482 0.0938634 0.269837
9.9982E-05 0.275502 9.9982E-05 0.724298
0.9997 9.998E-05 9.998E-05 9.998E-05
0.0245211 0.199591 0.0258496 0.750038
9.9982E-05 0.520088 9.9982E-05 0.479712
0.0226774 9.9991E-05 0.0358146 0.941408
0.00648175 9.9991E-05 0.000885072 0.992533
0.0154153 9.9991E-05 0.0113518 0.973133
0.0243654 0.282624 0.0354983 0.657512
9.9982E-05 9.9982E-05 0.963385 0.0364151
9.998E-05 9.998E-05 9.998E-05 0.9997
9.9991E-05 0.70353 0.0167679 0.279602
9.9982E-05 0.374508 9.9982E-05 0.625292
9.9982E-05 9.9982E-05 0.983895 0.0159049
0.0480108 0.603698 0.057721 0.290571
0.191268 0.229478 0.111449 0.467805
9.9991E-05 0.526053 0.0582042 0.415643
9.9982E-05 9.9982E-05 0.930679 0.0691212
9.9982E-05 0.325827 9.9982E-05 0.673973
0.9997 9.998E-05 9.998E-05 9.998E-05
9.9982E-05 0.270092 9.9982E-05 0.729708
0.00855838 0.0125671 9.9991E-05 0.978775
0.9997 9.998E-05 9.998E-05 9.998E-05
9.9982E-05 0.0461231 9.9982E-05 0.953677
0.780859 9.9991E-05 0.148249 0.0707918
9.9982E-05 0.552651 9.9982E-05 0.447149
9.9982E-05 9.9982E-05 0.0295751 0.970225
0.086808 0.399396 0.165805 0.34799
0.0141432 0.165841 9.9991E-05 0.819916
0.988396 9.9982E-05 9.9982E-05 0.0114037
9.9991E-05 0.516718 0.000799029 0.482383
