0.0113973 0.74408 9.9973E-05 0.244223 9.9973E-05 9.9973E-05
9.9964E-05 0.948833 0.050767 9.9964E-05 9.9964E-05 9.9964E-05
9.9973E-05 0.977622 9.9973E-05 0.00705315 9.9973E-05 0.0150252
0.00667648 0.720144 0.0333773 0.231179 0.00852354 9.9991E-05
0.00319105 0.245327 0.285293 0.432171 9.9991E-05 0.033918
0.0107521 0.258781 0.667322 0.0436809 9.9991E-05 0.0193641
9.9973E-05 0.131652 0.462481 0.405567 9.9973E-05 9.9973E-05
0.00956063 0.117617 0.302667 0.559666 0.00938445 0.00110481
0.0151418 0.940496 0.00587516 0.0204451 0.00646855 0.0115731
9.9964E-05 0.843134 9.9964E-05 0.156466 9.9964E-05 9.9964E-05
0.0227126 0.309408 0.0607503 0.596351 9.9991E-05 0.0106782
9.9982E-05 0.15996 0.132637 0.68867 9.9982E-05 0.0185333
9.9973E-05 0.340864 0.0862107 0.572626 9.9973E-05 9.9973E-05
0.00860783 0.220901 0.770191 9.9973E-05 9.9973E-05 9.9973E-05
0.0107145 0.634717 9.9973E-05 0.354268 9.9973E-05 9.9973E-05
0.00983806 0.531791 0.264782 0.18993 0.00355891 9.9991E-05
9.9973E-05 0.15776 0.258464 0.583476 9.9973E-05 9.9973E-05
0.447571 0.218646 0.275694 9.9991E-05 0.0319712 0.0260173
9.9973E-05 0.95517 0.0426938 9.9973E-05 0.00183666 9.9973E-05
0.00184784 0.126802 0.369857 0.443021 0.0338054 0.0246663
9.9973E-05 0.963558 9.9973E-05 0.0344256 0.00171626 9.9973E-05
9.9982E-05 0.269544 0.0251641 0.684189 9.9982E-05 0.0209032
9.9982E-05 0.362775 0.0627095 0.537796 9.9982E-05 0.0365194
0.021192 9.9982E-05 0.000628309 0.0777421 9.9982E-05 0.900238
0.00950895 0.2358 0.516354 0.222414 9.9991E-05 0.0158234
0.00560968 0.423973 9.9991E-05 0.560945 0.00125159 0.00812088
9.9982E-05 0.215313 0.286351 0.495168 0.00296838 9.9982E-05
0.0038403 0.946388 9.9973E-05 0.0494715 9.9973E-05 9.9973E-05
9.9964E-05 0.836916 9.9964E-05 0.162685 9.9964E-05 9.9964E-05
9.996E-05 0.9995 9.996E-05 9.996E-05 9.996E-05 9.996E-05
9.999E-05 0.258083 0.602165 0.109552 0.00869165 0.0214085
9.9964E-05 0.947552 0.0520478 9.9964E-05 9.9964E-05 9.9964E-05
9.9964E-05 0.962939 0.0366616 9.9964E-05 9.9964E-05 9.9964E-05
9.9973E-05 0.220693 0.678709 0.100298 9.9973E-05 9.9973E-05
9.9973E-05 0.970881 0.0175059 9.9973E-05 9.9973E-05 0.0113132
9.9982E-05 0.198744 0.403713 0.388581 0.00876205 9.9982E-05
9.9964E-05 0.683748 9.9964E-05 0.315852 9.9964E-05 9.9964E-05
9.9982E-05 0.0487761 0.328832 0.600031 0.0221609 9.9982E-05
0.00447901 9.9973E-05 0.607905 0.387316 9.9973E-05 9.9973E-05
9.9982E-05 0.279992 0.0777671 0.591511 9.9982E-05 0.0505301
9.9991E-05 0.153342 0.658711 0.1607 0.00758144 0.0195659
9.9973E-05 0.978786 9.9973E-05 9.9973E-05 0.00700472 0.013909
9.9964E-05 0.851785 9.9964E-05 0.147815 9.9964E-05 9.9964E-05
9.9973E-05 0.82065 9.9973E-05 0.176955 0.00209475 9.9973E-05
0.0304703 0.792597 0.0343864 0.142346 9.9982E-05 9.9982E-05
0.9995 9.996E-05 9.996E-05 9.996E-05 9.996E-05 9.996E-05
9.9973E-05 0.894959 0.0580384 0.046703 9.9973E-05 9.9973E-05
9.9964E-05 0.922408 9.9964E-05 0.0771924 9.9964E-05 9.9964E-05
0.9995 9.996E-05 9.996E-05 9.996E-05 9.996E-05 9.996E-05
9.9964E-05 0.723492 9.9964E-05 0.276108 9.9964E-05 9.9964E-05
9.9982E-05 0.490315 0.0348554 0.461309 0.0133212 9.9982E-05
9.9964E-05 0.792806 9.9964E-05 0.206794 9.9964E-05 9.9964E-05
9.99694E-05 0.641121 9.99694E-05 0.358479 9.99694E-05 9.99694E-05
0.0390361 0.557942 0.36121 9.9991E-05 0.0166268 0.0250846
0.00559252 0.358004 0.155742 0.422904 9.9991E-05 0.0576572
9.9982E-05 0.793308 0.135973 9.9982E-05 0.0280915 0.0424272
0.00768686 0.95504 9.9973E-05 0.0369735 9.9973E-05 9.9973E-05
9.9973E-05 0.98684 0.00985975 9.9973E-05 0.00300077 9.9973E-05
0.0036933 0.810904 9.9973E-05 0.185103 9.9973E-05 9.9973E-05
9.9964E-05 0.797036 9.9964E-05 0.202564 9.9964E-05 9.9964E-05
9.9964E-05 0.986444 9.9964E-05 0.0131562 9.9964E-05 9.9964E-05
9.9982E-05 9.9982E-05 0.130093 0.0110635 0.010816 0.847828
9.9973E-05 0.975235 9.9973E-05 9.9973E-05 0.0167401 0.00772502
9.9991E-05 0.369888 0.107719 0.447269 0.0279895 0.0470349
0.00888785 0.97278 9.9973E-05 0.0180319 9.9973E-05 9.9973E-05
9.9973E-05 0.965871 0.0274518 9.9973E-05 0.00637777 9.9973E-05
0.0115662 0.724799 9.9982E-05 0.262606 9.9982E-05 0.000828315
9.9964E-05 0.729631 9.9964E-05 0.269969 9.9964E-05 9.9964E-05
9.9982E-05 0.161203 0.165083 0.655804 9.9982E-05 0.0177098
0.9995 9.996E-05 9.996E-05 9.996E-05 9.996E-05 9.996E-05
9.9982E-05 0.289112 0.194688 0.498351 9.9982E-05 0.0176486
0.00993633 0.842508 0.0868922 9.9991E-05 0.0241172 0.0364462
9.9982E-05 0.857238 9.9982E-05 0.123451 0.00450764 0.0146034
9.9973E-05 0.927919 0.0337539 9.9973E-05 9.9973E-05 0.0380272
9.9982E-05 0.98889 0.00574653 9.9982E-05 0.00291158 0.00225218
0.0244403 0.897715 0.0705196 9.9982E-05 0.00712484 9.9982E-05
0.00630227 0.980737 9.9982E-05 0.00659441 0.00616612 9.9982E-05
9.9982E-05 0.216269 0.27277 0.501856 9.9982E-05 0.00890598
9.9964E-05 0.95999 9.9964E-05 0.0396096 9.9964E-05 9.9964E-05
0.0142419 0.0027023 0.280627 0.023281 9.9991E-05 0.679048
0.00335342 0.639704 9.9982E-05 0.339882 9.9982E-05 0.0168604
0.00388912 0.96175 9.9991E-05 0.0320343 0.00129877 0.00092791
0.408752 0.125114 0.327559 9.9991E-05 0.070463 0.0680121
0.0559207 0.459866 0.454019 9.9991E-05 0.00656316 0.0235314
0.0146723 0.447526 0.243823 0.292495 0.00138381 9.9991E-05
0.0124527 0.854647 0.0055194 0.11609 0.0111907 9.9991E-05
9.9973E-05 0.957413 0.0346558 9.9973E-05 9.9973E-05 0.0076311
9.996E-05 9.996E-05 9.996E-05 9.996E-05 0.9995 9.996E-05
9.99639E-05 0.634881 9.99639E-05 0.364719 9.99639E-05 9.99639E-05
9.99639E-05 0.645206 9.99639E-05 0.354394 9.99639E-05 9.99639E-05
9.9973E-05 0.297442 0.0712007 0.631058 9.9973E-05 9.9973E-05
9.9991E-05 0.253419 0.0490408 0.681771 0.00904563 0.00662373
0.00307331 0.17485 0.0576273 0.764249 9.9982E-05 9.9982E-05
9.9973E-05 0.971382 0.0249885 9.9973E-05 9.9973E-05 0.00332979
9.9964E-05 0.675523 9.9964E-05 0.324077 9.9964E-05 9.9964E-05
9.9973E-05 0.937106 9.9973E-05 0.0621945 0.000399088 9.9973E-05
9.9964E-05 0.524059 9.9964E-05 0.475542 9.9964E-05 9.9964E-05
0.015153 0.195166 0.733459 0.0560222 9.9982E-05 9.9982E-05
9.9973E-05 0.963546 0.0360095 9.9973E-05 9.9973E-05 0.000144219
9.9982E-05 0.307931 0.13662 0.500447 9.9982E-05 0.0548022
0.0170509 0.401685 0.0838888 0.492153 0.00512267 9.9991E-05
0.00683833 9.9982E-05 0.119568 0.0224595 9.9982E-05 0.850934
9.99639E-05 0.667013 9.99639E-05 0.332587 9.99639E-05 9.99639E-05
9.9964E-05 0.966638 9.9964E-05 0.032962 9.9964E-05 9.9964E-05
9.996E-05 0.9995 9.996E-05 9.996E-05 9.996E-05 9.996E-05
0.0193589 0.116563 0.127485 0.736392 9.9982E-05 9.9982E-05
0.9995 9.996E-05 9.996E-05 9.996E-05 9.996E-05 9.996E-05
0.00777692 0.0888796 0.103685 0.786943 0.0126155 9.9991E-05
9.9973E-05 0.80583 9.9973E-05 0.146512 9.9973E-05 0.0473577
9.9973E-05 0.93821 0.0469978 9.9973E-05 9.9973E-05 0.0144919
0.00630836 0.230146 9.9982E-05 0.755958 9.9982E-05 0.00738823
0.9995 9.996E-05 9.996E-05 9.996E-05 9.996E-05 9.996E-05
0.0322574 9.9982E-05 0.312966 9.9982E-05 0.00981533 0.644762
0.00114465 0.740183 0.00280907 0.255663 9.9982E-05 9.9982E-05
9.9964E-05 0.824605 9.9964E-05 0.174995 9.9964E-05 9.9964E-05
9.9973E-05 0.303782 0.0390924 0.656826 9.9973E-05 9.9973E-05
9.9973E-05 0.973993 0.0122836 9.9973E-05 9.9973E-05 0.0134232
0.0471679 0.0517715 0.508508 0.392353 9.9982E-05 9.9982E-05
0.519181 0.0485808 0.190883 9.9991E-05 0.102476 0.138779
9.9973E-05 0.881853 9.9973E-05 0.0718949 9.9973E-05 0.0459525
9.9964E-05 0.615508 9.9964E-05 0.384092 9.9964E-05 9.9964E-05
9.9964E-05 9.9964E-05 9.9964E-05 0.0014867 9.9964E-05 0.998113
0.00932163 0.869043 9.9973E-05 0.121335 9.9973E-05 9.9973E-05
9.9964E-05 0.523805 9.9964E-05 0.475796 9.9964E-05 9.9964E-05
9.9964E-05 0.885408 9.9964E-05 0.114192 9.9964E-05 9.9964E-05
9.9982E-05 0.241424 0.199995 0.549875 0.00850616 9.9982E-05
0.0160494 0.309004 0.154812 0.519934 9.9982E-05 9.9982E-05
9.9973E-05 0.206337 0.334243 0.459119 9.9973E-05 9.9973E-05
9.9982E-05 0.0891838 0.600075 0.30088 0.00966139 9.9982E-05
9.9973E-05 0.691978 9.9973E-05 0.304065 9.9973E-05 0.0036573
0.00310601 0.93479 9.9982E-05 0.0522397 9.9982E-05 0.00966424
0.0285691 0.729005 9.9982E-05 0.23525 9.9982E-05 0.00697535
0.869667 0.00042092 0.0488157 9.9991E-05 0.059331 0.0216652
9.9973E-05 0.921916 0.0503042 9.9973E-05 9.9973E-05 0.0274798
0.959366 9.9982E-05 9.9982E-05 0.00683821 0.015668 0.0179279
9.9973E-05 0.747357 9.9973E-05 0.248788 9.9973E-05 0.00355459
9.99639E-05 0.0353802 9.99639E-05 9.99639E-05 9.99639E-05 0.96422
9.9973E-05 0.112326 0.097263 0.790112 9.9973E-05 9.9973E-05
9.9982E-05 0.102524 0.3297 0.56464 0.00293605 9.9982E-05
9.9991E-05 0.140507 0.141699 0.643592 0.0315859 0.0425153
9.9973E-05 0.623178 9.9973E-05 0.361579 9.9973E-05 0.014943
0.0331912 0.258163 0.258823 0.445383 9.9991E-05 0.00434004
0.0020138 0.969171 0.018436 0.00657012 9.9991E-05 0.00370954
0.00731629 0.517083 9.9991E-05 0.461184 0.000639165 0.0136776
0.0102347 0.374022 0.574328 9.9991E-05 0.0237417 0.0175735
0.0125872 0.786576 0.0860786 0.114558 9.9982E-05 9.9982E-05
0.00575265 0.888242 0.00413432 0.0896151 0.0104102 0.00184605
0.009413 0.0168368 9.9973E-05 9.9973E-05 9.9973E-05 0.97345
0.00542357 0.15421 0.662061 0.113019 9.9991E-05 0.0651869
9.9964E-05 9.9964E-05 9.9964E-05 0.0174038 9.9964E-05 0.982196
0.000931295 0.747802 9.9973E-05 0.250967 9.9973E-05 9.9973E-05
9.9991E-05 0.293796 0.597251 0.0386116 0.0188868 0.0513545
0.00531797 0.29885 0.637429 9.9991E-05 0.00319872 0.0551035
0.0305541 0.783712 9.9973E-05 0.185434 9.9973E-05 9.9973E-05
9.9973E-05 0.995523 9.9973E-05 0.00294785 0.00122914 9.9973E-05
0.994409 9.9964E-05 9.9964E-05 9.9964E-05 9.9964E-05 0.00519101
9.9982E-05 0.0610746 0.735539 0.166699 9.9982E-05 0.0364876
9.9964E-05 0.775661 9.9964E-05 0.223939 9.9964E-05 9.9964E-05
0.0358397 0.175048 0.350433 9.9991E-05 0.0355028 0.403076
0.00194294 0.968512 0.0286985 9.9982E-05 9.9982E-05 0.000647133
9.996E-05 9.996E-05 9.996E-05 9.996E-05 0.9995 9.996E-05
0.0182097 0.891303 0.0327518 0.0509885 0.00664655 9.9991E-05
0.0264268 0.1459 0.190157 9.9982E-05 0.637316 9.9982E-05
0.0152292 0.166461 0.0832311 0.716003 0.0069933 0.0120823
9.9964E-05 0.94607 0.0535298 9.9964E-05 9.9964E-05 9.9964E-05
9.9964E-05 0.994327 9.9964E-05 9.9964E-05 0.00527308 9.9964E-05
9.9973E-05 0.0841677 0.684542 0.23099 9.9973E-05 9.9973E-05
9.9973E-05 0.901633 0.0919975 9.9973E-05 9.9973E-05 0.0060691
9.9964E-05 9.9964E-05 9.9964E-05 0.0183485 9.9964E-05 0.981252
0.00562649 0.991666 9.9973E-05 9.9973E-05 9.9973E-05 0.00240766
9.996E-05 9.996E-05 9.996E-05 9.996E-05 0.9995 9.996E-05
9.9964E-05 0.998905 9.9964E-05 9.9964E-05 0.00069548 9.9964E-05
9.9982E-05 0.222279 0.147445 0.606328 9.9982E-05 0.0237476
0.0127084 0.401694 0.0869505 0.478353 0.020194 9.9991E-05
9.9973E-05 0.106371 0.645718 0.247612 9.9973E-05 9.9973E-05
0.0328281 0.350376 0.402262 0.212023 0.00241083 9.9991E-05
0.0560664 0.194641 0.651778 0.096736 9.9991E-05 0.000679151
0.000592109 0.999008 9.9964E-05 9.9964E-05 9.9964E-05 9.9964E-05
0.00701501 0.404985 9.9982E-05 0.525877 9.9982E-05 0.0619233
9.9973E-05 0.93797 9.9973E-05 0.0614363 0.000293815 9.9973E-05
0.035947 0.291478 0.254047 0.361498 9.9991E-05 0.0569295
9.9982E-05 0.0781766 0.398172 0.521833 9.9982E-05 0.00161844
9.9991E-05 0.906134 0.0288081 0.0384439 0.0150881 0.0114256
0.00558247 0.554119 9.9973E-05 0.439999 9.9973E-05 9.9973E-05
0.0105761 0.79615 9.9982E-05 0.184408 9.9982E-05 0.00866628
9.9964E-05 0.941469 0.0581316 9.9964E-05 9.9964E-05 9.9964E-05
0.0170942 0.413774 0.463934 9.9991E-05 0.0303079 0.0747902
0.0103162 0.400737 0.154754 0.42962 0.00155843 0.00301427
9.9991E-05 0.460802 0.243842 0.270974 0.0192855 0.00499684
0.00935465 9.9991E-05 0.0367341 0.0241236 0.899799 0.0298882
9.9973E-05 0.924788 0.072049 9.9973E-05 9.9973E-05 0.00286263
9.9964E-05 0.969527 0.0300735 9.9964E-05 9.9964E-05 9.9964E-05
9.9973E-05 0.917428 9.9973E-05 0.0726822 0.00958973 9.9973E-05
0.00392878 0.0058703 9.99729E-05 9.99729E-05 9.99729E-05 0.989901
9.9991E-05 0.774751 0.0284385 0.185063 0.00942032 0.00222711
9.9973E-05 0.154999 0.685946 0.158755 9.9973E-05 9.9973E-05
0.0117353 0.450948 0.0352008 0.480798 9.9991E-05 0.0212179
9.9973E-05 0.994293 0.00051285 9.9973E-05 0.0048945 9.9973E-05
9.9982E-05 0.85389 0.0861047 0.0410148 9.9982E-05 0.0187909
9.996E-05 0.9995 9.996E-05 9.996E-05 9.996E-05 9.996E-05
0.0240029 0.128928 0.64358 0.203289 9.9982E-05 9.9982E-05
0.0356651 0.0292218 0.115538 9.9991E-05 0.777261 0.0422137
9.9973E-05 0.0115914 0.787 0.201109 9.9973E-05 9.9973E-05
0.0284365 0.600456 9.9982E-05 0.366904 9.9982E-05 0.00400376
0.0230687 9.9973E-05 0.0219071 9.9973E-05 0.954724 9.9973E-05
9.9991E-05 0.659419 0.0588213 0.230011 0.0138275 0.037821
9.9964E-05 0.39105 9.9964E-05 0.608551 9.9964E-05 9.9964E-05
0.0056806 0.885563 0.0809651 9.9982E-05 9.9982E-05 0.0275915
0.00164873 0.997951 9.9964E-05 9.9964E-05 9.9964E-05 9.9964E-05
0.00742958 0.941453 0.0443295 9.9991E-05 0.00421445 0.00247345
9.9982E-05 0.554446 0.233613 0.205841 9.9982E-05 0.00589981
9.99639E-05 0.0480439 9.99639E-05 9.99639E-05 9.99639E-05 0.951556
9.996E-05 0.9995 9.996E-05 9.996E-05 9.996E-05 9.996E-05
9.9973E-05 0.0655053 0.346378 0.587817 9.9973E-05 9.9973E-05
9.9964E-05 0.55237 9.9964E-05 0.44723 9.9964E-05 9.9964E-05
9.9973E-05 0.0233489 9.9973E-05 9.9973E-05 0.0205113 0.95584
9.9982E-05 0.0745695 0.502307 0.422477 9.9982E-05 0.000446081
0.00614091 0.278837 0.667787 9.9991E-05 0.0469656 0.000170288
0.00228613 0.229077 0.284991 0.465782 9.9991E-05 0.0177641
0.00365654 0.0779228 9.9973E-05 9.9973E-05 9.9973E-05 0.918121
9.9964E-05 0.570729 9.9964E-05 0.428871 9.9964E-05 9.9964E-05
9.996E-05 9.996E-05 9.996E-05 9.996E-05 0.9995 9.996E-05
0.00121163 0.652193 9.9982E-05 0.342364 0.00403092 9.9982E-05
0.0123351 0.940943 9.9973E-05 0.0464216 9.9973E-05 9.9973E-05
9.9964E-05 9.9964E-05 9.9964E-05 0.00808866 0.991511 9.9964E-05
9.9964E-05 0.908537 9.9964E-05 0.0910627 9.9964E-05 9.9964E-05
0.913315 0.0066111 0.0238239 0.0264141 0.0109208 0.0189151
0.00411616 0.291067 0.101877 0.602739 9.9982E-05 9.9982E-05
9.9982E-05 0.954066 0.0129233 0.0114171 9.9982E-05 0.0213932
9.9982E-05 0.134142 0.605861 0.176803 9.9982E-05 0.0829942
0.00798805 0.742932 0.0244227 0.201526 0.0230318 9.9991E-05
0.0331644 9.9973E-05 0.0515406 9.9973E-05 0.914995 9.9973E-05
0.000121756 0.362224 0.0883592 0.524576 0.0128213 0.0118977
