9.9946E-05 0.0159694 9.9946E-05 0.106657 9.9946E-05 9.9946E-05 9.9946E-05 9.9946E-05 0.577811 0.298963
9.9937E-05 9.9937E-05 0.0154444 9.9937E-05 9.9937E-05 0.0145344 9.9937E-05 9.9937E-05 0.969322 9.9937E-05
0.0254253 9.9946E-05 9.9946E-05 9.9946E-05 9.9946E-05 9.9946E-05 9.9946E-05 0.0047832 0.935426 0.0337657
9.9964E-05 0.00129175 9.9964E-05 9.9964E-05 0.0165922 0.04058 0.0367968 9.9964E-05 0.487007 0.417333
9.9964E-05 9.9964E-05 0.0101334 0.1059 9.9964E-05 0.369055 9.9964E-05 0.0322554 0.0936674 0.388589
9.9964E-05 0.00597685 9.9964E-05 0.0577184 9.9964E-05 0.127849 0.623431 9.9964E-05 0.173196 0.0114291
0.134666 9.9955E-05 0.0116007 0.501023 9.9955E-05 9.9955E-05 0.247223 9.9955E-05 0.104987 9.9955E-05
0.244729 9.9946E-05 9.9946E-05 9.9946E-05 9.9946E-05 0.198199 0.148655 9.9946E-05 9.9946E-05 0.407818
0.010674 0.0194834 9.9964E-05 9.9964E-05 0.00604717 9.9964E-05 9.9964E-05 0.0125376 0.913132 0.0377259
9.9928E-05 9.9928E-05 9.9928E-05 9.9928E-05 9.9928E-05 9.9928E-05 9.9928E-05 9.9928E-05 0.67421 0.32499
0.227658 9.9955E-05 0.0452026 0.19536 9.9955E-05 9.9955E-05 9.9955E-05 9.9955E-05 0.120473 0.410807
9.9946E-05 0.00989501 9.9946E-05 0.729271 9.9946E-05 9.9946E-05 9.9946E-05 9.9946E-05 0.0334789 0.226755
0.123401 9.9955E-05 9.9955E-05 0.238195 9.9955E-05 0.0558552 9.9955E-05 9.9955E-05 0.13967 0.442379
0.0539229 9.99549E-05 9.99549E-05 9.99549E-05 9.99549E-05 0.0200905 0.88725 9.99549E-05 0.0377766 0.000459821
9.9946E-05 0.00532696 0.00108911 9.9946E-05 9.9946E-05 9.9946E-05 9.9946E-05 9.9946E-05 0.361502 0.631482
9.9973E-05 0.0101484 9.9973E-05 0.25095 0.00687095 0.100859 0.135629 9.9973E-05 0.469012 0.0262311
0.640334 9.9955E-05 9.9955E-05 0.0820418 9.9955E-05 9.9955E-05 0.0578304 9.9955E-05 0.145756 0.0735375
9.9955E-05 0.334478 0.202292 9.9955E-05 0.000824722 9.9955E-05 0.301402 9.9955E-05 0.160503 9.9955E-05
9.9937E-05 9.9937E-05 9.9937E-05 9.9937E-05 0.00502978 9.9937E-05 0.0494206 9.9937E-05 0.94485 9.9937E-05
0.396837 0.00562064 9.9991E-05 0.0359303 0.0208902 0.143634 0.179332 0.0209386 0.0433473 0.15337
9.9955E-05 9.9955E-05 0.00201856 0.00159429 9.9955E-05 0.0105547 9.9955E-05 9.9955E-05 0.887976 0.0973568
0.157769 9.9946E-05 9.9946E-05 0.406401 9.9946E-05 9.9946E-05 9.9946E-05 9.9946E-05 0.125518 0.309712
9.9973E-05 0.000548639 9.9973E-05 0.293398 9.9973E-05 0.0244022 0.0102784 0.0195663 0.171881 0.479626
0.0180597 0.0156748 9.9964E-05 9.9964E-05 9.9964E-05 0.0117446 0.0204013 0.883524 9.9964E-05 0.0501958
0.20758 9.9955E-05 0.0293293 0.0991303 9.9955E-05 9.9955E-05 9.9955E-05 9.9955E-05 0.182923 0.480538
0.37333 9.9964E-05 0.0146958 9.9964E-05 9.9964E-05 0.142044 0.0793648 9.9964E-05 0.13879 0.251375
9.9937E-05 0.00266017 9.9937E-05 9.9937E-05 9.9937E-05 9.9937E-05 9.9937E-05 9.9937E-05 0.827523 0.169117
9.99201E-05 9.99201E-05 9.99201E-05 9.99201E-05 9.99201E-05 9.99201E-05 9.99201E-05 9.99201E-05 0.70004 0.29916
9.9928E-05 9.9928E-05 9.9928E-05 9.9928E-05 9.9928E-05 9.9928E-05 9.9928E-05 9.9928E-05 0.953702 0.0454981
9.9955E-05 9.9955E-05 0.039588 0.207737 9.9955E-05 0.126623 0.510104 9.9955E-05 0.115448 9.9955E-05
9.9937E-05 9.9937E-05 9.9937E-05 0.0274421 9.9937E-05 0.0209676 9.9937E-05 9.9937E-05 0.950891 9.9937E-05
9.9937E-05 9.9937E-05 0.00555034 0.0267962 9.9937E-05 9.9937E-05 9.9937E-05 9.9937E-05 0.966954 9.9937E-05
0.0348128 9.9955E-05 9.9955E-05 9.9955E-05 0.00560185 0.607963 0.155718 9.9955E-05 0.195404 9.9955E-05
0.000880247 9.9937E-05 9.9937E-05 9.9937E-05 9.9937E-05 9.9937E-05 9.9937E-05 0.00670724 0.991713 9.9937E-05
0.145837 9.9973E-05 0.0181928 0.159737 0.00725763 0.356416 9.9973E-05 9.9973E-05 0.18354 0.12872
9.9928E-05 9.9928E-05 9.9928E-05 9.9928E-05 9.9928E-05 9.9928E-05 9.9928E-05 9.9928E-05 0.439607 0.559594
0.0963942 9.9964E-05 9.9964E-05 0.619121 0.03027 9.9964E-05 0.112772 0.00100017 9.9964E-05 0.140043
0.280815 0.00603202 9.99639E-05 0.0283973 9.99639E-05 0.633059 9.99639E-05 0.0173947 0.0339026 9.99639E-05
0.0239146 9.9982E-05 9.9982E-05 0.238474 0.00252701 0.0401237 0.0422167 0.0480833 0.0257857 0.578675
9.9946E-05 9.9946E-05 9.9946E-05 0.129385 9.9946E-05 0.0454451 0.699941 9.9946E-05 9.9946E-05 0.124628
9.99371E-05 9.99371E-05 9.99371E-05 0.00250994 9.99371E-05 9.99371E-05 9.99371E-05 0.0170219 0.979769 9.99371E-05
0.00308183 9.9946E-05 9.9946E-05 0.0266488 9.9946E-05 9.9946E-05 9.9946E-05 9.9946E-05 0.745806 0.223863
9.99369E-05 9.99369E-05 0.0329103 9.99369E-05 9.99369E-05 9.99369E-05 9.99369E-05 9.99369E-05 0.654982 0.311408
9.9955E-05 0.0239606 9.9955E-05 9.9955E-05 9.9955E-05 0.0332608 0.0538127 9.9955E-05 0.627312 0.261154
9.9928E-05 0.996583 9.9928E-05 9.9928E-05 0.00261788 9.9928E-05 9.9928E-05 9.9928E-05 9.9928E-05 9.9928E-05
0.0400019 9.9955E-05 9.9955E-05 0.0390021 9.9955E-05 0.047696 9.9955E-05 9.9955E-05 0.859758 0.0130418
9.9928E-05 9.9928E-05 9.9928E-05 9.9928E-05 9.9928E-05 9.9928E-05 9.9928E-05 9.9928E-05 0.818813 0.180388
9.99201E-05 0.999101 9.99201E-05 9.99201E-05 9.99201E-05 9.99201E-05 9.99201E-05 9.99201E-05 9.99201E-05 9.99201E-05
9.9928E-05 9.9928E-05 9.9928E-05 9.9928E-05 9.9928E-05 9.9928E-05 9.9928E-05 9.9928E-05 0.493695 0.505506
0.093587 9.9973E-05 0.0182498 0.143625 0.00290708 9.9973E-05 0.021706 9.9973E-05 0.267669 0.451955
9.99279E-05 9.99279E-05 9.99279E-05 9.99279E-05 9.99279E-05 9.99279E-05 9.99279E-05 9.99279E-05 0.587387 0.411814
9.9937E-05 9.9937E-05 9.9937E-05 0.121666 9.9937E-05 9.9937E-05 9.9937E-05 9.9937E-05 0.45216 0.425475
9.99459E-05 0.0303846 9.99459E-05 9.99459E-05 0.0111361 9.99459E-05 0.490143 9.99459E-05 0.467737 9.99459E-05
9.9973E-05 9.9973E-05 0.0203249 0.111461 9.9973E-05 0.0391577 0.170558 0.0526422 0.0827637 0.522792
9.99459E-05 9.99459E-05 9.99459E-05 9.99459E-05 0.0190638 9.99459E-05 0.22175 0.020451 0.738135 9.99459E-05
9.9937E-05 0.00465884 9.9937E-05 9.9937E-05 9.9937E-05 9.9937E-05 9.9937E-05 9.9937E-05 0.8772 0.117442
0.00662019 0.00415846 9.9955E-05 0.0206734 0.00227935 9.9955E-05 9.9955E-05 9.9955E-05 0.965769 9.9955E-05
9.9964E-05 9.9964E-05 0.00432006 0.0305658 9.9964E-05 9.9964E-05 0.013601 0.00653045 0.636675 0.307908
9.9928E-05 9.9928E-05 9.9928E-05 9.9928E-05 9.9928E-05 9.9928E-05 9.9928E-05 9.9928E-05 0.676392 0.322809
9.9928E-05 9.9928E-05 9.9928E-05 9.9928E-05 9.9928E-05 9.9928E-05 9.9928E-05 9.9928E-05 0.932067 0.0671331
0.0836707 9.99492E-05 9.99492E-05 9.99492E-05 0.01413 9.99492E-05 0.0582297 0.84337 9.99492E-05 9.99492E-05
0.0183869 9.9955E-05 9.9955E-05 0.011215 0.0131866 9.9955E-05 9.9955E-05 0.00664924 0.950063 9.9955E-05
9.9973E-05 9.9973E-05 0.00759457 0.237678 0.0204171 9.9973E-05 0.149093 0.0256963 0.140356 0.418865
0.0181809 0.00617723 9.9946E-05 9.9946E-05 9.9946E-05 9.9946E-05 9.9946E-05 9.9946E-05 0.937258 0.0377843
9.9928E-05 9.9928E-05 9.9928E-05 9.9928E-05 0.00534147 9.9928E-05 9.9928E-05 9.9928E-05 0.993859 9.9928E-05
9.9946E-05 9.9946E-05 0.020195 0.0406563 9.9946E-05 9.9946E-05 9.9946E-05 9.9946E-05 0.567624 0.370925
9.9937E-05 9.9937E-05 9.9937E-05 0.0506995 9.9937E-05 9.9937E-05 9.9937E-05 9.9937E-05 0.55711 0.391491
9.99279E-05 9.99279E-05 9.99279E-05 0.899129 9.99279E-05 9.99279E-05 9.99279E-05 9.99279E-05 0.100071 9.99279E-05
9.99201E-05 0.999101 9.99201E-05 9.99201E-05 9.99201E-05 9.99201E-05 9.99201E-05 9.99201E-05 9.99201E-05 9.99201E-05
0.0730707 9.9955E-05 9.9955E-05 9.9955E-05 9.9955E-05 0.305203 9.9955E-05 0.0151763 0.0863465 0.519704
9.99549E-05 0.00663824 9.99549E-05 9.99549E-05 0.0224218 9.99549E-05 0.135729 0.0196894 0.815022 9.99549E-05
9.9955E-05 0.00545703 9.9955E-05 9.9955E-05 0.00719309 9.9955E-05 9.9955E-05 0.0163252 0.737121 0.233404
9.9937E-05 9.9937E-05 9.9937E-05 9.9937E-05 9.9937E-05 9.9937E-05 0.00310947 0.0458305 0.950361 9.9937E-05
9.9946E-05 0.0012016 0.00450419 9.9946E-05 9.9946E-05 9.9946E-05 0.00612309 9.9946E-05 0.987571 9.9946E-05
9.9964E-05 0.0176214 9.9964E-05 0.014112 0.00865483 0.0204519 0.0193658 9.9964E-05 0.919394 9.9964E-05
9.9937E-05 0.00385025 9.9937E-05 9.9937E-05 9.9937E-05 9.9937E-05 9.9937E-05 9.9937E-05 0.946145 0.0493053
0.228872 9.9964E-05 0.0652228 0.378675 9.9964E-05 9.9964E-05 0.10512 9.9964E-05 0.09669 0.125021
0.0385566 9.9937E-05 9.9937E-05 9.9937E-05 9.9937E-05 9.9937E-05 9.9937E-05 9.9937E-05 0.916629 0.0441147
0.0382289 9.9955E-05 0.0525839 0.0361495 9.9955E-05 9.9955E-05 0.224072 0.648466 9.9955E-05 9.9955E-05
9.9946E-05 9.9946E-05 9.9946E-05 0.0435687 9.9946E-05 9.9946E-05 9.9946E-05 0.0234578 0.471094 0.46128
9.9964E-05 0.00349138 0.00785502 9.9964E-05 0.000588306 9.9964E-05 9.9964E-05 0.00103169 0.883147 0.103487
9.99279E-05 9.99279E-05 0.966085 9.99279E-05 9.99279E-05 9.99279E-05 9.99279E-05 9.99279E-05 0.0331156 9.99279E-05
9.9937E-05 0.0299125 9.9937E-05 9.9937E-05 9.9937E-05 9.9937E-05 0.607204 9.9937E-05 0.362184 9.9937E-05
9.99459E-05 9.99459E-05 9.99459E-05 9.99459E-05 9.99459E-05 0.250767 0.120375 9.99459E-05 0.231037 0.397221
9.9955E-05 0.0037084 9.9955E-05 9.9955E-05 0.00980173 9.9955E-05 0.0311138 9.9955E-05 0.727037 0.227839
9.9955E-05 9.9955E-05 0.009559 0.0182765 9.9955E-05 9.9955E-05 0.0131997 0.0115202 0.946945 9.9955E-05
9.99201E-05 9.99201E-05 9.99201E-05 9.99201E-05 0.999101 9.99201E-05 9.99201E-05 9.99201E-05 9.99201E-05 9.99201E-05
9.99459E-05 0.0152341 9.99459E-05 0.0650214 9.99459E-05 9.99459E-05 9.99459E-05 9.99459E-05 0.419042 0.500103
9.9937E-05 9.9937E-05 9.9937E-05 0.0548495 9.9937E-05 9.9937E-05 9.9937E-05 9.9937E-05 0.443866 0.500585
9.9946E-05 9.9946E-05 9.9946E-05 0.488103 9.9946E-05 0.0386787 9.9946E-05 9.9946E-05 0.0835239 0.389094
0.160184 9.9964E-05 9.9964E-05 0.320714 0.0097319 9.9964E-05 9.9964E-05 0.0147623 0.0499172 0.44429
0.371022 9.9946E-05 9.9946E-05 0.297907 9.9946E-05 9.9946E-05 9.9946E-05 9.9946E-05 0.0468025 0.283669
9.9937E-05 9.9937E-05 9.9937E-05 9.9937E-05 9.9937E-05 9.9937E-05 0.0289832 0.000473074 0.969844 9.9937E-05
9.9937E-05 9.9937E-05 0.00903283 9.9937E-05 9.9937E-05 9.9937E-05 9.9937E-05 9.9937E-05 0.428018 0.56225
9.9946E-05 0.00116835 9.9946E-05 9.9946E-05 0.00102221 9.9946E-05 9.9946E-05 9.9946E-05 0.847504 0.149706
9.99461E-05 9.99461E-05 0.0171836 9.99461E-05 9.99461E-05 9.99461E-05 0.0695204 9.99461E-05 0.181951 0.730745
9.9964E-05 9.9964E-05 0.0297085 0.113464 9.9964E-05 0.16057 0.610164 9.9964E-05 0.0801569 0.00553662
9.9946E-05 9.9946E-05 9.9946E-05 9.9946E-05 9.9946E-05 0.0206911 0.028217 0.00471419 0.945778 9.9946E-05
9.9964E-05 9.9964E-05 9.9964E-05 0.320922 9.9964E-05 0.0025299 0.10675 0.0600055 0.0943324 0.41506
9.9973E-05 0.0130856 9.9973E-05 0.0159634 0.00533092 0.190294 0.0290865 9.9973E-05 0.0750156 0.670924
9.99461E-05 9.99461E-05 0.055619 0.062231 9.99461E-05 0.0496591 9.99461E-05 0.831891 9.99461E-05 9.99461E-05
9.9937E-05 9.9937E-05 9.9937E-05 0.0432668 9.9937E-05 9.9937E-05 9.9937E-05 9.9937E-05 0.950722 0.0053117
9.99201E-05 9.99201E-05 9.99201E-05 9.99201E-05 9.99201E-05 9.99201E-05 9.99201E-05 9.99201E-05 0.999101 9.99201E-05
0.457591 0.0152224 9.99549E-05 0.115108 9.99549E-05 0.088771 9.99549E-05 9.99549E-05 9.99549E-05 0.322807
9.9937E-05 0.993533 9.9937E-05 9.9937E-05 9.9937E-05 9.9937E-05 9.9937E-05 9.9937E-05 0.00229232 0.00347491
0.91521 0.0040613 9.99369E-05 9.99369E-05 9.99369E-05 9.99369E-05 9.99369E-05 9.99369E-05 9.99369E-05 0.0800286
9.9955E-05 9.9955E-05 0.00559999 0.0449128 9.9955E-05 9.9955E-05 9.9955E-05 0.0289711 0.693832 0.226184
9.9955E-05 9.9955E-05 0.00273633 9.9955E-05 0.00615489 9.9955E-05 0.0381074 0.020438 0.932064 9.9955E-05
0.130375 9.9946E-05 9.9946E-05 0.543671 9.9946E-05 9.9946E-05 9.9946E-05 9.9946E-05 0.0485082 0.276847
9.99201E-05 0.999101 9.99201E-05 9.99201E-05 9.99201E-05 9.99201E-05 9.99201E-05 9.99201E-05 9.99201E-05 9.99201E-05
9.9955E-05 0.00429703 0.0516052 9.9955E-05 9.9955E-05 0.0522904 0.270595 0.620712 9.9955E-05 9.9955E-05
9.9946E-05 0.00339537 9.9946E-05 0.168559 9.9946E-05 9.9946E-05 9.9946E-05 9.9946E-05 0.6027 0.224746
9.9928E-05 9.9928E-05 9.9928E-05 9.9928E-05 9.9928E-05 9.9928E-05 9.9928E-05 9.9928E-05 0.662242 0.336958
0.189077 9.9946E-05 9.9946E-05 0.286028 9.9946E-05 9.9946E-05 9.9946E-05 9.9946E-05 0.10157 0.422726
0.00323981 9.9946E-05 9.9946E-05 9.9946E-05 9.9946E-05 0.00250087 9.9946E-05 0.0280545 0.965605 9.9946E-05
0.347126 0.0155715 0.0778538 0.145435 9.9973E-05 0.236576 0.0831082 9.9973E-05 0.0940293 9.9973E-05
9.99279E-05 0.0535418 0.945659 9.99279E-05 9.99279E-05 9.99279E-05 9.99279E-05 9.99279E-05 9.99279E-05 9.99279E-05
9.9937E-05 9.9937E-05 9.9937E-05 9.9937E-05 9.9937E-05 9.9937E-05 9.9937E-05 0.0453088 0.812509 0.141482
0.0428319 0.00727256 9.99549E-05 0.05968 9.99549E-05 9.99549E-05 9.99549E-05 9.99549E-05 0.398511 0.491205
9.9928E-05 9.9928E-05 9.9928E-05 0.00111052 9.9928E-05 9.9928E-05 9.9928E-05 0.99809 9.9928E-05 9.9928E-05
0.0448 0.000222864 9.9946E-05 9.9946E-05 9.9946E-05 9.9946E-05 9.9946E-05 9.9946E-05 0.808931 0.145446
9.9937E-05 9.9937E-05 9.9937E-05 0.157902 9.9937E-05 9.9937E-05 9.9937E-05 9.9937E-05 0.273812 0.567586
9.9928E-05 9.9928E-05 9.9928E-05 9.9928E-05 9.9928E-05 9.9928E-05 9.9928E-05 9.9928E-05 0.722421 0.276779
0.766094 9.9928E-05 9.9928E-05 9.9928E-05 9.9928E-05 9.9928E-05 9.9928E-05 9.9928E-05 0.233107 9.9928E-05
0.0918369 0.00743103 9.9964E-05 0.323797 9.9964E-05 0.153016 9.9964E-05 9.9964E-05 0.152797 0.270722
0.135105 9.9964E-05 0.050512 9.9964E-05 9.9964E-05 0.329515 0.0151858 9.9964E-05 0.0162874 0.452995
0.462587 9.99369E-05 9.99369E-05 9.99369E-05 9.99369E-05 9.99369E-05 0.515083 9.99369E-05 0.0216302 9.99369E-05
9.9946E-05 9.9946E-05 0.013371 9.9946E-05 9.9946E-05 9.9946E-05 9.9946E-05 0.0125009 0.454276 0.519252
9.994E-05 0.00517517 9.994E-05 9.994E-05 9.994E-05 9.994E-05 9.994E-05 0.0138261 0.807839 0.172561
9.99459E-05 0.0224044 9.99459E-05 9.99459E-05 9.99459E-05 9.99459E-05 9.99459E-05 0.0116357 0.531813 0.433547
0.0249262 0.74309 0.19509 9.9946E-05 0.0362946 9.9946E-05 9.9946E-05 9.9946E-05 9.9946E-05 9.9946E-05
9.9955E-05 9.9955E-05 9.9955E-05 0.0111377 9.9955E-05 9.9955E-05 0.058487 0.0255781 0.85849 0.0458076
9.9973E-05 0.93896 0.0106621 0.00923899 0.0115367 0.0121005 9.9973E-05 0.00341174 9.9973E-05 0.0137897
9.9937E-05 9.9937E-05 0.0413816 9.9937E-05 9.9937E-05 9.9937E-05 9.9937E-05 9.9937E-05 0.527102 0.430816
9.99279E-05 9.99279E-05 9.99279E-05 9.99279E-05 9.99279E-05 9.99279E-05 9.99279E-05 0.937548 0.0616529 9.99279E-05
0.520027 9.99369E-05 9.99369E-05 0.14488 9.99369E-05 9.99369E-05 9.99369E-05 9.99369E-05 9.99369E-05 0.334393
0.550743 9.9955E-05 9.9955E-05 0.276823 0.00291094 9.9955E-05 0.0732718 9.9955E-05 0.0957516 9.9955E-05
0.453039 9.9991E-05 0.00981791 0.203585 0.0287864 0.00955219 0.00441331 0.0356998 0.0573081 0.197698
9.9946E-05 9.9946E-05 9.9946E-05 9.9946E-05 9.9946E-05 0.0402675 9.9946E-05 0.0048278 0.358689 0.595616
9.9964E-05 0.0262742 0.0183381 0.353691 9.9964E-05 0.268966 9.9964E-05 9.9964E-05 0.204261 0.12807
9.9946E-05 0.00382921 9.9946E-05 9.9946E-05 9.9946E-05 0.006288 9.9946E-05 9.9946E-05 0.902277 0.0870062
0.0696182 9.9964E-05 9.9964E-05 0.0396247 0.00330988 9.9964E-05 0.0499109 9.9964E-05 0.238772 0.598365
9.99369E-05 9.99369E-05 0.0282528 9.99369E-05 9.99369E-05 9.99369E-05 0.739292 9.99369E-05 0.231756 9.99369E-05
9.9964E-05 0.0122613 0.00518127 9.9964E-05 0.0010963 0.136251 9.9964E-05 9.9964E-05 0.665835 0.178976
9.9955E-05 9.9955E-05 9.9955E-05 9.9955E-05 0.00456872 9.9955E-05 0.0336853 0.0054444 0.770199 0.185602
9.99369E-05 9.99369E-05 0.0100693 9.99369E-05 9.99369E-05 9.99369E-05 9.99369E-05 0.950333 0.0388982 9.99369E-05
9.99549E-05 9.99549E-05 9.99549E-05 0.0671297 9.99549E-05 0.45804 0.294117 0.0567505 0.123463 9.99549E-05
9.99201E-05 9.99201E-05 9.99201E-05 9.99201E-05 9.99201E-05 9.99201E-05 9.99201E-05 0.999101 9.99201E-05 9.99201E-05
9.9964E-05 0.00895351 9.9964E-05 0.0140425 0.000185315 9.9964E-05 9.9964E-05 0.000850144 0.546152 0.429417
9.9955E-05 9.9955E-05 0.0219184 9.9955E-05 9.9955E-05 9.9955E-05 0.697563 0.0332211 0.100832 0.145966
9.9964E-05 0.000587457 9.9964E-05 9.9964E-05 9.9964E-05 0.166259 0.644795 0.00263185 0.177439 0.0078876
0.0308795 0.0278279 9.99459E-05 9.99459E-05 9.99459E-05 9.99459E-05 9.99459E-05 9.99459E-05 0.654038 0.286655
9.9937E-05 9.9937E-05 9.9937E-05 0.0320691 9.9937E-05 9.9937E-05 9.9937E-05 9.9937E-05 0.957794 0.00943688
9.9937E-05 0.969581 0.00710018 9.9937E-05 9.9937E-05 9.9937E-05 9.9937E-05 0.0226191 9.9937E-05 9.9937E-05
0.244003 9.9955E-05 9.9955E-05 0.0431635 9.9955E-05 0.0386291 0.658574 0.0151312 9.9955E-05 9.9955E-05
9.99459E-05 0.0120937 9.99459E-05 9.99459E-05 9.99459E-05 0.00891846 9.99459E-05 9.99459E-05 0.576654 0.401734
9.99639E-05 0.0414601 0.000559974 9.99639E-05 0.0241899 9.99639E-05 0.450419 0.392013 0.0909587 9.99639E-05
9.9964E-05 0.00350041 0.00392281 9.9964E-05 9.9964E-05 0.00325295 0.0165947 0.00541164 0.966918 9.9964E-05
9.99201E-05 9.99201E-05 9.99201E-05 9.99201E-05 0.999101 9.99201E-05 9.99201E-05 9.99201E-05 9.99201E-05 9.99201E-05
0.00535073 0.0040518 0.0218942 9.9964E-05 9.9964E-05 9.9964E-05 0.0342916 9.9964E-05 0.814621 0.119391
9.9946E-05 9.9946E-05 0.16103 9.9946E-05 0.5645 9.9946E-05 0.169353 9.9946E-05 0.104517 9.9946E-05
0.512085 0.00675112 9.9973E-05 0.0677051 0.00294391 9.9973E-05 9.9973E-05 0.0181917 0.0203406 0.371683
0.000454686 9.9955E-05 9.9955E-05 0.0101002 0.00377345 9.9955E-05 0.0320182 9.9955E-05 0.953154 9.9955E-05
9.9928E-05 9.9928E-05 9.9928E-05 9.9928E-05 9.9928E-05 0.0324181 9.9928E-05 9.9928E-05 0.966783 9.9928E-05
0.156877 0.00361931 9.9973E-05 0.180559 9.9973E-05 0.298987 0.276826 0.0219499 0.0608819 9.9973E-05
9.9946E-05 9.9946E-05 9.9946E-05 9.9946E-05 0.000422485 9.9946E-05 0.0830741 0.011721 0.904183 9.9946E-05
0.0380836 9.99281E-05 9.99281E-05 9.99281E-05 9.99281E-05 9.99281E-05 9.99281E-05 0.961117 9.99281E-05 9.99281E-05
9.9955E-05 0.00197802 9.9955E-05 9.9955E-05 9.9955E-05 0.00641031 9.9955E-05 0.00503198 0.976499 0.00958101
9.99201E-05 9.99201E-05 9.99201E-05 9.99201E-05 0.999101 9.99201E-05 9.99201E-05 9.99201E-05 9.99201E-05 9.99201E-05
9.9928E-05 9.9928E-05 9.9928E-05 9.9928E-05 9.9928E-05 9.9928E-05 9.9928E-05 9.9928E-05 0.970863 0.0283372
9.9973E-05 9.9973E-05 0.0106377 0.482382 9.9973E-05 0.0041709 0.0685438 0.0230803 0.0380316 0.372854
0.020535 0.0168414 9.9973E-05 0.226061 0.0164346 0.0944424 9.9973E-05 9.9973E-05 0.220355 0.405031
0.00793125 9.9964E-05 9.9964E-05 0.0616992 9.9964E-05 0.757888 9.9964E-05 0.0111883 0.140141 0.0207521
9.9973E-05 0.00086003 0.011157 9.9973E-05 0.0139679 0.534064 9.9973E-05 0.00542966 0.264641 0.16958
9.9973E-05 0.0156058 0.0665592 0.157247 9.9973E-05 0.22615 0.437856 9.9973E-05 0.0943789 0.00190258
9.9937E-05 0.000680181 9.9937E-05 9.9937E-05 9.9937E-05 0.00193153 9.9937E-05 9.9937E-05 0.996689 9.9937E-05
9.99549E-05 9.99549E-05 0.0216782 0.271632 9.99549E-05 9.99549E-05 9.99549E-05 0.0411312 0.174466 0.490593
9.9946E-05 9.9946E-05 9.9946E-05 9.9946E-05 0.00230168 9.9946E-05 9.9946E-05 0.00397034 0.827918 0.165211
9.9973E-05 0.0227052 0.0218396 0.144367 9.9973E-05 9.9973E-05 0.309959 0.0253253 0.049477 0.426027
0.715641 9.9946E-05 9.9946E-05 9.9946E-05 9.9946E-05 0.0805345 0.118155 9.9946E-05 0.0850694 9.9946E-05
9.9964E-05 9.9964E-05 0.00719023 9.9964E-05 0.0085513 9.9964E-05 0.0191728 0.0187155 0.843759 0.102211
9.9937E-05 0.0133595 9.9937E-05 9.9937E-05 9.9937E-05 9.9937E-05 9.9937E-05 9.9937E-05 0.251559 0.734382
9.9946E-05 0.009782 9.9946E-05 9.9946E-05 9.9946E-05 9.9946E-05 9.9946E-05 0.0135422 0.615878 0.360199
0.0330412 9.9937E-05 9.9937E-05 9.9937E-05 9.9937E-05 9.9937E-05 0.0513635 9.9937E-05 0.914896 9.9937E-05
9.9955E-05 0.00276834 9.9955E-05 9.9955E-05 0.0188542 9.9955E-05 0.611703 0.0321388 0.334036 9.9955E-05
9.9964E-05 0.00514111 9.9964E-05 0.152896 9.9964E-05 0.135232 0.0646213 9.9964E-05 0.208857 0.432853
9.9973E-05 9.9973E-05 9.9973E-05 0.137269 0.0205806 0.10357 0.172133 0.00604978 0.313348 0.246749
9.9946E-05 9.9946E-05 0.0743847 9.9946E-05 0.87753 0.0395808 9.9946E-05 0.00790476 9.9946E-05 9.9946E-05
9.9946E-05 9.9946E-05 9.9946E-05 9.9946E-05 9.9946E-05 0.0236337 0.0406117 0.00703745 0.928117 9.9946E-05
9.9937E-05 9.9937E-05 9.9937E-05 9.9937E-05 9.9937E-05 9.9937E-05 0.00336021 9.9937E-05 0.991776 0.00416422
9.9964E-05 0.00981226 9.9964E-05 0.0218085 0.00728575 0.00215968 9.9964E-05 9.9964E-05 0.845856 0.112678
9.99369E-05 0.00134169 9.99369E-05 9.99369E-05 9.99369E-05 9.99369E-05 9.99369E-05 0.971286 0.0266731 9.99369E-05
9.9964E-05 9.9964E-05 9.9964E-05 0.0658129 0.00728439 9.9964E-05 0.0329225 0.00220743 0.616083 0.27529
9.9928E-05 9.9928E-05 9.9928E-05 9.9928E-05 9.9928E-05 0.828555 9.9928E-05 9.9928E-05 0.170646 9.9928E-05
0.200427 9.9964E-05 0.000489058 9.9964E-05 9.9964E-05 0.0668045 9.9964E-05 0.00636581 0.278515 0.446999
9.9937E-05 9.9937E-05 0.0068507 9.9937E-05 9.9937E-05 9.9937E-05 0.0137086 9.9937E-05 0.978741 9.9937E-05
9.9955E-05 9.9955E-05 9.9955E-05 0.0467707 9.9955E-05 9.9955E-05 0.0849376 0.00318827 0.785541 0.0790624
9.9937E-05 9.9937E-05 0.00152896 0.00705544 9.9937E-05 9.9937E-05 9.9937E-05 9.9937E-05 0.990716 9.9937E-05
9.99549E-05 0.0267458 0.00185782 0.150165 9.99549E-05 0.701568 9.99549E-05 9.99549E-05 0.119164 9.99549E-05
9.9964E-05 9.9964E-05 0.103431 9.9964E-05 0.759047 0.0182948 0.0823748 0.0340325 0.00241914 9.9964E-05
0.154758 9.99459E-05 0.0102432 9.99459E-05 9.99459E-05 0.570641 0.263759 9.99459E-05 9.99459E-05 9.99459E-05
0.146209 0.0173819 9.9973E-05 0.00577688 9.9973E-05 0.0101897 9.9973E-05 0.00753974 0.443881 0.368723
9.9946E-05 0.0175249 9.9946E-05 9.9946E-05 0.948675 9.9946E-05 0.0321927 0.00100774 9.9946E-05 9.9946E-05
9.998E-05 9.998E-05 0.00285947 0.0266658 0.00508704 0.0822946 0.0448127 0.0268731 0.49422 0.316987
0.216648 9.99459E-05 9.99459E-05 0.236553 9.99459E-05 9.99459E-05 9.99459E-05 9.99459E-05 0.200301 0.345899
0.0135623 9.9964E-05 0.0222361 9.9964E-05 9.9964E-05 0.0254482 0.0143605 0.0318202 0.892173 9.9964E-05
9.993E-05 0.007213 9.993E-05 0.000167662 9.993E-05 9.993E-05 9.993E-05 9.993E-05 0.99192 9.993E-05
9.9955E-05 0.0125145 9.9955E-05 0.00749046 9.9955E-05 0.0423229 9.9955E-05 0.00273518 0.934437 9.9955E-05
9.9955E-05 9.9955E-05 9.9955E-05 0.17277 9.9955E-05 0.0755541 0.163912 9.9955E-05 0.407671 0.179593
9.99279E-05 9.99279E-05 9.99279E-05 9.99279E-05 9.99279E-05 9.99279E-05 9.99279E-05 0.942992 0.0562083 9.99279E-05
9.993E-05 9.993E-05 0.009404 9.993E-05 9.993E-05 9.993E-05 9.993E-05 9.993E-05 0.931244 0.0586529
0.0978307 9.9946E-05 9.9946E-05 0.754603 9.9946E-05 9.9946E-05 0.0929522 9.9946E-05 0.054014 9.9946E-05
0.0682637 9.9946E-05 9.9946E-05 9.9946E-05 9.9946E-05 0.0551099 9.9946E-05 9.9946E-05 0.286353 0.589673
9.99369E-05 9.99369E-05 9.99369E-05 9.99369E-05 0.0161412 9.99369E-05 9.99369E-05 0.958739 9.99369E-05 0.0244204
0.112292 9.99369E-05 9.99369E-05 0.577372 9.99369E-05 9.99369E-05 0.309636 9.99369E-05 9.99369E-05 9.99369E-05
9.9946E-05 9.9946E-05 9.9946E-05 9.9946E-05 0.0202723 9.9946E-05 0.877617 9.9946E-05 0.00325228 0.098259
0.0699273 9.9964E-05 9.9964E-05 0.175734 9.9964E-05 0.0402538 0.245886 0.024676 9.9964E-05 0.443123
9.9937E-05 9.9937E-05 9.9937E-05 9.9937E-05 9.9937E-05 9.9937E-05 9.9937E-05 0.900109 0.0826628 0.0165282
0.0863031 9.9937E-05 9.9937E-05 9.9937E-05 9.9937E-05 9.9937E-05 9.9937E-05 9.9937E-05 0.322064 0.590933
9.9922E-05 9.9922E-05 9.9922E-05 9.9922E-05 0.993041 9.9922E-05 9.9922E-05 9.9922E-05 0.00616012 9.9922E-05
0.00502546 0.00733898 9.997E-05 0.0300168 0.0013206 9.997E-05 0.01229 9.997E-05 0.446127 0.497581
9.9946E-05 0.0103613 0.00495923 9.9946E-05 9.9946E-05 9.9946E-05 9.9946E-05 9.9946E-05 0.878741 0.105339
0.00854248 9.99281E-05 9.99281E-05 9.99281E-05 0.990658 9.99281E-05 9.99281E-05 9.99281E-05 9.99281E-05 9.99281E-05
9.9928E-05 9.9928E-05 9.9928E-05 9.9928E-05 9.9928E-05 9.9928E-05 9.9928E-05 9.9928E-05 0.76466 0.23454
0.0386546 0.867901 0.0365729 9.9964E-05 0.00917853 0.0293894 9.9964E-05 0.0179039 9.9964E-05 9.9964E-05
9.9955E-05 9.9955E-05 0.0144655 0.51966 9.9955E-05 0.0089016 9.9955E-05 9.9955E-05 0.101082 0.355391
9.9955E-05 9.9955E-05 0.0039464 9.9955E-05 9.9955E-05 9.9955E-05 0.0543637 0.0103651 0.846388 0.0844366
0.0175484 9.9964E-05 9.9964E-05 0.315565 9.9964E-05 0.0233583 0.581177 0.0447264 0.0172242 9.9964E-05
0.0191898 9.9973E-05 0.00607614 9.9973E-05 0.0081275 0.00366091 0.0475393 9.9973E-05 0.603109 0.311998
9.9955E-05 0.0134474 0.00627389 9.9955E-05 0.916354 0.0169304 0.0464943 9.9955E-05 9.9955E-05 9.9955E-05
0.105175 9.9973E-05 9.9973E-05 0.0281917 0.0043567 0.18242 9.9973E-05 0.00321425 0.102764 0.573578
