0.761691 9.9973E-05 9.9973E-05 0.216705 9.9973E-05 0.0213037
0.952034 9.9964E-05 9.9964E-05 9.9964E-05 0.0475657 9.9964E-05
0.960423 9.9973E-05 0.0200989 9.9973E-05 0.0191778 9.9973E-05
0.731106 0.0114499 0.00820277 0.21952 0.0140054 0.0157156
0.258828 0.00599734 0.0458619 0.417328 0.271421 0.000563094
0.214616 9.9991E-05 0.00760289 0.0600841 0.689092 0.0285043
0.129677 9.9973E-05 9.9973E-05 0.387206 0.482817 9.9973E-05
0.156951 0.00566397 0.0103048 0.53501 0.281684 0.0103857
0.957638 0.0142658 9.9982E-05 9.9982E-05 0.0149244 0.0129715
0.868265 9.9964E-05 9.9964E-05 0.131335 9.9964E-05 9.9964E-05
0.367728 9.9982E-05 9.9982E-05 0.584139 0.0246525 0.0232803
0.21133 9.9982E-05 0.00549762 0.678302 0.104671 9.9982E-05
0.38157 9.9973E-05 9.9973E-05 0.57515 0.0429801 9.9973E-05
0.141988 9.9982E-05 9.9982E-05 0.0290443 0.820703 0.00806485
0.683268 9.9973E-05 9.9973E-05 0.308527 9.9973E-05 0.00790529
0.503252 0.00359408 9.9982E-05 0.17048 0.322474 9.9982E-05
0.20225 9.9973E-05 9.9973E-05 0.59931 0.198139 9.9973E-05
0.185413 0.033879 0.0158096 9.9991E-05 0.322453 0.442345
0.955551 0.00647637 9.9973E-05 9.9973E-05 0.0376727 9.9973E-05
0.139857 0.0197189 0.0222951 0.422557 0.390549 0.00502304
0.963059 9.9973E-05 0.00386035 0.0327806 9.9973E-05 9.9973E-05
0.338546 0.0099193 0.0179987 0.633336 9.9982E-05 9.9982E-05
0.428582 9.9982E-05 0.0216381 0.503245 0.0463346 9.9982E-05
9.9982E-05 9.9982E-05 0.878977 0.0823191 0.0295665 0.0089376
0.211532 9.9982E-05 0.0109286 0.246331 0.531009 9.9982E-05
0.440984 9.9973E-05 0.0173402 0.541376 9.9973E-05 9.9973E-05
0.233667 9.9982E-05 9.9982E-05 0.480173 0.283677 0.00228377
0.949968 9.9982E-05 0.00624565 0.0382265 9.9982E-05 0.00536019
0.866697 9.9964E-05 9.9964E-05 0.132903 9.9964E-05 9.9964E-05
0.9995 9.996E-05 9.996E-05 9.996E-05 9.996E-05 9.996E-05
0.177183 9.9982E-05 0.0185997 0.131211 0.672806 9.9982E-05
0.922407 0.0017344 9.9973E-05 9.9973E-05 0.0755591 9.9973E-05
0.975857 9.9964E-05 9.9964E-05 9.9964E-05 0.0237434 9.9964E-05
0.167983 9.9973E-05 9.9973E-05 0.134749 0.696968 9.9973E-05
0.960557 9.9973E-05 0.00777157 9.9973E-05 0.0313711 9.9973E-05
0.235611 0.00935067 9.9982E-05 0.407538 0.347301 9.9982E-05
0.71814 9.9964E-05 9.9964E-05 0.28146 9.9964E-05 9.9964E-05
0.0601236 0.0197669 0.0228146 0.592297 0.304898 9.999E-05
9.9973E-05 9.9973E-05 9.9973E-05 0.416778 0.574488 0.00843393
0.343455 0.000347125 0.0590156 0.571102 0.0259809 9.9991E-05
0.126428 0.00507943 0.0124977 0.158968 0.696927 9.9991E-05
0.963042 0.0138886 0.0116498 9.9982E-05 0.0112199 9.9982E-05
0.855665 9.9964E-05 9.9964E-05 0.143936 9.9964E-05 9.9964E-05
0.858901 0.00819536 9.99793E-05 0.132603 9.99793E-05 9.99793E-05
0.818167 9.9982E-05 9.9982E-05 0.122833 0.0332434 0.0255564
9.996E-05 9.996E-05 9.996E-05 9.996E-05 9.996E-05 0.9995
0.889349 9.9973E-05 9.9973E-05 0.056636 0.0537155 9.9973E-05
0.945434 9.9964E-05 9.9964E-05 0.0541657 9.9964E-05 9.9964E-05
9.996E-05 9.996E-05 9.996E-05 9.996E-05 9.996E-05 0.9995
0.73548 9.9964E-05 9.9964E-05 0.26412 9.9964E-05 9.9964E-05
0.547629 0.00640306 9.9982E-05 0.437411 0.00835768 9.9982E-05
0.807776 9.9964E-05 9.9964E-05 0.191824 9.9964E-05 9.9964E-05
0.668173 9.9973E-05 0.00798293 0.323544 9.9973E-05 9.9973E-05
0.505547 0.015815 0.0230196 9.9991E-05 0.42007 0.0354486
0.36814 9.998E-05 0.0684793 0.411495 0.151685 9.998E-05
0.779557 0.0271513 0.0416196 9.9982E-05 0.151472 9.9982E-05
0.980816 9.997E-05 9.997E-05 0.0144103 9.997E-05 0.00447396
0.972428 0.0033082 9.9973E-05 9.9973E-05 0.0239643 9.9973E-05
0.818457 9.9973E-05 9.9973E-05 0.173478 9.9973E-05 0.00776503
0.832223 9.9964E-05 9.9964E-05 0.167377 9.9964E-05 9.9964E-05
0.983674 9.9973E-05 9.9973E-05 0.00292658 0.0130999 9.9973E-05
9.9982E-05 0.00699933 0.849378 0.0188553 0.124567 9.9982E-05
0.975773 0.0103196 0.00792817 9.9982E-05 0.00577932 9.9982E-05
0.402239 0.0177455 0.0348565 0.413121 0.131939 9.9991E-05
0.984909 9.9973E-05 9.9973E-05 0.0091992 9.9973E-05 0.00559188
0.968399 0.00407475 9.9973E-05 9.9973E-05 0.0272268 9.9973E-05
0.763343 9.9973E-05 9.9973E-05 0.235572 9.9973E-05 0.000784931
0.754164 9.9964E-05 9.9964E-05 0.245436 9.9964E-05 9.9964E-05
0.237754 9.998E-05 0.0184119 0.618573 0.125061 9.998E-05
9.996E-05 9.996E-05 9.996E-05 9.996E-05 9.996E-05 0.9995
0.298439 9.9982E-05 0.0142193 0.486922 0.200221 9.9982E-05
0.821285 0.0214736 0.0297601 9.999E-05 0.120555 0.00682656
0.887619 0.00631967 0.0114364 0.0937692 9.9991E-05 0.000755679
0.91494 9.9973E-05 0.0320788 9.9973E-05 0.0526811 9.9973E-05
0.994518 0.00494736 0.000235107 9.9973E-05 9.9973E-05 9.9973E-05
0.906054 9.9973E-05 9.9973E-05 9.9973E-05 0.0704873 0.0231592
0.988454 0.00184469 9.9982E-05 0.00706801 9.9982E-05 0.0024331
0.235866 9.9982E-05 0.00103826 0.523145 0.23975 9.9982E-05
0.965187 9.9964E-05 9.9964E-05 0.0344132 9.9964E-05 9.9964E-05
9.9982E-05 9.9982E-05 0.700024 0.0321895 0.262217 0.00536992
0.683487 9.997E-05 0.0107638 0.305449 9.997E-05 9.997E-05
0.952445 9.998E-05 0.00695023 0.0334547 9.998E-05 0.00694971
0.094845 0.071356 0.0664676 9.999E-05 0.381895 0.385336
0.431287 0.00902463 0.00424733 9.9991E-05 0.507069 0.0482716
0.452314 9.9982E-05 9.9982E-05 0.297005 0.240136 0.010345
0.892427 0.0127012 9.9982E-05 0.0939529 0.000718875 9.9982E-05
0.922844 9.9973E-05 0.00715426 9.9973E-05 0.0697018 9.9973E-05
9.996E-05 0.9995 9.996E-05 9.996E-05 9.996E-05 9.996E-05
0.675401 9.99639E-05 9.99639E-05 0.324199 9.99639E-05 9.99639E-05
0.687285 9.99639E-05 9.99639E-05 0.312315 9.99639E-05 9.99639E-05
0.330037 9.9973E-05 9.9973E-05 0.589886 0.0797772 9.9973E-05
0.290735 0.0103932 0.0147465 0.639531 0.0444942 9.9991E-05
0.254436 9.9982E-05 9.9982E-05 0.734514 0.00785043 0.00299954
0.977203 9.9964E-05 9.9964E-05 9.9964E-05 0.0223971 9.9964E-05
0.699489 9.9964E-05 9.9964E-05 0.300111 9.9964E-05 9.9964E-05
0.944244 9.9973E-05 9.9973E-05 0.0527793 9.9973E-05 0.00267676
0.555121 9.9964E-05 9.9964E-05 0.444479 9.9964E-05 9.9964E-05
0.125681 9.9982E-05 9.9982E-05 0.0903979 0.770893 0.0128284
0.9475 0.000905172 9.9973E-05 9.9973E-05 0.0512953 9.9973E-05
0.342247 9.998E-05 0.0674717 0.478524 0.111558 9.998E-05
0.429457 0.00288914 9.9991E-05 0.459464 0.0840243 0.0240657
9.9982E-05 9.9982E-05 0.849099 0.0271708 0.109741 0.0137886
0.68585 9.9964E-05 9.9964E-05 0.313751 9.9964E-05 9.9964E-05
0.983077 9.9964E-05 9.9964E-05 0.0165233 9.9964E-05 9.9964E-05
0.9995 9.996E-05 9.996E-05 9.996E-05 9.996E-05 9.996E-05
0.160714 9.9982E-05 9.9982E-05 0.722552 0.0925844 0.0239491
9.996E-05 9.996E-05 9.996E-05 9.996E-05 9.996E-05 0.9995
0.147215 0.00694177 9.9991E-05 0.751418 0.082349 0.011976
0.836312 9.9973E-05 0.0348886 0.1285 9.9973E-05 9.9973E-05
0.931849 0.00857199 0.0298354 9.9982E-05 0.0295435 9.9982E-05
0.296516 9.9973E-05 9.9973E-05 0.701586 9.9973E-05 0.0015984
9.996E-05 9.996E-05 9.996E-05 9.996E-05 9.996E-05 0.9995
9.9973E-05 9.9973E-05 0.641523 9.9973E-05 0.326947 0.0312293
0.762663 9.9973E-05 9.9973E-05 0.231295 9.9973E-05 0.00574212
0.847163 9.9964E-05 9.9964E-05 0.152437 9.9964E-05 9.9964E-05
0.369123 9.9964E-05 9.9964E-05 0.630477 9.9964E-05 9.9964E-05
0.961041 0.00119569 0.0238396 9.9982E-05 0.0137233 9.9982E-05
0.0556123 9.9982E-05 9.9982E-05 0.403612 0.494666 0.045909
0.046681 0.101794 0.130596 0.0176148 0.188229 0.515084
0.90423 0.0025472 0.0406038 0.052419 9.9982E-05 9.9982E-05
0.653534 9.9964E-05 9.9964E-05 0.346066 9.9964E-05 9.9964E-05
9.996E-05 9.996E-05 0.9995 9.996E-05 9.996E-05 9.996E-05
0.90349 9.9964E-05 9.9964E-05 0.0961102 9.9964E-05 9.9964E-05
0.567595 9.9964E-05 9.9964E-05 0.432005 9.9964E-05 9.9964E-05
0.894626 9.9964E-05 9.9964E-05 0.104974 9.9964E-05 9.9964E-05
0.276733 0.0110095 9.9982E-05 0.53915 0.172908 9.9982E-05
0.319591 0.0023692 9.9991E-05 0.523271 0.139162 0.0155055
0.211302 9.9991E-05 0.00103676 0.468153 0.317341 0.00206729
0.0611997 0.0147381 9.9982E-05 0.30891 0.614952 9.9982E-05
0.71494 9.997E-05 0.00899764 0.275763 9.997E-05 9.997E-05
0.921167 9.998E-05 0.0171763 0.0549664 9.998E-05 0.00648993
0.780328 9.998E-05 0.0126709 0.189768 9.998E-05 0.0170322
0.00444821 0.0550649 9.9991E-05 0.00365594 0.0787932 0.857938
0.906085 9.9973E-05 0.0313863 9.9973E-05 0.0622292 9.9973E-05
9.9991E-05 0.00932745 0.0045894 0.01753 0.0295038 0.938949
0.779838 9.9964E-05 9.9964E-05 0.219762 9.9964E-05 9.9964E-05
0.0428969 9.99639E-05 0.956703 9.99639E-05 9.99639E-05 9.99639E-05
0.177049 9.998E-05 0.0155705 0.768496 0.0386841 9.998E-05
0.13612 0.00661131 9.9982E-05 0.554754 0.302315 9.9982E-05
0.208449 0.0401258 0.0375085 0.61217 0.101647 9.9991E-05
0.685491 9.9964E-05 9.9964E-05 0.314109 9.9964E-05 9.9964E-05
0.266536 9.9991E-05 0.00735352 0.415326 0.286466 0.0242186
0.965363 9.9973E-05 0.000538111 9.9973E-05 0.0337993 9.9973E-05
0.554695 9.9982E-05 0.00182646 0.433345 9.9982E-05 0.00993451
0.313505 0.0154056 0.0113678 9.9991E-05 0.645773 0.0138482
0.779641 0.000343966 9.9991E-05 0.0968483 0.117265 0.00580111
0.894528 0.0192295 0.0045997 0.0592094 0.0223332 9.9991E-05
0.0299748 9.997E-05 0.966089 9.997E-05 9.997E-05 0.00363658
0.124448 9.9982E-05 0.0508207 0.135593 0.688938 9.9982E-05
9.9964E-05 9.9964E-05 0.981063 0.0185371 9.9964E-05 9.9964E-05
0.759406 9.9964E-05 9.9964E-05 0.240194 9.9964E-05 9.9964E-05
0.27541 0.00537833 0.0512396 0.0535452 0.614327 9.9991E-05
0.2317 0.000490139 0.0360597 9.9991E-05 0.726664 0.00498592
0.813872 9.997E-05 9.997E-05 0.166304 9.997E-05 0.019524
0.9995 9.996E-05 9.996E-05 9.996E-05 9.996E-05 9.996E-05
9.9964E-05 9.9964E-05 0.0137655 9.9964E-05 9.9964E-05 0.985835
0.00111176 9.9982E-05 0.0462978 0.178615 0.773776 9.9982E-05
0.799582 9.9964E-05 9.9964E-05 0.200018 9.9964E-05 9.9964E-05
0.128853 0.0183502 0.407196 9.999E-05 0.39056 0.0549406
0.955717 9.9973E-05 9.9973E-05 9.9973E-05 0.0302651 0.0137181
9.996E-05 0.9995 9.996E-05 9.996E-05 9.996E-05 9.996E-05
0.896296 0.00802736 9.9991E-05 0.0411337 0.0481741 0.0062684
0.112725 0.605473 9.9982E-05 9.9982E-05 0.246169 0.0354326
0.229404 0.00650019 0.0096575 0.685679 0.0374432 0.0313157
0.949704 9.9964E-05 9.9964E-05 9.9964E-05 0.0498957 9.9964E-05
0.97601 0.0108493 9.9973E-05 9.9973E-05 0.0128406 9.9973E-05
0.0494264 9.9973E-05 9.9973E-05 0.261233 0.689041 9.9973E-05
0.883282 9.9982E-05 0.012639 9.9982E-05 0.102885 0.000994491
9.9964E-05 9.9964E-05 0.981753 0.0178467 9.9964E-05 9.9964E-05
0.996064 9.9964E-05 9.9964E-05 9.9964E-05 9.9964E-05 0.00353597
9.996E-05 0.9995 9.996E-05 9.996E-05 9.996E-05 9.996E-05
0.999332 9.9964E-05 0.00026847 9.9964E-05 9.9964E-05 9.9964E-05
0.290079 9.9982E-05 0.0291399 0.521947 0.158634 9.9982E-05
0.435967 0.019193 9.9991E-05 0.461207 0.0662045 0.0173285
0.0505427 9.9973E-05 9.9973E-05 0.274188 0.67497 9.9973E-05
0.324099 0.0155377 9.9991E-05 0.209889 0.424316 0.0260582
0.155642 9.9991E-05 0.00643601 0.127078 0.647044 0.0637001
0.997701 9.9964E-05 9.9964E-05 9.9964E-05 9.9964E-05 0.00189955
0.473989 9.9982E-05 0.0526426 0.472745 9.9982E-05 0.000423687
0.967663 0.00225995 9.9973E-05 0.0297774 9.9973E-05 9.9973E-05
0.310759 9.9991E-05 0.0583193 0.34904 0.252767 0.0290158
0.0803777 0.0024399 9.9982E-05 0.530151 0.386831 9.9982E-05
0.902901 0.0158429 0.0154652 0.0148785 0.0508122 9.9991E-05
0.605427 9.9973E-05 9.9973E-05 0.390823 9.9973E-05 0.00345042
0.802809 9.998E-05 0.0113923 0.177285 9.998E-05 0.00831312
0.924384 9.9964E-05 9.9964E-05 9.9964E-05 0.0752164 9.9964E-05
0.378909 0.0193795 0.0496068 9.9991E-05 0.523081 0.0289231
0.414801 9.9982E-05 9.9982E-05 0.41418 0.160926 0.00989224
0.472423 0.0217283 0.00861992 0.253584 0.243545 9.9991E-05
9.9991E-05 0.906037 0.0295866 0.0277262 0.0162067 0.0203437
0.903616 9.9973E-05 0.00467652 9.9973E-05 0.091408 9.9973E-05
0.963867 9.9964E-05 9.9964E-05 9.9964E-05 0.0357332 9.9964E-05
0.922505 0.0128506 9.9973E-05 0.0643447 9.9973E-05 9.9973E-05
0.0133965 9.99639E-05 0.986204 9.99639E-05 9.99639E-05 9.99639E-05
0.784351 0.0168867 0.00474824 0.18127 0.0126437 9.9991E-05
0.137459 9.9973E-05 9.9973E-05 0.172124 0.690117 9.9973E-05
0.50859 9.9991E-05 0.0158767 0.439872 0.0352038 0.00035731
0.995752 0.00234676 9.9973E-05 9.9973E-05 0.00160158 9.9973E-05
0.864585 9.9982E-05 0.0117748 0.0303296 0.093111 9.9982E-05
0.984431 9.9964E-05 9.9964E-05 9.9964E-05 0.0151689 9.9964E-05
0.0694357 9.9982E-05 9.9982E-05 0.242833 0.662786 0.0247456
0.026813 0.767842 0.0434384 9.9991E-05 0.111965 0.0498416
9.9964E-05 9.9964E-05 9.9964E-05 0.214311 0.78529 9.9964E-05
0.623704 9.9973E-05 9.9973E-05 0.348572 9.9973E-05 0.0274247
9.9973E-05 0.959831 9.9973E-05 9.9973E-05 0.0185606 0.0213087
0.650784 0.0176818 0.0360532 0.209769 0.084357 0.00135516
0.431155 9.9964E-05 9.9964E-05 0.568446 9.9964E-05 9.9964E-05
0.883329 0.000940457 0.0277714 9.999E-05 0.0851494 0.00270965
0.981554 9.9973E-05 9.9973E-05 9.9973E-05 0.0123811 0.00576494
0.91296 0.000602002 9.9982E-05 9.9982E-05 0.0722127 0.0140249
0.537207 9.9973E-05 9.9973E-05 0.205881 0.256611 9.9973E-05
0.0474409 9.99639E-05 0.952159 9.99639E-05 9.99639E-05 9.99639E-05
0.998955 9.9964E-05 9.9964E-05 9.9964E-05 9.9964E-05 0.000645502
0.0918627 9.9973E-05 9.9973E-05 0.584635 0.323203 9.9973E-05
0.580767 9.9964E-05 9.9964E-05 0.418834 9.9964E-05 9.9964E-05
0.0172974 0.00553281 0.97687 9.9973E-05 9.9973E-05 9.9973E-05
0.0686633 9.9973E-05 9.9973E-05 0.424953 0.506084 9.9973E-05
0.182851 0.0347635 9.9982E-05 9.9982E-05 0.775228 0.00695776
0.256885 9.998E-05 0.0423227 0.455221 0.245371 9.998E-05
0.0791435 9.997E-05 0.907602 9.997E-05 9.997E-05 0.0129545
0.613529 9.9964E-05 9.9964E-05 0.386071 9.9964E-05 9.9964E-05
0.0077591 0.991841 9.9964E-05 9.9964E-05 9.9964E-05 9.9964E-05
0.675532 0.00574862 0.00136385 0.314926 9.9991E-05 0.00233011
0.955007 9.997E-05 9.997E-05 0.0343287 9.997E-05 0.0103646
9.996E-05 0.9995 9.996E-05 9.996E-05 9.996E-05 9.996E-05
0.923975 9.996E-05 9.996E-05 0.0756248 9.996E-05 9.996E-05
0.0250079 0.0106189 0.0235211 0.0288276 0.0235938 0.888431
0.323331 9.9982E-05 9.9982E-05 0.579837 0.089404 0.00722796
0.946355 9.9973E-05 0.027277 9.9973E-05 0.0260679 9.9973E-05
0.0988884 0.00390103 0.0611425 0.188078 0.64789 9.999E-05
0.776142 0.0174778 9.9982E-05 0.183191 0.0229888 9.9982E-05
9.9973E-05 0.925306 9.9973E-05 9.9973E-05 0.0453426 0.0290513
0.37416 0.0138528 0.0168803 0.506412 0.0885944 9.9991E-05
