9.9973E-05 0.607481 9.9973E-05 0.0172891 9.9973E-05 0.00202888 0.0271947 0.32479 0.020916
9.9955E-05 0.951937 0.0118859 0.0024767 9.9955E-05 9.9955E-05 0.033201 9.9955E-05 9.9955E-05
9.9955E-05 0.93932 9.9955E-05 9.9955E-05 9.9955E-05 0.0082446 0.00577873 0.0461569 9.9955E-05
0.00781999 0.61505 0.072694 0.00635214 9.9964E-05 9.9964E-05 9.9964E-05 0.297684 9.9964E-05
0.00353485 0.13453 0.221297 0.0075039 0.210619 0.0346007 9.9982E-05 0.387714 9.9982E-05
9.9955E-05 0.131378 0.252111 9.9955E-05 9.9955E-05 9.9955E-05 0.593865 0.0221466 9.9955E-05
9.9964E-05 0.189823 0.0701884 9.9964E-05 0.579936 9.9964E-05 9.9964E-05 0.0143101 0.145343
9.9955E-05 9.9955E-05 0.468015 9.9955E-05 9.9955E-05 9.9955E-05 0.0349807 0.441361 0.0551437
0.00533179 0.909125 9.99758E-05 0.0163819 9.99758E-05 9.99758E-05 0.0115371 0.0258592 0.0314656
9.9946E-05 0.761554 9.9946E-05 9.9946E-05 9.9946E-05 9.9946E-05 9.9946E-05 0.236488 0.00135865
9.9964E-05 0.193598 9.9964E-05 0.0211982 0.023687 9.9964E-05 9.9964E-05 0.404268 0.356849
9.9955E-05 0.0247801 9.9955E-05 9.9955E-05 0.258565 9.9955E-05 9.9955E-05 0.528747 0.187408
9.9964E-05 0.182565 0.100535 9.9964E-05 9.9964E-05 9.9964E-05 0.00223251 0.502849 0.211418
9.99459E-05 9.99459E-05 0.172336 9.99459E-05 9.99459E-05 9.99459E-05 0.769645 9.99459E-05 0.0574201
0.000446792 0.486757 9.9955E-05 0.00218375 9.9955E-05 9.9955E-05 9.9955E-05 0.510112 9.9955E-05
9.99639E-05 0.446925 0.134244 9.99639E-05 0.0970569 9.99639E-05 0.157637 0.163736 9.99639E-05
9.9964E-05 0.111784 9.9964E-05 9.9964E-05 0.235053 9.9964E-05 0.0456731 0.213365 0.393726
0.00248102 0.109195 9.99549E-05 0.407041 9.99549E-05 9.99549E-05 0.480783 9.99549E-05 9.99549E-05
0.00510907 0.984963 9.9946E-05 9.9946E-05 0.00932867 9.9946E-05 9.9946E-05 9.9946E-05 9.9946E-05
0.0285192 0.119647 0.151358 0.00690397 0.341964 0.0180074 9.9991E-05 0.194261 0.139238
9.9946E-05 0.911585 9.9946E-05 9.9946E-05 9.9946E-05 0.00619448 9.9946E-05 0.0816213 9.9946E-05
9.9964E-05 0.164482 9.9964E-05 9.9964E-05 0.09117 0.0152272 9.9964E-05 0.425005 0.303716
9.9973E-05 0.224706 0.0282607 9.9973E-05 0.12229 0.00683239 9.9973E-05 0.612192 0.00541884
9.9964E-05 9.9964E-05 0.0376659 0.0033404 9.9964E-05 0.891571 9.9964E-05 0.0359941 0.0310285
9.9955E-05 0.279088 9.9955E-05 9.9955E-05 9.9955E-05 0.0149472 9.9955E-05 0.438341 0.267124
0.00677523 0.164243 0.170783 9.9982E-05 0.167591 9.9982E-05 0.00449545 0.221236 0.264676
9.9946E-05 0.863916 9.9946E-05 0.00886199 9.9946E-05 9.9946E-05 9.9946E-05 0.126622 9.9946E-05
9.9937E-05 0.76592 9.9937E-05 9.9937E-05 9.9937E-05 9.9937E-05 9.9937E-05 0.23338 9.9937E-05
9.9937E-05 0.987009 9.9937E-05 9.9937E-05 9.9937E-05 9.9937E-05 9.9937E-05 0.0122915 9.9937E-05
9.9973E-05 0.0160962 0.148444 9.9973E-05 0.00223102 9.9973E-05 0.643731 0.163002 0.0261961
9.9955E-05 0.946857 0.0197018 9.9955E-05 0.0300392 9.9955E-05 0.00290218 9.9955E-05 9.9955E-05
9.9937E-05 0.984448 9.9937E-05 9.9937E-05 0.0148525 9.9937E-05 9.9937E-05 9.9937E-05 9.9937E-05
9.9955E-05 0.163779 0.736673 9.9955E-05 9.9955E-05 9.9955E-05 0.0843722 9.9955E-05 0.0146759
9.9937E-05 0.986934 9.9937E-05 9.9937E-05 9.9937E-05 0.0123663 9.9937E-05 9.9937E-05 9.9937E-05
0.0102234 0.222467 9.9964E-05 9.9964E-05 0.568604 9.9964E-05 9.9964E-05 0.176643 0.0216629
9.9937E-05 0.549385 9.9937E-05 9.9937E-05 9.9937E-05 9.9937E-05 9.9937E-05 0.449915 9.9937E-05
0.0138103 9.99549E-05 9.99549E-05 9.99549E-05 0.611069 9.99549E-05 9.99549E-05 0.316198 0.0584227
9.99459E-05 9.99459E-05 0.688003 9.99459E-05 9.99459E-05 0.010421 9.99459E-05 9.99459E-05 0.300976
9.9964E-05 0.0977739 0.11754 9.9964E-05 0.0782868 0.0408468 9.9964E-05 0.665153 9.9964E-05
0.0166241 0.131481 0.0730189 0.0176871 0.500956 9.9982E-05 0.255509 0.0045244 9.9982E-05
0.00685296 0.968116 0.0197148 9.9955E-05 9.9955E-05 0.00481608 9.9955E-05 9.9955E-05 9.9955E-05
9.9946E-05 0.781427 9.9946E-05 9.9946E-05 9.9946E-05 9.9946E-05 9.9946E-05 0.200426 0.0175467
0.0106173 0.724024 9.9955E-05 9.9955E-05 9.9955E-05 0.00130896 9.9955E-05 0.26355 9.9955E-05
9.995E-05 0.705528 0.0616373 0.0265372 9.995E-05 9.995E-05 9.995E-05 0.205797 9.995E-05
9.9937E-05 9.9937E-05 0.0168194 0.982481 9.9937E-05 9.9937E-05 9.9937E-05 9.9937E-05 9.9937E-05
9.9955E-05 0.871471 0.0225974 9.9955E-05 0.0688556 9.9955E-05 9.9955E-05 9.9955E-05 0.0365766
9.9937E-05 0.852165 9.9937E-05 9.9937E-05 9.9937E-05 9.9937E-05 9.9937E-05 0.147136 9.9937E-05
9.993E-05 9.993E-05 9.993E-05 0.999201 9.993E-05 9.993E-05 9.993E-05 9.993E-05 9.993E-05
9.99369E-05 0.582887 9.99369E-05 9.99369E-05 9.99369E-05 9.99369E-05 9.99369E-05 0.416413 9.99369E-05
0.00357651 0.358522 9.9964E-05 9.9964E-05 9.9964E-05 9.9964E-05 0.0492341 0.395641 0.192627
9.99369E-05 0.681664 9.99369E-05 9.99369E-05 9.99369E-05 9.99369E-05 9.99369E-05 0.317636 9.99369E-05
9.996E-05 0.520944 0.00443976 9.996E-05 9.996E-05 0.0111839 9.996E-05 0.431236 0.0317967
9.994E-05 0.408241 9.994E-05 0.0114697 9.994E-05 9.994E-05 0.57969 9.994E-05 9.994E-05
9.9982E-05 0.198033 0.0875321 9.9982E-05 0.0622039 0.048999 0.109696 0.491244 0.00209256
0.0177795 0.70398 9.99549E-05 9.99549E-05 9.99549E-05 0.0345945 0.243146 9.99549E-05 9.99549E-05
9.9946E-05 0.904332 9.9946E-05 0.00662295 9.9946E-05 9.9946E-05 9.9946E-05 0.0884455 9.9946E-05
0.0068865 0.965588 9.9955E-05 0.00981102 9.9955E-05 9.9955E-05 9.9955E-05 9.9955E-05 0.0172145
0.00243286 0.718688 9.9982E-05 0.00596686 0.0170997 0.00319512 0.00219334 0.250224 9.9982E-05
9.9937E-05 0.70691 9.9937E-05 9.9937E-05 9.9937E-05 9.9937E-05 9.9937E-05 0.29239 9.9937E-05
9.9955E-05 0.957993 0.0100802 9.9955E-05 9.9955E-05 9.9955E-05 9.9955E-05 0.0168002 0.0146272
0.00626938 9.99551E-05 9.99551E-05 9.99551E-05 0.133772 0.827185 0.0322743 9.99551E-05 9.99551E-05
0.00605676 0.947881 9.9955E-05 9.9955E-05 9.9955E-05 0.00487716 9.9955E-05 9.9955E-05 0.0406851
9.9964E-05 0.123774 9.9964E-05 9.9964E-05 0.00352022 0.0240984 0.274027 0.574181 9.9964E-05
9.9964E-05 0.930795 9.9964E-05 0.00779731 0.0253915 9.9964E-05 9.9964E-05 0.0221867 0.0134292
0.00602057 0.982435 0.0109444 9.9946E-05 9.9946E-05 9.9946E-05 9.9946E-05 9.9946E-05 9.9946E-05
9.9946E-05 0.631708 9.9946E-05 0.00344886 9.9946E-05 9.9946E-05 9.9946E-05 0.364243 9.9946E-05
9.9946E-05 0.6198 9.9946E-05 9.9946E-05 9.9946E-05 9.9946E-05 9.9946E-05 0.346065 0.0335354
9.9964E-05 0.128838 9.9964E-05 9.9964E-05 0.162546 0.0185368 9.9964E-05 0.0333108 0.656369
9.993E-05 9.993E-05 9.993E-05 0.999201 9.993E-05 9.993E-05 9.993E-05 9.993E-05 9.993E-05
0.000429334 0.137854 0.282656 9.9982E-05 0.0243457 0.0140499 0.00636941 0.534096 9.9982E-05
0.00851549 0.784903 9.995E-05 9.995E-05 9.995E-05 0.00917467 0.196907 9.995E-05 9.995E-05
0.00463548 0.77933 9.9964E-05 0.00436994 9.9964E-05 0.00969717 9.9964E-05 0.201568 9.9964E-05
9.9946E-05 0.951108 9.9946E-05 9.9946E-05 9.9946E-05 0.0327719 0.0155202 9.9946E-05 9.9946E-05
0.00187949 0.997421 9.99402E-05 9.99402E-05 9.99402E-05 9.99402E-05 9.99402E-05 9.99402E-05 9.99402E-05
0.00312596 0.924732 0.0113808 0.0256059 0.0162006 9.9973E-05 0.0186546 9.9973E-05 9.9973E-05
9.9946E-05 0.970161 9.9946E-05 9.9946E-05 9.9946E-05 9.9946E-05 9.9946E-05 0.0169005 0.0123388
9.9955E-05 0.0279524 9.9955E-05 9.9955E-05 9.9955E-05 9.9955E-05 0.29139 0.243485 0.436673
9.9946E-05 0.942222 9.9946E-05 9.9946E-05 9.9946E-05 9.9946E-05 9.9946E-05 0.0209615 0.0362171
0.00333758 9.9964E-05 9.9964E-05 0.00424776 0.15289 0.684964 0.154161 9.9964E-05 9.9964E-05
9.9964E-05 0.51367 9.9964E-05 9.9964E-05 9.9964E-05 0.0170473 0.00541423 0.461953 0.00151573
0.00174348 0.913133 9.9955E-05 0.000459532 9.9955E-05 9.9955E-05 9.9955E-05 0.0841643 9.9955E-05
0.0524456 9.9964E-05 9.9964E-05 0.370043 9.9964E-05 0.0409973 0.53586 9.9964E-05 0.000254205
9.9946E-05 0.354023 9.9946E-05 0.0270582 9.9946E-05 9.9946E-05 0.618319 9.9946E-05 9.9946E-05
9.9973E-05 0.2716 0.202615 0.00584511 0.0599554 9.9973E-05 0.0969521 0.362733 9.9973E-05
0.00972949 0.734832 9.9964E-05 0.00225666 9.9964E-05 9.9964E-05 0.05997 0.192812 9.9964E-05
9.9955E-05 0.938427 9.9955E-05 9.9955E-05 0.00974815 0.0147782 0.0365466 9.9955E-05 9.9955E-05
0.999201 9.993E-05 9.993E-05 9.993E-05 9.993E-05 9.993E-05 9.993E-05 9.993E-05 9.993E-05
9.99549E-05 0.496538 9.99549E-05 0.00717816 9.99549E-05 9.99549E-05 9.99549E-05 0.48202 0.0137642
9.99369E-05 0.532635 9.99369E-05 9.99369E-05 9.99369E-05 9.99369E-05 9.99369E-05 0.466665 9.99369E-05
9.9955E-05 0.148575 0.155972 9.9955E-05 9.9955E-05 9.9955E-05 9.9955E-05 0.32208 0.372874
9.9955E-05 0.103887 9.9955E-05 9.9955E-05 0.150036 9.9955E-05 9.9955E-05 0.512885 0.232693
9.9946E-05 0.0921477 9.9946E-05 9.9946E-05 9.9946E-05 9.9946E-05 9.9946E-05 0.12219 0.785063
9.9955E-05 0.987295 9.9955E-05 9.9955E-05 0.00973313 0.000405456 0.00206675 9.9955E-05 9.9955E-05
9.9937E-05 0.508394 9.9937E-05 9.9937E-05 9.9937E-05 9.9937E-05 9.9937E-05 0.490907 9.9937E-05
9.9937E-05 0.891894 9.9937E-05 9.9937E-05 9.9937E-05 9.9937E-05 9.9937E-05 0.107406 9.9937E-05
9.9946E-05 0.283069 9.9946E-05 9.9946E-05 9.9946E-05 9.9946E-05 0.0688703 0.647461 9.9946E-05
9.9964E-05 0.133862 0.284034 0.0118017 0.204753 9.9964E-05 0.365149 9.9964E-05 9.9964E-05
9.9955E-05 0.953064 0.00838898 9.9955E-05 9.9955E-05 0.0111187 0.0269284 9.9955E-05 9.9955E-05
9.9955E-05 0.165717 9.9955E-05 9.9955E-05 0.309788 0.0617617 9.9955E-05 0.462234 9.9955E-05
0.00884347 0.201795 0.205158 0.0103005 0.00680034 9.9973E-05 9.9973E-05 0.566802 9.9973E-05
9.99551E-05 9.99551E-05 0.0100979 0.0193336 0.115244 0.854825 9.99551E-05 9.99551E-05 9.99551E-05
9.995E-05 0.92374 9.995E-05 9.995E-05 0.0211317 9.995E-05 9.995E-05 0.0216555 0.0329726
9.993E-05 0.999201 9.993E-05 9.993E-05 9.993E-05 9.993E-05 9.993E-05 9.993E-05 9.993E-05
9.9964E-05 9.9964E-05 0.0757384 0.0122722 0.177379 9.9964E-05 9.9964E-05 0.434301 0.299909
9.993E-05 9.993E-05 9.993E-05 0.999201 9.993E-05 9.993E-05 9.993E-05 9.993E-05 9.993E-05
0.00290614 0.0207984 9.99549E-05 0.016318 9.99549E-05 9.99549E-05 9.99549E-05 9.99549E-05 0.959478
9.9946E-05 0.7565 9.9946E-05 9.9946E-05 9.9946E-05 0.0289565 9.9946E-05 0.213943 9.9946E-05
0.01084 0.949229 9.9955E-05 9.9955E-05 9.9955E-05 0.0143185 0.0251131 9.9955E-05 9.9955E-05
9.9955E-05 0.0865554 9.9955E-05 9.9955E-05 9.9955E-05 0.000396844 9.9955E-05 0.37934 0.533208
9.993E-05 9.993E-05 9.993E-05 0.999201 9.993E-05 9.993E-05 9.993E-05 9.993E-05 9.993E-05
9.9955E-05 9.9955E-05 0.0523436 0.0290514 9.9955E-05 0.628672 0.289434 9.9955E-05 9.9955E-05
9.9955E-05 0.66089 9.9955E-05 0.00520741 9.9955E-05 9.9955E-05 9.9955E-05 0.208349 0.125053
9.99369E-05 0.731216 9.99369E-05 9.99369E-05 9.99369E-05 9.99369E-05 9.99369E-05 0.268084 9.99369E-05
9.9955E-05 0.153556 9.9955E-05 9.9955E-05 0.0854292 9.9955E-05 9.9955E-05 0.476151 0.284364
9.9946E-05 0.963662 0.00892998 9.9946E-05 9.9946E-05 0.0268079 9.9946E-05 9.9946E-05 9.9946E-05
9.99639E-05 0.00543297 0.360696 0.0322582 9.99639E-05 9.99639E-05 0.210344 9.99639E-05 0.390869
0.0687006 9.9964E-05 9.9964E-05 0.490333 9.9964E-05 0.110399 0.315717 0.0144506 9.9964E-05
9.9946E-05 0.849132 9.9946E-05 9.9946E-05 9.9946E-05 0.037254 9.9946E-05 0.113015 9.9946E-05
9.9946E-05 0.513665 9.9946E-05 9.9946E-05 9.9946E-05 9.9946E-05 9.9946E-05 0.379797 0.105939
9.9937E-05 9.9937E-05 9.9937E-05 9.9937E-05 9.9937E-05 0.996979 9.9937E-05 9.9937E-05 0.00232155
9.995E-05 0.820729 9.995E-05 0.00663048 9.995E-05 9.995E-05 9.995E-05 0.125626 0.0465153
9.9946E-05 0.411665 9.9946E-05 9.9946E-05 9.9946E-05 9.9946E-05 9.9946E-05 0.562329 0.0254065
9.9937E-05 0.792763 9.9937E-05 9.9937E-05 9.9937E-05 9.9937E-05 9.9937E-05 0.206538 9.9937E-05
0.0149241 0.216267 9.9964E-05 0.00104718 0.0215932 9.9964E-05 9.9964E-05 9.9964E-05 0.745769
9.996E-05 0.167861 0.226385 0.0025648 9.996E-05 9.996E-05 9.996E-05 0.195466 0.407323
9.9973E-05 0.0786088 0.016682 0.00410129 0.361617 9.9973E-05 0.097715 0.440976 9.9973E-05
9.99549E-05 9.99549E-05 9.99549E-05 9.99549E-05 0.133934 9.99549E-05 0.539538 0.0310347 0.294994
9.9946E-05 0.561157 9.9946E-05 9.9946E-05 9.9946E-05 0.00813592 9.9946E-05 0.430107 9.9946E-05
9.9955E-05 0.848384 9.9955E-05 0.0114358 9.9955E-05 0.00880517 9.9955E-05 0.130876 9.9955E-05
9.9955E-05 0.63704 9.9955E-05 0.0178421 9.9955E-05 0.00895775 9.9955E-05 0.335661 9.9955E-05
0.0477891 9.9955E-05 9.9955E-05 0.836063 9.9955E-05 9.9955E-05 0.110917 9.9955E-05 0.00473161
9.9964E-05 0.873617 9.9964E-05 9.9964E-05 0.0202596 0.0234527 0.0639166 0.0183541 9.9964E-05
0.0177206 9.9955E-05 0.0238372 0.94956 9.9955E-05 0.00838282 9.9955E-05 9.9955E-05 9.9955E-05
9.9946E-05 0.630104 9.9946E-05 9.9946E-05 9.9946E-05 0.00167167 9.9946E-05 0.367625 9.9946E-05
9.99369E-05 0.0469858 9.99369E-05 9.99369E-05 9.99369E-05 0.952315 9.99369E-05 9.99369E-05 9.99369E-05
9.99549E-05 9.99549E-05 9.99549E-05 9.99549E-05 9.99549E-05 0.00343987 0.00601245 0.384236 0.605812
9.99614E-05 0.0373949 9.99614E-05 9.99614E-05 0.105861 9.99614E-05 0.174318 9.99614E-05 0.681926
0.0300908 0.0696385 0.00896954 9.9991E-05 0.0178007 0.0328121 0.0793378 0.202405 0.558846
9.9946E-05 0.492362 0.0306137 9.9946E-05 9.9946E-05 9.9946E-05 9.9946E-05 0.476424 9.9946E-05
9.997E-05 0.200482 0.243137 0.0135297 0.227203 9.997E-05 9.997E-05 0.299344 0.0160046
9.995E-05 0.933148 9.995E-05 9.995E-05 9.995E-05 0.00450663 0.0249387 0.0369065 9.995E-05
0.00282034 0.343925 9.998E-05 0.00801997 9.998E-05 0.00423898 0.0380687 0.528185 0.0745417
9.99459E-05 0.196008 9.99459E-05 9.99459E-05 0.0643525 9.99459E-05 0.73904 9.99459E-05 9.99459E-05
0.00177714 0.685836 0.054528 0.0154664 0.0818033 9.997E-05 9.997E-05 0.160289 9.997E-05
0.00958785 0.789095 9.9955E-05 9.9955E-05 9.9955E-05 9.9955E-05 0.0274388 0.173378 9.9955E-05
9.99459E-05 0.0280992 9.99459E-05 0.00590662 9.99459E-05 0.965395 9.99459E-05 9.99459E-05 9.99459E-05
9.9964E-05 0.139613 0.456096 9.9964E-05 0.165838 0.0652628 0.172791 9.9964E-05 9.9964E-05
9.99371E-05 9.99371E-05 9.99371E-05 9.99371E-05 9.99371E-05 0.989515 9.99371E-05 9.99371E-05 0.00978498
9.9946E-05 0.649987 9.9946E-05 9.9946E-05 9.9946E-05 0.00642252 9.9946E-05 0.342991 9.9946E-05
9.996E-05 0.0700968 9.996E-05 9.996E-05 0.0656607 0.022436 0.720588 0.120819 9.996E-05
9.9964E-05 0.182365 0.248627 9.9964E-05 0.0279242 0.0296919 0.510992 9.9964E-05 9.9964E-05
9.995E-05 0.707748 9.995E-05 0.0281992 9.995E-05 9.995E-05 9.995E-05 0.235915 0.0276381
9.9946E-05 0.970495 9.9946E-05 9.9946E-05 9.9946E-05 9.9946E-05 9.9946E-05 0.000930678 0.0279749
9.9937E-05 9.9937E-05 9.9937E-05 0.991816 9.9937E-05 0.00748429 9.9937E-05 9.9937E-05 9.9937E-05
9.99459E-05 9.99459E-05 9.99459E-05 9.99459E-05 0.62921 0.0158193 0.354371 9.99459E-05 9.99459E-05
9.99459E-05 0.654785 0.00242293 9.99459E-05 9.99459E-05 9.99459E-05 9.99459E-05 0.342192 9.99459E-05
0.00946726 0.0712166 9.99639E-05 0.0291431 9.99639E-05 0.386578 0.503195 9.99639E-05 9.99639E-05
9.9964E-05 0.967842 0.0117869 0.00277392 9.9964E-05 0.000695647 0.0165012 9.9964E-05 9.9964E-05
0.999201 9.993E-05 9.993E-05 9.993E-05 9.993E-05 9.993E-05 9.993E-05 9.993E-05 9.993E-05
9.9955E-05 0.810964 9.9955E-05 0.00443843 9.9955E-05 9.9955E-05 0.0675103 0.116587 9.9955E-05
0.583136 0.0534136 9.9955E-05 0.00615988 9.9955E-05 9.9955E-05 0.356791 9.9955E-05 9.9955E-05
9.9973E-05 0.0487266 9.9973E-05 0.0208136 9.9973E-05 0.0204972 0.041754 0.288217 0.579692
0.00246414 0.953899 9.9955E-05 9.9955E-05 0.0375954 9.9955E-05 0.00554129 9.9955E-05 9.9955E-05
0.00315333 0.947538 0.0487089 9.9946E-05 9.9946E-05 9.9946E-05 9.9946E-05 9.9946E-05 9.9946E-05
0.00181257 0.111684 9.99549E-05 0.0177637 0.86824 9.99549E-05 9.99549E-05 9.99549E-05 9.99549E-05
0.00226295 0.916783 0.039229 0.00757145 0.0114857 0.00436281 0.0181055 9.9982E-05 9.9982E-05
9.99461E-05 9.99461E-05 9.99461E-05 9.99461E-05 0.0177084 0.967933 9.99461E-05 9.99461E-05 0.0137593
9.9946E-05 0.97941 9.9946E-05 0.00454021 9.9946E-05 9.9946E-05 9.9946E-05 0.0154503 9.9946E-05
0.999201 9.993E-05 9.993E-05 9.993E-05 9.993E-05 9.993E-05 9.993E-05 9.993E-05 9.993E-05
9.9937E-05 0.993634 9.9937E-05 9.9937E-05 9.9937E-05 9.9937E-05 0.0056668 9.9937E-05 9.9937E-05
9.9955E-05 0.0358162 9.9955E-05 9.9955E-05 0.212037 9.9955E-05 0.111532 0.640115 9.9955E-05
0.0166216 0.284139 0.166536 0.000403654 0.0365977 9.9982E-05 9.9982E-05 0.418128 0.0773753
9.9973E-05 0.0138138 0.374075 9.9973E-05 0.224103 9.9973E-05 0.262063 0.122666 0.0029796
0.0188396 0.27362 0.526444 0.0109409 0.0434846 0.0049941 9.998E-05 0.121476 9.998E-05
9.9973E-05 0.138341 0.383255 0.0445679 0.180028 9.9973E-05 0.249645 0.00386413 9.9973E-05
9.9946E-05 0.977538 0.0124205 9.9946E-05 9.9946E-05 9.9946E-05 9.9946E-05 9.9946E-05 0.00944231
9.99639E-05 0.279562 9.99639E-05 9.99639E-05 0.066073 0.0356634 9.99639E-05 0.460356 0.157946
0.00301983 0.878205 9.9955E-05 9.9955E-05 9.9955E-05 9.9955E-05 0.00424324 0.114032 9.9955E-05
9.9982E-05 0.136354 0.0229897 0.0237897 0.169561 0.0381803 0.190783 0.418142 9.9982E-05
9.9955E-05 0.0640035 9.9955E-05 9.9955E-05 0.583906 9.9955E-05 9.9955E-05 0.0971013 0.254489
0.00748751 0.826906 9.9964E-05 9.9964E-05 9.9964E-05 0.00963233 0.0681487 0.0874258 9.9964E-05
9.99459E-05 0.384664 9.99459E-05 0.017577 9.99459E-05 9.99459E-05 9.99459E-05 0.597159 9.99459E-05
0.00171869 0.666739 9.996E-05 0.0046327 9.996E-05 0.00928109 9.996E-05 0.317229 9.996E-05
9.9964E-05 0.930044 0.00822153 9.9964E-05 0.0433517 9.9964E-05 0.0116305 9.9964E-05 0.00635284
0.00394978 0.317087 9.9973E-05 0.00465659 0.020365 0.0383837 0.615258 9.9973E-05 9.9973E-05
9.9973E-05 0.261925 0.218348 0.00490845 0.0625937 9.9973E-05 9.9973E-05 0.410273 0.041652
0.0101752 0.312401 0.195352 9.9982E-05 0.0212028 0.0112654 0.125869 0.323534 9.9982E-05
0.893694 9.9964E-05 0.00367495 9.9964E-05 0.0513121 0.0277477 0.0231709 9.9964E-05 9.9964E-05
9.9973E-05 0.918918 0.0376133 0.0050209 0.0108155 0.0175263 0.00980602 9.9973E-05 9.9973E-05
9.9937E-05 0.982582 9.9937E-05 9.9937E-05 9.9937E-05 9.9937E-05 0.0167181 9.9937E-05 9.9937E-05
0.00415369 0.865679 0.0116212 0.0022354 9.9964E-05 9.9964E-05 9.9964E-05 0.115911 9.9964E-05
9.99369E-05 0.0376917 9.99369E-05 9.99369E-05 9.99369E-05 0.961609 9.99369E-05 9.99369E-05 9.99369E-05
0.00433505 0.660613 0.0171952 9.9964E-05 9.9964E-05 9.9964E-05 0.0498858 0.267571 9.9964E-05
9.9937E-05 0.112269 0.887032 9.9937E-05 9.9937E-05 9.9937E-05 9.9937E-05 9.9937E-05 9.9937E-05
9.9964E-05 0.349404 0.0776668 9.9964E-05 9.9964E-05 0.0158914 9.9964E-05 0.36249 0.194148
9.9946E-05 0.989345 9.9946E-05 0.00160905 9.9946E-05 9.9946E-05 0.00844646 9.9946E-05 9.9946E-05
9.9973E-05 0.815793 0.00972173 9.9973E-05 0.0371793 0.00957554 0.0580463 0.0693844 9.9973E-05
9.9937E-05 0.997923 9.9937E-05 9.9937E-05 9.9937E-05 9.9937E-05 9.9937E-05 9.9937E-05 0.00137715
9.99549E-05 0.12019 0.833696 0.00269474 9.99549E-05 9.99549E-05 9.99549E-05 9.99549E-05 0.0429191
0.771658 9.9964E-05 0.00890017 0.0250026 9.9964E-05 0.0329763 0.161063 9.9964E-05 9.9964E-05
9.9955E-05 9.9955E-05 0.0734375 9.9955E-05 0.544765 9.9955E-05 0.354326 9.9955E-05 0.0269716
9.997E-05 0.510417 0.00316932 0.0177424 9.997E-05 0.00648624 9.997E-05 0.323302 0.138584
0.954599 9.9946E-05 9.9946E-05 0.00428925 9.9946E-05 9.9946E-05 0.0405119 9.9946E-05 9.9946E-05
0.00880132 0.536616 0.0429506 9.997E-05 9.997E-05 0.0235509 0.0856184 0.302163 9.997E-05
9.994E-05 0.254903 9.994E-05 9.994E-05 9.994E-05 9.994E-05 9.994E-05 0.311237 0.433261
9.9964E-05 0.894804 9.9964E-05 0.00284605 9.9964E-05 0.0210358 0.0520535 9.9964E-05 0.0288605
9.994E-05 0.984079 9.994E-05 0.00662217 9.994E-05 9.994E-05 9.994E-05 0.00869918 9.994E-05
9.9955E-05 0.926677 0.0532233 0.0112236 9.9955E-05 0.00837658 9.9955E-05 9.9955E-05 9.9955E-05
9.9964E-05 0.41664 0.163719 9.9964E-05 0.0703399 9.9964E-05 0.115735 0.233166 9.9964E-05
9.99369E-05 0.0449527 9.99369E-05 9.99369E-05 9.99369E-05 0.954348 9.99369E-05 9.99369E-05 9.99369E-05
9.9955E-05 0.950504 9.9955E-05 0.00518816 9.9955E-05 0.00108292 9.9955E-05 0.0427253 9.9955E-05
9.9946E-05 0.0888616 9.9946E-05 9.9946E-05 0.398068 9.9946E-05 9.9946E-05 9.9946E-05 0.51247
9.9955E-05 0.357629 0.0510442 9.9955E-05 9.9955E-05 9.9955E-05 9.9955E-05 0.556723 0.0341042
0.00532079 0.00787991 9.9955E-05 9.9955E-05 9.9955E-05 0.972184 9.9955E-05 0.0141157 9.9955E-05
9.9964E-05 0.119446 0.0780198 0.00165851 0.612502 9.9964E-05 9.9964E-05 9.9964E-05 0.187974
9.9937E-05 9.9937E-05 9.9937E-05 9.9937E-05 9.9937E-05 9.9937E-05 0.933201 0.0660994 9.9937E-05
9.998E-05 0.091493 0.0980616 9.998E-05 0.220591 0.0208541 0.111017 0.423695 0.0340878
9.9946E-05 0.0914681 9.9946E-05 9.9946E-05 9.9946E-05 0.894097 9.9946E-05 0.013835 9.9946E-05
9.9946E-05 0.443229 9.9946E-05 9.9946E-05 9.9946E-05 9.9946E-05 9.9946E-05 0.443468 0.112704
0.998507 0.000793299 9.99369E-05 9.99369E-05 9.99369E-05 9.99369E-05 9.99369E-05 9.99369E-05 9.99369E-05
0.00812995 0.497558 0.0433441 9.99549E-05 9.99549E-05 9.99549E-05 9.99549E-05 0.450468 9.99549E-05
9.9946E-05 0.884077 9.9946E-05 0.0134939 9.9946E-05 9.9946E-05 9.9946E-05 0.10183 9.9946E-05
0.994518 9.99371E-05 9.99371E-05 9.99371E-05 9.99371E-05 9.99371E-05 9.99371E-05 9.99371E-05 0.00478259
9.9937E-05 0.839524 9.9937E-05 9.9937E-05 9.9937E-05 9.9937E-05 9.9937E-05 0.159777 9.9937E-05
0.0111532 0.0133175 9.9982E-05 0.893354 0.00336429 0.018133 0.0339912 9.9982E-05 0.0264869
9.9973E-05 0.0833937 0.0283182 9.9973E-05 0.049388 9.9973E-05 0.116442 0.602924 0.119235
9.9955E-05 0.8901 9.9955E-05 9.9955E-05 9.9955E-05 0.014194 0.0419346 0.0532715 9.9955E-05
0.00982559 0.143301 0.0507364 9.9973E-05 0.514957 0.050102 0.230778 9.9973E-05 9.9973E-05
0.020013 0.661001 9.9973E-05 9.9973E-05 0.00545272 9.9973E-05 0.0392548 0.23836 0.0356189
0.91594 9.9946E-05 9.9946E-05 0.0296992 9.9946E-05 9.9946E-05 0.0537609 9.9946E-05 9.9946E-05
0.0110724 0.221397 0.0383614 9.9964E-05 0.225084 9.9964E-05 9.9964E-05 0.503686 9.9964E-05
