0.185167 9.9982E-05 9.9982E-05 0.814633
9.9982E-05 0.0134087 9.9982E-05 0.986391
9.9982E-05 9.9982E-05 0.0150856 0.984714
0.195341 0.0124638 9.9991E-05 0.792095
0.505 0.0198954 0.0614586 0.413646
0.27911 0.12229 0.129246 0.469354
0.559954 0.00472388 0.0659551 0.369367
0.600873 0.0429594 0.0248186 0.331349
9.999E-05 0.0274807 0.00919882 0.963221
0.0861633 9.9982E-05 9.9982E-05 0.913637
0.56638 9.9982E-05 9.9982E-05 0.43342
0.648522 9.9991E-05 0.00999504 0.341383
0.539853 9.9982E-05 9.9982E-05 0.459947
0.296981 0.140339 0.126447 0.436234
0.248572 9.9982E-05 9.9982E-05 0.751228
0.262185 0.0617399 0.0272404 0.648835
0.615061 9.9991E-05 0.0149523 0.369887
9.9991E-05 0.462775 0.181758 0.355367
9.9991E-05 0.0110487 0.00293752 0.985914
0.539555 0.0733787 0.0619839 0.325082
0.00819944 9.9982E-05 9.9982E-05 0.991601
0.578841 9.9982E-05 9.9982E-05 0.420959
0.485501 9.9991E-05 0.00281384 0.511585
0.0825271 9.9982E-05 0.917273 9.9982E-05
0.42098 0.0705507 0.10193 0.40654
0.472129 9.9982E-05 9.9982E-05 0.527671
0.56502 0.0298086 9.9991E-05 0.405071
0.00400154 9.9982E-05 9.9982E-05 0.995798
0.0875526 9.9982E-05 9.9982E-05 0.912247
9.998E-05 9.998E-05 9.998E-05 0.9997
0.348644 0.103464 0.128279 0.419614
9.9982E-05 0.00553399 9.9982E-05 0.994266
9.998E-05 9.998E-05 9.998E-05 0.9997
0.368767 0.109949 0.102485 0.4188
9.9991E-05 0.00156302 0.00870606 0.989631
0.510875 0.0719537 9.9991E-05 0.417071
0.216298 9.9982E-05 9.9982E-05 0.783502
0.673887 0.0311258 0.0235823 0.271405
0.608941 0.0805553 0.090029 0.220474
0.543005 9.9991E-05 0.0375505 0.419344
0.380702 0.12069 0.13323 0.365378
9.9991E-05 0.00983325 0.0207909 0.969276
0.0927603 9.9982E-05 9.9982E-05 0.90704
0.107031 0.00448708 9.9991E-05 0.888382
0.111646 0.0162087 0.0138748 0.85827
9.9991E-05 0.81851 0.166898 0.0144918
0.07696 0.00169605 9.9991E-05 0.921244
0.0168237 9.9982E-05 9.9982E-05 0.982976
9.9991E-05 0.834829 0.141815 0.0232555
0.192267 9.9982E-05 9.9982E-05 0.807533
0.39218 9.9982E-05 9.9982E-05 0.60762
0.136115 9.9982E-05 9.9982E-05 0.863685
0.271647 9.9982E-05 9.9982E-05 0.728153
0.0174963 0.125843 0.127278 0.729383
0.412641 9.9991E-05 0.0848237 0.502435
9.9991E-05 0.051924 0.0890747 0.858901
9.9982E-05 9.9982E-05 0.0104943 0.989306
9.9982E-05 0.00943386 9.9982E-05 0.990366
0.138054 9.9991E-05 0.00445472 0.857391
0.109464 9.9982E-05 9.9982E-05 0.890336
9.998E-05 9.998E-05 9.998E-05 0.9997
0.0826922 0.00524226 0.907203 0.00486304
9.9991E-05 0.011447 0.00926739 0.979186
0.425396 0.0205206 0.0502691 0.503814
9.998E-05 9.998E-05 9.998E-05 0.9997
9.9982E-05 0.0125634 9.9982E-05 0.987237
0.197266 9.9982E-05 9.9982E-05 0.802534
0.201803 9.9982E-05 9.9982E-05 0.797997
0.62295 9.9991E-05 0.00905204 0.367898
9.9991E-05 0.817886 0.174972 0.00704162
0.499232 0.00598638 0.0264926 0.468289
9.9991E-05 0.0496317 0.0604341 0.889834
0.0709753 0.00903274 0.00382368 0.916168
9.9982E-05 9.9982E-05 0.050744 0.949056
9.9982E-05 0.00727552 9.9982E-05 0.992525
9.9982E-05 0.0385642 9.9982E-05 0.961236
9.9982E-05 0.00324685 9.9982E-05 0.996553
0.569824 9.9991E-05 0.0344582 0.395618
0.00157289 9.9982E-05 9.9982E-05 0.998227
0.128899 0.0305281 0.766681 0.0738928
0.250852 9.9982E-05 9.9982E-05 0.748948
0.00987032 0.000497887 9.9991E-05 0.989532
0.0649357 0.482307 0.204059 0.248698
0.0214031 0.15736 0.130996 0.690241
0.368077 0.0427513 0.0149888 0.574183
0.077252 0.00929115 9.9991E-05 0.913357
9.9982E-05 9.9982E-05 0.0172776 0.982522
9.998E-05 0.9997 9.998E-05 9.998E-05
0.270301 9.9982E-05 9.9982E-05 0.729499
0.236705 9.9982E-05 9.9982E-05 0.763095
0.568031 9.9982E-05 9.9982E-05 0.431769
0.589322 9.9982E-05 9.9982E-05 0.410478
0.655747 9.9982E-05 9.9982E-05 0.344053
9.9982E-05 9.9982E-05 0.0112443 0.988556
0.2524 9.9982E-05 9.9982E-05 0.7474
0.0327759 9.9982E-05 9.9982E-05 0.967024
0.378657 9.9982E-05 9.9982E-05 0.621143
0.331758 0.143632 0.119817 0.404793
9.9991E-05 0.00279689 0.016579 0.980524
0.488814 9.9991E-05 0.0746739 0.436412
0.464471 0.00991029 9.9991E-05 0.525519
0.111053 0.00312266 0.885724 9.9991E-05
0.210755 9.9982E-05 9.9982E-05 0.789045
0.0131437 9.9982E-05 9.9982E-05 0.986656
9.998E-05 9.998E-05 9.998E-05 0.9997
0.705622 9.9982E-05 9.9982E-05 0.294178
9.9991E-05 0.828435 0.127655 0.0438102
0.744071 9.9982E-05 9.9982E-05 0.255729
0.0916437 9.9991E-05 0.0301085 0.878148
9.9991E-05 0.00668418 0.0296664 0.963549
0.628713 9.9982E-05 9.9982E-05 0.371087
9.9991E-05 0.810644 0.157969 0.0312874
0.0788245 0.0808846 0.765879 0.0744124
0.224581 9.9982E-05 9.9982E-05 0.775219
0.083539 9.9982E-05 9.9982E-05 0.916261
0.564265 9.9982E-05 9.9982E-05 0.435535
9.9982E-05 9.9982E-05 0.031979 0.967821
0.557738 0.0893254 0.0637159 0.289221
0.0401515 0.54278 0.267979 0.14909
0.012415 9.9991E-05 0.0440321 0.943453
0.291841 9.9982E-05 9.9982E-05 0.707959
9.998E-05 9.998E-05 0.9997 9.998E-05
0.0536382 9.9982E-05 9.9982E-05 0.946162
0.349022 9.9982E-05 9.9982E-05 0.650778
0.0575827 9.9982E-05 9.9982E-05 0.942217
0.566352 0.0109447 9.9991E-05 0.422604
0.546308 0.00664153 9.9991E-05 0.446951
0.533564 0.0160697 0.0413931 0.408973
0.51189 0.103243 0.0420853 0.342782
0.224454 9.9991E-05 0.00121088 0.774235
0.0181118 9.9991E-05 0.00859902 0.973189
0.152436 9.9991E-05 0.0136022 0.833862
9.9991E-05 0.77227 0.161342 0.0662878
9.9982E-05 9.9982E-05 0.0524547 0.947345
9.9991E-05 0.80625 0.168897 0.024753
0.16471 9.9982E-05 9.9982E-05 0.83509
9.99819E-05 9.99819E-05 0.974672 0.0251277
0.737909 9.9982E-05 9.9982E-05 0.261891
0.642754 0.0119477 0.0113024 0.333996
0.640162 0.0290908 0.0281179 0.302629
0.257009 9.9982E-05 9.9982E-05 0.742791
0.49319 0.0557981 0.0384651 0.412547
9.9982E-05 9.9982E-05 0.00146276 0.998337
0.380734 9.9982E-05 9.9982E-05 0.619066
0.114407 0.154884 0.139908 0.590801
0.125006 0.0260836 0.0240529 0.824858
0.074495 0.00885272 0.00771964 0.908933
9.9982E-05 9.9982E-05 0.981795 0.0180049
0.359335 0.106614 0.167 0.367051
0.00221919 9.9982E-05 0.997581 9.9982E-05
0.170978 9.9982E-05 9.9982E-05 0.828823
0.24753 0.106122 0.178092 0.468256
0.224534 0.12514 0.143094 0.507232
0.124768 0.00352671 9.9991E-05 0.871605
9.998E-05 9.998E-05 9.998E-05 0.9997
9.9991E-05 0.805213 0.193874 0.000812179
0.449947 0.09878 0.17747 0.273803
0.150087 9.9982E-05 9.9982E-05 0.849713
0.0133442 0.134836 0.525144 0.326676
9.9991E-05 0.00818613 0.014111 0.977603
9.998E-05 0.9997 9.998E-05 9.998E-05
0.0361668 0.0235805 9.9991E-05 0.940153
0.0157593 0.725073 9.9991E-05 0.259068
0.623333 9.9982E-05 9.9982E-05 0.376467
9.9991E-05 0.0120947 0.0178794 0.969926
9.9982E-05 0.00915013 9.9982E-05 0.99065
0.484912 0.106126 0.101398 0.307564
9.9991E-05 0.0187823 0.0311792 0.949939
0.0321652 9.9982E-05 0.967635 9.9982E-05
9.9982E-05 9.9982E-05 0.00348256 0.996317
9.998E-05 0.9997 9.998E-05 9.998E-05
9.998E-05 9.998E-05 9.998E-05 0.9997
0.571377 9.9991E-05 0.0292862 0.399237
0.459294 0.0174179 9.9991E-05 0.523188
0.483366 0.0785482 0.11034 0.327746
0.338674 0.0951589 0.0651334 0.501034
0.351103 0.15088 0.129088 0.368928
9.998E-05 9.998E-05 9.998E-05 0.9997
0.438437 9.9991E-05 0.0238637 0.537599
0.0163961 9.9982E-05 9.9982E-05 0.983404
0.417761 0.0437429 0.0832844 0.455212
0.633746 0.0355065 0.0130673 0.31768
0.0253545 0.0226464 0.0170424 0.934957
0.318642 9.9982E-05 9.9982E-05 0.681158
0.128618 0.000135857 9.9991E-05 0.871146
9.9982E-05 9.9982E-05 0.0150192 0.984781
0.0644821 0.136669 0.165821 0.633027
0.432768 0.0114989 0.0150386 0.540695
0.314026 0.0386536 0.0468735 0.600447
0.0667614 0.932322 9.9991E-05 0.000817013
9.9991E-05 0.0124036 0.0292861 0.95821
9.998E-05 9.998E-05 9.998E-05 0.9997
0.0375273 0.00592655 9.9991E-05 0.956446
9.998E-05 9.998E-05 0.9997 9.998E-05
0.164922 9.9982E-05 9.9982E-05 0.834878
0.431437 0.0975272 0.0969633 0.374073
0.423197 9.9982E-05 9.9982E-05 0.576604
9.9982E-05 0.010831 9.9982E-05 0.988969
0.0699167 9.9991E-05 0.0242913 0.905692
9.998E-05 9.998E-05 9.998E-05 0.9997
0.440903 0.114934 0.0786892 0.365474
0.0250347 0.887823 0.0215761 0.0655658
0.503688 0.116484 0.0932825 0.286545
0.304971 9.9982E-05 9.9982E-05 0.694829
9.998E-05 0.9997 9.998E-05 9.998E-05
0.212189 0.0103385 0.048783 0.72869
0.50758 9.9982E-05 9.9982E-05 0.49222
9.9991E-05 0.0272318 0.0420378 0.93063
9.998E-05 9.998E-05 9.998E-05 0.9997
9.9991E-05 0.024338 0.0109082 0.964654
0.28029 0.0132677 0.0428499 0.663593
9.99819E-05 9.99819E-05 0.944949 0.0548508
9.998E-05 9.998E-05 9.998E-05 0.9997
0.674281 9.9991E-05 0.019157 0.306462
0.361996 9.9982E-05 9.9982E-05 0.637804
9.9982E-05 9.9982E-05 0.987498 0.0123023
0.600326 0.036957 0.0656431 0.297074
0.216134 0.174974 0.129908 0.478984
0.505042 0.00270914 0.0699761 0.422272
9.9982E-05 9.9982E-05 0.926904 0.0728956
0.321295 9.9982E-05 9.9982E-05 0.678505
9.998E-05 0.9997 9.998E-05 9.998E-05
0.268868 9.9982E-05 9.9982E-05 0.730932
9.9982E-05 0.00737737 9.9982E-05 0.992423
0.0155652 0.984235 9.9982E-05 9.9982E-05
0.0430493 9.9982E-05 9.9982E-05 0.956751
9.9991E-05 0.754706 0.173329 0.071865
0.555769 9.9982E-05 9.9982E-05 0.444031
9.9982E-05 9.9982E-05 0.0287379 0.971062
0.394727 0.0902546 0.182244 0.332774
0.156635 0.0144952 9.9991E-05 0.828769
9.998E-05 0.9997 9.998E-05 9.998E-05
0.498244 0.00427783 0.00235758 0.495121
