0.229463 9.9982E-05 9.9982E-05 0.765042 0.0052958
9.9973E-05 9.9973E-05 0.0459076 0.953792 9.9973E-05
9.9982E-05 9.9982E-05 0.01874 0.967648 0.0134123
0.222569 0.014205 0.0257431 0.737383 9.9991E-05
0.44192 9.9991E-05 0.266187 0.260761 0.0310313
0.0572478 9.9991E-05 0.717546 0.220979 0.0041271
0.412969 9.9982E-05 0.441764 0.145066 9.9982E-05
0.537082 0.00452671 0.342618 0.115673 9.9991E-05
0.00798917 0.0150213 0.0293532 0.945955 0.00168173
0.136579 9.9973E-05 9.9973E-05 0.863121 9.9973E-05
0.590195 9.9991E-05 0.0488623 0.352326 0.00851675
0.66651 9.9991E-05 0.124663 0.1981 0.0106269
0.589467 9.9982E-05 0.0136034 0.39673 9.9982E-05
0.0169381 9.9982E-05 0.851844 0.131018 9.9982E-05
0.324983 9.9973E-05 9.9973E-05 0.674717 9.9973E-05
0.176958 0.0105284 0.289621 0.522793 9.9991E-05
0.566172 9.9982E-05 0.225538 0.208091 9.9982E-05
9.999E-05 0.389127 0.325289 0.198719 0.0867644
9.9982E-05 0.00978747 0.0356543 0.954358 9.9982E-05
0.438939 0.0220067 0.344966 0.162467 0.0316205
0.0213841 9.9982E-05 9.9982E-05 0.977085 0.00133051
0.629778 9.9991E-05 0.0208688 0.330997 0.0182561
0.512253 9.9991E-05 0.0421225 0.419161 0.0263637
0.0637741 9.9982E-05 0.0363963 9.9982E-05 0.89963
0.252396 9.9991E-05 0.525646 0.206938 0.0149206
0.524689 0.0046949 9.9991E-05 0.450632 0.0198841
0.517971 9.9982E-05 0.235754 0.246075 9.9982E-05
0.026798 0.0021164 9.9991E-05 0.970459 0.000526196
0.128442 9.9973E-05 9.9973E-05 0.871258 9.9973E-05
9.997E-05 9.997E-05 9.997E-05 0.9996 9.997E-05
0.121863 9.9991E-05 0.689175 0.177627 0.0112341
9.9973E-05 9.9973E-05 0.0627617 0.936938 9.9973E-05
9.9973E-05 9.9973E-05 0.0317452 0.967955 9.9973E-05
0.136842 9.9982E-05 0.717246 0.145712 9.9982E-05
9.9973E-05 9.9973E-05 0.0375894 0.962111 9.9973E-05
0.407452 0.0107555 0.349511 0.232181 9.9991E-05
0.28087 9.9973E-05 9.9973E-05 0.71883 9.9973E-05
0.59921 0.00090478 0.307551 0.080462 0.0118724
0.415571 9.9982E-05 0.577109 9.9982E-05 0.00711993
0.580715 9.9991E-05 0.0498035 0.314487 0.0548944
0.167363 9.9991E-05 0.722327 0.0931814 0.0170294
9.9982E-05 0.00860312 0.0284932 0.962704 9.9982E-05
0.118151 9.9973E-05 9.9973E-05 0.881549 9.9973E-05
0.156407 0.00320504 9.9991E-05 0.839424 0.000863497
0.124531 0.0187143 0.044162 0.803589 0.00900295
9.9982E-05 0.822369 9.9982E-05 0.0095478 0.167884
0.0595438 9.9982E-05 0.0589187 0.881338 9.9982E-05
0.0693825 9.9973E-05 9.9973E-05 0.930318 9.9973E-05
9.9982E-05 0.82402 9.9982E-05 0.0225105 0.153269
0.264164 9.9973E-05 9.9973E-05 0.735536 9.9973E-05
0.453517 0.000593808 0.0164527 0.529337 9.9991E-05
0.184492 9.9973E-05 9.9973E-05 0.815208 9.9973E-05
0.347685 9.9982E-05 9.9982E-05 0.641256 0.010859
9.9991E-05 0.0492906 0.412707 0.512139 0.0257631
0.406294 9.9991E-05 0.142881 0.387875 0.0628497
9.9991E-05 0.0149494 0.180434 0.755004 0.0495127
0.0206009 9.9973E-05 9.9973E-05 0.979099 9.9973E-05
9.9982E-05 0.0112362 0.00942761 0.979136 9.9982E-05
0.162373 9.9991E-05 0.0125577 0.819297 0.00567222
0.164974 9.9973E-05 9.9973E-05 0.834726 9.9973E-05
0.00438146 9.9982E-05 0.00426919 0.991149 9.9982E-05
9.99731E-05 9.99731E-05 0.138714 9.99731E-05 0.860986
9.9991E-05 0.0132219 0.00556515 0.980261 0.000851809
0.422813 0.0156534 0.120062 0.393912 0.0475601
0.00938721 9.9991E-05 0.0155683 0.974509 0.000435222
9.9973E-05 9.9973E-05 0.0426216 0.957078 9.9973E-05
0.250164 9.9973E-05 9.9973E-05 0.749536 9.9973E-05
0.252035 9.9973E-05 9.9973E-05 0.747665 9.9973E-05
0.629866 9.9991E-05 0.119766 0.239444 0.0108234
9.9982E-05 0.816834 9.9982E-05 0.00381361 0.179152
0.482992 9.9991E-05 0.17708 0.324238 0.0155907
9.9991E-05 0.0332719 0.131474 0.80185 0.0333048
0.119801 0.00959408 9.9991E-05 0.859966 0.0105383
9.9982E-05 9.9982E-05 0.0450919 0.918899 0.0358095
9.9973E-05 9.9973E-05 0.0156942 0.984006 9.9973E-05
9.9982E-05 0.0241057 0.0829249 0.892769 9.9982E-05
0.00250248 0.000380739 9.9982E-05 0.996917 9.9982E-05
0.508996 9.9991E-05 0.251582 0.227564 0.0117585
0.0283246 9.9973E-05 9.9973E-05 0.971375 9.9973E-05
0.0248368 9.9982E-05 0.270471 9.9982E-05 0.704492
0.308861 9.9982E-05 9.9982E-05 0.672324 0.018615
0.0315405 0.0083743 9.9982E-05 0.959885 9.9982E-05
9.9991E-05 0.412008 0.386273 0.0874539 0.114165
9.9991E-05 0.0411611 0.490634 0.450452 0.0176532
0.299677 0.00742197 0.255796 0.437005 9.9991E-05
0.105878 0.0120075 0.00318302 0.878832 9.9991E-05
9.9982E-05 9.9982E-05 0.0605507 0.937904 0.00134557
9.997E-05 0.9996 9.997E-05 9.997E-05 9.997E-05
0.330762 9.9973E-05 9.9973E-05 0.668938 9.9973E-05
0.309664 9.9973E-05 9.9973E-05 0.690037 9.9973E-05
0.601971 9.9982E-05 0.0635129 0.334316 9.9982E-05
0.641591 9.9991E-05 0.0432989 0.297698 0.0173127
0.734159 9.9982E-05 0.00334926 0.262292 9.9982E-05
9.9982E-05 9.9982E-05 0.0209221 0.970693 0.00818499
0.305779 9.9973E-05 9.9973E-05 0.693921 9.9973E-05
0.0524246 9.9973E-05 9.9973E-05 0.947275 9.9973E-05
0.443622 9.9982E-05 9.9982E-05 0.550815 0.00536241
0.110872 0.000839286 0.767469 0.120719 9.9991E-05
9.9982E-05 9.9982E-05 0.0549242 0.933436 0.0114401
0.489751 9.9991E-05 0.0988303 0.334916 0.076403
0.486105 0.0214535 0.0729435 0.419398 9.9991E-05
0.0395792 9.9982E-05 0.0991186 9.9982E-05 0.861102
0.295474 9.9973E-05 9.9973E-05 0.704226 9.9973E-05
0.0181487 9.9973E-05 9.9973E-05 0.981551 9.9973E-05
9.997E-05 9.997E-05 9.997E-05 0.9996 9.997E-05
0.71199 0.0162748 0.093333 0.178302 9.9991E-05
9.9982E-05 0.83117 9.9982E-05 0.0347255 0.133904
0.771876 0.0196856 0.0587847 0.149554 9.9991E-05
0.115294 9.9982E-05 9.9982E-05 0.855988 0.0285181
9.9982E-05 9.9982E-05 0.05504 0.934063 0.0106968
0.711915 9.9982E-05 9.9982E-05 0.285484 0.00240108
9.9982E-05 0.805954 9.9982E-05 0.0333209 0.160525
9.9982E-05 0.0137621 0.321817 9.9982E-05 0.664221
0.237347 0.00175113 0.00096883 0.759833 9.9991E-05
0.147985 9.9973E-05 9.9973E-05 0.851715 9.9973E-05
0.62752 9.9991E-05 0.00705279 0.362914 0.00241311
9.9982E-05 9.9982E-05 0.0201346 0.957244 0.022421
0.39229 0.00284016 0.547417 0.0573529 9.9991E-05
9.9991E-05 0.502381 0.206075 0.067864 0.22358
0.0399955 9.9982E-05 9.9982E-05 0.919934 0.0398711
0.348857 9.9973E-05 9.9973E-05 0.650843 9.9973E-05
9.997E-05 9.997E-05 9.997E-05 9.997E-05 0.9996
0.0856733 9.9973E-05 9.9973E-05 0.914027 9.9973E-05
0.429458 9.9973E-05 9.9973E-05 0.570242 9.9973E-05
0.0982453 9.9973E-05 9.9973E-05 0.901455 9.9973E-05
0.55392 0.0183287 0.127988 0.299663 9.9991E-05
0.518698 0.00166969 0.186615 0.292917 9.9991E-05
0.469824 9.9991E-05 0.31834 0.208493 0.00324324
0.312281 9.9982E-05 0.604375 0.0831442 9.9982E-05
0.261634 9.9982E-05 9.9982E-05 0.725505 0.0126612
0.0485437 9.9982E-05 9.9982E-05 0.942977 0.00827911
0.191189 0.00869102 9.9991E-05 0.773925 0.0260947
9.9991E-05 0.76102 0.0704544 0.0236482 0.144777
9.9982E-05 9.9982E-05 0.0681002 0.900592 0.031108
9.9991E-05 0.799782 0.00356579 0.0264309 0.170122
0.213179 9.9982E-05 9.9982E-05 0.7815 0.00512097
9.99729E-05 9.99729E-05 9.99729E-05 0.0332621 0.966438
0.779301 9.9982E-05 0.051355 0.169144 9.9982E-05
0.553724 9.9982E-05 0.292226 0.15385 9.9982E-05
0.634817 0.0324236 0.148956 0.165419 0.0183843
0.319537 9.9982E-05 9.9982E-05 0.678557 0.00170534
0.436601 0.0320375 0.243117 0.277004 0.0112401
9.9973E-05 9.9973E-05 0.0177295 0.981971 9.9973E-05
0.431019 0.00658043 9.9991E-05 0.553528 0.00877278
9.9991E-05 0.0284298 0.642764 0.322079 0.00662667
0.107188 0.0189084 0.0982549 0.775549 9.9991E-05
0.0689423 0.0119656 0.0310648 0.880104 0.00792379
9.99729E-05 9.99729E-05 9.99729E-05 0.0332188 0.966481
0.137775 9.9991E-05 0.697093 0.11302 0.0520129
0.0157694 9.9973E-05 9.9973E-05 9.9973E-05 0.983931
0.238942 9.9973E-05 9.9973E-05 0.760758 9.9973E-05
0.0562159 9.9991E-05 0.63873 0.236665 0.0682898
0.0137866 9.9991E-05 0.708554 0.247537 0.0300223
0.163962 0.00941012 9.9982E-05 0.826428 9.9982E-05
9.9973E-05 9.9973E-05 0.000868961 0.998831 9.9973E-05
9.99729E-05 0.804715 9.99729E-05 9.99729E-05 0.194985
0.184506 9.9982E-05 0.790813 9.9982E-05 0.0244815
0.191482 9.9973E-05 9.9973E-05 0.808219 9.9973E-05
9.9991E-05 0.0525885 0.393153 0.128715 0.425443
9.9982E-05 9.9982E-05 0.0532899 0.94232 0.0041901
9.997E-05 0.9996 9.997E-05 9.997E-05 9.997E-05
0.0328375 0.0183771 0.0413979 0.907288 9.9991E-05
9.9982E-05 0.649039 0.239503 0.111258 9.9982E-05
0.691324 0.0307791 0.023825 0.233846 0.0202259
9.9973E-05 9.9973E-05 0.0699112 0.929789 9.9973E-05
9.9982E-05 0.00937946 0.0160471 0.974374 9.9982E-05
0.279195 9.9991E-05 0.684516 0.0316374 0.00455203
9.9973E-05 9.9973E-05 0.110629 0.889071 9.9973E-05
0.0219472 9.9973E-05 9.9973E-05 9.9973E-05 0.977753
9.9982E-05 0.000518385 9.9982E-05 0.992381 0.00690105
9.997E-05 0.9996 9.997E-05 9.997E-05 9.997E-05
9.997E-05 9.997E-05 9.997E-05 0.9996 9.997E-05
0.555334 9.9991E-05 0.142664 0.263476 0.0384258
0.468077 0.0225358 0.0730372 0.43625 9.9991E-05
0.27085 9.9991E-05 0.656558 0.069962 0.00252961
0.225691 0.0288626 0.420959 0.324387 9.9991E-05
0.127189 0.0325231 0.700496 0.126513 0.0132782
9.997E-05 9.997E-05 9.997E-05 0.9996 9.997E-05
0.502621 0.00179248 9.9991E-05 0.442883 0.0526033
0.0369053 9.9973E-05 9.9973E-05 0.962795 9.9973E-05
0.364873 0.0114504 0.263119 0.304979 0.0555779
0.527006 9.9982E-05 0.369364 0.10343 9.9982E-05
0.023652 0.0142149 0.0476363 0.902402 0.0120952
0.400818 9.9973E-05 9.9973E-05 0.598882 9.9973E-05
0.170597 9.9982E-05 9.9982E-05 0.820077 0.00912606
9.9982E-05 9.9982E-05 0.0745664 0.924145 0.00108816
9.9991E-05 0.0331434 0.551929 0.363431 0.0513971
0.403234 0.00217056 0.17403 0.420465 9.9991E-05
0.242424 0.00907578 0.273576 0.462898 0.0120253
0.0419219 0.921462 0.0364159 9.9982E-05 9.9982E-05
9.9973E-05 9.9973E-05 0.10254 0.89716 9.9973E-05
9.9973E-05 9.9973E-05 0.0220959 0.977604 9.9973E-05
0.0668865 0.00863233 9.9982E-05 0.924281 9.9982E-05
9.99729E-05 9.99729E-05 9.99729E-05 0.00961615 0.990084
0.168583 9.9991E-05 0.0349779 0.789289 0.00704952
0.196445 9.9982E-05 0.707418 0.0959371 9.9982E-05
0.452528 9.99917E-05 0.0413026 0.496487 0.00958187
9.99779E-05 0.00335512 9.99779E-05 0.996345 9.99779E-05
0.0401285 9.9991E-05 0.112736 0.835722 0.0113131
9.9973E-05 9.9973E-05 0.00806478 0.991635 9.9973E-05
0.244489 0.00447314 0.648645 0.102293 9.9991E-05
0.0121402 0.85238 0.12836 0.0070196 9.9991E-05
0.225805 9.9973E-05 0.773895 9.9973E-05 9.9973E-05
0.341403 0.0104023 9.9991E-05 0.644373 0.00372183
9.9973E-05 0.995692 0.00400801 9.9973E-05 9.9973E-05
0.218669 0.00629823 0.071638 0.661161 0.0422333
0.578487 9.9973E-05 9.9973E-05 0.421213 9.9973E-05
9.9982E-05 9.9982E-05 0.110391 0.865192 0.0242164
9.9973E-05 9.9973E-05 0.0165668 0.983133 9.9973E-05
9.9982E-05 0.0100941 0.0391929 0.950513 9.9982E-05
0.21792 9.9982E-05 0.23194 0.54994 9.9982E-05
9.99729E-05 9.99729E-05 9.99729E-05 0.0606346 0.939065
9.997E-05 9.997E-05 9.997E-05 0.9996 9.997E-05
0.616413 9.9982E-05 0.303336 0.0800518 9.9982E-05
0.424645 9.9973E-05 9.9973E-05 0.575055 9.9973E-05
9.9973E-05 9.9973E-05 9.9973E-05 0.0108535 0.988847
0.444333 9.9982E-05 0.497432 0.0580348 9.9982E-05
9.9982E-05 0.0382908 0.765594 0.195915 9.9982E-05
0.458567 9.9991E-05 0.241435 0.264843 0.0350544
9.9973E-05 9.9973E-05 9.9973E-05 0.0765998 0.9231
0.395848 9.9973E-05 9.9973E-05 0.603852 9.9973E-05
9.997E-05 0.9996 9.997E-05 9.997E-05 9.997E-05
0.308802 0.00551041 9.9982E-05 0.685488 9.9982E-05
0.0365009 0.0119609 9.9982E-05 0.951338 9.9982E-05
0.0154454 0.984255 9.9973E-05 9.9973E-05 9.9973E-05
0.0805846 9.9973E-05 9.9973E-05 0.919115 9.9973E-05
0.00323308 0.746589 0.020157 0.0593108 0.17071
0.566684 9.9982E-05 0.0835929 0.349523 9.9982E-05
9.9982E-05 9.9982E-05 0.0272448 0.950078 0.0224772
0.182963 9.9991E-05 0.653135 0.0795406 0.0842614
0.182762 0.0225301 0.0136672 0.780941 9.9991E-05
9.9973E-05 0.970361 0.0293387 9.9973E-05 9.9973E-05
0.515512 0.0107095 0.101359 0.366066 0.00635382
