9.9964E-05 9.9964E-05 0.0115904 0.363464 0.592759 9.9964E-05 9.9964E-05 0.031787
9.9946E-05 9.9946E-05 9.9946E-05 9.9946E-05 0.951188 9.9946E-05 9.9946E-05 0.0482127
9.996E-05 0.0140862 9.996E-05 0.035511 0.934292 9.996E-05 9.996E-05 0.0157114
0.00899835 9.9973E-05 0.00940872 0.33063 0.590991 0.0596722 9.9973E-05 9.9973E-05
9.9964E-05 0.037816 9.9964E-05 0.444183 0.132694 0.384907 9.9964E-05 9.9964E-05
9.9964E-05 9.9964E-05 9.9964E-05 0.0548258 0.123548 0.202357 9.9964E-05 0.61887
9.9955E-05 9.9955E-05 9.9955E-05 9.9955E-05 0.188272 0.497616 0.313611 9.9955E-05
9.9964E-05 9.9964E-05 9.9964E-05 0.471696 9.9964E-05 0.197869 0.138046 0.191989
0.0127296 0.0104584 0.00624451 0.0474393 0.889033 9.9991E-05 0.00806724 0.025928
9.9946E-05 9.9946E-05 9.9946E-05 0.263095 0.736305 9.9946E-05 9.9946E-05 9.9946E-05
9.9982E-05 0.00602488 0.0116692 0.34137 0.208935 0.0202928 0.411507 9.9982E-05
9.9982E-05 0.00729474 9.9982E-05 0.412856 0.0431062 0.0895308 0.431912 0.0151011
9.9973E-05 9.9973E-05 9.9973E-05 0.566072 0.168014 0.0723178 0.155116 0.0381797
9.9973E-05 9.9973E-05 9.9973E-05 0.0439441 0.00307975 0.0859435 0.0147787 0.851954
0.00258073 9.9964E-05 0.00375696 0.541008 0.452255 9.9964E-05 9.9964E-05 9.9964E-05
9.9982E-05 9.9982E-05 0.00174736 0.173836 0.44124 0.20181 0.0152406 0.165927
9.9973E-05 9.9973E-05 9.9973E-05 0.0923185 0.137554 0.038829 0.664534 0.0664646
0.0103507 9.99639E-05 0.41905 9.99639E-05 0.121356 9.99639E-05 9.99639E-05 0.448843
0.00826403 9.9964E-05 0.00231793 9.9964E-05 0.953366 0.035652 9.9964E-05 9.9964E-05
0.0250772 0.0366372 0.00492127 0.113327 0.118338 0.442254 0.259345 9.9991E-05
9.9955E-05 9.9955E-05 9.9955E-05 0.0777048 0.90891 0.0128854 9.9955E-05 9.9955E-05
9.9964E-05 0.0124952 9.9964E-05 0.337771 0.163411 9.9964E-05 0.485923 9.9964E-05
9.9982E-05 0.0191823 9.9982E-05 0.583649 0.194362 0.0946122 0.0814049 0.0265895
9.9973E-05 0.891325 0.0135759 0.0632321 9.9973E-05 9.9973E-05 0.00516721 0.0264
9.9982E-05 0.0168973 0.00632327 0.153469 0.190084 0.535707 9.9982E-05 0.0973188
9.9964E-05 0.00787197 9.9964E-05 0.423389 0.257767 9.9964E-05 0.310573 9.9964E-05
0.00726427 9.9973E-05 9.9973E-05 0.207061 0.180985 0.300564 0.303826 9.9973E-05
9.9955E-05 9.9955E-05 0.00664037 0.125058 0.867802 9.9955E-05 9.9955E-05 9.9955E-05
9.9946E-05 9.9946E-05 9.9946E-05 0.264701 0.7347 9.9946E-05 9.9946E-05 9.9946E-05
9.9946E-05 9.9946E-05 9.9946E-05 0.0383983 0.961002 9.9946E-05 9.9946E-05 9.9946E-05
9.9955E-05 9.9955E-05 9.9955E-05 0.225523 9.9955E-05 9.9955E-05 0.00530315 0.768674
9.9955E-05 9.9955E-05 9.9955E-05 9.9955E-05 0.93056 0.0260153 9.9955E-05 0.0429253
9.9946E-05 9.9946E-05 9.9946E-05 9.9946E-05 0.98679 0.0126101 9.9946E-05 9.9946E-05
9.9955E-05 9.9955E-05 9.9955E-05 9.9955E-05 0.221396 0.542311 9.9955E-05 0.235793
9.99567E-05 0.00761565 9.99567E-05 9.99567E-05 0.978256 9.99567E-05 9.99567E-05 0.0136283
0.00849355 9.9982E-05 9.9982E-05 0.146771 0.169568 0.245896 0.291993 0.137078
9.9946E-05 9.9946E-05 9.9946E-05 0.48357 0.515831 9.9946E-05 9.9946E-05 9.9946E-05
0.0211609 0.00347661 9.9982E-05 0.25558 9.9982E-05 0.283612 0.401365 0.034606
9.9982E-05 0.00598956 0.0109024 9.9982E-05 0.067063 0.666416 0.24812 0.00130849
9.9982E-05 0.041816 9.9982E-05 0.649082 0.0662082 0.139955 0.0764055 0.0263339
0.000694975 0.00546509 9.9982E-05 0.0470742 0.150841 0.536809 9.9982E-05 0.258915
0.00908877 0.0182349 9.9973E-05 9.9973E-05 0.963798 0.00728108 0.00129683 9.9973E-05
9.9955E-05 9.9955E-05 9.9955E-05 0.203319 0.789542 9.9955E-05 0.00663989 9.9955E-05
0.0144872 9.9955E-05 9.9955E-05 0.280126 0.704887 9.9955E-05 9.9955E-05 9.9955E-05
9.9973E-05 9.9973E-05 0.0337828 0.230293 0.675438 0.0362425 9.9973E-05 0.0239435
9.994E-05 9.994E-05 0.9993 9.994E-05 9.994E-05 9.994E-05 9.994E-05 9.994E-05
9.9955E-05 9.9955E-05 9.9955E-05 9.9955E-05 0.878803 0.0377314 0.0829653 9.9955E-05
9.9946E-05 9.9946E-05 9.9946E-05 0.147301 0.852099 9.9946E-05 9.9946E-05 9.9946E-05
9.994E-05 9.994E-05 0.9993 9.994E-05 9.994E-05 9.994E-05 9.994E-05 9.994E-05
9.99459E-05 9.99459E-05 9.99459E-05 0.468762 0.530639 9.99459E-05 9.99459E-05 9.99459E-05
0.00600357 9.9973E-05 9.9973E-05 0.370503 0.350909 9.9973E-05 0.241832 0.030452
9.9946E-05 9.9946E-05 9.9946E-05 0.339181 0.660219 9.9946E-05 9.9946E-05 9.9946E-05
9.9964E-05 0.00701591 9.9964E-05 0.470122 0.499457 9.9964E-05 0.0230049 9.9964E-05
9.99639E-05 0.00524708 0.0240217 9.99639E-05 0.427117 9.99639E-05 9.99639E-05 0.543215
9.9973E-05 0.0369866 9.9973E-05 0.54181 0.158716 0.111636 9.9973E-05 0.15055
0.00798949 0.0311352 9.99639E-05 9.99639E-05 0.71308 9.99639E-05 9.99639E-05 0.247395
9.9955E-05 9.9955E-05 0.00328967 0.111746 0.884465 9.9955E-05 9.9955E-05 9.9955E-05
9.9964E-05 9.9964E-05 0.00812796 9.9964E-05 0.980007 9.9964E-05 0.00810014 0.00336506
9.9964E-05 9.9964E-05 0.00516847 0.278595 0.685004 9.9964E-05 9.9964E-05 0.030833
9.9946E-05 9.9946E-05 9.9946E-05 0.310294 0.689106 9.9946E-05 9.9946E-05 9.9946E-05
9.9955E-05 9.9955E-05 0.00141147 0.049257 0.948832 9.9955E-05 9.9955E-05 9.9955E-05
0.00898539 0.821336 9.9973E-05 9.9973E-05 9.9973E-05 0.0434452 0.053218 0.0727157
0.0120422 0.00307903 9.9964E-05 9.9964E-05 0.952165 9.9964E-05 0.0323138 9.9964E-05
0.0135565 0.0211888 9.9982E-05 0.604909 0.1073 9.9982E-05 0.00916015 0.243685
9.9964E-05 9.9964E-05 0.01278 0.0133921 0.949779 9.9964E-05 0.0236486 9.9964E-05
0.00589289 9.9955E-05 9.9955E-05 9.9955E-05 0.982905 0.010702 9.9955E-05 9.9955E-05
9.9973E-05 0.0021 0.00753316 0.390543 0.588241 0.0112829 9.9973E-05 9.9973E-05
9.9955E-05 9.9955E-05 9.9955E-05 0.369938 0.608613 9.9955E-05 0.0209491 9.9955E-05
9.9955E-05 0.0275661 9.9955E-05 9.9955E-05 0.178559 9.9955E-05 0.793375 9.9955E-05
9.994E-05 9.994E-05 0.9993 9.994E-05 9.994E-05 9.994E-05 9.994E-05 9.994E-05
9.9973E-05 0.0113464 9.9973E-05 0.526549 0.129789 0.305735 9.9973E-05 0.0262812
0.0148455 0.0207104 0.00273105 9.99729E-05 0.781986 9.99729E-05 9.99729E-05 0.179427
9.9964E-05 0.0181385 0.000427258 0.236571 0.744464 9.9964E-05 9.9964E-05 9.9964E-05
9.9955E-05 0.0258479 9.9955E-05 9.9955E-05 0.9386 9.9955E-05 9.9955E-05 0.0350524
0.00469886 0.00287015 9.9964E-05 9.9964E-05 0.985118 9.9964E-05 0.00691264 9.9964E-05
0.0054756 9.9973E-05 0.0256319 9.9973E-05 0.93056 0.0189251 9.9973E-05 0.0191072
0.0031033 9.9973E-05 0.00111377 0.0200615 0.963857 9.9973E-05 0.0115647 9.9973E-05
9.9982E-05 0.00260289 9.9982E-05 0.236571 0.100352 0.0401001 0.413124 0.20705
9.9964E-05 9.9964E-05 9.9964E-05 0.00958095 0.937842 0.00574533 0.0464319 9.9964E-05
9.9964E-05 0.662593 0.00649102 9.9964E-05 9.9964E-05 9.9964E-05 0.0710112 0.259505
9.9955E-05 0.0274628 9.9955E-05 0.490332 0.481705 9.9955E-05 9.9955E-05 9.9955E-05
9.9955E-05 9.9955E-05 0.00440851 0.0919894 0.903102 9.9955E-05 9.9955E-05 9.9955E-05
0.0605155 0.0442797 0.40126 9.9982E-05 0.0540923 9.9982E-05 0.00168704 0.437965
9.99549E-05 9.99549E-05 0.0291456 9.99549E-05 0.334705 9.99549E-05 9.99549E-05 0.63565
9.9964E-05 9.9964E-05 9.9964E-05 0.333102 0.312909 0.246707 9.9964E-05 0.106882
0.00744447 9.9973E-05 0.00173249 0.203562 0.739606 9.9973E-05 9.9973E-05 0.0473551
9.9955E-05 0.0143251 9.9955E-05 9.9955E-05 0.930464 9.9955E-05 9.9955E-05 0.0547111
0.9993 9.994E-05 9.994E-05 9.994E-05 9.994E-05 9.994E-05 9.994E-05 9.994E-05
9.99549E-05 9.99549E-05 0.00528483 0.519202 0.475013 9.99549E-05 9.99549E-05 9.99549E-05
9.99459E-05 9.99459E-05 9.99459E-05 0.502563 0.496837 9.99459E-05 9.99459E-05 9.99459E-05
9.9964E-05 9.9964E-05 9.9964E-05 0.385522 0.170761 0.0718021 0.371515 9.9964E-05
0.00650762 0.00607577 9.9982E-05 0.615076 0.0664685 0.0823324 0.22334 9.9982E-05
9.9955E-05 9.9955E-05 9.9955E-05 0.229947 0.0753057 9.9955E-05 0.694247 9.9955E-05
9.9946E-05 9.9946E-05 9.9946E-05 9.9946E-05 0.974773 9.9946E-05 9.9946E-05 0.0246274
9.9946E-05 9.9946E-05 9.9946E-05 0.531269 0.468131 9.9946E-05 9.9946E-05 9.9946E-05
9.9946E-05 9.9946E-05 9.9946E-05 0.112231 0.887169 9.9946E-05 9.9946E-05 9.9946E-05
9.9955E-05 9.9955E-05 9.9955E-05 0.640722 0.308375 9.9955E-05 9.9955E-05 0.0504037
9.9964E-05 9.9964E-05 9.9964E-05 9.9964E-05 0.0894644 0.269985 0.0786153 0.561535
9.9964E-05 0.0116275 9.9964E-05 9.9964E-05 0.955882 0.00892422 9.9964E-05 0.0231666
9.9973E-05 0.0521816 9.9973E-05 0.511402 0.154389 0.2578 0.0239273 9.9973E-05
0.00274494 9.9973E-05 0.0106132 0.586746 0.190604 0.208992 9.9973E-05 9.9973E-05
9.9955E-05 0.831144 0.0173039 9.9955E-05 9.9955E-05 0.151052 9.9955E-05 9.9955E-05
9.9946E-05 9.9946E-05 9.9946E-05 0.489262 0.510139 9.9946E-05 9.9946E-05 9.9946E-05
9.9964E-05 9.9964E-05 9.9964E-05 0.0417012 0.950228 0.0016901 0.00598133 9.9964E-05
9.994E-05 9.994E-05 9.994E-05 9.994E-05 0.9993 9.994E-05 9.994E-05 9.994E-05
9.9964E-05 9.9964E-05 0.0034362 0.352451 9.9964E-05 0.195566 0.448147 9.9964E-05
9.9946E-05 9.9946E-05 0.999296 9.9946E-05 0.000104726 9.9946E-05 9.9946E-05 9.9946E-05
9.9964E-05 9.9964E-05 0.0108514 0.11348 0.0412202 9.9964E-05 0.834049 9.9964E-05
9.9955E-05 0.0411338 9.9955E-05 0.222145 0.736221 9.9955E-05 9.9955E-05 9.9955E-05
0.00524415 0.0283767 9.9964E-05 9.9964E-05 0.937606 9.9964E-05 9.9964E-05 0.0283729
9.9955E-05 9.9955E-05 9.9955E-05 0.386439 0.0837417 9.9955E-05 0.52932 9.9955E-05
9.994E-05 9.994E-05 0.9993 9.994E-05 9.994E-05 9.994E-05 9.994E-05 9.994E-05
9.9964E-05 0.632097 0.0291102 9.9964E-05 9.9964E-05 0.0843544 9.9964E-05 0.254039
9.9973E-05 9.9973E-05 0.00449822 0.216224 0.635461 0.0148903 0.128627 9.9973E-05
9.9946E-05 9.9946E-05 9.9946E-05 0.294151 0.70525 9.9946E-05 9.9946E-05 9.9946E-05
9.9973E-05 0.00255169 9.9973E-05 0.542425 0.128804 9.9973E-05 0.305973 0.0199468
9.9955E-05 0.0233976 9.9955E-05 9.9955E-05 0.972321 9.9955E-05 9.9955E-05 0.003782
9.9982E-05 9.9982E-05 0.0401614 0.0430639 0.0492132 0.283764 0.37374 0.209858
0.0937355 0.132682 0.510891 9.9973E-05 9.9973E-05 9.9973E-05 0.00794564 0.254445
9.9955E-05 0.0455653 9.9955E-05 0.123853 0.830082 9.9955E-05 9.9955E-05 9.9955E-05
9.9973E-05 9.9973E-05 0.00232407 0.431878 0.476348 0.00399342 0.0851561 9.9973E-05
9.994E-05 0.9993 9.994E-05 9.994E-05 9.994E-05 9.994E-05 9.994E-05 9.994E-05
9.9964E-05 9.9964E-05 0.000789452 0.113824 0.82462 9.9964E-05 0.0603675 9.9964E-05
9.9955E-05 9.9955E-05 9.9955E-05 0.63294 0.343957 9.9955E-05 0.0226025 9.9955E-05
9.9946E-05 9.9946E-05 9.9946E-05 0.234005 0.765395 9.9946E-05 9.9946E-05 9.9946E-05
0.0133368 9.9964E-05 9.9964E-05 9.9964E-05 0.263019 0.0038757 0.719369 9.9964E-05
9.9982E-05 9.9982E-05 0.00730929 0.354186 0.203841 0.1582 0.260143 0.0161197
9.9973E-05 9.9973E-05 9.9973E-05 0.413632 0.091294 0.298889 0.079164 0.116721
9.99549E-05 9.99549E-05 9.99549E-05 0.0138221 9.99549E-05 9.99549E-05 0.427515 0.558163
9.9955E-05 0.00586394 9.9955E-05 0.473992 0.519645 9.9955E-05 9.9955E-05 9.9955E-05
9.9964E-05 0.00808075 0.00480173 0.13741 0.849308 9.9964E-05 9.9964E-05 9.9964E-05
9.9964E-05 0.00403797 0.0334931 0.355388 0.606681 9.9964E-05 9.9964E-05 9.9964E-05
0.0585497 9.9964E-05 0.858397 9.9964E-05 9.9964E-05 9.9964E-05 0.0201986 0.0624549
9.9973E-05 0.0226433 9.9973E-05 0.0178107 0.879193 0.00703098 9.9973E-05 0.073022
0.0154907 0.00559301 0.950201 0.028316 9.9964E-05 9.9964E-05 9.9964E-05 9.9964E-05
9.9964E-05 0.00975918 9.9964E-05 0.399556 0.589495 9.9964E-05 9.9964E-05 0.000789873
9.99459E-05 0.957879 9.99459E-05 9.99459E-05 0.0415217 9.99459E-05 9.99459E-05 9.99459E-05
9.99549E-05 0.0077169 9.99549E-05 0.412589 9.99549E-05 9.99549E-05 0.579194 9.99549E-05
0.0140377 9.9973E-05 9.9973E-05 9.9973E-05 0.136516 0.104752 0.71013 0.0342643
0.029926 0.0346404 9.9982E-05 0.227326 0.0814659 0.0761398 0.550302 9.9982E-05
9.9973E-05 0.00505251 9.9973E-05 0.527876 0.460776 0.000562657 0.0054328 9.9973E-05
0.00629503 9.9991E-05 0.0395142 0.192681 0.233185 0.278446 0.249272 0.000506615
9.9964E-05 0.00266557 9.9964E-05 0.0427856 0.939248 9.9964E-05 9.9964E-05 0.0149007
0.00429145 0.0066304 9.9982E-05 0.550627 0.297347 9.9982E-05 0.0833367 0.0575676
9.99459E-05 9.99459E-05 9.99459E-05 9.99459E-05 0.223666 9.99459E-05 9.99459E-05 0.775734
9.9973E-05 9.9973E-05 0.00957962 0.154505 0.698233 0.121872 9.9973E-05 0.01551
0.00956137 0.00218237 9.9973E-05 0.180335 0.76889 9.9973E-05 9.9973E-05 0.0387315
9.99549E-05 0.960876 0.00828345 9.99549E-05 0.0303409 9.99549E-05 9.99549E-05 9.99549E-05
9.9964E-05 0.0504634 9.9964E-05 9.9964E-05 0.135174 0.520491 9.9964E-05 0.293472
9.99461E-05 0.983506 9.99461E-05 9.99461E-05 9.99461E-05 9.99461E-05 0.0158944 9.99461E-05
9.9964E-05 0.00631211 0.00877045 0.378326 0.606192 9.9964E-05 9.9964E-05 9.9964E-05
9.9973E-05 0.029048 9.9973E-05 0.121692 0.0942307 0.0898119 9.9973E-05 0.664918
9.9964E-05 0.0214414 9.9964E-05 9.9964E-05 0.223104 0.28635 9.9964E-05 0.468704
9.9955E-05 9.9955E-05 0.0255182 0.272917 0.701065 9.9955E-05 9.9955E-05 9.9955E-05
9.9946E-05 9.9946E-05 9.9946E-05 9.9946E-05 0.97794 9.9946E-05 0.0214601 9.9946E-05
9.9946E-05 0.0114411 0.987959 9.9946E-05 9.9946E-05 9.9946E-05 9.9946E-05 9.9946E-05
9.99639E-05 0.0174633 9.99639E-05 9.99639E-05 9.99639E-05 0.196189 0.246241 0.539707
9.9946E-05 9.9946E-05 9.9946E-05 0.347156 0.652245 9.9946E-05 9.9946E-05 9.9946E-05
0.00420005 0.38951 0.0273382 9.99729E-05 0.0597215 9.99729E-05 9.99729E-05 0.518931
9.9964E-05 0.00292692 0.0110604 9.9964E-05 0.962264 9.9964E-05 9.9964E-05 0.0233486
0.9993 9.994E-05 9.994E-05 9.994E-05 9.994E-05 9.994E-05 9.994E-05 9.994E-05
9.9964E-05 9.9964E-05 0.00497592 0.124084 0.796035 9.9964E-05 9.9964E-05 0.0745048
0.625365 9.9964E-05 0.00606019 9.9964E-05 0.0678888 9.9964E-05 9.9964E-05 0.300287
0.00423081 0.00973781 0.0179527 0.47566 9.9982E-05 9.9982E-05 0.434862 0.057356
0.00177949 9.9973E-05 9.9973E-05 9.9973E-05 0.945972 0.00201017 0.00423287 0.0457056
0.000815718 9.9955E-05 9.9955E-05 9.9955E-05 0.982522 0.016163 9.9955E-05 9.9955E-05
0.0113818 0.0013689 9.9982E-05 9.9982E-05 0.129664 0.675858 0.125565 0.055963
9.99574E-05 0.0120008 9.99574E-05 9.99574E-05 0.894346 9.99574E-05 9.99574E-05 0.0931532
9.99461E-05 0.978017 9.99461E-05 9.99461E-05 9.99461E-05 9.99461E-05 0.0213836 9.99461E-05
9.9973E-05 0.00082772 0.000577821 0.0193197 0.972839 0.00613621 9.9973E-05 9.9973E-05
0.9993 9.994E-05 9.994E-05 9.994E-05 9.994E-05 9.994E-05 9.994E-05 9.994E-05
9.9964E-05 0.00115815 9.9964E-05 0.00753152 0.987682 9.9964E-05 9.9964E-05 0.00322866
9.9982E-05 0.0214945 9.9982E-05 0.591561 0.0342488 0.164045 0.121161 0.0672889
0.00960677 9.9982E-05 0.00194797 0.483058 0.233135 0.212096 0.0599571 9.9982E-05
9.9964E-05 9.9964E-05 9.9964E-05 0.145409 9.9964E-05 0.212015 0.148023 0.494154
0.0152171 9.9973E-05 0.0182602 0.149453 0.314671 0.502099 9.9973E-05 9.9973E-05
9.99729E-05 0.0025047 0.0580385 9.99729E-05 0.194397 0.582022 9.99729E-05 0.162738
9.9946E-05 9.9946E-05 9.9946E-05 9.9946E-05 0.997178 9.9946E-05 0.00222275 9.9946E-05
9.9973E-05 0.0530758 9.9973E-05 0.477638 0.269444 0.0156801 0.183862 9.9973E-05
0.000721251 9.9955E-05 9.9955E-05 0.1448 0.853979 9.9955E-05 9.9955E-05 9.9955E-05
9.9973E-05 0.0554748 0.0242981 0.363067 0.198089 0.358771 9.9973E-05 9.9973E-05
9.9964E-05 9.9964E-05 9.9964E-05 0.0553168 0.02865 9.9964E-05 0.654135 0.261498
0.00994225 0.0113373 9.9973E-05 0.109234 0.798557 9.9973E-05 9.9973E-05 0.0706298
9.9955E-05 9.9955E-05 0.00775865 0.642084 0.349658 9.9955E-05 9.9955E-05 9.9955E-05
9.9964E-05 0.0131792 0.0161247 0.318542 0.651754 9.9964E-05 9.9964E-05 9.9964E-05
9.9964E-05 9.9964E-05 9.9964E-05 9.9964E-05 0.948017 0.0425217 0.00646356 0.00259779
0.00786291 0.0411517 0.0035822 9.9973E-05 0.323728 9.9973E-05 9.9973E-05 0.623375
9.9955E-05 9.9955E-05 9.9955E-05 0.439902 0.274087 0.285512 9.9955E-05 9.9955E-05
0.0213016 9.9973E-05 9.9973E-05 0.308388 0.32822 0.21148 9.9973E-05 0.130311
0.893519 0.0328351 0.0128126 0.00477287 9.9982E-05 0.0281817 0.0276792 9.9982E-05
9.9964E-05 0.00402154 9.9964E-05 9.9964E-05 0.927961 0.0318911 9.9964E-05 0.0357265
9.9946E-05 9.9946E-05 9.9946E-05 9.9946E-05 0.965307 9.9946E-05 9.9946E-05 0.0340932
0.0130521 9.9964E-05 9.9964E-05 0.131211 0.846383 0.00895341 9.9964E-05 9.9964E-05
9.99459E-05 0.988386 9.99459E-05 9.99459E-05 0.0110145 9.99459E-05 9.99459E-05 9.99459E-05
0.00578932 9.9973E-05 9.9973E-05 0.294882 0.631539 0.0191923 9.9973E-05 0.0482976
9.9955E-05 9.9955E-05 9.9955E-05 9.9955E-05 0.18973 0.724765 9.9955E-05 0.0850061
0.00370242 0.0222771 0.00153433 0.444713 0.31207 0.054567 0.158057 0.00307977
9.9946E-05 9.9946E-05 9.9946E-05 9.9946E-05 0.987456 9.9946E-05 9.9946E-05 0.0119443
9.9982E-05 0.0168805 9.9982E-05 0.0146156 0.850398 0.0857188 0.0233677 0.00881921
9.994E-05 9.994E-05 9.994E-05 9.994E-05 0.9993 9.994E-05 9.994E-05 9.994E-05
9.9955E-05 9.9955E-05 0.0248248 9.9955E-05 0.195671 0.779004 9.9955E-05 9.9955E-05
0.771074 0.0394862 0.0373763 9.9964E-05 9.9964E-05 9.9964E-05 9.9964E-05 0.151663
9.9955E-05 9.9955E-05 9.9955E-05 9.9955E-05 9.9955E-05 0.512554 0.176541 0.310406
9.9973E-05 9.9973E-05 0.0196509 0.3782 0.473883 0.0359329 0.0920336 9.9973E-05
0.940825 9.9955E-05 0.0199956 9.9955E-05 9.9955E-05 9.9955E-05 9.9955E-05 0.0386801
0.00899158 0.0218553 9.9982E-05 0.315318 0.527706 0.0641298 9.9982E-05 0.0617989
9.99549E-05 9.99549E-05 9.99549E-05 0.344386 0.246857 9.99549E-05 0.408257 9.99549E-05
9.9982E-05 0.0274328 0.00276138 9.9982E-05 0.888866 0.00923981 0.0178869 0.0536131
9.9955E-05 9.9955E-05 0.00297633 9.9955E-05 0.99207 0.00445385 9.9955E-05 9.9955E-05
9.9964E-05 0.00102925 0.0162883 9.9964E-05 0.939494 0.0427891 9.9964E-05 9.9964E-05
9.9964E-05 9.9964E-05 9.9964E-05 0.235014 0.446033 0.218204 9.9964E-05 0.100349
9.99459E-05 0.949332 9.99459E-05 9.99459E-05 0.050068 9.99459E-05 9.99459E-05 9.99459E-05
9.9946E-05 9.9946E-05 9.9946E-05 0.0350498 0.96435 9.9946E-05 9.9946E-05 9.9946E-05
9.9955E-05 9.9955E-05 9.9955E-05 9.9955E-05 0.0610094 9.9955E-05 0.794038 0.144453
0.00142899 9.9973E-05 9.9973E-05 0.577778 0.357969 0.0293665 0.0331574 9.9973E-05
0.0174702 0.951822 9.99639E-05 0.00609087 0.024217 9.99639E-05 9.99639E-05 9.99639E-05
9.9955E-05 9.9955E-05 9.9955E-05 9.9955E-05 0.116866 0.546175 0.33646 9.9955E-05
0.00258031 9.9955E-05 9.9955E-05 0.104102 9.9955E-05 9.9955E-05 9.9955E-05 0.892818
9.9982E-05 0.0160414 9.9982E-05 0.355602 0.13772 0.27445 0.151722 0.0642645
9.9964E-05 0.905898 0.00165932 0.00547139 0.0865716 9.9964E-05 9.9964E-05 9.9964E-05
9.9955E-05 9.9955E-05 9.9955E-05 0.530349 0.404463 9.9955E-05 0.0646884 9.9955E-05
0.9993 9.994E-05 9.994E-05 9.994E-05 9.994E-05 9.994E-05 9.994E-05 9.994E-05
0.00324612 9.9973E-05 0.00257529 0.48035 0.503392 0.010137 9.9973E-05 9.9973E-05
9.9955E-05 9.9955E-05 0.00946204 0.102719 0.887319 9.9955E-05 9.9955E-05 9.9955E-05
0.998397 9.99461E-05 9.99461E-05 9.99461E-05 9.99461E-05 9.99461E-05 0.00100312 9.99461E-05
9.9946E-05 9.9946E-05 9.9946E-05 0.177195 0.822205 9.9946E-05 9.9946E-05 9.9946E-05
0.00833155 0.0179673 0.909912 9.9982E-05 0.006524 9.9982E-05 0.0423373 0.0147278
9.9973E-05 9.9973E-05 9.9973E-05 0.688067 0.0195563 0.00151377 0.121206 0.169357
9.996E-05 0.0174717 9.996E-05 0.0570724 0.884256 9.996E-05 9.996E-05 0.0408001
9.9973E-05 0.0633712 9.9973E-05 9.9973E-05 0.0943909 0.255781 0.192356 0.393801
0.0170595 9.9982E-05 0.00204198 0.223366 0.665783 9.9982E-05 0.0617037 0.0298462
0.911785 9.9955E-05 0.028658 9.9955E-05 9.9955E-05 9.9955E-05 9.9955E-05 0.0590574
0.00667022 9.9973E-05 9.9973E-05 0.565473 0.186447 0.192768 0.0483417 9.9973E-05
