0.745608 0.0133891 0.000927303 0.239876 9.9982E-05 9.9982E-05
0.94194 9.9964E-05 9.9964E-05 9.9964E-05 9.9964E-05 0.0576606
0.985897 9.9973E-05 0.0109926 9.9973E-05 9.9973E-05 0.00281044
0.730241 0.014912 9.9991E-05 0.22918 0.00224436 0.0233222
0.260655 0.00387558 0.0433424 0.424172 9.9991E-05 0.267855
0.211902 0.0113915 0.0151526 0.0485256 9.9991E-05 0.712929
0.133055 9.9973E-05 9.9973E-05 0.417975 9.9973E-05 0.44867
0.131216 0.0129434 0.00316673 0.539682 9.9991E-05 0.312892
0.944742 0.00633062 0.0121271 9.9991E-05 0.0160055 0.020695
0.859795 9.9964E-05 9.9964E-05 0.139806 9.9964E-05 9.9964E-05
0.331624 0.0192029 0.00775033 0.606245 9.9991E-05 0.0350779
0.195883 9.9982E-05 0.0214883 0.684093 9.9982E-05 0.0983356
0.352054 9.9973E-05 9.9973E-05 0.592834 9.9973E-05 0.0548122
0.158794 0.00443314 9.9982E-05 0.0131285 9.9982E-05 0.823444
0.654045 9.9964E-05 9.9964E-05 0.345555 9.9964E-05 9.9964E-05
0.498096 0.00100315 9.9991E-05 0.188874 0.012922 0.299005
0.17378 9.9973E-05 9.9973E-05 0.593457 9.9973E-05 0.232463
0.205946 0.430745 0.0129472 9.9991E-05 0.0370375 0.313224
0.950203 9.9973E-05 9.9973E-05 9.9973E-05 0.00147849 0.0480188
0.122836 0.0123589 0.00408124 0.448083 0.0236455 0.388995
0.967654 9.9991E-05 0.0115508 0.0170191 0.0024395 0.00123691
0.318302 9.9982E-05 0.0229393 0.652464 0.00609441 9.9982E-05
0.41328 9.9982E-05 0.018606 0.512917 9.9982E-05 0.0549964
9.9982E-05 0.00892193 0.880015 0.0885835 9.9982E-05 0.0222799
0.212127 0.00470058 0.000762592 0.25573 9.9991E-05 0.526579
0.44519 9.9973E-05 0.0195956 0.534914 9.9973E-05 9.9973E-05
0.223984 9.9982E-05 9.9982E-05 0.5122 0.00730499 0.256312
0.953268 0.00677437 9.9973E-05 0.0396581 9.9973E-05 9.9973E-05
0.854925 9.9964E-05 9.9964E-05 0.144676 9.9964E-05 9.9964E-05
0.9995 9.996E-05 9.996E-05 9.996E-05 9.996E-05 9.996E-05
0.168196 9.9982E-05 0.00927883 0.11694 9.9982E-05 0.705385
0.926805 9.9964E-05 9.9964E-05 9.9964E-05 9.9964E-05 0.0727949
0.957074 9.9964E-05 9.9964E-05 9.9964E-05 9.9964E-05 0.0425257
0.170448 9.9982E-05 0.000680592 0.129457 9.9982E-05 0.699215
0.981404 9.9973E-05 0.00250607 9.9973E-05 9.9973E-05 0.0157898
0.226707 9.9982E-05 9.9982E-05 0.415553 0.00744118 0.350098
0.697013 9.9964E-05 9.9964E-05 0.302587 9.9964E-05 9.9964E-05
0.0678203 9.9991E-05 0.0196525 0.590361 0.0157081 0.306358
9.9982E-05 0.00720943 0.00947768 0.416252 9.9982E-05 0.566861
0.299323 9.9982E-05 0.0697493 0.586076 9.9982E-05 0.0446521
0.118831 0.000354268 0.0121384 0.170994 0.00740991 0.690272
0.956247 9.9982E-05 0.0139965 9.9982E-05 0.0086015 0.020955
0.86259 9.9964E-05 9.9964E-05 0.13701 9.9964E-05 9.9964E-05
0.847103 0.00223258 9.9973E-05 0.150364 9.9973E-05 9.9973E-05
0.798034 0.0311969 9.9982E-05 0.108202 9.9982E-05 0.0623672
9.996E-05 0.9995 9.996E-05 9.996E-05 9.996E-05 9.996E-05
0.912222 9.9973E-05 9.9973E-05 0.0379399 9.9973E-05 0.0495384
0.936478 0.00367674 9.9973E-05 0.0595454 9.9973E-05 9.9973E-05
9.996E-05 0.9995 9.996E-05 9.996E-05 9.996E-05 9.996E-05
0.725338 9.99639E-05 9.99639E-05 0.274262 9.99639E-05 9.99639E-05
0.528371 9.9973E-05 9.9973E-05 0.457789 0.01354 9.9973E-05
0.802967 9.9964E-05 9.9964E-05 0.196633 9.9964E-05 9.9964E-05
0.648742 9.9973E-05 0.00495594 0.346002 9.9973E-05 9.9973E-05
0.513984 0.0439862 0.0202639 9.9991E-05 0.0113573 0.410309
0.380554 9.9982E-05 0.064217 0.408571 9.9982E-05 0.146458
0.759586 9.9982E-05 0.0450289 9.9982E-05 0.0241375 0.171048
0.983637 9.9973E-05 0.00153379 0.0145296 9.9973E-05 9.9973E-05
0.976343 0.00273208 9.9973E-05 9.9973E-05 9.9973E-05 0.0206253
0.808717 0.00462512 0.000644225 0.175536 9.9991E-05 0.0103772
0.834031 9.9964E-05 9.9964E-05 0.165569 9.9964E-05 9.9964E-05
0.992684 9.9964E-05 9.9964E-05 0.00691599 9.9964E-05 9.9964E-05
9.9982E-05 9.9982E-05 0.83994 0.0065796 0.0118079 0.141472
0.971098 9.9982E-05 0.0114448 9.9982E-05 0.0141959 0.0030609
0.364241 0.00104516 0.0329673 0.450919 0.024422 0.126406
0.976979 0.0125195 9.9973E-05 0.0102018 9.9973E-05 9.9973E-05
0.964188 9.9973E-05 9.9973E-05 9.9973E-05 0.00371549 0.0317961
0.764779 0.00203822 9.9973E-05 0.232883 9.9973E-05 9.9973E-05
0.744347 9.9964E-05 9.9964E-05 0.255253 9.9964E-05 9.9964E-05
0.190991 9.9982E-05 0.0205714 0.644004 9.9982E-05 0.144234
9.996E-05 0.9995 9.996E-05 9.996E-05 9.996E-05 9.996E-05
0.31145 0.000511351 0.00667772 0.477558 9.9991E-05 0.203703
0.824642 0.0107214 0.0145338 9.9991E-05 0.0278657 0.122137
0.857357 0.0045075 0.0102808 0.127655 9.9982E-05 9.9982E-05
0.929661 9.9973E-05 0.0379227 9.9973E-05 9.9973E-05 0.0321165
0.996091 9.9964E-05 9.9964E-05 9.9964E-05 0.00350948 9.9964E-05
0.905673 0.0266556 9.9982E-05 9.9982E-05 0.00126241 0.0662086
0.991988 9.9964E-05 9.9964E-05 9.9964E-05 0.00761196 9.9964E-05
0.212369 9.9982E-05 0.00595886 0.51374 9.9982E-05 0.267733
0.960811 9.9964E-05 9.9964E-05 0.0387889 9.9964E-05 9.9964E-05
9.9982E-05 0.00866535 0.705004 0.00444508 9.9982E-05 0.281686
0.667682 9.9973E-05 0.0191585 0.31286 9.9973E-05 9.9973E-05
0.954987 0.015855 0.00300079 0.0259574 9.9982E-05 9.9982E-05
0.1027 0.389004 0.066052 9.9991E-05 0.0759645 0.366179
0.439571 0.054357 0.014533 9.9991E-05 0.00964656 0.481793
0.427776 0.0142864 9.9982E-05 0.312223 9.9982E-05 0.245515
0.862423 0.00845825 9.9982E-05 0.118867 0.0100517 9.9982E-05
0.939006 9.9973E-05 0.0172798 9.9973E-05 9.9973E-05 0.0434143
9.996E-05 9.996E-05 9.996E-05 9.996E-05 0.9995 9.996E-05
0.659882 9.99639E-05 9.99639E-05 0.339718 9.99639E-05 9.99639E-05
0.684334 9.99639E-05 9.99639E-05 0.315266 9.99639E-05 9.99639E-05
0.300501 9.9973E-05 9.9973E-05 0.615785 9.9973E-05 0.0834143
0.28456 9.9991E-05 0.0138233 0.677592 0.0135419 0.0103825
0.223034 0.00815527 9.9982E-05 0.743047 9.9982E-05 0.0255638
0.973535 9.9973E-05 0.00476117 9.9973E-05 9.9973E-05 0.0214037
0.679393 9.9964E-05 9.9964E-05 0.320207 9.9964E-05 9.9964E-05
0.93767 9.9973E-05 9.9973E-05 0.0598061 0.0022236 9.9973E-05
0.53137 9.9973E-05 0.00665585 0.461674 9.9973E-05 9.9973E-05
0.138492 0.0141604 9.9982E-05 0.0979032 9.9982E-05 0.749245
0.938862 9.9973E-05 0.00178957 9.9973E-05 9.9973E-05 0.0590485
0.287702 9.9982E-05 0.0731788 0.486244 9.9982E-05 0.152675
0.411856 0.0338729 9.9991E-05 0.492603 0.00948851 0.0520801
9.9982E-05 0.014681 0.849368 0.0355534 9.9982E-05 0.100198
0.686244 9.9964E-05 9.9964E-05 0.313356 9.9964E-05 9.9964E-05
0.978442 9.9964E-05 9.9964E-05 0.0211579 9.9964E-05 9.9964E-05
0.998603 9.9964E-05 9.9964E-05 9.9964E-05 0.000997223 9.9964E-05
0.139361 0.0242328 9.9991E-05 0.721791 0.000500729 0.114015
9.996E-05 0.9995 9.996E-05 9.996E-05 9.996E-05 9.996E-05
0.130745 0.0206055 9.9991E-05 0.771191 0.00497837 0.0723799
0.824581 9.9973E-05 0.0336237 0.141496 9.9973E-05 9.9973E-05
0.933933 9.9982E-05 0.0170398 9.9982E-05 0.00581829 0.0430089
0.251333 0.00116762 0.00116564 0.746134 9.9982E-05 9.9982E-05
9.996E-05 0.9995 9.996E-05 9.996E-05 9.996E-05 9.996E-05
9.9982E-05 0.0371461 0.652281 9.9982E-05 0.0113458 0.299028
0.750954 0.00614431 9.9982E-05 0.231963 9.9982E-05 0.0107389
0.861189 9.9964E-05 9.9964E-05 0.138411 9.9964E-05 9.9964E-05
0.352207 9.9982E-05 0.00457137 0.63739 9.9982E-05 0.0056316
0.958996 9.9973E-05 0.0208599 9.9973E-05 9.9973E-05 0.0198443
0.0543661 0.0417875 9.9982E-05 0.397775 9.9982E-05 0.505872
0.0474151 0.525781 0.127422 0.0224836 0.0892816 0.187617
0.894842 9.9982E-05 0.035513 0.0664959 0.00294876 9.9982E-05
0.654389 9.9964E-05 9.9964E-05 0.345211 9.9964E-05 9.9964E-05
9.996E-05 9.996E-05 0.9995 9.996E-05 9.996E-05 9.996E-05
0.904058 0.00314312 9.9973E-05 0.0924985 9.9973E-05 9.9973E-05
0.54709 9.9964E-05 9.9964E-05 0.45251 9.9964E-05 9.9964E-05
0.893737 9.9964E-05 9.9964E-05 0.105864 9.9964E-05 9.9964E-05
0.277458 9.9982E-05 9.9982E-05 0.558101 0.0129189 0.151322
0.275368 0.0113894 9.9982E-05 0.539818 9.9982E-05 0.173225
0.211911 9.9982E-05 0.00497315 0.466548 9.9982E-05 0.316368
0.086141 9.9982E-05 9.9982E-05 0.294762 0.00592754 0.612969
0.700494 9.9973E-05 0.0190003 0.280206 9.9973E-05 9.9973E-05
0.910504 0.0128186 0.00996646 0.0665107 9.9982E-05 9.9982E-05
0.759166 0.0294966 0.0105608 0.200577 9.9982E-05 9.9982E-05
9.9982E-05 0.871618 9.9982E-05 0.00399675 0.057215 0.0669698
0.902853 9.9973E-05 0.0301562 9.9973E-05 9.9973E-05 0.0666907
9.9991E-05 0.971093 0.00682304 0.0102658 0.00447 0.00724768
0.759456 9.9973E-05 0.00121053 0.239033 9.9973E-05 9.9973E-05
0.0374449 9.99639E-05 0.962155 9.99639E-05 9.99639E-05 9.99639E-05
0.166992 9.9982E-05 0.00374128 0.780898 9.9982E-05 0.0481695
0.119536 9.9982E-05 9.9982E-05 0.561054 0.00322459 0.315986
0.14378 9.9991E-05 0.0260434 0.628489 0.0415236 0.160064
0.660334 9.9973E-05 0.00427069 0.335096 9.9973E-05 9.9973E-05
0.257821 0.0337388 0.000942449 0.452634 9.9991E-05 0.254764
0.975669 0.00581456 9.9982E-05 0.00304822 9.9982E-05 0.0152681
0.5444 0.0011928 0.0197231 0.434484 9.9982E-05 9.9982E-05
0.312676 0.0114279 0.0106928 9.9991E-05 0.0168117 0.648292
0.74929 0.0144119 9.9982E-05 0.127511 9.9982E-05 0.108588
0.894453 0.00549062 0.000659805 0.0617362 0.0129522 0.0247081
0.0194859 0.00950378 0.97071 9.99729E-05 9.99729E-05 9.99729E-05
0.121368 9.9982E-05 0.0427906 0.123095 9.9982E-05 0.712546
9.9964E-05 9.9964E-05 0.990848 0.00875187 9.9964E-05 9.9964E-05
0.751621 0.00114848 0.00510175 0.241929 9.9982E-05 9.9982E-05
0.244375 0.00337426 0.0505708 0.064018 0.00579859 0.631864
0.240512 0.00495483 0.0288109 9.9982E-05 9.9982E-05 0.725522
0.804637 0.0230364 9.9973E-05 0.172027 9.9973E-05 9.9973E-05
0.993459 9.9964E-05 9.9964E-05 9.9964E-05 0.00614128 9.9964E-05
9.9964E-05 0.995476 0.00412412 9.9964E-05 9.9964E-05 9.9964E-05
9.9973E-05 9.9973E-05 0.0408869 0.178134 9.9973E-05 0.78068
0.787321 9.9964E-05 9.9964E-05 0.212279 9.9964E-05 9.9964E-05
0.145743 0.0403274 0.436 9.9991E-05 0.0282536 0.349576
0.939633 0.0128703 9.9973E-05 9.9973E-05 9.9973E-05 0.0471968
9.996E-05 9.996E-05 9.996E-05 9.996E-05 0.9995 9.996E-05
0.882379 0.0164285 9.9991E-05 0.046712 0.00369243 0.0506881
0.124412 0.0247262 9.9982E-05 9.9982E-05 0.59566 0.255001
0.209941 0.0214501 0.0256325 0.701125 0.00350256 0.038349
0.947796 9.9973E-05 9.9973E-05 9.9973E-05 0.0021961 0.0497076
0.990275 9.9973E-05 9.9973E-05 9.9973E-05 0.00811353 0.00131137
0.0409239 9.9973E-05 9.9973E-05 0.286364 9.9973E-05 0.672413
0.902586 0.00247072 0.00573938 9.9982E-05 9.9982E-05 0.0890035
9.996E-05 9.996E-05 0.9995 9.996E-05 9.996E-05 9.996E-05
0.984838 0.00327085 0.00770607 9.9982E-05 9.9982E-05 0.00398542
9.996E-05 9.996E-05 9.996E-05 9.996E-05 0.9995 9.996E-05
0.9995 9.996E-05 9.996E-05 9.996E-05 9.996E-05 9.996E-05
0.266395 9.9982E-05 0.0355617 0.568011 9.9982E-05 0.129833
0.426567 0.0168709 9.9991E-05 0.458288 0.0214136 0.0767598
0.0567559 9.9973E-05 9.9973E-05 0.279401 9.9973E-05 0.663543
0.321555 0.02566 0.00574155 0.211054 0.00594673 0.430043
0.12758 0.0458832 0.0121783 0.116466 9.9991E-05 0.697793
0.993842 0.00575828 9.9964E-05 9.9964E-05 9.9964E-05 9.9964E-05
0.441563 0.00271565 0.0602262 0.495295 9.9982E-05 9.9982E-05
0.954203 9.9964E-05 9.9964E-05 0.045397 9.9964E-05 9.9964E-05
0.273042 0.0216187 0.0699652 0.350836 9.9991E-05 0.284438
0.0730343 9.9973E-05 9.9973E-05 0.535123 9.9973E-05 0.391543
0.903418 9.9991E-05 0.00633262 0.0367917 0.0138328 0.0395248
0.572052 0.00950895 9.9973E-05 0.418139 9.9973E-05 9.9973E-05
0.793041 0.00423202 0.0125691 0.189958 9.9982E-05 9.9982E-05
0.932664 9.9964E-05 9.9964E-05 9.9964E-05 9.9964E-05 0.0669358
0.37477 0.00316873 0.0465816 9.9991E-05 0.0299057 0.545474
0.432766 0.0089799 9.9982E-05 0.409928 9.9982E-05 0.148126
0.447965 0.00438538 0.0133268 0.281949 0.0151162 0.237257
9.9991E-05 0.0156715 0.0212084 0.0174276 0.888451 0.057142
0.887476 9.9964E-05 9.9964E-05 9.9964E-05 9.9964E-05 0.112124
0.981445 9.9964E-05 9.9964E-05 9.9964E-05 9.9964E-05 0.0181554
0.918788 9.9982E-05 9.9982E-05 0.0530587 0.0143084 0.0136445
0.03285 9.99639E-05 0.96675 9.99639E-05 9.99639E-05 9.99639E-05
0.778797 9.9991E-05 0.00553709 0.184124 0.00385702 0.0275849
0.093634 9.9973E-05 9.9973E-05 0.195182 9.9973E-05 0.710884
0.472927 0.0149629 0.0123673 0.470026 9.9991E-05 0.0296174
0.983863 9.9973E-05 9.9973E-05 9.9973E-05 0.00698334 0.0088536
0.879951 9.9982E-05 0.00754063 0.0274866 9.9982E-05 0.0848218
0.994238 9.9964E-05 9.9964E-05 9.9964E-05 9.9964E-05 0.00536235
0.0853067 0.01698 9.9982E-05 0.246787 9.9982E-05 0.650727
0.0199657 0.0485978 0.0468063 9.9991E-05 0.767098 0.117432
9.9964E-05 9.9964E-05 9.9964E-05 0.220396 9.9964E-05 0.779204
0.628059 0.0274877 0.00369434 0.336068 9.9991E-05 0.00459097
9.9973E-05 0.0088868 9.9973E-05 9.9973E-05 0.966785 0.0240278
0.666424 9.9991E-05 0.0285748 0.216752 0.00799749 0.0801515
0.418081 9.9964E-05 9.9964E-05 0.581519 9.9964E-05 9.9964E-05
0.883962 9.9973E-05 0.0287155 9.9973E-05 9.9973E-05 0.0870229
0.982942 0.00381595 9.9973E-05 9.9973E-05 9.9973E-05 0.0129423
0.918216 0.0118628 0.00792167 9.9991E-05 0.00099885 0.0609009
0.534287 9.9973E-05 9.9973E-05 0.212733 9.9973E-05 0.25268
0.0493401 9.99639E-05 0.95026 9.99639E-05 9.99639E-05 9.99639E-05
0.997066 0.00253437 9.9964E-05 9.9964E-05 9.9964E-05 9.9964E-05
0.0893827 9.9973E-05 9.9973E-05 0.577734 9.9973E-05 0.332583
0.555206 9.9964E-05 9.9964E-05 0.444394 9.9964E-05 9.9964E-05
0.0215057 9.9973E-05 0.967397 9.9973E-05 0.0107975 9.9973E-05
0.0465623 9.9973E-05 9.9973E-05 0.443072 9.9973E-05 0.510066
0.187312 0.00221894 9.9982E-05 9.9982E-05 0.0407457 0.769524
0.231644 9.9982E-05 0.0361556 0.475529 9.9982E-05 0.256472
0.0862025 9.9964E-05 0.913398 9.9964E-05 9.9964E-05 9.9964E-05
0.588724 9.9964E-05 9.9964E-05 0.410876 9.9964E-05 9.9964E-05
9.996E-05 9.996E-05 9.996E-05 9.996E-05 0.9995 9.996E-05
0.680397 0.000942729 9.9973E-05 0.31836 9.9973E-05 9.9973E-05
0.948813 0.0113808 9.9973E-05 0.0395066 9.9973E-05 9.9973E-05
9.996E-05 9.996E-05 9.996E-05 9.996E-05 0.9995 9.996E-05
0.917167 9.9964E-05 9.9964E-05 0.0824335 9.9964E-05 9.9964E-05
0.0389363 0.902649 0.0206618 0.0146269 0.00426535 0.0188608
0.295084 0.00614471 9.9982E-05 0.589419 9.9982E-05 0.109153
0.943257 9.9973E-05 0.0193227 9.9973E-05 9.9973E-05 0.0371202
0.120648 9.9991E-05 0.0639831 0.19642 0.000899774 0.61795
0.758657 9.9982E-05 9.9982E-05 0.195261 0.0194985 0.0263834
9.9973E-05 0.00770313 9.9973E-05 9.9973E-05 0.919307 0.0726899
0.393907 9.9991E-05 0.0192333 0.492806 0.0147604 0.079193
