9.9973E-05 0.0268488 0.346195 9.9973E-05 0.0110477 9.9973E-05 0.615609
9.9955E-05 9.9955E-05 9.9955E-05 0.0380786 9.9955E-05 9.9955E-05 0.961422
0.0172173 9.9982E-05 0.0427237 0.00463721 9.9982E-05 0.00109121 0.934131
9.9973E-05 9.9973E-05 0.362556 0.0829351 9.9973E-05 0.00774934 0.54646
0.0415713 0.112608 0.486006 0.291388 9.9982E-05 9.9982E-05 0.0682272
9.9973E-05 9.9973E-05 0.0626407 0.74647 0.00639669 9.9973E-05 0.184193
9.9973E-05 0.472222 0.0492805 0.304 9.9973E-05 9.9973E-05 0.174198
9.9964E-05 0.243424 0.459212 0.296964 9.9964E-05 9.9964E-05 9.9964E-05
0.00952857 0.00610929 0.0358308 9.9991E-05 0.00905972 0.0144234 0.924948
9.9955E-05 9.9955E-05 0.290877 9.9955E-05 9.9955E-05 9.9955E-05 0.708623
0.00668118 0.340242 0.461011 9.9982E-05 0.0184138 9.9982E-05 0.173452
0.0237932 0.41244 0.496632 0.0526126 9.9982E-05 9.9982E-05 0.0143219
9.9973E-05 0.246032 0.541047 0.0329054 9.9973E-05 9.9973E-05 0.179716
9.9973E-05 0.0196035 0.00158576 0.821209 9.9973E-05 9.9973E-05 0.157301
9.9964E-05 9.9964E-05 0.541333 9.9964E-05 0.00761661 9.9964E-05 0.450651
9.9982E-05 0.0746289 0.194958 0.283382 0.00400707 9.9982E-05 0.442824
9.9973E-05 0.626476 0.146145 0.0489502 9.9973E-05 9.9973E-05 0.178128
0.0269933 9.9982E-05 9.9982E-05 0.290895 0.428279 0.0351609 0.218471
9.9964E-05 9.9964E-05 9.9964E-05 0.0370198 0.00617897 9.9964E-05 0.956401
0.0183378 0.403376 0.180571 0.247537 0.0202887 0.0263718 0.103518
0.00660527 9.9982E-05 0.0963553 0.00676133 9.9982E-05 0.00250155 0.887577
0.00249452 0.427232 0.405125 9.9973E-05 9.9973E-05 9.9973E-05 0.164849
0.015374 0.0873396 0.654688 0.101075 9.9982E-05 9.9982E-05 0.141324
0.903356 9.9973E-05 0.0669976 0.0122356 0.0171109 9.9973E-05 9.9973E-05
0.000169817 9.9973E-05 0.332725 0.601295 9.9973E-05 9.9973E-05 0.0655111
0.0085372 0.251499 0.483016 9.9991E-05 0.00376786 0.00168526 0.251395
9.9982E-05 0.452548 0.208361 0.152992 9.9982E-05 0.00079956 0.1851
9.9964E-05 9.9964E-05 0.134366 9.9964E-05 0.00138161 9.9964E-05 0.863852
9.9955E-05 9.9955E-05 0.294577 9.9955E-05 9.9955E-05 9.9955E-05 0.704923
9.9955E-05 9.9955E-05 0.021608 9.9955E-05 9.9955E-05 9.9955E-05 0.977892
0.00558741 0.0386815 0.146847 0.703916 9.9982E-05 9.9982E-05 0.104769
9.9955E-05 9.9955E-05 9.9955E-05 0.051545 9.9955E-05 9.9955E-05 0.947955
9.9964E-05 0.0147498 9.9964E-05 0.00476304 9.9964E-05 9.9964E-05 0.980087
9.9973E-05 0.151082 0.0279805 0.655123 9.9973E-05 9.9973E-05 0.165514
9.995E-05 9.995E-05 9.995E-05 9.995E-05 9.995E-05 9.995E-05 0.9994
9.9982E-05 0.307244 0.225139 0.314926 9.9982E-05 0.00225647 0.150234
9.9955E-05 9.9955E-05 0.529787 9.9955E-05 9.9955E-05 9.9955E-05 0.469714
0.0255008 0.552768 0.214805 0.126597 9.9991E-05 0.0346036 0.045626
9.9973E-05 0.436128 0.0836801 0.46659 0.0133011 9.9973E-05 9.9973E-05
0.0513171 0.186974 0.620692 0.0683221 9.9991E-05 0.000923724 0.0716715
0.0097016 0.0938519 0.126587 0.677806 9.9991E-05 0.00251925 0.0894338
0.0104856 0.00896144 9.9973E-05 9.9973E-05 9.9973E-05 0.00603871 0.974214
9.996E-05 0.00770219 0.230771 9.996E-05 9.996E-05 9.996E-05 0.761127
0.00348061 9.9973E-05 0.298296 9.9973E-05 9.9973E-05 0.00864024 0.689283
9.9973E-05 9.9973E-05 0.254813 0.0606568 0.0269421 9.9973E-05 0.657288
9.995E-05 9.995E-05 9.995E-05 9.995E-05 0.9994 9.995E-05 9.995E-05
9.9973E-05 0.0993181 0.00182245 0.00483677 9.9973E-05 9.9973E-05 0.893723
9.9955E-05 9.9955E-05 0.17552 9.9955E-05 9.9955E-05 9.9955E-05 0.82398
9.995E-05 9.995E-05 9.995E-05 9.995E-05 0.9994 9.995E-05 9.995E-05
9.99549E-05 9.99549E-05 0.455398 9.99549E-05 9.99549E-05 9.99549E-05 0.544102
9.9973E-05 0.2038 0.40217 9.9973E-05 9.9973E-05 0.00811257 0.385617
9.99549E-05 9.99549E-05 0.379156 9.99549E-05 9.99549E-05 9.99549E-05 0.620344
0.0104956 9.9964E-05 0.504899 9.9964E-05 9.9964E-05 9.9964E-05 0.484206
0.00769686 9.9982E-05 9.9982E-05 0.409176 0.0305877 0.0224203 0.529919
0.0502776 0.089156 0.520668 0.167351 9.9982E-05 9.9982E-05 0.172347
0.0444302 9.9973E-05 9.9973E-05 0.155728 9.9973E-05 0.0232885 0.776254
9.9955E-05 9.9955E-05 0.105733 9.9955E-05 9.9955E-05 9.9955E-05 0.893767
9.9973E-05 0.0276071 9.9973E-05 0.000362723 0.00137792 9.9973E-05 0.970352
0.00530658 9.9982E-05 0.307439 0.00396712 0.0123967 9.9982E-05 0.670691
9.9955E-05 9.9955E-05 0.309206 9.9955E-05 9.9955E-05 9.9955E-05 0.690294
9.9955E-05 9.9955E-05 0.0367187 9.9955E-05 9.9955E-05 9.9955E-05 0.962781
0.827705 0.0746453 9.9973E-05 0.0788673 9.9973E-05 0.0184828 9.9973E-05
0.00682872 0.0294642 9.9973E-05 9.9973E-05 9.9973E-05 0.0116507 0.951756
0.0345052 0.0351064 0.570524 0.185797 9.999E-05 0.0283911 0.145577
9.9973E-05 0.0117974 0.0430028 9.9973E-05 0.0062828 9.9973E-05 0.938617
9.9964E-05 9.9964E-05 9.9964E-05 0.0150088 9.9964E-05 0.012262 0.972329
9.9964E-05 9.9964E-05 0.411965 9.9964E-05 0.000299137 9.9964E-05 0.587336
9.9964E-05 0.0121761 0.386142 9.9964E-05 9.9964E-05 9.9964E-05 0.601282
0.0108217 0.726963 0.053387 9.9973E-05 9.9973E-05 9.9973E-05 0.208529
9.995E-05 9.995E-05 9.995E-05 9.995E-05 0.9994 9.995E-05 9.995E-05
9.9955E-05 9.9955E-05 0.67784 0.32166 9.9955E-05 9.9955E-05 9.9955E-05
0.0311581 9.9973E-05 9.9973E-05 0.106869 9.9973E-05 0.0293721 0.832301
0.00902943 9.997E-05 0.234791 9.997E-05 9.997E-05 0.0133699 0.74251
0.0409811 9.996E-05 9.996E-05 0.0118571 9.996E-05 9.996E-05 0.946762
9.995E-05 9.995E-05 9.995E-05 9.995E-05 9.995E-05 9.995E-05 0.9994
9.9982E-05 0.00578056 9.9982E-05 0.0384015 0.0255249 0.00999638 0.920097
9.9982E-05 0.00489628 0.0185573 9.9982E-05 0.00233063 0.00179987 0.972216
9.9973E-05 0.43655 0.230755 0.164957 9.9973E-05 9.9973E-05 0.167438
9.9964E-05 0.0289115 0.0486491 9.9964E-05 9.9964E-05 9.9964E-05 0.92204
0.696138 0.0796164 9.9982E-05 0.206284 0.0130249 0.00473631 9.9982E-05
0.016696 9.9982E-05 0.517314 0.005199 9.9982E-05 0.00308176 0.45751
9.9964E-05 9.9964E-05 0.0894025 9.9964E-05 0.00506662 9.9964E-05 0.905131
0.0491718 9.9982E-05 9.9982E-05 0.372281 0.398329 0.0705941 0.109424
0.00302283 9.9982E-05 9.9982E-05 0.483979 0.0409757 0.0108464 0.460976
9.9964E-05 9.9964E-05 0.437357 0.318615 9.9964E-05 9.9964E-05 0.243628
9.9973E-05 9.9973E-05 0.224002 0.0179494 9.9973E-05 0.00767374 0.750075
0.0146957 0.00381175 9.997E-05 0.0288645 9.997E-05 9.997E-05 0.952328
9.995E-05 9.995E-05 9.995E-05 9.995E-05 9.995E-05 0.9994 9.995E-05
9.99639E-05 9.99639E-05 0.540407 9.99639E-05 0.000450073 9.99639E-05 0.458743
9.9955E-05 9.9955E-05 0.513763 9.9955E-05 9.9955E-05 9.9955E-05 0.485737
9.9973E-05 0.383144 0.431197 0.00472772 9.9973E-05 9.9973E-05 0.180632
0.0116516 0.363021 0.499701 9.9982E-05 9.9982E-05 0.00341899 0.122007
9.9964E-05 0.540232 0.373357 9.9964E-05 9.9964E-05 9.9964E-05 0.0860112
0.00651349 9.9955E-05 9.9955E-05 9.9955E-05 9.9955E-05 9.9955E-05 0.992987
9.9955E-05 9.9955E-05 0.541469 9.9955E-05 9.9955E-05 9.9955E-05 0.458031
9.9955E-05 9.9955E-05 0.116077 9.9955E-05 9.9955E-05 9.9955E-05 0.883423
0.00714741 0.00986214 0.646847 0.0336459 9.9982E-05 9.9982E-05 0.302297
9.9973E-05 0.126252 9.9973E-05 0.724922 0.00913447 9.9973E-05 0.139392
9.9955E-05 9.9955E-05 9.9955E-05 0.0192152 9.9955E-05 9.9955E-05 0.980285
0.0666042 0.144984 0.525725 0.178321 9.9982E-05 9.9982E-05 0.084166
9.9991E-05 0.0919165 0.608189 0.13862 0.0122618 0.00195405 0.146959
0.849835 0.0553046 9.9973E-05 0.0865015 0.00805912 9.9973E-05 9.9973E-05
9.9955E-05 9.9955E-05 0.496328 9.9955E-05 9.9955E-05 9.9955E-05 0.503172
9.9964E-05 0.00806337 0.0694727 9.9964E-05 9.9964E-05 9.9964E-05 0.922064
9.995E-05 9.995E-05 9.995E-05 9.995E-05 9.995E-05 9.995E-05 0.9994
9.9973E-05 0.518328 0.433677 9.9973E-05 0.0270664 9.9973E-05 0.0206289
9.995E-05 9.995E-05 9.995E-05 9.995E-05 0.9994 9.995E-05 9.995E-05
9.9973E-05 0.714242 0.223321 9.9973E-05 0.0037285 9.9973E-05 0.0584089
0.035765 9.9982E-05 0.252642 0.00120461 0.00402317 9.9982E-05 0.706166
0.0297634 9.9973E-05 9.9973E-05 0.0364419 9.9973E-05 0.000451161 0.933044
9.9964E-05 0.453921 0.450546 9.9964E-05 9.9964E-05 9.9964E-05 0.0951322
9.995E-05 9.995E-05 9.995E-05 9.995E-05 0.9994 9.995E-05 9.995E-05
0.64739 9.9964E-05 9.9964E-05 0.329035 0.0231751 9.9964E-05 9.9964E-05
9.9973E-05 0.126805 0.210515 9.9973E-05 0.00235202 9.9973E-05 0.660028
9.9955E-05 9.9955E-05 0.303373 9.9955E-05 9.9955E-05 9.9955E-05 0.696127
9.9964E-05 0.327571 0.527316 9.9964E-05 9.9964E-05 9.9964E-05 0.144713
0.0146382 9.9964E-05 9.9964E-05 9.9964E-05 0.00297653 9.9964E-05 0.981985
9.9982E-05 0.395161 0.114557 0.388869 0.0450282 9.9982E-05 0.056185
0.137588 0.0176392 9.9991E-05 0.185795 0.507023 0.109201 0.0426542
0.0485928 9.9973E-05 0.130534 9.9973E-05 9.9973E-05 0.00226391 0.818309
9.9964E-05 0.0650913 0.478906 9.9964E-05 9.9964E-05 9.9964E-05 0.455603
0.9994 9.995E-05 9.995E-05 9.995E-05 9.995E-05 9.995E-05 9.995E-05
9.9973E-05 0.0340843 0.125446 9.9973E-05 0.00760816 9.9973E-05 0.832562
0.00545651 9.9964E-05 0.701749 9.9964E-05 9.9964E-05 9.9964E-05 0.292395
9.9955E-05 9.9955E-05 0.227203 9.9955E-05 9.9955E-05 9.9955E-05 0.772297
9.9973E-05 0.648918 0.0694894 9.9973E-05 9.9973E-05 0.00502836 0.276264
9.9982E-05 0.328075 0.392459 0.107762 0.0132618 9.9982E-05 0.158241
9.9973E-05 0.125398 0.48212 0.369386 9.9973E-05 9.9973E-05 0.0227966
9.9973E-05 0.410404 9.9973E-05 0.472178 9.9973E-05 0.0121233 0.104995
0.0155159 9.9964E-05 0.471941 9.9964E-05 9.9964E-05 9.9964E-05 0.512144
9.9964E-05 9.9964E-05 0.144769 9.9964E-05 0.00325687 9.9964E-05 0.851574
0.0120313 9.9973E-05 0.379973 9.9973E-05 0.0243422 9.9973E-05 0.583354
0.00176375 0.0391353 9.9991E-05 0.032461 0.853914 0.0609276 0.0116989
0.0251212 0.0198704 0.00393966 0.0361285 9.9982E-05 9.9982E-05 0.91474
9.9973E-05 9.9973E-05 0.0139737 0.0267123 0.948684 0.0103304 9.9973E-05
0.00459871 9.9964E-05 0.397745 9.9964E-05 9.9964E-05 9.9964E-05 0.597256
0.95157 9.995E-05 9.995E-05 9.995E-05 9.995E-05 9.995E-05 0.0479307
9.99549E-05 0.511226 0.488274 9.99549E-05 9.99549E-05 9.99549E-05 9.99549E-05
9.9973E-05 0.745283 9.9973E-05 0.0412611 9.9973E-05 0.0120145 0.201142
0.0479253 0.590551 0.193237 0.00717645 9.9991E-05 0.0345736 0.126437
0.00657567 0.00274327 0.514521 9.9973E-05 9.9973E-05 9.9973E-05 0.47586
0.00692112 0.246431 0.325237 0.218035 0.028928 9.9991E-05 0.174349
9.9964E-05 9.9964E-05 0.0563487 0.000364828 9.9964E-05 9.9964E-05 0.942887
0.0143038 0.106607 0.518838 9.998E-05 9.998E-05 0.0114575 0.348594
0.0067589 9.9982E-05 9.9982E-05 0.613989 0.0134351 0.0188942 0.346723
9.9982E-05 9.9982E-05 0.209117 0.10485 0.0096974 0.00356695 0.672569
9.9982E-05 9.9982E-05 0.20647 0.010402 0.000266984 0.0187835 0.763877
0.959673 9.99639E-05 9.99639E-05 9.99639E-05 0.00574286 9.99639E-05 0.0341844
0.050304 0.00827039 0.147703 0.728698 9.9982E-05 9.9982E-05 0.0648248
0.980799 0.0187012 9.9955E-05 9.9955E-05 9.9955E-05 9.9955E-05 9.9955E-05
9.9964E-05 9.9964E-05 0.40569 9.9964E-05 0.000808102 9.9964E-05 0.593102
0.0623716 9.9973E-05 0.0891838 0.637553 9.9973E-05 9.9973E-05 0.210592
0.0253591 0.00119433 0.0493792 0.718865 0.000221699 9.9991E-05 0.204881
9.9964E-05 9.9964E-05 0.29403 9.9964E-05 0.0205598 9.9964E-05 0.685011
9.9955E-05 0.0125642 9.9955E-05 9.9955E-05 9.9955E-05 9.9955E-05 0.986936
0.0121702 9.9955E-05 9.9955E-05 9.9955E-05 0.98733 9.9955E-05 9.9955E-05
0.0470393 0.314687 9.9982E-05 0.630239 0.00210671 9.9982E-05 0.00572764
9.9964E-05 9.9964E-05 0.370257 9.9964E-05 0.00377353 9.9964E-05 0.62557
0.422182 9.9982E-05 9.9982E-05 0.334085 0.0426762 0.0364899 0.164366
9.9964E-05 9.9964E-05 9.9964E-05 0.0232307 0.0066846 9.9964E-05 0.969685
9.995E-05 9.995E-05 9.995E-05 9.995E-05 9.995E-05 0.9994 9.995E-05
9.9982E-05 9.9982E-05 0.107954 0.0390811 0.00659951 0.00614179 0.840024
9.9973E-05 9.9973E-05 9.9973E-05 0.240992 0.0314503 0.603039 0.124219
0.00162653 0.463046 0.419292 9.9982E-05 0.0258744 9.9982E-05 0.0899607
9.9973E-05 0.0153335 9.9973E-05 0.0167468 9.9973E-05 0.00358245 0.964037
9.9955E-05 9.9955E-05 9.9955E-05 9.9955E-05 9.9955E-05 0.00367429 0.995826
0.00679869 0.362089 9.9973E-05 0.552492 9.9973E-05 9.9973E-05 0.0783204
0.00315272 9.9973E-05 9.9973E-05 0.0915292 9.9973E-05 0.00290058 0.902118
0.989549 0.00995166 9.99551E-05 9.99551E-05 9.99551E-05 9.99551E-05 9.99551E-05
0.00449806 9.9973E-05 0.0234383 9.9973E-05 0.00320135 9.9973E-05 0.968562
9.995E-05 9.995E-05 9.995E-05 9.995E-05 9.995E-05 0.9994 9.995E-05
9.9955E-05 9.9955E-05 0.00990826 9.9955E-05 9.9955E-05 9.9955E-05 0.989592
0.0288921 0.174837 0.620608 0.162346 9.9991E-05 0.000785128 0.012432
9.9991E-05 0.108088 0.504887 0.147203 0.019099 0.00776851 0.212854
9.9964E-05 0.119723 0.228624 0.651253 9.9964E-05 9.9964E-05 9.9964E-05
9.9982E-05 9.9982E-05 0.334476 0.486933 0.0157668 0.00423362 0.158391
9.9973E-05 9.9973E-05 0.1641 0.70648 0.0490773 9.9973E-05 0.080043
9.995E-05 9.995E-05 9.995E-05 9.995E-05 9.995E-05 9.995E-05 0.9994
0.0548067 0.222649 0.468176 9.9973E-05 9.9973E-05 9.9973E-05 0.254068
9.9955E-05 9.9955E-05 0.113601 9.9955E-05 9.9955E-05 9.9955E-05 0.885899
0.0425293 9.9982E-05 0.518419 0.344654 0.0134292 9.9982E-05 0.0807681
0.00887635 0.640765 0.0496684 0.179903 9.9982E-05 9.9982E-05 0.120587
0.00874282 9.9982E-05 0.0990883 0.0292028 9.9982E-05 0.0110528 0.851713
9.9964E-05 9.9964E-05 0.690854 9.9964E-05 0.0156588 9.9964E-05 0.293087
0.0145678 9.9973E-05 0.343718 9.9973E-05 0.00684654 9.9973E-05 0.634568
9.9964E-05 0.0224371 9.9964E-05 0.0291504 9.9964E-05 9.9964E-05 0.948013
0.0455867 9.9982E-05 9.9982E-05 0.514782 0.0139654 0.0269311 0.398535
9.9973E-05 0.10455 0.480572 0.185903 9.9973E-05 9.9973E-05 0.228674
0.00433308 0.0320451 0.338361 0.289251 9.999E-05 0.0144748 0.321435
0.0266131 0.0500485 9.9982E-05 0.0131537 0.0118753 0.898109 9.9982E-05
0.00706747 9.9964E-05 9.9964E-05 0.080354 9.9964E-05 9.9964E-05 0.912179
9.9955E-05 9.9955E-05 9.9955E-05 0.00524042 9.9955E-05 9.9955E-05 0.99426
0.00100253 9.9982E-05 0.174737 9.9982E-05 0.0015871 0.00816267 0.814311
0.971977 9.99549E-05 9.99549E-05 9.99549E-05 9.99549E-05 9.99549E-05 0.0275234
9.9973E-05 9.9973E-05 0.298973 0.0566912 9.9973E-05 0.00707526 0.63696
9.9973E-05 0.113773 0.0986748 0.703084 9.9973E-05 9.9973E-05 0.0841685
0.0150804 0.198236 0.409983 0.0124683 0.00373178 0.00128687 0.359213
9.9955E-05 9.9955E-05 9.9955E-05 9.9955E-05 9.9955E-05 0.0014306 0.99807
0.00951928 0.0254406 0.0403354 0.0746258 9.9982E-05 9.9982E-05 0.849879
9.9955E-05 0.00354755 9.9955E-05 9.9955E-05 9.9955E-05 9.9955E-05 0.995953
9.9982E-05 0.215794 0.0889659 0.575402 0.0277467 9.9982E-05 0.0918911
0.0332484 9.9982E-05 9.9982E-05 0.136315 0.0331716 0.787893 0.00917252
9.9964E-05 0.214573 0.0397142 0.745313 9.9964E-05 9.9964E-05 9.9964E-05
9.9973E-05 0.137857 0.348694 9.9973E-05 0.029656 9.9973E-05 0.483494
9.9964E-05 9.9964E-05 9.9964E-05 0.0420169 0.0139191 0.943664 9.9964E-05
0.0303868 9.9982E-05 0.351975 0.11219 9.9982E-05 0.00470589 0.500542
9.99639E-05 0.366383 0.389979 9.99639E-05 9.99639E-05 9.99639E-05 0.243238
0.0283925 9.9982E-05 9.9982E-05 0.0797533 0.000899744 0.0013788 0.889376
9.9973E-05 9.9973E-05 0.0124547 0.0120694 0.00130502 9.9973E-05 0.973871
0.00221686 9.9973E-05 9.9973E-05 0.0300669 0.0202862 9.9973E-05 0.94713
9.9964E-05 9.9964E-05 0.318968 0.274656 9.9964E-05 9.9964E-05 0.405976
0.926171 9.99549E-05 9.99549E-05 9.99549E-05 9.99549E-05 9.99549E-05 0.0733288
9.9955E-05 9.9955E-05 0.0538086 9.9955E-05 9.9955E-05 9.9955E-05 0.945692
0.00255852 0.798529 9.9973E-05 0.0370931 9.9973E-05 9.9973E-05 0.16152
0.00130798 9.9973E-05 0.644347 0.0377333 9.9973E-05 9.9973E-05 0.316312
0.955851 9.9973E-05 0.00842882 9.9973E-05 9.9973E-05 0.0192246 0.0161959
0.005703 0.585147 9.9982E-05 0.272651 0.00432742 9.9982E-05 0.131971
9.9973E-05 9.9973E-05 0.030803 0.757097 9.9973E-05 0.0428594 0.168941
0.0356584 0.21482 0.40334 0.256843 9.9982E-05 9.9982E-05 0.0891393
0.907471 9.9955E-05 9.9955E-05 9.9955E-05 9.9955E-05 9.9955E-05 0.0920292
9.9964E-05 0.0359241 0.577069 9.9964E-05 9.9964E-05 9.9964E-05 0.386607
9.995E-05 9.995E-05 9.995E-05 9.995E-05 9.995E-05 0.9994 9.995E-05
9.9982E-05 0.0153886 0.466034 9.9982E-05 0.0043868 0.007858 0.506132
9.9964E-05 9.9964E-05 0.122503 9.9964E-05 0.00648758 9.9964E-05 0.87061
9.995E-05 9.995E-05 9.995E-05 9.995E-05 9.995E-05 0.9994 9.995E-05
9.9955E-05 9.9955E-05 0.172997 9.9955E-05 9.9955E-05 9.9955E-05 0.826504
0.0178346 0.0513098 9.9982E-05 9.9982E-05 0.891294 0.0183453 0.0210166
9.9982E-05 0.180487 0.592995 0.121506 0.0055633 9.9982E-05 0.0992481
0.0224606 9.9973E-05 0.0679919 0.0118961 9.9973E-05 9.9973E-05 0.897351
0.0634213 0.276102 9.9982E-05 0.540991 9.9982E-05 0.00808708 0.111199
9.9982E-05 0.023095 0.271682 0.0376641 9.9982E-05 0.014861 0.652498
9.9964E-05 9.9964E-05 9.9964E-05 0.0491842 0.0214094 0.929007 9.9964E-05
9.9982E-05 0.0667502 0.640855 0.170383 9.9982E-05 0.00645789 0.115354
