9.9964E-05 0.344198 0.0168522 0.609389 0.0142324 0.014929 9.9964E-05 9.9964E-05 9.9964E-05
9.9937E-05 9.9937E-05 9.9937E-05 0.964661 9.9937E-05 0.0346397 9.9937E-05 9.9937E-05 9.9937E-05
9.99577E-05 0.029775 9.99577E-05 0.949332 9.99577E-05 0.00772442 9.99577E-05 9.99577E-05 0.0126688
0.0052507 0.316403 0.0463559 0.565713 0.00830949 0.0295702 9.9991E-05 0.0244477 0.0038498
0.00719204 0.341103 0.331372 0.135983 0.00626778 9.9982E-05 9.9982E-05 0.152149 0.0257333
9.9955E-05 0.0630892 0.154599 0.0993034 9.9955E-05 0.682509 9.9955E-05 9.9955E-05 9.9955E-05
9.9955E-05 9.9955E-05 0.455484 0.166524 9.9955E-05 9.9955E-05 0.172216 0.205277 9.9955E-05
9.9955E-05 0.383984 9.9955E-05 9.9955E-05 9.9955E-05 0.330692 0.210104 0.0747195 9.9955E-05
0.0118405 0.0229635 9.9982E-05 0.909073 0.0165501 0.00757399 0.0296429 9.9982E-05 0.00215552
9.9937E-05 0.28659 9.9937E-05 0.712711 9.9937E-05 9.9937E-05 9.9937E-05 9.9937E-05 9.9937E-05
9.9982E-05 0.429078 9.9982E-05 0.159437 0.0124135 0.0131038 0.29772 0.083684 0.00436363
9.9955E-05 0.526876 0.187623 9.9955E-05 9.9955E-05 9.9955E-05 0.0982955 0.186705 9.9955E-05
9.9964E-05 0.51883 0.0983983 0.162908 9.9964E-05 9.9964E-05 0.117541 0.101923 9.9964E-05
9.99639E-05 0.0539262 0.0305002 9.99639E-05 9.99639E-05 0.871487 0.00446194 0.0392249 9.99639E-05
0.00252654 0.526451 9.9964E-05 0.462755 0.00604463 9.9964E-05 9.9964E-05 9.9964E-05 0.00182353
0.00692867 0.113601 0.279978 0.437966 9.99639E-05 0.161127 9.99639E-05 9.99639E-05 9.99639E-05
9.9955E-05 9.9955E-05 9.9955E-05 0.174624 9.9955E-05 0.0530244 0.70394 0.0679117 9.9955E-05
0.0214584 9.9964E-05 9.9964E-05 0.156479 0.432101 0.380779 9.9964E-05 9.9964E-05 0.00878224
0.0045358 9.9955E-05 9.9955E-05 0.968501 9.9955E-05 0.018517 9.9955E-05 0.00794667 9.9955E-05
0.0246595 0.158911 0.15031 0.0702391 0.0017801 0.134391 0.235799 0.194777 0.0291339
9.9955E-05 0.0690982 0.0385894 0.888841 9.9955E-05 9.9955E-05 9.9955E-05 9.9955E-05 0.00297185
9.9973E-05 0.302319 0.014941 0.184238 9.9973E-05 9.9973E-05 0.469815 0.0209661 0.00742107
9.9955E-05 0.552822 0.262725 0.168988 9.9955E-05 9.9955E-05 9.9955E-05 0.0149657 9.9955E-05
9.9964E-05 0.0321268 9.9964E-05 9.9964E-05 0.00825711 0.00915355 0.0550696 9.9964E-05 0.894993
9.9964E-05 0.451967 9.9964E-05 0.25578 9.9964E-05 9.9964E-05 0.214897 0.0642259 0.0127306
0.00216403 0.150935 0.162213 0.20608 9.9973E-05 9.9973E-05 0.306032 0.172277 9.9973E-05
9.99521E-05 0.127132 9.99521E-05 0.870882 9.99521E-05 9.99521E-05 9.99521E-05 9.99521E-05 0.00138703
9.9937E-05 0.251798 9.9937E-05 0.747502 9.9937E-05 9.9937E-05 9.9937E-05 9.9937E-05 9.9937E-05
9.9946E-05 0.0193734 0.00131309 0.978714 9.9946E-05 9.9946E-05 9.9946E-05 9.9946E-05 9.9946E-05
9.9955E-05 0.0727992 0.285844 0.0779716 9.9955E-05 0.562885 9.9955E-05 9.9955E-05 9.9955E-05
9.9946E-05 9.9946E-05 0.0328759 0.947236 9.9946E-05 9.9946E-05 9.9946E-05 0.0192889 9.9946E-05
9.9946E-05 9.9946E-05 0.00468535 0.962222 9.9946E-05 9.9946E-05 9.9946E-05 0.0324927 9.9946E-05
9.9964E-05 9.9964E-05 0.0557885 0.107841 9.9964E-05 0.570524 0.14872 0.116727 9.9964E-05
9.9955E-05 9.9955E-05 9.9955E-05 0.982418 9.9955E-05 0.00489623 0.0092444 9.9955E-05 0.00294148
0.00847787 0.199351 9.9955E-05 0.186735 9.9955E-05 9.9955E-05 9.9955E-05 0.604936 9.9955E-05
9.9937E-05 0.48677 9.9937E-05 0.51253 9.9937E-05 9.9937E-05 9.9937E-05 9.9937E-05 9.9937E-05
0.0241043 0.297003 0.329781 9.9964E-05 9.9964E-05 9.9964E-05 0.0946383 0.254073 9.9964E-05
9.99459E-05 9.99459E-05 0.925317 9.99459E-05 0.0131041 9.99459E-05 0.0609797 9.99459E-05 9.99459E-05
9.9973E-05 0.65508 9.9973E-05 0.0840285 9.9973E-05 0.0171635 0.00763813 0.192016 0.0437739
9.9982E-05 0.0741085 0.189049 0.0808362 0.00449159 0.441496 9.9982E-05 0.196391 0.0134275
0.00596556 9.9955E-05 9.9955E-05 0.971241 9.9955E-05 9.9955E-05 9.9955E-05 0.00547858 0.0168154
9.9946E-05 0.195975 9.9946E-05 0.777921 9.9946E-05 9.9946E-05 0.0255037 9.9946E-05 9.9946E-05
0.00587541 0.287538 9.9946E-05 0.705987 9.9946E-05 9.9946E-05 9.9946E-05 9.9946E-05 9.9946E-05
9.9964E-05 0.189496 0.101266 0.673037 0.0242694 0.0115315 9.9964E-05 9.9964E-05 9.9964E-05
9.993E-05 9.993E-05 9.993E-05 9.993E-05 0.999201 9.993E-05 9.993E-05 9.993E-05 9.993E-05
9.9955E-05 9.9955E-05 0.0363065 0.877702 9.9955E-05 9.9955E-05 0.0515584 0.0339334 9.9955E-05
9.9937E-05 0.173696 9.9937E-05 0.825605 9.9937E-05 9.9937E-05 9.9937E-05 9.9937E-05 9.9937E-05
9.993E-05 9.993E-05 9.993E-05 9.993E-05 0.999201 9.993E-05 9.993E-05 9.993E-05 9.993E-05
9.99369E-05 0.452028 9.99369E-05 0.547273 9.99369E-05 9.99369E-05 9.99369E-05 9.99369E-05 9.99369E-05
0.00832577 0.402105 9.9973E-05 0.351481 9.9973E-05 0.0221623 0.188971 0.0266551 9.9973E-05
9.99459E-05 0.356974 9.99459E-05 0.640002 0.00242439 9.99459E-05 9.99459E-05 9.99459E-05 9.99459E-05
9.9955E-05 0.464085 0.0762911 0.454856 9.9955E-05 9.9955E-05 9.9955E-05 9.9955E-05 0.00426894
9.99459E-05 9.99459E-05 9.99459E-05 0.443788 0.0143469 0.541266 9.99459E-05 9.99459E-05 9.99459E-05
9.99639E-05 0.394943 0.29136 0.217046 9.99639E-05 0.0588477 9.99639E-05 9.99639E-05 0.037404
0.00914155 9.99549E-05 9.99549E-05 0.741468 9.99549E-05 0.226097 9.99549E-05 9.99549E-05 0.0227938
9.9937E-05 0.102323 9.9937E-05 0.896978 9.9937E-05 9.9937E-05 9.9937E-05 9.9937E-05 9.9937E-05
9.9946E-05 9.9946E-05 9.9946E-05 0.96424 0.00270543 9.9946E-05 0.0324545 9.9946E-05 9.9946E-05
9.9973E-05 0.267416 9.9973E-05 0.69532 0.00572414 0.0143006 9.9973E-05 0.0156401 0.0012991
9.9937E-05 0.291362 9.9937E-05 0.707938 9.9937E-05 9.9937E-05 9.9937E-05 9.9937E-05 9.9937E-05
9.9955E-05 0.0471618 9.9955E-05 0.939152 9.9955E-05 0.00491243 0.00827387 9.9955E-05 9.9955E-05
0.0113614 9.99551E-05 9.99551E-05 9.99551E-05 9.99551E-05 0.0219375 9.99551E-05 0.108953 0.857249
0.00796988 9.9955E-05 9.9955E-05 0.954435 9.9955E-05 9.9955E-05 0.0276712 9.9955E-05 0.00942411
0.0243442 0.5133 9.9973E-05 0.182039 9.9973E-05 0.116558 9.9973E-05 0.145151 0.0183073
9.9955E-05 0.00615642 9.9955E-05 0.953881 0.00468089 9.9955E-05 0.0347817 9.9955E-05 9.9955E-05
0.00742614 9.9946E-05 0.0222895 0.969685 9.9946E-05 9.9946E-05 9.9946E-05 9.9946E-05 9.9946E-05
9.9955E-05 0.355531 0.0310646 0.611182 0.00172281 9.9955E-05 9.9955E-05 9.9955E-05 9.9955E-05
9.9946E-05 0.367061 9.9946E-05 0.585803 9.9946E-05 9.9946E-05 0.0465369 9.9946E-05 9.9946E-05
9.9955E-05 0.0261792 0.266298 0.146515 9.9955E-05 9.9955E-05 0.560508 9.9955E-05 9.9955E-05
9.993E-05 9.993E-05 9.993E-05 9.993E-05 0.999201 9.993E-05 9.993E-05 9.993E-05 9.993E-05
9.9973E-05 0.560611 0.0767947 0.0813095 9.9973E-05 0.140753 9.9973E-05 0.130048 0.0101845
0.0189329 9.99639E-05 9.99639E-05 0.794824 0.00645966 0.163177 9.99639E-05 9.99639E-05 0.0162065
9.9955E-05 0.217297 9.9955E-05 0.761275 0.00687496 9.9955E-05 9.9955E-05 9.9955E-05 0.0140529
9.9946E-05 9.9946E-05 9.9946E-05 0.940493 9.9946E-05 0.020631 9.9946E-05 9.9946E-05 0.0382764
9.9946E-05 9.9946E-05 9.9946E-05 0.98383 9.9946E-05 9.9946E-05 0.0139172 9.9946E-05 0.00165346
0.000615897 9.9964E-05 9.9964E-05 0.904715 0.0290033 0.0165797 9.9964E-05 0.0486864 9.9964E-05
0.00238314 0.0409536 9.9955E-05 0.94838 9.9955E-05 9.9955E-05 0.00778365 9.9955E-05 9.9955E-05
9.9982E-05 0.12964 0.174077 0.137438 9.9982E-05 0.127129 0.422135 0.00449589 0.00488508
9.9946E-05 0.027438 9.9946E-05 0.927556 9.9946E-05 9.9946E-05 0.0444064 9.9946E-05 9.9946E-05
9.9964E-05 9.9964E-05 0.00873409 9.9964E-05 0.00749419 0.166732 9.9964E-05 0.129905 0.686734
9.9964E-05 0.497005 0.00201845 0.466518 9.9964E-05 0.0176083 9.9964E-05 9.9964E-05 0.0164504
9.9946E-05 0.0987934 9.9946E-05 0.893281 0.00732636 9.9946E-05 9.9946E-05 9.9946E-05 9.9946E-05
0.0491947 9.9973E-05 9.9973E-05 0.0460858 0.375866 0.446357 0.0143451 9.9973E-05 0.0678514
9.9946E-05 9.9946E-05 9.9946E-05 0.359261 0.0228196 0.617319 9.9946E-05 9.9946E-05 9.9946E-05
9.9964E-05 0.369152 0.0213333 0.257215 9.9964E-05 0.239763 9.9964E-05 0.112137 9.9964E-05
0.00945963 0.204755 9.9964E-05 0.762113 0.0027041 0.0205686 9.9964E-05 9.9964E-05 9.9964E-05
9.9964E-05 9.9964E-05 0.00524282 0.943892 9.9964E-05 0.0152659 9.9964E-05 0.0228911 0.0123079
0.999201 9.993E-05 9.993E-05 9.993E-05 9.993E-05 9.993E-05 9.993E-05 9.993E-05 9.993E-05
9.99639E-05 0.496907 0.00333301 0.474519 0.00128145 9.99639E-05 0.02356 9.99639E-05 9.99639E-05
9.99459E-05 0.470485 0.0346834 0.494232 9.99459E-05 9.99459E-05 9.99459E-05 9.99459E-05 9.99459E-05
9.99549E-05 0.357057 0.320716 0.121048 9.99549E-05 9.99549E-05 0.200679 9.99549E-05 9.99549E-05
0.00173481 0.614835 9.9973E-05 0.0348498 9.9973E-05 9.9973E-05 0.115959 0.231341 0.000979466
9.9946E-05 0.235082 9.9946E-05 0.0869506 9.9946E-05 9.9946E-05 0.677368 9.9946E-05 9.9946E-05
9.9946E-05 9.9946E-05 9.9946E-05 0.985235 9.9946E-05 9.9946E-05 9.9946E-05 0.00728252 0.00688248
9.9937E-05 0.510936 9.9937E-05 0.488364 9.9937E-05 9.9937E-05 9.9937E-05 9.9937E-05 9.9937E-05
9.9937E-05 0.146826 9.9937E-05 0.852475 9.9937E-05 9.9937E-05 9.9937E-05 9.9937E-05 9.9937E-05
9.9964E-05 0.643003 0.0256573 0.272813 9.9964E-05 0.049627 0.00849974 9.9964E-05 9.9964E-05
9.9973E-05 0.0532213 0.0765732 0.0527098 9.9973E-05 0.660283 0.028128 0.128785 9.9973E-05
9.9964E-05 9.9964E-05 0.00741218 0.9541 0.00149121 0.0262174 9.9964E-05 9.9964E-05 0.0103792
9.99549E-05 0.330358 0.519326 0.116817 9.99549E-05 9.99549E-05 9.99549E-05 9.99549E-05 0.0329988
0.00759073 0.55472 9.9973E-05 0.176746 0.0134147 0.0545392 9.9973E-05 0.19269 9.9973E-05
9.9964E-05 9.9964E-05 0.101798 9.9964E-05 0.0182329 0.0128572 9.9964E-05 0.0201312 0.846581
9.9955E-05 0.00763187 0.029335 0.9272 9.9955E-05 9.9955E-05 0.0353329 9.9955E-05 9.9955E-05
9.993E-05 9.993E-05 9.993E-05 0.999201 9.993E-05 9.993E-05 9.993E-05 9.993E-05 9.993E-05
9.99639E-05 0.399378 0.014249 9.99639E-05 0.020998 9.99639E-05 0.381623 0.183352 9.99639E-05
9.993E-05 9.993E-05 9.993E-05 9.993E-05 0.999201 9.993E-05 9.993E-05 9.993E-05 9.993E-05
9.99549E-05 0.0130098 9.99549E-05 0.0593658 0.0120834 9.99549E-05 0.915041 9.99549E-05 9.99549E-05
9.9955E-05 0.186416 0.0501274 0.726716 9.9955E-05 9.9955E-05 9.9955E-05 9.9955E-05 0.0362412
0.0015869 9.9955E-05 9.9955E-05 0.937433 9.9955E-05 0.0367327 9.9955E-05 9.9955E-05 0.0237473
9.9955E-05 0.305865 0.0714786 0.104255 9.9955E-05 9.9955E-05 0.517902 9.9955E-05 9.9955E-05
9.993E-05 9.993E-05 9.993E-05 9.993E-05 0.999201 9.993E-05 9.993E-05 9.993E-05 9.993E-05
9.9946E-05 9.9946E-05 9.9946E-05 9.9946E-05 0.017349 0.360811 9.9946E-05 9.9946E-05 0.621241
9.9973E-05 0.201121 0.0467783 0.64321 0.00327931 9.9973E-05 0.0960102 0.0093016 9.9973E-05
9.9937E-05 0.310695 9.9937E-05 0.688606 9.9937E-05 9.9937E-05 9.9937E-05 9.9937E-05 9.9937E-05
9.9955E-05 0.610125 9.9955E-05 0.0983987 9.9955E-05 9.9955E-05 0.0985318 0.192444 9.9955E-05
0.000207819 9.9946E-05 9.9946E-05 0.970583 9.9946E-05 9.9946E-05 9.9946E-05 9.9946E-05 0.0286092
9.9964E-05 0.00703872 0.193337 9.9964E-05 0.0240206 0.367469 0.407735 9.9964E-05 9.9964E-05
0.084689 9.9964E-05 9.9964E-05 9.9964E-05 0.512749 0.229326 0.0415407 9.9964E-05 0.131295
0.000755104 0.129116 9.9955E-05 0.835941 9.9955E-05 9.9955E-05 9.9955E-05 9.9955E-05 0.0336877
9.9955E-05 0.428204 0.007325 0.486469 9.9955E-05 9.9955E-05 0.077502 9.9955E-05 9.9955E-05
9.9937E-05 9.9937E-05 9.9937E-05 9.9937E-05 9.9937E-05 9.9937E-05 0.00993794 9.9937E-05 0.989362
9.9946E-05 0.127905 9.9946E-05 0.820235 9.9946E-05 9.9946E-05 0.0512603 9.9946E-05 9.9946E-05
9.9946E-05 0.597386 0.0814674 0.320547 9.9946E-05 9.9946E-05 9.9946E-05 9.9946E-05 9.9946E-05
9.9937E-05 0.250562 9.9937E-05 0.748739 9.9937E-05 9.9937E-05 9.9937E-05 9.9937E-05 9.9937E-05
0.0100207 9.99461E-05 9.99461E-05 0.263756 9.99461E-05 9.99461E-05 0.725623 9.99461E-05 9.99461E-05
9.9973E-05 0.380207 0.201938 0.154643 0.00967308 0.0545951 0.198644 9.9973E-05 9.9973E-05
9.9955E-05 0.389993 9.9955E-05 0.0765965 9.9955E-05 0.0711858 9.9955E-05 0.461725 9.9955E-05
9.99369E-05 9.99369E-05 9.99369E-05 9.99369E-05 9.99369E-05 0.549215 0.450085 9.99369E-05 9.99369E-05
9.9946E-05 0.475107 9.9946E-05 0.509843 9.9946E-05 9.9946E-05 9.9946E-05 9.9946E-05 0.0144499
9.9955E-05 0.16956 9.9955E-05 0.813141 0.00240435 9.9955E-05 9.9955E-05 9.9955E-05 0.014395
9.99549E-05 0.361623 9.99549E-05 0.604786 0.0242805 9.99549E-05 9.99549E-05 9.99549E-05 0.00881054
0.0580022 9.9955E-05 9.9955E-05 9.9955E-05 0.856233 0.0655525 0.0197127 9.9955E-05 9.9955E-05
9.9964E-05 0.026469 9.9964E-05 0.861053 9.9964E-05 0.0656375 9.9964E-05 0.0231735 0.0232671
0.00897477 0.00859123 0.0225389 9.9955E-05 0.959395 9.9955E-05 9.9955E-05 9.9955E-05 9.9955E-05
9.9946E-05 0.373135 9.9946E-05 0.620035 9.9946E-05 9.9946E-05 9.9946E-05 9.9946E-05 0.00623031
9.99369E-05 9.99369E-05 9.99369E-05 0.028137 9.99369E-05 9.99369E-05 9.99369E-05 9.99369E-05 0.971163
9.99549E-05 0.369366 0.0710845 9.99549E-05 9.99549E-05 9.99549E-05 0.552682 9.99549E-05 0.00636713
0.00831999 9.9964E-05 0.260128 0.101884 9.9964E-05 0.0256722 0.603596 9.9964E-05 9.9964E-05
0.0326098 0.165923 0.117182 0.0756356 9.9982E-05 0.021569 0.556467 9.9982E-05 0.0304135
9.9955E-05 0.484424 0.0276951 0.470113 9.9955E-05 9.9955E-05 9.9955E-05 9.9955E-05 0.0172677
9.9982E-05 0.359562 0.0530021 0.183616 0.0314057 0.00448214 9.9982E-05 0.358439 0.00929227
9.9955E-05 0.0526827 9.9955E-05 0.937638 0.00643264 0.00274645 9.9955E-05 9.9955E-05 9.9955E-05
0.00771435 0.491 9.9973E-05 0.322291 9.9973E-05 0.0254624 0.141563 9.9973E-05 0.01167
0.00334811 9.99639E-05 9.99639E-05 0.238074 9.99639E-05 0.717731 9.99639E-05 0.0388949 0.00155195
9.9964E-05 0.13409 9.9964E-05 0.703418 0.0184592 0.0175642 9.9964E-05 0.126068 9.9964E-05
0.00900956 0.182876 0.000207217 0.764817 9.9973E-05 0.0398074 9.9973E-05 9.9973E-05 0.0029828
9.99459E-05 9.99459E-05 9.99459E-05 0.043042 0.0118226 9.99459E-05 9.99459E-05 9.99459E-05 0.944536
9.99549E-05 9.99549E-05 0.508646 0.0799927 9.99549E-05 0.369092 9.99549E-05 9.99549E-05 0.0417694
9.99371E-05 9.99371E-05 9.99371E-05 9.99371E-05 9.99371E-05 9.99371E-05 0.0125871 9.99371E-05 0.986713
9.9946E-05 0.340058 0.0480369 0.611305 9.9946E-05 9.9946E-05 9.9946E-05 9.9946E-05 9.9946E-05
9.9964E-05 0.145237 9.9964E-05 0.058351 9.9964E-05 0.720264 9.9964E-05 0.0243495 0.0513988
9.9973E-05 0.023821 0.0698574 0.154448 9.9973E-05 0.686102 9.9973E-05 0.0522078 0.0132639
9.9955E-05 0.239967 9.9955E-05 0.692723 0.0242695 9.9955E-05 0.0425404 9.9955E-05 9.9955E-05
0.00024087 0.0292275 9.9946E-05 0.969932 9.9946E-05 9.9946E-05 9.9946E-05 9.9946E-05 9.9946E-05
9.9937E-05 9.9937E-05 9.9937E-05 9.9937E-05 0.991657 9.9937E-05 9.9937E-05 9.9937E-05 0.00764314
9.996E-05 9.996E-05 0.0471055 0.0157056 9.996E-05 0.305344 9.996E-05 0.589945 0.0414992
9.9937E-05 0.344534 9.9937E-05 0.654766 9.9937E-05 9.9937E-05 9.9937E-05 9.9937E-05 9.9937E-05
0.00777391 9.99639E-05 9.99639E-05 0.0775947 0.0280584 0.500717 9.99639E-05 9.99639E-05 0.385456
9.9955E-05 9.9955E-05 9.9955E-05 0.965264 0.012239 0.0183029 9.9955E-05 9.9955E-05 0.00369388
0.999201 9.993E-05 9.993E-05 9.993E-05 9.993E-05 9.993E-05 9.993E-05 9.993E-05 9.993E-05
0.00594058 0.103292 9.9964E-05 0.801496 0.000271804 0.0886004 9.9964E-05 9.9964E-05 9.9964E-05
0.599636 9.9955E-05 9.9955E-05 0.0750803 0.0135136 0.31127 9.9955E-05 9.9955E-05 9.9955E-05
0.00194522 0.42953 0.0249097 0.0126561 0.0231695 0.0525249 0.442536 9.9991E-05 0.0126291
0.00600337 9.9955E-05 9.9955E-05 0.96196 9.9955E-05 9.9955E-05 9.9955E-05 0.0274532 0.00408352
0.00722351 9.9946E-05 0.00205985 0.990117 9.9946E-05 9.9946E-05 9.9946E-05 9.9946E-05 9.9946E-05
0.0097445 9.99639E-05 9.99639E-05 0.112618 0.0148933 9.99639E-05 9.99639E-05 0.853443 0.00890137
9.9964E-05 9.9964E-05 9.9964E-05 0.917483 0.0077562 0.0414492 9.9964E-05 0.0314095 0.00150213
9.99371E-05 9.99371E-05 9.99371E-05 9.99371E-05 9.99371E-05 9.99371E-05 0.0143627 9.99371E-05 0.984938
9.9946E-05 9.9946E-05 0.0025503 0.99496 9.9946E-05 9.9946E-05 9.9946E-05 9.9946E-05 0.00189004
0.999201 9.993E-05 9.993E-05 9.993E-05 9.993E-05 9.993E-05 9.993E-05 9.993E-05 9.993E-05
9.9937E-05 0.0229374 9.9937E-05 0.976363 9.9937E-05 9.9937E-05 9.9937E-05 9.9937E-05 9.9937E-05
9.9982E-05 0.573361 0.0417111 0.0482918 9.9982E-05 0.0708403 0.0182918 0.222559 0.0247454
0.00384485 0.368997 0.25203 0.267232 0.00624825 9.9973E-05 0.101347 9.9973E-05 9.9973E-05
9.9955E-05 0.0812508 0.541201 9.9955E-05 9.9955E-05 0.351884 0.0251645 9.9955E-05 9.9955E-05
0.0145326 0.166921 0.270735 0.235532 0.0279213 0.179935 9.9982E-05 0.104222 9.9982E-05
9.99729E-05 9.99729E-05 0.399273 0.126405 0.0610959 0.292191 9.99729E-05 0.108897 0.0118381
9.9937E-05 9.9937E-05 9.9937E-05 0.995093 9.9937E-05 9.9937E-05 0.00420764 9.9937E-05 9.9937E-05
9.9964E-05 0.537219 9.9964E-05 0.238221 9.9964E-05 9.9964E-05 0.0692051 0.107499 0.0474559
9.9937E-05 0.122433 9.9937E-05 0.876868 9.9937E-05 9.9937E-05 9.9937E-05 9.9937E-05 9.9937E-05
9.9973E-05 0.313471 0.366395 0.169111 0.0236076 0.0858852 9.9973E-05 9.9973E-05 0.0412309
0.00540233 9.9964E-05 9.9964E-05 0.090567 9.9964E-05 0.0342291 0.446033 0.423369 9.9964E-05
0.00858365 0.0687249 0.0329389 0.833699 9.9973E-05 0.0460188 9.9973E-05 9.9973E-05 0.00973497
9.9946E-05 0.648864 9.9946E-05 0.341921 0.00861539 9.9946E-05 9.9946E-05 9.9946E-05 9.9946E-05
9.99549E-05 0.344101 9.99549E-05 0.629059 0.0114453 9.99549E-05 9.99549E-05 9.99549E-05 0.014894
9.9964E-05 9.9964E-05 0.000435299 0.932198 9.9964E-05 0.0311198 0.00894644 0.0269007 9.9964E-05
0.00041864 9.9955E-05 9.9955E-05 0.329252 9.9955E-05 0.635863 9.9955E-05 9.9955E-05 0.033967
0.000306757 0.392248 0.271613 0.255256 0.00652625 0.0421695 0.0151863 0.0165948 9.9991E-05
0.0106861 0.276587 0.210266 0.316802 9.9973E-05 0.135507 9.9973E-05 0.0498529 9.9973E-05
0.89835 9.9964E-05 0.0661425 9.9964E-05 0.00784403 0.000996251 9.9964E-05 9.9964E-05 0.0262676
9.9955E-05 9.9955E-05 9.9955E-05 0.910272 9.9955E-05 0.0408659 9.9955E-05 0.0311145 0.017248
9.9937E-05 9.9937E-05 9.9937E-05 0.980784 9.9937E-05 0.0185169 9.9937E-05 9.9937E-05 9.9937E-05
0.00513883 0.0888763 0.043268 0.862217 9.9955E-05 9.9955E-05 9.9955E-05 9.9955E-05 9.9955E-05
9.99369E-05 9.99369E-05 9.99369E-05 0.0319027 9.99369E-05 9.99369E-05 9.99369E-05 9.99369E-05 0.967398
0.00482641 0.237876 0.111162 0.645414 9.9964E-05 0.000322418 9.9964E-05 9.9964E-05 9.9964E-05
9.9964E-05 9.9964E-05 0.350422 0.12566 0.0081294 0.222073 9.9964E-05 0.293315 9.9964E-05
9.9973E-05 0.360947 0.0917206 0.335579 0.00491251 9.9973E-05 0.204011 9.9973E-05 0.00252939
0.00199864 9.99531E-05 9.99531E-05 0.972968 9.99531E-05 0.0244333 9.99531E-05 9.99531E-05 9.99531E-05
9.9973E-05 0.0799957 9.9973E-05 0.828724 9.9973E-05 0.0319885 0.00263744 0.0553877 0.000966596
9.993E-05 9.993E-05 9.993E-05 0.999201 9.993E-05 9.993E-05 9.993E-05 9.993E-05 9.993E-05
9.9964E-05 9.9964E-05 0.628859 0.117698 0.0350365 0.124698 9.9964E-05 0.0933083 9.9964E-05
0.771758 9.9955E-05 9.9955E-05 9.9955E-05 0.0287757 0.159074 9.9955E-05 9.9955E-05 0.0398924
9.9955E-05 9.9955E-05 0.0434648 9.9955E-05 9.9955E-05 0.461858 0.172544 0.321633 9.9955E-05
9.9964E-05 0.32615 0.0204858 0.500092 0.0164108 9.9964E-05 0.136462 9.9964E-05 9.9964E-05
0.952951 9.9946E-05 9.9946E-05 9.9946E-05 0.00749416 0.0389551 9.9946E-05 9.9946E-05 9.9946E-05
0.00735449 0.263391 0.143368 0.535303 9.9973E-05 0.0261999 9.9973E-05 9.9973E-05 0.0240839
9.99549E-05 0.30904 0.0949894 0.233947 9.99549E-05 9.99549E-05 0.361524 9.99549E-05 9.99549E-05
9.9973E-05 9.9973E-05 0.00397327 0.878907 0.00927564 0.0576764 0.0252339 9.9973E-05 0.0246335
9.9946E-05 9.9946E-05 0.0129702 0.978802 0.00762779 9.9946E-05 9.9946E-05 9.9946E-05 9.9946E-05
9.9946E-05 9.9946E-05 0.0444268 0.945662 0.00931127 9.9946E-05 9.9946E-05 9.9946E-05 9.9946E-05
9.9955E-05 0.120329 0.362911 0.463933 9.9955E-05 0.0523267 9.9955E-05 9.9955E-05 9.9955E-05
9.99369E-05 9.99369E-05 9.99369E-05 0.0628966 9.99369E-05 9.99369E-05 9.99369E-05 9.99369E-05 0.936404
9.9946E-05 0.0413234 9.9946E-05 0.952889 0.0051881 9.9946E-05 9.9946E-05 9.9946E-05 9.9946E-05
9.9955E-05 0.161572 9.9955E-05 0.0386385 9.9955E-05 9.9955E-05 0.250811 0.548479 9.9955E-05
9.9964E-05 0.589401 0.033098 0.314801 9.9964E-05 0.0380342 0.0242663 9.9964E-05 9.9964E-05
0.0127663 9.99369E-05 9.99369E-05 9.99369E-05 9.99369E-05 9.99369E-05 9.99369E-05 9.99369E-05 0.986534
9.99459E-05 0.0935898 9.99459E-05 0.0891944 9.99459E-05 9.99459E-05 9.99459E-05 0.816616 9.99459E-05
0.0014159 0.0912549 0.00867286 0.0167275 9.9964E-05 0.881529 9.9964E-05 9.9964E-05 9.9964E-05
9.998E-05 0.367574 0.242349 0.11681 9.998E-05 0.0696254 0.0370085 0.140515 0.0259182
9.9946E-05 9.9946E-05 9.9946E-05 0.0894967 0.00012375 9.9946E-05 9.9946E-05 9.9946E-05 0.90978
9.9946E-05 0.468227 9.9946E-05 0.435939 9.9946E-05 9.9946E-05 0.0952339 9.9946E-05 9.9946E-05
0.999201 9.993E-05 9.993E-05 9.993E-05 9.993E-05 9.993E-05 9.993E-05 9.993E-05 9.993E-05
0.00717837 0.47374 9.9955E-05 0.50568 0.0129019 9.9955E-05 9.9955E-05 9.9955E-05 9.9955E-05
9.9946E-05 0.0990648 9.9946E-05 0.88969 0.0106455 9.9946E-05 9.9946E-05 9.9946E-05 9.9946E-05
0.999201 9.993E-05 9.993E-05 9.993E-05 9.993E-05 9.993E-05 9.993E-05 9.993E-05 9.993E-05
9.9937E-05 0.202397 9.9937E-05 0.796903 9.9937E-05 9.9937E-05 9.9937E-05 9.9937E-05 9.9937E-05
0.00958347 9.9964E-05 9.9964E-05 9.9964E-05 0.877077 0.068778 0.0276283 9.9964E-05 0.0165336
9.9955E-05 0.557942 0.34791 0.0896801 9.9955E-05 9.9955E-05 0.00396769 9.9955E-05 9.9955E-05
9.9955E-05 0.0678603 9.9955E-05 0.887656 9.9955E-05 0.0263864 9.9955E-05 9.9955E-05 0.0175979
0.00461141 9.9964E-05 9.9964E-05 0.14441 9.9964E-05 0.196412 9.9964E-05 0.582323 0.0718436
0.00799663 0.253156 9.9982E-05 0.649867 0.00223754 0.0417567 0.0240647 0.0207216 9.9982E-05
0.907669 9.9946E-05 9.9946E-05 9.9946E-05 0.0148334 0.0768981 9.9946E-05 9.9946E-05 9.9946E-05
0.00952811 0.406777 0.211538 0.229315 9.9973E-05 9.9973E-05 0.11865 0.0238919 9.9973E-05
