0.00983116 0.00935981 9.9973E-05 9.9973E-05 0.33696 0.012943 9.9973E-05 0.630606
9.9946E-05 0.0352129 9.9946E-05 9.9946E-05 9.9946E-05 9.9946E-05 9.9946E-05 0.964187
9.9964E-05 0.00166796 0.0159912 9.9964E-05 0.0296317 9.9964E-05 9.9964E-05 0.952309
9.9982E-05 0.0149114 9.9982E-05 0.0364014 0.34145 0.00129419 0.0111569 0.594586
9.9973E-05 0.0380856 0.0322267 0.355432 0.456308 9.9973E-05 9.9973E-05 0.117647
0.0241555 0.789789 9.9964E-05 9.9964E-05 0.132447 9.9964E-05 9.9964E-05 0.0532089
0.270993 9.9964E-05 9.9964E-05 0.487374 0.0394351 9.9964E-05 9.9964E-05 0.201798
0.218675 0.31207 9.9964E-05 0.0388576 0.429998 9.9964E-05 9.9964E-05 9.9964E-05
0.023095 0.0241502 9.9982E-05 9.9982E-05 0.0071784 0.0223318 0.00217971 0.920865
9.9946E-05 9.9946E-05 9.9946E-05 9.9946E-05 0.252977 9.9946E-05 9.9946E-05 0.746424
0.387583 0.042835 9.9973E-05 9.9973E-05 0.39114 0.0185021 9.9973E-05 0.15964
0.356117 9.9973E-05 0.0141846 0.20462 0.373444 9.9973E-05 9.9973E-05 0.0513346
0.215117 0.0160381 9.9973E-05 0.0573985 0.549925 9.9973E-05 9.9973E-05 0.161221
0.0618553 0.934786 9.99549E-05 9.99549E-05 0.00285902 9.99549E-05 9.99549E-05 9.99549E-05
9.9973E-05 9.9973E-05 0.0015935 9.9973E-05 0.51599 0.00870101 0.00209993 0.471316
9.9973E-05 0.174622 9.9973E-05 0.177766 0.192337 9.9973E-05 0.00432931 0.450647
0.682658 0.116028 9.9964E-05 9.9964E-05 0.057506 9.9964E-05 9.9964E-05 0.143408
9.9964E-05 0.427916 9.9964E-05 9.9964E-05 9.9964E-05 0.415019 0.0279326 0.128733
9.9955E-05 9.9955E-05 9.9955E-05 0.0283897 9.9955E-05 9.9955E-05 0.00636584 0.964745
0.21647 9.9991E-05 0.0227792 0.443989 0.13246 0.00485836 0.0212388 0.158104
9.9973E-05 0.0039071 0.00101718 9.9973E-05 0.0790949 9.9973E-05 0.000788626 0.914892
0.45288 9.9964E-05 0.0205108 9.9964E-05 0.362948 9.9964E-05 9.9964E-05 0.163261
0.036501 9.9973E-05 0.0205699 0.146673 0.607554 9.9973E-05 9.9973E-05 0.188402
0.0141541 0.0296164 0.884634 9.9973E-05 0.0612979 0.0099979 9.9973E-05 9.9973E-05
9.9973E-05 0.153559 0.0169568 0.488642 0.183459 9.9973E-05 9.9973E-05 0.157084
0.285668 9.9973E-05 0.0252264 9.9973E-05 0.414227 9.9973E-05 0.00395641 0.270623
0.294392 0.00685475 9.9982E-05 0.276663 0.238165 9.9982E-05 0.00612695 0.177599
9.9964E-05 9.9964E-05 0.000203358 9.9964E-05 0.122196 0.00798126 9.9964E-05 0.869219
9.9946E-05 9.9946E-05 9.9946E-05 9.9946E-05 0.281676 9.9946E-05 9.9946E-05 0.717725
9.9946E-05 9.9946E-05 9.9946E-05 9.9946E-05 0.0406162 9.9946E-05 9.9946E-05 0.958784
0.0302181 0.703665 9.9973E-05 0.0883864 0.157192 9.9973E-05 9.9973E-05 0.0202383
9.9955E-05 0.00464506 9.9955E-05 0.0405956 9.9955E-05 9.9955E-05 9.9955E-05 0.95426
9.9946E-05 9.9946E-05 9.9946E-05 0.0242134 9.9946E-05 9.9946E-05 9.9946E-05 0.975187
0.086317 0.439452 9.9964E-05 0.328322 9.9964E-05 9.9964E-05 9.9964E-05 0.145509
0.00645126 0.00123603 0.00994069 9.9964E-05 9.9964E-05 9.9964E-05 9.9964E-05 0.981972
0.135452 9.9973E-05 9.9973E-05 0.455216 0.177254 9.9973E-05 0.00844827 0.223329
9.9946E-05 9.9946E-05 9.9946E-05 9.9946E-05 0.463232 9.9946E-05 9.9946E-05 0.536168
0.328326 0.0441056 0.00216193 0.302987 0.290821 9.9991E-05 0.0222578 0.00924098
0.390428 0.186171 0.0159674 0.364771 0.0189712 0.0115588 9.9991E-05 0.0120319
0.0622383 0.0187637 0.0435149 0.143861 0.65428 9.9982E-05 9.9982E-05 0.0771426
9.9982E-05 0.226122 0.0108576 0.574133 0.00739101 9.9982E-05 0.00994631 0.171351
9.9973E-05 0.0211476 0.0182142 0.00316908 9.9973E-05 9.9973E-05 0.00442189 0.952747
0.0356226 9.9955E-05 9.9955E-05 9.9955E-05 0.161445 9.9955E-05 9.9955E-05 0.802432
9.9955E-05 9.9955E-05 9.9955E-05 9.9955E-05 0.284508 9.9955E-05 0.00272908 0.712263
9.9973E-05 0.0384939 9.9973E-05 0.0188923 0.235789 0.0275087 9.9973E-05 0.679017
9.994E-05 9.994E-05 9.994E-05 9.994E-05 9.994E-05 0.9993 9.994E-05 9.994E-05
0.085547 9.9955E-05 9.9955E-05 0.0503822 9.9955E-05 9.9955E-05 9.9955E-05 0.863571
9.9946E-05 9.9946E-05 9.9946E-05 9.9946E-05 0.148369 9.9946E-05 9.9946E-05 0.851032
9.994E-05 9.994E-05 9.994E-05 9.994E-05 9.994E-05 0.9993 9.994E-05 9.994E-05
9.99459E-05 9.99459E-05 9.99459E-05 9.99459E-05 0.462631 9.99459E-05 9.99459E-05 0.536769
0.213926 0.0254367 9.9973E-05 9.9973E-05 0.394343 9.9973E-05 0.0117298 0.354265
9.99459E-05 9.99459E-05 9.99459E-05 9.99459E-05 0.349527 9.99459E-05 9.99459E-05 0.649873
0.0141145 9.9973E-05 0.0126167 0.00407449 0.475461 9.9973E-05 9.9973E-05 0.493433
9.9973E-05 0.538258 0.00252392 9.9973E-05 9.9973E-05 0.013433 0.00298901 0.442497
9.9973E-05 0.100792 0.0472243 0.163435 0.493585 9.9973E-05 9.9973E-05 0.194663
9.99639E-05 0.209288 0.037131 9.99639E-05 9.99639E-05 9.99639E-05 0.0110214 0.742159
9.9955E-05 9.9955E-05 9.9955E-05 9.9955E-05 0.108136 0.00628166 9.9955E-05 0.885083
0.00514938 9.9973E-05 9.9973E-05 0.00637765 9.9973E-05 0.0110562 0.00188972 0.975227
9.9964E-05 0.0280405 0.00813885 9.9964E-05 0.284979 9.9964E-05 9.9964E-05 0.678442
9.9946E-05 9.9946E-05 9.9946E-05 9.9946E-05 0.306207 9.9946E-05 9.9946E-05 0.693193
9.9946E-05 9.9946E-05 9.9946E-05 9.9946E-05 0.0462644 9.9946E-05 9.9946E-05 0.953136
9.99641E-05 0.0257351 0.844792 0.115508 9.99641E-05 9.99641E-05 0.0135657 9.99641E-05
0.036521 0.00132151 0.00864777 9.9973E-05 9.9973E-05 9.9973E-05 0.0114797 0.94173
0.0798559 0.199432 0.0248744 9.9982E-05 0.522061 9.9982E-05 0.0188751 0.154702
0.0347955 9.9955E-05 9.9955E-05 9.9955E-05 9.9955E-05 0.00490251 9.9955E-05 0.959802
9.9946E-05 9.9946E-05 9.9946E-05 0.0335082 9.9946E-05 9.9946E-05 9.9946E-05 0.965892
9.9946E-05 9.9946E-05 9.9946E-05 9.9946E-05 0.399958 9.9946E-05 9.9946E-05 0.599442
0.0253987 9.9955E-05 9.9955E-05 9.9955E-05 0.362767 9.9955E-05 9.9955E-05 0.611335
0.758337 9.9964E-05 0.0291914 0.0306812 9.9964E-05 9.9964E-05 9.9964E-05 0.181391
9.994E-05 9.994E-05 9.994E-05 9.994E-05 9.994E-05 0.9993 9.994E-05 9.994E-05
9.9964E-05 0.149557 9.9964E-05 0.148983 0.622727 9.9964E-05 9.9964E-05 0.0783338
9.99639E-05 0.176231 0.0208997 9.99639E-05 9.99639E-05 9.99639E-05 0.0129394 0.78953
9.9973E-05 9.9973E-05 0.00479011 9.9973E-05 0.221662 0.00166123 0.00833289 0.763254
9.9955E-05 0.0016677 0.0424868 9.9955E-05 9.9955E-05 9.9955E-05 9.9955E-05 0.955346
9.9946E-05 9.9946E-05 9.9946E-05 9.9946E-05 9.9946E-05 9.9946E-05 0.00496645 0.994434
9.9973E-05 0.026782 9.9973E-05 0.0231852 9.9973E-05 0.023914 0.00115899 0.92466
0.0101236 9.9964E-05 9.9964E-05 9.9964E-05 0.0176564 9.9964E-05 0.00358528 0.968235
0.475316 0.229667 0.00431908 9.9973E-05 0.197721 9.9973E-05 9.9973E-05 0.0926764
0.0117412 9.9955E-05 9.9955E-05 9.9955E-05 0.0481172 9.9955E-05 9.9955E-05 0.939642
0.0427353 0.17322 0.683765 0.0925586 9.9973E-05 0.00742046 9.9973E-05 9.9973E-05
9.9964E-05 0.0130627 0.0178112 9.9964E-05 0.486724 9.9964E-05 9.9964E-05 0.482003
9.9964E-05 9.9964E-05 9.9964E-05 9.9964E-05 0.0972315 0.00418789 0.00108176 0.897099
0.0116283 0.500824 0.0388422 9.9982E-05 9.9982E-05 0.370834 0.0709033 0.00676846
9.9955E-05 0.607862 9.9955E-05 9.9955E-05 9.9955E-05 0.0259478 9.9955E-05 0.36569
9.9964E-05 0.199191 9.9964E-05 0.153581 0.38696 9.9964E-05 9.9964E-05 0.259867
9.9964E-05 0.0421951 9.9964E-05 9.9964E-05 0.200543 9.9964E-05 0.00243735 0.754425
9.9964E-05 0.0376224 0.0182956 0.0101202 9.9964E-05 9.9964E-05 9.9964E-05 0.933562
9.994E-05 9.994E-05 9.994E-05 9.994E-05 9.994E-05 9.994E-05 0.9993 9.994E-05
9.99549E-05 9.99549E-05 9.99549E-05 9.99549E-05 0.528159 0.0027246 9.99549E-05 0.468617
9.99459E-05 9.99459E-05 9.99459E-05 9.99459E-05 0.493215 9.99459E-05 9.99459E-05 0.506186
0.402514 9.9964E-05 9.9964E-05 0.0475075 0.354772 9.9964E-05 9.9964E-05 0.194806
0.167872 9.9973E-05 0.000939775 0.137546 0.635361 9.9973E-05 9.9973E-05 0.0579813
0.717158 9.9964E-05 9.9964E-05 9.9964E-05 0.190508 0.00340736 9.9964E-05 0.0885269
9.9955E-05 0.0227252 0.00141535 9.9955E-05 9.9955E-05 9.9955E-05 9.9955E-05 0.97536
9.9946E-05 9.9946E-05 9.9946E-05 9.9946E-05 0.515945 9.9946E-05 9.9946E-05 0.483455
9.9946E-05 9.9946E-05 9.9946E-05 9.9946E-05 0.131459 9.9946E-05 9.9946E-05 0.867942
9.9964E-05 0.0563701 0.00208365 9.9964E-05 0.662131 9.9964E-05 9.9964E-05 0.279015
0.0156133 0.476269 9.9964E-05 0.369409 9.9964E-05 9.9964E-05 9.9964E-05 0.138309
9.9955E-05 0.0473791 0.0117348 9.9955E-05 9.9955E-05 9.9955E-05 9.9955E-05 0.940386
0.0322269 9.997E-05 0.069174 0.237079 0.502474 9.997E-05 9.997E-05 0.158746
9.9982E-05 0.00472478 9.9982E-05 0.173759 0.610391 0.00818862 0.00585322 0.196884
9.9955E-05 9.9955E-05 0.835162 0.144193 9.9955E-05 0.020145 9.9955E-05 9.9955E-05
9.99459E-05 9.99459E-05 9.99459E-05 9.99459E-05 0.484887 9.99459E-05 9.99459E-05 0.514513
0.0162347 9.9964E-05 9.9964E-05 0.006845 0.0570364 9.9964E-05 9.9964E-05 0.919484
9.994E-05 9.994E-05 9.994E-05 9.994E-05 9.994E-05 9.994E-05 9.994E-05 0.9993
0.344796 9.9964E-05 9.9964E-05 0.209324 0.444427 0.00105331 9.9964E-05 9.9964E-05
9.994E-05 9.994E-05 9.994E-05 9.994E-05 9.994E-05 0.9993 9.994E-05 9.994E-05
0.898045 9.9964E-05 9.9964E-05 9.9964E-05 0.0705363 0.0101116 9.9964E-05 0.020907
9.9964E-05 9.9964E-05 0.0349086 9.9964E-05 0.212668 0.00383655 9.9964E-05 0.748187
9.9973E-05 0.0294595 0.0267949 0.00037938 9.9973E-05 9.9973E-05 0.00490528 0.938161
0.622797 9.9955E-05 9.9955E-05 9.9955E-05 0.262467 9.9955E-05 9.9955E-05 0.114236
9.994E-05 9.994E-05 9.994E-05 9.994E-05 9.994E-05 0.9993 9.994E-05 9.994E-05
9.9964E-05 0.358457 0.627224 9.9964E-05 9.9964E-05 0.0106016 0.00331769 9.9964E-05
0.0936596 9.9973E-05 9.9973E-05 0.0275966 0.237142 0.00316791 9.9973E-05 0.638134
9.9946E-05 9.9946E-05 9.9946E-05 9.9946E-05 0.288365 9.9946E-05 9.9946E-05 0.711035
0.282821 9.9973E-05 0.0105319 0.0408623 0.523292 9.9973E-05 9.9973E-05 0.142193
9.995E-05 0.00859886 0.0269495 9.995E-05 9.995E-05 9.995E-05 9.995E-05 0.963952
0.514476 0.459291 9.9964E-05 9.9964E-05 0.00067621 0.0251569 9.9964E-05 9.9964E-05
0.00321322 0.296369 0.122227 9.9982E-05 0.0118264 0.480051 0.086113 9.9982E-05
9.9964E-05 9.9964E-05 0.0340592 9.9964E-05 0.116095 9.9964E-05 0.000410187 0.849036
0.0823281 9.99549E-05 9.99549E-05 9.99549E-05 0.4426 9.99549E-05 9.99549E-05 0.474572
9.994E-05 9.994E-05 0.9993 9.994E-05 9.994E-05 9.994E-05 9.994E-05 9.994E-05
0.0577996 9.9964E-05 9.9964E-05 9.9964E-05 0.0964821 0.00414976 9.9964E-05 0.841169
0.0126275 9.9964E-05 9.9964E-05 0.0154886 0.605687 9.9964E-05 9.9964E-05 0.365797
9.9946E-05 9.9946E-05 9.9946E-05 9.9946E-05 0.218818 9.9946E-05 9.9946E-05 0.780583
0.731323 9.9964E-05 9.9964E-05 9.9964E-05 9.9964E-05 0.00126231 0.0213748 0.24564
0.359232 0.123541 9.9982E-05 0.0383495 0.325823 0.016512 9.9982E-05 0.136342
9.9964E-05 0.0705576 9.9964E-05 0.355796 0.488415 9.9964E-05 9.9964E-05 0.0848318
0.437647 0.561753 9.99459E-05 9.99459E-05 9.99459E-05 9.99459E-05 9.99459E-05 9.99459E-05
9.9955E-05 9.9955E-05 0.0239285 9.9955E-05 0.445671 9.9955E-05 9.9955E-05 0.529901
9.9955E-05 9.9955E-05 9.9955E-05 9.9955E-05 0.131353 0.00959601 9.9955E-05 0.858551
9.9964E-05 9.9964E-05 0.0119792 9.9964E-05 0.339721 0.0221395 9.9964E-05 0.62576
0.0245457 0.0743646 9.9964E-05 9.9964E-05 9.9964E-05 0.841236 0.0594543 9.9964E-05
9.9964E-05 0.0561089 0.0332225 9.9964E-05 0.014939 9.9964E-05 9.9964E-05 0.89533
9.9964E-05 9.9964E-05 0.00403073 9.9964E-05 0.0170252 0.962799 0.0157453 9.9964E-05
9.9955E-05 9.9955E-05 0.00495303 9.9955E-05 0.378289 9.9955E-05 9.9955E-05 0.616259
9.994E-05 9.994E-05 0.961235 9.994E-05 9.994E-05 9.994E-05 9.994E-05 0.0381655
0.639746 0.0047645 9.99549E-05 9.99549E-05 0.35499 9.99549E-05 9.99549E-05 9.99549E-05
0.687662 0.0489521 0.00100239 0.0915356 9.9982E-05 9.9982E-05 0.0205618 0.150086
0.613293 0.0570038 0.045951 9.9982E-05 0.193283 9.9982E-05 0.0393564 0.0509128
9.9955E-05 9.9955E-05 0.00844922 9.9955E-05 0.50127 9.9955E-05 9.9955E-05 0.489781
0.104737 9.9982E-05 0.000196754 0.363141 0.269025 0.0381183 9.9982E-05 0.224581
9.9964E-05 9.9964E-05 0.00139558 9.9964E-05 0.0335328 0.00150682 9.9964E-05 0.963165
0.0788445 0.0337951 0.00862585 9.9991E-05 0.539754 0.00222202 0.00334888 0.33331
9.99549E-05 0.76325 9.99549E-05 9.99549E-05 9.99549E-05 9.99549E-05 0.00437184 0.231878
9.9973E-05 9.9973E-05 9.9973E-05 0.134411 0.146391 0.011942 0.00133523 0.705621
9.9964E-05 0.063393 9.9964E-05 9.9964E-05 0.185372 9.9964E-05 0.00957409 0.741261
9.99549E-05 9.99549E-05 0.948722 9.99549E-05 9.99549E-05 0.0118049 9.99549E-05 0.0389731
9.9973E-05 0.328447 0.0452037 0.464431 0.0338275 9.9973E-05 9.9973E-05 0.12779
0.0111741 9.99461E-05 0.988226 9.99461E-05 9.99461E-05 9.99461E-05 9.99461E-05 9.99461E-05
9.9955E-05 9.9955E-05 9.9955E-05 9.9955E-05 0.377111 0.0051453 9.9955E-05 0.617243
0.0183648 0.716677 0.0504289 9.9973E-05 0.145004 9.9973E-05 9.9973E-05 0.0692246
9.9964E-05 0.545752 0.0107601 0.225231 9.9964E-05 9.9964E-05 9.9964E-05 0.217857
0.0162981 9.9964E-05 9.9964E-05 9.9964E-05 0.256598 0.0182899 9.9964E-05 0.708414
0.0229677 9.9946E-05 9.9946E-05 9.9946E-05 9.9946E-05 9.9946E-05 9.9946E-05 0.976433
9.9946E-05 9.9946E-05 0.00503825 9.9946E-05 9.9946E-05 0.994362 9.9946E-05 9.9946E-05
0.0983678 0.37154 0.032457 0.480393 9.9973E-05 9.9973E-05 9.9973E-05 0.0169426
9.9955E-05 9.9955E-05 9.9955E-05 9.9955E-05 0.332651 0.004091 9.9955E-05 0.662759
9.9973E-05 0.528815 0.390812 9.9973E-05 9.9973E-05 0.0285765 0.00693579 0.0445614
9.9955E-05 0.0372074 9.9955E-05 9.9955E-05 9.9955E-05 0.00982981 9.9955E-05 0.952463
9.994E-05 9.994E-05 9.994E-05 9.994E-05 9.994E-05 9.994E-05 0.9993 9.994E-05
9.9973E-05 0.0650046 9.9973E-05 9.9973E-05 0.0956966 0.00813607 0.00603776 0.824825
9.9964E-05 0.285879 9.9964E-05 9.9964E-05 9.9964E-05 0.0151749 0.612147 0.0863993
0.454549 0.0385882 0.0154138 9.9991E-05 0.43421 0.0194638 0.00698495 0.0306901
0.0105024 0.0119833 0.000198357 0.0178172 9.9982E-05 9.9982E-05 0.006747 0.952552
9.9955E-05 9.9955E-05 9.9955E-05 0.000245088 9.9955E-05 9.9955E-05 0.0123567 0.986898
0.0443106 9.9973E-05 0.0161952 0.762963 9.9973E-05 9.9973E-05 0.00395222 0.172279
9.9964E-05 0.0570853 9.9964E-05 0.0320787 9.9964E-05 0.00323679 9.9964E-05 0.907199
0.0224948 0.0086983 0.968307 9.99551E-05 9.99551E-05 9.99551E-05 9.99551E-05 9.99551E-05
9.9964E-05 9.9964E-05 0.0050368 9.9964E-05 0.00812689 0.00745263 9.9964E-05 0.978984
9.994E-05 9.994E-05 9.994E-05 9.994E-05 9.994E-05 9.994E-05 0.9993 9.994E-05
9.9946E-05 9.9946E-05 9.9946E-05 9.9946E-05 0.00709211 9.9946E-05 9.9946E-05 0.992308
0.0742903 0.0252221 0.0111776 0.22885 0.569348 9.9982E-05 9.9982E-05 0.090912
0.0804444 9.9982E-05 9.9982E-05 0.164866 0.461665 0.00371969 0.0162769 0.272828
0.0575596 0.45152 9.9964E-05 0.285983 0.204538 9.9964E-05 9.9964E-05 9.9964E-05
9.9982E-05 0.0811519 9.9982E-05 0.40063 0.179625 0.0169643 0.0212416 0.300187
9.99729E-05 0.287588 9.99729E-05 0.472216 0.0216182 0.058004 9.99729E-05 0.160274
0.00178098 9.9946E-05 9.9946E-05 9.9946E-05 9.9946E-05 9.9946E-05 9.9946E-05 0.997619
0.220545 9.9973E-05 0.0545197 0.00522158 0.468653 9.9973E-05 9.9973E-05 0.250761
9.9955E-05 9.9955E-05 9.9955E-05 9.9955E-05 0.103615 9.9955E-05 0.00461777 0.891267
9.9982E-05 0.126764 0.0436866 0.231385 0.450115 0.0257902 9.9982E-05 0.12206
0.489205 0.013489 9.9982E-05 0.314126 0.0437227 9.9982E-05 0.0112273 0.128031
9.9973E-05 0.0676111 0.00518974 9.9973E-05 0.0922851 9.9973E-05 0.00764219 0.826972
9.9955E-05 9.9955E-05 9.9955E-05 9.9955E-05 0.658667 0.0133494 9.9955E-05 0.327484
9.9973E-05 9.9973E-05 0.00545922 9.9973E-05 0.331974 0.00930059 0.000600249 0.652366
0.0211715 0.00763544 9.9964E-05 0.0329749 9.9964E-05 9.9964E-05 9.9964E-05 0.937818
9.9973E-05 0.595666 0.0405563 9.9973E-05 9.9973E-05 0.000210021 0.0191698 0.344098
9.9964E-05 0.0257234 9.9964E-05 0.232767 0.479922 9.9964E-05 9.9964E-05 0.261189
0.00240947 0.162539 0.0026453 0.202482 0.257772 9.9991E-05 0.0121203 0.359932
0.00928337 0.00589161 0.0157876 0.0397283 0.0283444 0.00680468 0.89406 9.9991E-05
9.9964E-05 0.0248187 0.00610647 0.0545161 9.9964E-05 9.9964E-05 9.9964E-05 0.914159
9.9946E-05 0.0230135 9.9946E-05 9.9946E-05 9.9946E-05 9.9946E-05 9.9946E-05 0.976387
9.9955E-05 9.9955E-05 9.9955E-05 9.9955E-05 0.130668 9.9955E-05 0.00405894 0.864774
9.99459E-05 9.99459E-05 0.988196 9.99459E-05 9.99459E-05 9.99459E-05 9.99459E-05 0.0112038
9.9955E-05 0.0782074 9.9955E-05 9.9955E-05 0.290278 9.9955E-05 9.9955E-05 0.631015
9.9955E-05 0.133074 9.9955E-05 0.662079 9.9955E-05 9.9955E-05 9.9955E-05 0.204347
0.133931 0.00353221 0.0051286 0.0655271 0.464548 0.00532677 9.9991E-05 0.321906
9.9946E-05 0.0157903 9.9946E-05 9.9946E-05 9.9946E-05 9.9946E-05 9.9946E-05 0.98361
0.0190772 0.0376623 9.9973E-05 0.068873 0.0346308 9.9973E-05 9.9973E-05 0.839457
0.000510642 9.9946E-05 9.9946E-05 9.9946E-05 9.9946E-05 9.9946E-05 9.9946E-05 0.99889
0.05847 0.0967977 9.9973E-05 0.601512 9.9973E-05 0.029804 9.9973E-05 0.213117
9.9973E-05 0.118885 0.039474 9.9973E-05 9.9973E-05 0.03193 0.792169 0.017242
0.0724716 0.218876 9.9973E-05 0.626677 9.9973E-05 9.9973E-05 0.00234555 0.0793307
0.142267 9.9973E-05 0.000280579 9.9973E-05 0.339854 0.0305683 9.9973E-05 0.48673
9.9955E-05 0.0307244 9.9955E-05 9.9955E-05 9.9955E-05 0.0191995 0.949576 9.9955E-05
9.9982E-05 0.04266 0.0362169 0.0478078 0.3264 9.9982E-05 0.015021 0.531694
0.416126 9.99549E-05 9.99549E-05 9.99549E-05 0.332927 9.99549E-05 9.99549E-05 0.250448
0.000557904 0.0711165 0.0174801 0.0107382 9.9991E-05 0.00671583 0.0057639 0.887528
9.9955E-05 9.9955E-05 9.9955E-05 0.00245878 9.9955E-05 0.0035189 9.9955E-05 0.993523
0.00571773 9.9964E-05 9.9964E-05 0.034124 9.9964E-05 0.0244153 9.9964E-05 0.935343
9.9964E-05 0.118326 9.9964E-05 0.180133 0.269566 9.9964E-05 9.9964E-05 0.431575
9.99459E-05 9.99459E-05 0.927686 9.99459E-05 9.99459E-05 9.99459E-05 9.99459E-05 0.0717143
9.9955E-05 9.9955E-05 9.9955E-05 9.9955E-05 0.0281681 0.00323823 9.9955E-05 0.968094
0.756278 0.0617712 0.00402668 0.0965569 9.9973E-05 9.9973E-05 9.9973E-05 0.0810669
0.0863148 0.0149517 9.9964E-05 9.9964E-05 0.531542 9.9964E-05 9.9964E-05 0.366791
9.99639E-05 9.99639E-05 0.973907 9.99639E-05 0.00862066 9.99639E-05 0.00999478 0.0070781
0.223039 9.99549E-05 9.99549E-05 0.648639 9.99549E-05 9.99549E-05 9.99549E-05 0.127823
9.9955E-05 0.892625 9.9955E-05 9.9955E-05 0.104699 9.9955E-05 0.00217545 9.9955E-05
0.142529 0.25057 0.0214382 0.101027 0.433086 9.9982E-05 9.9982E-05 0.0511492
9.9955E-05 9.9955E-05 0.91067 9.9955E-05 9.9955E-05 0.00144531 9.9955E-05 0.0873854
0.0823041 9.9955E-05 9.9955E-05 9.9955E-05 0.495598 9.9955E-05 9.9955E-05 0.421598
9.994E-05 9.994E-05 9.994E-05 9.994E-05 9.994E-05 9.994E-05 0.9993 9.994E-05
9.9964E-05 9.9964E-05 9.9964E-05 9.9964E-05 0.486628 0.00599025 0.00689583 0.500087
9.9955E-05 9.9955E-05 9.9955E-05 9.9955E-05 0.114078 0.00959881 9.9955E-05 0.875823
0.0139489 9.9946E-05 9.9946E-05 9.9946E-05 9.9946E-05 9.9946E-05 0.985451 9.9946E-05
9.9946E-05 9.9946E-05 9.9946E-05 9.9946E-05 0.182754 9.9946E-05 9.9946E-05 0.816647
0.0355716 0.0497447 0.0142848 9.9973E-05 9.9973E-05 0.890628 0.00947097 9.9973E-05
0.133999 0.117808 9.9982E-05 0.0472761 0.621043 0.00269329 9.9982E-05 0.0769805
9.9964E-05 0.0249765 0.0219831 9.9964E-05 0.060212 9.9964E-05 9.9964E-05 0.892429
0.00664658 0.137436 0.0768015 0.59325 9.9982E-05 9.9982E-05 0.00669052 0.178976
0.0398067 0.039078 9.9973E-05 9.9973E-05 0.241852 9.9973E-05 0.0158136 0.66315
9.9955E-05 0.0661978 9.9955E-05 9.9955E-05 9.9955E-05 0.0162548 0.917048 9.9955E-05
9.9964E-05 9.9964E-05 9.9964E-05 0.263506 0.564472 9.9964E-05 0.00556361 0.166059
