9.9982E-05 0.20775 0.79205 9.9982E-05
0.00718768 9.9982E-05 0.992612 9.9982E-05
9.9982E-05 9.9982E-05 0.982974 0.0168259
0.0161676 0.209282 0.77445 9.9991E-05
0.0249232 0.500274 0.402432 0.0723706
0.131251 0.28942 0.457016 0.122313
0.0161478 0.570655 0.358974 0.0542228
0.0511202 0.613175 0.31033 0.0253741
0.0253391 9.9991E-05 0.970885 0.00367623
9.9982E-05 0.0929376 0.906862 9.9982E-05
9.9982E-05 0.560336 0.439464 9.9982E-05
9.999E-05 0.687351 0.287457 0.0250928
9.9982E-05 0.534288 0.465512 9.9982E-05
0.147851 0.278115 0.449828 0.124205
9.9982E-05 0.264837 0.734963 9.9982E-05
0.0626434 0.273701 0.626246 0.0374092
9.9982E-05 0.651435 0.348365 9.9982E-05
0.474497 9.9991E-05 0.379652 0.14575
0.00748521 9.9982E-05 0.992315 9.9982E-05
0.0711304 0.554436 0.308203 0.066231
9.9991E-05 0.0179869 0.980993 0.000919982
9.9982E-05 0.596585 0.403215 9.9982E-05
9.9991E-05 0.499575 0.496491 0.00383367
9.9982E-05 0.0775185 9.9982E-05 0.922282
9.9982E-05 0.489322 0.510478 9.9982E-05
0.0322399 0.572907 0.389035 0.00581818
9.9982E-05 0.0121709 0.987629 9.9982E-05
9.9982E-05 0.0976492 0.902151 9.9982E-05
9.998E-05 9.998E-05 0.9997 9.998E-05
0.104006 0.357378 0.411091 0.127525
0.00615083 9.9982E-05 0.993649 9.9982E-05
9.9982E-05 9.9982E-05 0.997938 0.0018618
0.11469 0.378571 0.402404 0.104336
9.9982E-05 9.9982E-05 0.985321 0.0144791
0.0658674 0.526758 0.407275 9.9991E-05
9.9982E-05 0.224123 0.775677 9.9982E-05
0.0319726 0.684935 0.245458 0.037634
0.0890455 0.62485 0.207532 0.0785723
9.9991E-05 0.563288 0.402525 0.0340873
0.125533 0.397213 0.358778 0.118476
0.00740595 9.9991E-05 0.981076 0.0114184
9.9982E-05 0.0892456 0.910554 9.9982E-05
9.9982E-05 0.124779 0.875021 9.9982E-05
0.0215849 0.131386 0.843172 0.00385711
0.820389 9.9991E-05 0.0210757 0.158435
9.9991E-05 0.0561662 0.942088 0.00164607
9.9982E-05 0.0244988 0.975301 9.9982E-05
0.846134 9.9991E-05 0.0208213 0.132945
9.9982E-05 0.193276 0.806524 9.9982E-05
9.9982E-05 0.386099 0.613701 9.9982E-05
9.9982E-05 0.149036 0.850764 9.9982E-05
9.9982E-05 0.291491 0.708309 9.9982E-05
0.137414 0.012407 0.734575 0.115604
9.9991E-05 0.426914 0.494884 0.0781021
0.0580676 9.9991E-05 0.862972 0.0788603
9.9991E-05 0.00391532 0.994304 0.00168042
0.0133811 9.9982E-05 0.986419 9.9982E-05
9.9982E-05 0.143454 0.856346 9.9982E-05
9.9982E-05 0.116985 0.882815 9.9982E-05
9.9982E-05 0.000308994 0.999491 9.9982E-05
0.00173757 0.0799665 0.0032431 0.915053
0.00350405 9.9991E-05 0.990113 0.00628279
0.0281583 0.450039 0.488502 0.0333013
0.0046628 9.9982E-05 0.995137 9.9982E-05
0.0095794 9.9982E-05 0.990221 9.9982E-05
9.9982E-05 0.196191 0.803609 9.9982E-05
9.9982E-05 0.211886 0.787914 9.9982E-05
9.9991E-05 0.647889 0.33264 0.0193711
0.835124 9.9991E-05 0.0117135 0.153062
0.00807078 0.521048 0.449831 0.0210502
0.0536663 9.9991E-05 0.889876 0.0563572
9.9991E-05 0.0559891 0.931292 0.0126189
9.9982E-05 9.9982E-05 0.952203 0.0475968
9.998E-05 9.998E-05 0.9997 9.998E-05
0.0393112 9.9982E-05 0.960489 9.9982E-05
9.998E-05 9.998E-05 0.9997 9.998E-05
9.9991E-05 0.604864 0.36864 0.0263957
9.9982E-05 0.0205992 0.979201 9.9982E-05
0.0316687 0.119048 0.0791812 0.770102
9.9982E-05 0.268205 0.731595 9.9982E-05
9.9991E-05 0.0140334 0.985584 0.000282376
0.479822 0.0839905 0.241874 0.194314
0.154541 0.027051 0.694987 0.123422
0.0427975 0.388836 0.563818 0.00454887
0.013629 0.0810465 0.905225 9.9991E-05
9.9982E-05 9.9982E-05 0.980903 0.018897
0.9997 9.998E-05 9.998E-05 9.998E-05
9.9982E-05 0.276914 0.722886 9.9982E-05
9.9982E-05 0.250637 0.749163 9.9982E-05
9.9982E-05 0.601043 0.398757 9.9982E-05
9.9982E-05 0.641136 0.358664 9.9982E-05
9.9982E-05 0.678564 0.321236 9.9982E-05
9.9982E-05 9.9982E-05 0.986338 0.0134617
9.9982E-05 0.272673 0.727127 9.9982E-05
9.9982E-05 0.0263561 0.973444 9.9982E-05
9.9982E-05 0.395699 0.604101 9.9982E-05
0.136304 0.339476 0.40538 0.118839
0.00269903 9.9991E-05 0.972355 0.0248459
9.9991E-05 0.509642 0.418768 0.0714898
0.0174562 0.48468 0.497764 9.9991E-05
9.9982E-05 0.104011 9.9982E-05 0.895789
9.9982E-05 0.0100007 0.989799 9.9982E-05
9.998E-05 9.998E-05 0.9997 9.998E-05
0.00342603 0.706147 0.290327 9.9991E-05
0.807504 9.9991E-05 0.0625871 0.129809
9.9982E-05 0.725542 0.274258 9.9982E-05
9.9991E-05 0.098191 0.867385 0.0343235
0.00527331 9.9991E-05 0.957617 0.03701
9.9982E-05 0.660549 0.339251 9.9982E-05
0.846275 9.9991E-05 0.0165988 0.137026
0.0833956 0.0695474 0.0854558 0.761601
9.9982E-05 0.224101 0.775699 9.9982E-05
9.9982E-05 0.100778 0.899022 9.9982E-05
9.9982E-05 0.58313 0.41667 9.9982E-05
9.9982E-05 9.9982E-05 0.97041 0.0293897
0.0881104 0.566772 0.285323 0.0597951
0.555874 0.0487083 0.140657 0.254761
9.9991E-05 0.0280007 0.939179 0.0327201
9.9982E-05 0.297108 0.702692 9.9982E-05
9.998E-05 9.998E-05 9.998E-05 0.9997
9.9982E-05 0.0717901 0.92801 9.9982E-05
9.9982E-05 0.366433 0.633367 9.9982E-05
9.9982E-05 0.0658922 0.933908 9.9982E-05
0.0170767 0.572525 0.410298 9.9991E-05
0.0136581 0.569716 0.416526 9.9991E-05
0.0301985 0.558581 0.364464 0.0467565
0.10852 0.526527 0.316338 0.0486148
9.9991E-05 0.23522 0.760483 0.00419736
9.9991E-05 0.0137862 0.972262 0.0138519
9.9991E-05 0.155834 0.832399 0.0116666
0.792228 9.9991E-05 0.0662465 0.141426
9.9991E-05 0.00209107 0.953862 0.0439468
0.807902 9.9991E-05 0.0269663 0.165032
9.9982E-05 0.169789 0.830011 9.9982E-05
9.99819E-05 9.99819E-05 0.0391508 0.960649
9.9982E-05 0.747153 0.252647 9.9982E-05
0.0150082 0.653391 0.319782 0.0118196
0.0220834 0.633976 0.312894 0.0310466
9.9982E-05 0.286953 0.712847 9.9982E-05
0.0523982 0.514592 0.410588 0.0224216
0.0050282 9.9991E-05 0.988111 0.0067613
9.9982E-05 0.380818 0.618982 9.9982E-05
0.157126 0.114624 0.590042 0.138208
0.0316367 0.145249 0.815859 0.00725524
0.0108658 0.0603228 0.926299 0.00251236
9.9982E-05 9.9982E-05 0.0243484 0.975452
0.102883 0.366425 0.357497 0.173195
9.9982E-05 0.0217988 9.9982E-05 0.978001
9.9982E-05 0.18448 0.81532 9.9982E-05
0.116729 0.260633 0.478875 0.143762
0.12738 0.232049 0.484559 0.156011
0.0066717 0.127479 0.865749 9.9991E-05
9.998E-05 9.998E-05 0.9997 9.998E-05
0.816608 9.9991E-05 0.0151385 0.168153
0.101802 0.44748 0.265627 0.185092
9.9982E-05 0.160825 0.838975 9.9982E-05
0.12757 9.9991E-05 0.339339 0.532991
0.011199 9.9991E-05 0.98052 0.00818118
0.9997 9.998E-05 9.998E-05 9.998E-05
0.0326285 0.0402733 0.926998 9.9991E-05
0.731519 0.0283528 0.240028 9.9991E-05
9.9982E-05 0.676359 0.323441 9.9982E-05
0.00746123 9.9991E-05 0.965235 0.0272037
0.000527084 9.9982E-05 0.999273 9.9982E-05
0.105392 0.509825 0.284501 0.100282
0.0161193 9.9991E-05 0.944995 0.0387857
9.9982E-05 0.0277095 9.9982E-05 0.972091
9.9982E-05 9.9982E-05 0.996002 0.00379769
0.9997 9.998E-05 9.998E-05 9.998E-05
0.00646883 9.9982E-05 0.993331 9.9982E-05
9.9991E-05 0.598743 0.365667 0.0354907
0.0218634 0.445709 0.532328 9.9991E-05
0.0936974 0.49013 0.313574 0.102599
0.0933591 0.361831 0.48426 0.0605505
0.146914 0.351721 0.38325 0.118115
9.998E-05 9.998E-05 0.9997 9.998E-05
9.9991E-05 0.459843 0.519455 0.0206018
9.9982E-05 0.012526 0.987274 9.9982E-05
0.0452272 0.4092 0.44954 0.0960328
0.0363682 0.665045 0.268617 0.0299696
0.0153656 0.0249686 0.930705 0.0289604
9.9982E-05 0.3327 0.6671 9.9982E-05
9.9991E-05 0.138347 0.85939 0.00216296
9.9991E-05 0.00353322 0.984239 0.0121282
0.134899 0.0640594 0.635273 0.165768
0.0244933 0.445435 0.521899 0.00817325
0.0543135 0.334688 0.572457 0.0385417
0.94067 0.0591296 9.9982E-05 9.9982E-05
0.00793343 9.9991E-05 0.95123 0.0407365
9.998E-05 9.998E-05 0.9997 9.998E-05
0.0102988 0.0417543 0.947847 9.9991E-05
9.9982E-05 9.9982E-05 0.0199137 0.979886
9.9991E-05 0.170685 0.82253 0.00668472
0.0900255 0.425093 0.371866 0.113015
9.9982E-05 0.423648 0.576152 9.9982E-05
0.00929781 9.9982E-05 0.990502 9.9982E-05
0.00246877 0.0634763 0.902419 0.0316362
9.998E-05 9.998E-05 0.9997 9.998E-05
0.120624 0.470525 0.337344 0.0715067
0.882935 0.0270045 0.0691901 0.0208708
0.126085 0.517993 0.263529 0.0923925
9.9982E-05 0.314233 0.685567 9.9982E-05
0.9997 9.998E-05 9.998E-05 9.998E-05
0.0115504 0.203686 0.739388 0.0453752
9.9982E-05 0.523412 0.476388 9.9982E-05
0.0329315 9.9991E-05 0.924897 0.042072
9.998E-05 9.998E-05 0.9997 9.998E-05
0.0166042 9.9991E-05 0.972016 0.0112802
0.0216143 0.280986 0.666287 0.0311123
9.99819E-05 9.99819E-05 0.0492377 0.950562
9.998E-05 9.998E-05 0.9997 9.998E-05
9.9991E-05 0.70032 0.270246 0.0293332
9.9982E-05 0.378301 0.621499 9.9982E-05
9.9982E-05 9.9982E-05 0.0127467 0.987053
0.0381912 0.601657 0.276158 0.0839944
0.191017 0.217598 0.474616 0.116768
0.00849235 0.544348 0.40411 0.0430503
9.9982E-05 9.9982E-05 0.0700519 0.929748
9.9982E-05 0.34591 0.65389 9.9982E-05
0.9997 9.998E-05 9.998E-05 9.998E-05
9.9982E-05 0.27199 0.72781 9.9982E-05
0.0124642 9.9982E-05 0.987336 9.9982E-05
0.9997 9.998E-05 9.998E-05 9.998E-05
9.9982E-05 0.049369 0.950431 9.9982E-05
0.772825 9.9991E-05 0.069011 0.158064
9.9982E-05 0.58206 0.41774 9.9982E-05
9.9991E-05 0.00421153 0.9636 0.0320888
0.100343 0.408741 0.331328 0.159588
0.0109606 0.170271 0.818668 9.9991E-05
0.994987 9.9982E-05 0.00481308 9.9982E-05
9.9991E-05 0.497505 0.500317 0.0020783
