9.9955E-05 9.9955E-05 0.0111701 9.9955E-05 9.9955E-05 0.317408 0.014873 0.656049 9.9955E-05
9.9937E-05 9.9937E-05 9.9937E-05 9.9937E-05 9.9937E-05 9.9937E-05 0.0324418 0.966859 9.9937E-05
0.00809415 9.9955E-05 9.9955E-05 9.9955E-05 0.00983762 0.0272522 9.9955E-05 0.954316 9.9955E-05
9.997E-05 0.00527746 0.0124081 0.0914623 0.00735813 0.26367 9.997E-05 0.619524 9.997E-05
9.9973E-05 0.00228517 9.9973E-05 0.246903 0.0381335 0.337845 9.9973E-05 0.177657 0.196876
9.9964E-05 9.9964E-05 9.9964E-05 0.283616 0.00284407 9.9964E-05 0.523195 0.178347 0.0115989
0.0440175 9.9955E-05 9.9955E-05 9.9955E-05 9.9955E-05 0.0562886 9.9955E-05 0.175972 0.723222
0.0630756 9.9955E-05 9.9955E-05 0.431447 9.9955E-05 0.420381 0.0845965 9.9955E-05 9.9955E-05
0.0389557 0.00549824 0.0193001 0.00294751 0.00805275 9.9982E-05 0.00742717 0.917619 9.9982E-05
9.9937E-05 9.9937E-05 9.9937E-05 9.9937E-05 9.9937E-05 0.241815 9.9937E-05 0.757485 9.9937E-05
0.215186 9.9973E-05 0.0199477 9.9973E-05 9.9973E-05 0.474879 0.0524514 0.17112 0.0661164
9.9946E-05 9.9946E-05 9.9946E-05 9.9946E-05 9.9946E-05 0.594682 9.9946E-05 0.0204399 0.384278
0.157715 9.9955E-05 9.9955E-05 0.1364 9.9955E-05 0.511585 9.9955E-05 0.1938 9.9955E-05
0.000834939 9.99549E-05 9.99549E-05 0.0942162 9.99549E-05 0.0327249 0.871724 9.99549E-05 9.99549E-05
9.9955E-05 0.00426228 0.00216047 9.9955E-05 9.9955E-05 0.470949 9.9955E-05 0.522128 9.9955E-05
9.9973E-05 9.9973E-05 0.00845634 0.0945148 9.9973E-05 0.0959535 0.109596 0.499591 0.191588
0.680531 9.9973E-05 9.9973E-05 9.9973E-05 0.00220645 0.0659346 0.0507415 0.126852 0.0734348
9.99549E-05 0.0190521 0.404927 9.99549E-05 9.99549E-05 9.99549E-05 0.456837 0.118684 9.99549E-05
9.994E-05 0.00236771 9.994E-05 9.994E-05 9.994E-05 9.994E-05 9.994E-05 0.970057 0.0269752
0.213531 0.0246709 0.00933094 0.147025 0.0158756 0.133795 0.0496625 0.114903 0.291206
9.9946E-05 9.9946E-05 9.9946E-05 0.0181107 9.9946E-05 0.0552598 9.9946E-05 0.92603 9.9946E-05
0.26158 9.9964E-05 9.9964E-05 9.9964E-05 0.0171295 0.509135 9.9964E-05 0.161761 0.0499955
9.9964E-05 9.9964E-05 9.9964E-05 0.0367628 0.0134586 0.614268 9.9964E-05 0.23848 0.0966311
9.9955E-05 9.9955E-05 0.00983611 0.0223935 0.900056 0.0672151 9.9955E-05 9.9955E-05 9.9955E-05
0.192977 0.00357628 9.9964E-05 9.9964E-05 0.0295474 0.487831 9.9964E-05 0.285669 9.9964E-05
0.279776 9.9964E-05 9.9964E-05 0.276534 9.9964E-05 0.16589 9.9964E-05 0.19446 0.08294
9.9946E-05 9.9946E-05 0.0110398 9.9946E-05 9.9946E-05 0.109977 9.9946E-05 0.878383 9.9946E-05
9.9937E-05 9.9937E-05 9.9937E-05 9.9937E-05 9.9937E-05 0.228044 9.9937E-05 0.771256 9.9937E-05
0.00694008 9.9955E-05 9.9955E-05 9.9955E-05 9.9955E-05 0.00363511 9.9955E-05 0.988771 0.000153951
9.9964E-05 9.9964E-05 9.9964E-05 0.170761 9.9964E-05 0.118716 0.564753 0.077701 0.067669
9.9946E-05 9.9946E-05 9.9946E-05 0.00117416 9.9946E-05 9.9946E-05 9.9946E-05 0.957899 0.0403271
9.9946E-05 9.9946E-05 9.9946E-05 0.00518453 9.9946E-05 9.9946E-05 9.9946E-05 0.972887 0.0213291
0.0074715 9.9955E-05 9.9955E-05 0.631653 9.9955E-05 9.9955E-05 0.195473 0.164903 9.9955E-05
0.0044529 9.9964E-05 9.9964E-05 0.00238553 0.0115954 9.9964E-05 0.00312453 0.978042 9.9964E-05
0.206141 0.0107501 9.998E-05 0.154081 9.998E-05 0.12935 0.0776445 0.201934 0.2199
9.9937E-05 9.9937E-05 9.9937E-05 9.9937E-05 9.9937E-05 0.410224 9.9937E-05 0.589076 9.9937E-05
9.99459E-05 0.0221426 9.99459E-05 9.99459E-05 9.99459E-05 0.359368 9.99459E-05 9.99459E-05 0.61789
0.218632 9.99549E-05 9.99549E-05 0.763708 0.00884811 9.99549E-05 9.99549E-05 0.00831261 9.99549E-05
9.996E-05 9.996E-05 9.996E-05 0.169967 0.0350821 0.571633 9.996E-05 0.149401 0.0735172
9.9973E-05 9.9973E-05 0.00530523 0.0001354 9.9973E-05 0.110309 0.490905 0.0351121 0.357934
9.9955E-05 0.00426732 9.9955E-05 9.9955E-05 0.0193666 9.9955E-05 0.00897614 0.96689 9.9955E-05
0.042759 9.9946E-05 9.9946E-05 9.9946E-05 9.9946E-05 0.154793 9.9946E-05 0.801848 9.9946E-05
9.9964E-05 0.00396423 0.00092861 9.9964E-05 0.000842688 0.223961 9.9964E-05 0.769904 9.9964E-05
9.9964E-05 9.9964E-05 0.0247041 0.0678119 9.9964E-05 0.18676 0.00341446 0.716909 9.9964E-05
9.9937E-05 9.9937E-05 0.993195 0.00610512 9.9937E-05 9.9937E-05 9.9937E-05 9.9937E-05 9.9937E-05
0.0545888 9.9955E-05 9.9955E-05 0.0232164 9.9955E-05 9.9955E-05 9.9955E-05 0.88234 0.0393553
9.9937E-05 9.9937E-05 9.9937E-05 9.9937E-05 9.9937E-05 0.122184 9.9937E-05 0.877117 9.9937E-05
9.993E-05 9.993E-05 0.999201 9.993E-05 9.993E-05 9.993E-05 9.993E-05 9.993E-05 9.993E-05
9.99369E-05 9.99369E-05 9.99369E-05 9.99369E-05 9.99369E-05 0.390806 9.99369E-05 0.608495 9.99369E-05
0.0953532 0.00214775 9.9964E-05 9.9964E-05 9.9964E-05 0.481955 0.0683277 0.351816 9.9964E-05
9.9937E-05 9.9937E-05 9.9937E-05 9.9937E-05 9.9937E-05 0.29947 9.9937E-05 0.699831 9.9937E-05
0.000932612 9.9964E-05 9.9964E-05 0.00802181 0.00797512 0.440223 9.9964E-05 0.542447 9.9964E-05
9.99549E-05 9.99549E-05 0.0186819 9.99549E-05 0.00217496 9.99549E-05 0.529227 0.449416 9.99549E-05
0.00736167 9.9982E-05 9.9982E-05 0.159352 0.0280404 0.433732 0.0829646 0.252876 0.0354737
9.99549E-05 0.0087583 9.99549E-05 9.99549E-05 0.0223387 9.99549E-05 0.225444 0.74296 9.99549E-05
9.9946E-05 9.9946E-05 0.0108644 9.9946E-05 9.9946E-05 0.0710487 9.9946E-05 0.917487 9.9946E-05
0.0241599 9.9946E-05 0.00102027 9.9946E-05 9.9946E-05 9.9946E-05 9.9946E-05 0.97422 9.9946E-05
9.9964E-05 9.9964E-05 0.000867757 9.9964E-05 0.00547648 0.229155 0.025878 0.738223 9.9964E-05
9.9937E-05 9.9937E-05 9.9937E-05 9.9937E-05 9.9937E-05 0.250517 9.9937E-05 0.748783 9.9937E-05
0.00120215 9.9946E-05 9.9946E-05 9.9946E-05 9.9946E-05 0.0371534 9.9946E-05 0.961045 9.9946E-05
0.000433671 0.0127567 9.996E-05 9.996E-05 0.816426 9.996E-05 0.0570066 9.996E-05 0.112977
0.0160358 0.0102547 9.9955E-05 9.9955E-05 0.00493171 9.9955E-05 9.9955E-05 0.968278 9.9955E-05
9.9955E-05 0.0144162 9.9955E-05 9.9955E-05 9.9955E-05 0.56366 0.243731 0.177693 9.9955E-05
9.9955E-05 9.9955E-05 0.00704073 9.9955E-05 9.9955E-05 0.0189834 9.9955E-05 0.969641 0.00383543
9.9937E-05 0.00731473 9.9937E-05 9.9937E-05 9.9937E-05 9.9937E-05 9.9937E-05 0.991986 9.9937E-05
9.9946E-05 9.9946E-05 0.00730995 9.9946E-05 9.9946E-05 0.340932 9.9946E-05 0.651158 9.9946E-05
0.0157794 9.9946E-05 9.9946E-05 9.9946E-05 9.9946E-05 0.333937 9.9946E-05 0.649683 9.9946E-05
0.316119 9.9955E-05 9.9955E-05 9.9955E-05 9.9955E-05 0.249221 9.9955E-05 0.107454 0.326705
9.993E-05 9.993E-05 0.999201 9.993E-05 9.993E-05 9.993E-05 9.993E-05 9.993E-05 9.993E-05
9.995E-05 9.995E-05 9.995E-05 0.387724 0.00673685 0.428928 9.995E-05 0.176112 9.995E-05
9.99549E-05 0.0107586 9.99549E-05 9.99549E-05 0.0257627 9.99549E-05 0.187435 0.775544 9.99549E-05
9.9964E-05 0.00672463 0.00171975 9.9964E-05 0.0151047 0.176669 9.9964E-05 0.799382 9.9964E-05
9.9946E-05 9.9946E-05 9.9946E-05 9.9946E-05 0.0341918 9.9946E-05 0.0175011 0.947708 9.9946E-05
9.9946E-05 0.00328608 9.9946E-05 9.9946E-05 0.00046496 9.9946E-05 9.9946E-05 0.995649 9.9946E-05
9.9964E-05 0.00362635 0.0227751 9.9964E-05 9.9964E-05 9.9964E-05 0.00201778 0.928495 0.0426861
0.0039021 0.00949902 0.00189015 9.9964E-05 9.9964E-05 0.0221454 9.9964E-05 0.962163 9.9964E-05
0.234114 9.9964E-05 9.9964E-05 9.9964E-05 9.9964E-05 0.309006 0.209949 0.0746025 0.171929
0.023672 9.9955E-05 9.9955E-05 9.9955E-05 9.9955E-05 0.0097959 9.9955E-05 0.955419 0.0106134
9.9955E-05 9.9955E-05 0.00881166 9.9955E-05 0.668549 9.9955E-05 0.14604 9.9955E-05 0.176099
0.0093333 9.996E-05 9.996E-05 9.996E-05 0.0141244 0.400851 0.00866808 0.566623 9.996E-05
9.9946E-05 9.9946E-05 0.00656081 9.9946E-05 9.9946E-05 0.0854995 9.9946E-05 0.90734 9.9946E-05
0.013708 0.0603493 0.361407 9.997E-05 0.0192494 9.997E-05 0.542749 0.00223772 9.997E-05
9.9946E-05 9.9946E-05 0.0195881 9.9946E-05 9.9946E-05 9.9946E-05 0.59587 0.383943 9.9946E-05
9.9964E-05 9.9964E-05 9.9964E-05 0.177306 9.9964E-05 0.299656 0.154497 0.310745 0.0573967
9.9955E-05 9.9955E-05 0.00651434 9.9955E-05 9.9955E-05 0.169292 0.0343904 0.789303 9.9955E-05
9.9955E-05 9.9955E-05 9.9955E-05 9.9955E-05 0.00930747 9.9955E-05 0.0308315 0.954134 0.00522703
9.993E-05 0.999201 9.993E-05 9.993E-05 9.993E-05 9.993E-05 9.993E-05 9.993E-05 9.993E-05
9.99459E-05 9.99459E-05 0.0129902 9.99459E-05 9.99459E-05 0.451359 9.99459E-05 0.535051 9.99459E-05
9.99369E-05 9.99369E-05 9.99369E-05 9.99369E-05 9.99369E-05 0.435507 9.99369E-05 0.563793 9.99369E-05
0.155154 9.995E-05 9.995E-05 0.200195 9.995E-05 0.475326 9.995E-05 0.168825 9.995E-05
0.0734645 0.00680483 9.997E-05 9.997E-05 0.00625522 0.634901 9.997E-05 0.0936068 0.184668
0.542325 9.9955E-05 9.9955E-05 9.9955E-05 9.9955E-05 0.354317 9.9955E-05 0.0981227 0.00473568
9.9946E-05 9.9946E-05 9.9946E-05 9.9946E-05 0.00226167 9.9946E-05 0.0251787 0.97196 9.9946E-05
9.9937E-05 9.9937E-05 9.9937E-05 9.9937E-05 9.9937E-05 0.452572 9.9937E-05 0.546728 9.9937E-05
9.9937E-05 9.9937E-05 9.9937E-05 9.9937E-05 9.9937E-05 0.106427 9.9937E-05 0.892874 9.9937E-05
9.9946E-05 9.9946E-05 9.9946E-05 9.9946E-05 9.9946E-05 0.593831 0.0575901 0.347979 9.9946E-05
9.9955E-05 9.9955E-05 9.9955E-05 0.233271 9.9955E-05 9.9955E-05 0.496967 0.0838047 0.185458
9.9955E-05 9.9955E-05 9.9955E-05 0.0109445 0.00791685 9.9955E-05 0.023874 0.956765 9.9955E-05
9.995E-05 9.995E-05 9.995E-05 9.995E-05 0.0291692 0.421439 9.995E-05 0.215451 0.33344
9.9964E-05 0.00186689 0.00492088 0.260668 9.9964E-05 0.463646 9.9964E-05 0.268499 9.9964E-05
9.99461E-05 9.99461E-05 0.012242 9.99461E-05 0.858315 9.99461E-05 9.99461E-05 9.99461E-05 0.128843
0.0125048 9.9964E-05 0.0025741 9.9964E-05 9.9964E-05 0.00976655 9.9964E-05 0.935154 0.0396003
9.993E-05 9.993E-05 9.993E-05 9.993E-05 9.993E-05 9.993E-05 9.993E-05 0.999201 9.993E-05
0.318485 9.997E-05 0.0103562 0.194436 9.997E-05 0.438642 9.997E-05 0.0109942 0.0267863
9.993E-05 9.993E-05 0.999201 9.993E-05 9.993E-05 9.993E-05 9.993E-05 9.993E-05 9.993E-05
0.986599 9.99459E-05 0.00275893 9.99459E-05 9.99459E-05 9.99459E-05 9.99459E-05 0.0100428 9.99459E-05
9.9946E-05 9.9946E-05 9.9946E-05 9.9946E-05 0.0379155 0.211466 9.9946E-05 0.750019 9.9946E-05
9.9955E-05 0.00351302 9.9955E-05 9.9955E-05 0.0227598 9.9955E-05 0.0350728 0.938155 9.9955E-05
0.400067 9.9973E-05 0.00114395 9.9973E-05 0.0087712 0.475674 9.9973E-05 0.109087 0.00495685
9.993E-05 9.993E-05 0.999201 9.993E-05 9.993E-05 9.993E-05 9.993E-05 9.993E-05 9.993E-05
9.995E-05 9.995E-05 0.0120933 0.0333052 0.623011 9.995E-05 0.331091 9.995E-05 9.995E-05
0.0100258 9.9955E-05 9.9955E-05 9.9955E-05 9.9955E-05 0.251069 9.9955E-05 0.663573 0.0748329
9.9937E-05 9.9937E-05 9.9937E-05 9.9937E-05 9.9937E-05 0.256066 9.9937E-05 0.743234 9.9937E-05
0.157254 9.9955E-05 9.9955E-05 9.9955E-05 9.9955E-05 0.552786 9.9955E-05 0.172511 0.11695
9.9955E-05 9.9955E-05 9.9955E-05 0.0098758 0.0284564 9.9955E-05 0.00317481 0.957993 9.9955E-05
0.274036 9.997E-05 0.0273904 0.18298 9.997E-05 0.124458 0.302585 9.997E-05 0.0882513
9.9964E-05 0.0823398 0.486361 9.9964E-05 0.121102 0.0135975 0.296199 9.9964E-05 9.9964E-05
0.00939096 0.00214674 9.9964E-05 9.9964E-05 0.0375241 0.0808341 9.9964E-05 0.869704 9.9964E-05
0.0890947 9.99459E-05 9.99459E-05 9.99459E-05 9.99459E-05 0.372154 9.99459E-05 0.538152 9.99459E-05
9.993E-05 9.993E-05 9.993E-05 9.993E-05 0.999201 9.993E-05 9.993E-05 9.993E-05 9.993E-05
0.050883 9.9955E-05 0.00521216 9.9955E-05 9.9955E-05 0.0962474 9.9955E-05 0.847158 9.9955E-05
9.9937E-05 9.9937E-05 9.9937E-05 9.9937E-05 9.9937E-05 0.603331 9.9937E-05 0.395969 9.9937E-05
9.9937E-05 9.9937E-05 9.9937E-05 9.9937E-05 9.9937E-05 0.190086 9.9937E-05 0.809214 9.9937E-05
0.766235 0.00443018 9.9946E-05 9.9946E-05 9.9946E-05 9.9946E-05 9.9946E-05 0.228735 9.9946E-05
0.115926 9.9955E-05 9.9955E-05 0.307529 9.9955E-05 0.401188 9.9955E-05 0.174858 9.9955E-05
0.13576 9.997E-05 9.997E-05 0.250198 0.000336745 0.333294 0.162522 0.11759 9.997E-05
0.423641 9.99459E-05 9.99459E-05 9.99459E-05 9.99459E-05 9.99459E-05 0.55632 9.99459E-05 0.019439
9.9946E-05 9.9946E-05 9.9946E-05 9.9946E-05 0.00913488 0.418595 9.9946E-05 0.57167 9.9946E-05
9.9955E-05 9.9955E-05 0.0111263 9.9955E-05 0.00542136 0.0996894 9.9955E-05 0.883263 9.9955E-05
9.99549E-05 9.99549E-05 0.0275223 9.99549E-05 0.0195026 0.309801 9.99549E-05 0.642674 9.99549E-05
0.0117475 0.0601211 0.839081 9.995E-05 9.995E-05 9.995E-05 0.0885509 9.995E-05 9.995E-05
0.000937589 9.997E-05 9.997E-05 9.997E-05 0.0242192 0.0291291 0.0682903 0.854594 0.0225294
9.9964E-05 0.0124061 0.949717 0.0287816 0.00678774 0.00190755 9.9964E-05 9.9964E-05 9.9964E-05
9.9946E-05 9.9946E-05 9.9946E-05 9.9946E-05 0.000146136 0.318801 9.9946E-05 0.680453 9.9946E-05
9.99369E-05 9.99369E-05 9.99369E-05 9.99369E-05 0.952644 9.99369E-05 9.99369E-05 0.0466563 9.99369E-05
0.565161 9.99639E-05 9.99639E-05 9.99639E-05 0.0126727 0.396336 0.00124833 0.024182 9.99639E-05
0.497092 0.0132391 9.9964E-05 9.9964E-05 9.9964E-05 0.0427801 9.9964E-05 0.0936779 0.352811
0.344166 0.036613 9.998E-05 0.164642 0.0289004 0.33437 9.998E-05 0.0490959 0.042013
9.9946E-05 9.9946E-05 9.9946E-05 0.0803325 9.9946E-05 0.403978 9.9946E-05 0.51509 9.9946E-05
9.9964E-05 9.9964E-05 0.0223016 0.32434 9.9964E-05 0.313751 9.9964E-05 0.20429 0.134917
9.9964E-05 9.9964E-05 0.00277527 9.9964E-05 0.000632606 0.0318283 0.00394115 0.960423 9.9964E-05
0.0295435 0.00520264 9.997E-05 9.997E-05 0.0160174 0.561765 0.0365542 0.350618 9.997E-05
9.99459E-05 9.99459E-05 9.99459E-05 9.99459E-05 9.99459E-05 9.99459E-05 0.753376 0.223881 0.0221432
9.998E-05 0.000646931 0.0140758 0.0429631 9.998E-05 0.106478 0.0136462 0.737581 0.0844087
9.99622E-05 0.00919519 9.99622E-05 9.99622E-05 9.99622E-05 0.140476 0.0346792 0.81515 9.99622E-05
9.99459E-05 9.99459E-05 0.00120951 9.99459E-05 0.964758 9.99459E-05 9.99459E-05 0.0334331 9.99459E-05
9.996E-05 9.996E-05 9.996E-05 0.378571 0.0495007 9.996E-05 0.258106 0.126605 0.186817
0.00116733 9.99551E-05 9.99551E-05 0.00435007 0.992518 0.00146501 9.99551E-05 9.99551E-05 9.99551E-05
9.9946E-05 9.9946E-05 9.9946E-05 9.9946E-05 0.0128369 0.324011 9.9946E-05 0.662553 9.9946E-05
0.00794816 9.997E-05 9.997E-05 9.997E-05 0.00942629 0.122629 0.721864 0.105934 0.0318981
9.996E-05 9.996E-05 9.996E-05 0.1721 0.020483 9.996E-05 0.519509 0.196015 0.0914933
0.0242237 9.9955E-05 0.0221738 9.9955E-05 9.9955E-05 0.234552 9.9955E-05 0.718551 9.9955E-05
0.000568011 9.995E-05 9.995E-05 9.995E-05 9.995E-05 0.00821818 9.995E-05 0.978609 0.0121051
9.9937E-05 9.9937E-05 0.98128 9.9937E-05 0.0180201 9.9937E-05 9.9937E-05 9.9937E-05 9.9937E-05
0.0236304 9.995E-05 9.995E-05 9.995E-05 0.0179099 9.995E-05 0.395578 9.995E-05 0.562382
9.995E-05 9.995E-05 0.0013873 0.00918589 9.995E-05 0.287277 9.995E-05 0.70165 9.995E-05
9.99639E-05 0.00824088 0.0222668 9.99639E-05 0.39433 9.99639E-05 0.539062 0.0357007 9.99639E-05
9.9955E-05 9.9955E-05 0.000697618 0.0104277 9.9955E-05 9.9955E-05 0.0197615 0.968613 9.9955E-05
9.993E-05 0.999201 9.993E-05 9.993E-05 9.993E-05 9.993E-05 9.993E-05 9.993E-05 9.993E-05
0.000368676 0.00206067 0.0114378 9.997E-05 9.997E-05 0.0751846 0.0656796 0.844969 9.997E-05
9.995E-05 0.599884 0.0135872 9.995E-05 9.995E-05 9.995E-05 0.325829 0.0601999 9.995E-05
0.422193 0.00398051 0.0180548 0.0510109 0.0179512 0.426314 9.9982E-05 0.0602953 9.9982E-05
9.9946E-05 0.00201671 9.9946E-05 9.9946E-05 9.9946E-05 9.9946E-05 9.9946E-05 0.949845 0.0475386
9.9946E-05 0.00139046 9.9946E-05 0.0190874 9.9946E-05 9.9946E-05 9.9946E-05 0.978922 9.9946E-05
9.99639E-05 0.015733 0.0189151 0.00199279 9.99639E-05 9.99639E-05 9.99639E-05 0.117733 0.845227
9.996E-05 9.996E-05 9.996E-05 0.0104912 0.00380115 9.996E-05 0.0705375 0.906115 0.00865509
0.0153616 9.99461E-05 9.99461E-05 9.99461E-05 0.97365 9.99461E-05 9.99461E-05 9.99461E-05 0.0103891
9.9955E-05 9.9955E-05 0.00567379 9.9955E-05 0.00742158 9.9955E-05 9.9955E-05 0.970962 0.0154425
9.993E-05 0.999201 9.993E-05 9.993E-05 9.993E-05 9.993E-05 9.993E-05 9.993E-05 9.993E-05
0.00720038 0.000219045 9.9955E-05 9.9955E-05 9.9955E-05 9.9955E-05 0.00217214 0.989909 9.9955E-05
9.996E-05 9.996E-05 9.996E-05 9.996E-05 0.00380364 0.60138 0.117758 0.0655537 0.211105
9.997E-05 0.00857481 0.00240181 0.127543 9.997E-05 0.418929 9.997E-05 0.312578 0.129674
0.125953 9.9955E-05 9.9955E-05 0.617722 9.9955E-05 9.9955E-05 0.179219 0.0766056 9.9955E-05
9.9973E-05 0.00883758 0.00945188 0.606142 0.000132679 0.0616444 9.9973E-05 0.313492 9.9973E-05
9.99639E-05 9.99639E-05 0.0583195 0.146204 9.99639E-05 9.99639E-05 0.223387 0.160356 0.411334
9.9946E-05 9.9946E-05 0.000976922 0.0041584 9.9946E-05 9.9946E-05 9.9946E-05 0.994265 9.9946E-05
0.0392497 9.997E-05 0.000362411 9.997E-05 0.0510035 0.509429 9.997E-05 0.316166 0.0834888
9.9946E-05 0.00737306 9.9946E-05 9.9946E-05 9.9946E-05 0.0851725 9.9946E-05 0.906855 9.9946E-05
9.998E-05 9.998E-05 0.0293274 0.0162026 0.0406244 0.352466 0.106007 0.200617 0.254556
0.755105 9.9946E-05 9.9946E-05 9.9946E-05 0.00490593 9.9946E-05 0.23939 9.9946E-05 9.9946E-05
9.9973E-05 0.00448115 9.9973E-05 0.0294495 0.0142556 0.0481522 0.0398084 0.863553 9.9973E-05
9.994E-05 9.994E-05 0.0113362 9.994E-05 9.994E-05 0.553395 9.994E-05 0.434669 9.994E-05
9.99549E-05 9.99549E-05 0.010019 9.99549E-05 0.00652361 0.296882 9.99549E-05 0.686076 9.99549E-05
0.00406672 9.9955E-05 9.9955E-05 9.9955E-05 9.9955E-05 9.9955E-05 0.0275197 0.920312 0.0476021
9.9955E-05 0.00383762 9.9955E-05 9.9955E-05 0.0365885 9.9955E-05 0.651946 0.307128 9.9955E-05
9.997E-05 0.0035841 0.00658014 0.245816 9.997E-05 0.408414 9.997E-05 0.287855 0.0474499
9.9982E-05 0.0210083 0.000222755 0.18573 9.9982E-05 0.244296 0.0693215 0.402489 0.0767317
0.0167205 0.903001 0.0128364 0.0233392 0.0417062 0.00209655 9.9973E-05 9.9973E-05 9.9973E-05
9.9955E-05 9.9955E-05 9.9955E-05 0.0208531 9.9955E-05 9.9955E-05 0.0568733 0.912583 0.0091908
9.9937E-05 9.9937E-05 9.9937E-05 9.9937E-05 9.9937E-05 9.9937E-05 0.0209678 0.978333 9.9937E-05
9.9955E-05 0.00768821 0.00689961 9.9955E-05 9.9955E-05 0.113347 9.9955E-05 0.871565 9.9955E-05
9.99369E-05 9.99369E-05 9.99369E-05 9.99369E-05 0.967638 9.99369E-05 9.99369E-05 0.0316629 9.99369E-05
9.9955E-05 0.00524152 9.9955E-05 9.9955E-05 9.9955E-05 0.253277 0.0585519 0.68243 9.9955E-05
9.9955E-05 9.9955E-05 9.9955E-05 0.735322 9.9955E-05 9.9955E-05 0.0571635 0.16028 0.0467344
0.214374 9.9973E-05 0.00384357 0.0725685 0.012047 0.331742 9.9973E-05 0.365126 9.9973E-05
9.9946E-05 0.000678916 9.9946E-05 9.9946E-05 9.9946E-05 9.9946E-05 0.0181509 0.980571 9.9946E-05
0.00187016 9.9964E-05 9.9964E-05 9.9964E-05 9.9964E-05 0.0168934 0.0386429 0.857406 0.0847875
9.993E-05 9.993E-05 9.993E-05 9.993E-05 9.993E-05 9.993E-05 9.993E-05 0.999201 9.993E-05
9.995E-05 9.995E-05 0.0321161 0.650605 9.995E-05 9.995E-05 9.995E-05 0.117192 0.199587
9.9964E-05 0.761631 0.0298067 9.9964E-05 0.0436703 9.9964E-05 0.149989 0.0145032 9.9964E-05
0.196935 9.995E-05 9.995E-05 0.155423 9.995E-05 9.995E-05 0.422209 9.995E-05 0.224933
0.119119 9.9964E-05 0.0234037 0.0334459 9.9964E-05 0.318422 9.9964E-05 0.50521 9.9964E-05
9.9946E-05 0.923418 0.0126486 9.9946E-05 9.9946E-05 9.9946E-05 0.0633333 9.9946E-05 9.9946E-05
9.997E-05 0.0016841 9.997E-05 0.0432568 0.0264308 0.302236 0.0786873 0.547405 9.997E-05
0.34751 9.995E-05 9.995E-05 9.995E-05 9.995E-05 0.3735 9.995E-05 0.267395 0.0110955
0.0151402 9.9982E-05 0.0173672 0.00285454 0.0171785 9.9982E-05 0.0521428 0.871852 0.0232647
9.9937E-05 9.9937E-05 0.00208124 9.9937E-05 9.9937E-05 9.9937E-05 9.9937E-05 0.997219 9.9937E-05
9.9955E-05 9.9955E-05 0.010837 0.0609673 9.9955E-05 9.9955E-05 9.9955E-05 0.923164 0.00453191
9.996E-05 9.996E-05 9.996E-05 0.156989 9.996E-05 0.191744 0.0452316 0.471215 0.13442
9.99369E-05 9.99369E-05 9.99369E-05 9.99369E-05 0.952842 9.99369E-05 9.99369E-05 0.0464585 9.99369E-05
9.9946E-05 9.9946E-05 0.00595612 9.9946E-05 9.9946E-05 0.0439811 9.9946E-05 0.949463 9.9946E-05
0.322055 9.9955E-05 9.9955E-05 9.9955E-05 9.9955E-05 0.201994 9.9955E-05 0.0659149 0.409536
9.9946E-05 9.9946E-05 9.9946E-05 0.0721563 9.9946E-05 0.521492 9.9946E-05 0.405752 9.9946E-05
9.99549E-05 0.0108486 9.99549E-05 0.01532 0.96148 9.99549E-05 9.99549E-05 0.0118519 9.99549E-05
0.0496428 9.99549E-05 9.99549E-05 9.99549E-05 9.99549E-05 0.0489233 9.99549E-05 0.083891 0.817043
9.9937E-05 9.9937E-05 9.9937E-05 9.9937E-05 9.9937E-05 0.0853874 0.913913 9.9937E-05 9.9937E-05
9.9973E-05 9.9973E-05 9.9973E-05 0.0718809 0.0418647 0.398938 0.0652465 0.132511 0.289259
9.9937E-05 9.9937E-05 9.9937E-05 9.9937E-05 0.924055 9.9937E-05 9.9937E-05 0.0752454 9.9937E-05
0.0934088 9.9946E-05 9.9946E-05 9.9946E-05 9.9946E-05 0.4497 9.9946E-05 0.456292 9.9946E-05
9.993E-05 0.999201 9.993E-05 9.993E-05 9.993E-05 9.993E-05 9.993E-05 9.993E-05 9.993E-05
9.996E-05 0.00734272 0.00531301 0.0163672 9.996E-05 0.421028 9.996E-05 0.549549 9.996E-05
0.00675765 9.9955E-05 0.0129114 9.9955E-05 9.9955E-05 0.0835593 9.9955E-05 0.896272 9.9955E-05
9.993E-05 0.999201 9.993E-05 9.993E-05 9.993E-05 9.993E-05 9.993E-05 9.993E-05 9.993E-05
9.9937E-05 9.9937E-05 9.9937E-05 9.9937E-05 9.9937E-05 0.150152 9.9937E-05 0.849148 9.9937E-05
0.0544855 0.00164518 0.89225 9.997E-05 0.0158774 9.997E-05 0.0289929 0.00644916 9.997E-05
9.997E-05 9.997E-05 0.000316466 0.0421965 9.997E-05 0.59931 0.0221649 0.157586 0.178127
9.9955E-05 9.9955E-05 9.9955E-05 9.9955E-05 0.0183689 0.045462 0.0394523 0.896217 9.9955E-05
9.997E-05 0.00377534 9.997E-05 0.0460608 0.0470346 9.997E-05 0.249277 0.148774 0.504779
0.0308981 0.0104524 0.000493499 9.9973E-05 9.9973E-05 0.223251 0.0603895 0.674216 9.9973E-05
9.9946E-05 0.91809 0.0165133 9.9946E-05 9.9946E-05 9.9946E-05 0.064797 9.9946E-05 9.9946E-05
0.0706622 0.014596 9.998E-05 0.0548811 0.00321623 0.475146 9.998E-05 0.247862 0.133436
