0.649032 0.0202491 0.0133875 9.99757E-05 0.00130924 9.99757E-05 0.315722 9.99757E-05
0.952789 9.9955E-05 9.9955E-05 9.9955E-05 0.0416356 9.9955E-05 9.9955E-05 0.00507595
0.947693 9.9964E-05 9.9964E-05 0.00934535 0.0128976 9.9964E-05 0.0296642 9.9964E-05
0.608911 9.9982E-05 0.00836085 9.9982E-05 0.0334687 0.0059498 0.300379 0.0427314
0.160562 9.9964E-05 9.9964E-05 0.0275284 9.9964E-05 9.9964E-05 0.404719 0.40679
0.105679 9.9964E-05 9.9964E-05 9.9964E-05 0.646441 9.9964E-05 0.0625513 0.184929
0.173657 0.331655 9.9964E-05 9.9964E-05 9.9964E-05 9.9964E-05 0.0285134 0.465774
9.9964E-05 0.0168719 9.9964E-05 9.9964E-05 0.22689 9.9964E-05 0.577119 0.178719
0.919429 0.0217016 0.0078359 0.001944 0.0261523 0.00567952 0.0171581 9.9991E-05
0.771685 9.9946E-05 9.9946E-05 9.9946E-05 9.9946E-05 9.9946E-05 0.227716 9.9946E-05
0.198576 0.292071 0.0185533 9.9973E-05 9.9973E-05 9.9973E-05 0.460036 0.0304637
0.0595416 0.390517 0.0017329 0.0212459 9.9982E-05 9.9982E-05 0.432198 0.0945647
0.219762 0.131316 9.9964E-05 9.9964E-05 9.9964E-05 9.9964E-05 0.56328 0.0852424
0.0260285 0.0419682 9.9973E-05 9.9973E-05 0.881077 9.9973E-05 0.037196 0.0134308
0.50534 9.9955E-05 0.00988099 9.9955E-05 9.9955E-05 9.9955E-05 0.484279 9.9955E-05
0.468279 0.0458531 9.9982E-05 9.9982E-05 0.159007 0.00321765 0.152161 0.171282
0.0980638 0.526849 9.9973E-05 9.9973E-05 0.111587 9.9973E-05 0.231076 0.0321243
0.144297 9.996E-05 0.413762 9.996E-05 0.427543 0.0139982 9.996E-05 9.996E-05
0.971822 9.9955E-05 9.9955E-05 9.9955E-05 9.9955E-05 0.00588392 9.9955E-05 0.021794
0.110728 0.214383 9.9982E-05 0.024557 9.9982E-05 0.0260178 0.200874 0.423239
0.910964 9.9964E-05 9.9964E-05 0.00743938 9.9964E-05 9.9964E-05 0.0606308 0.0205656
0.182242 0.404148 9.9964E-05 0.0188874 9.9964E-05 9.9964E-05 0.394323 9.9964E-05
0.225141 0.0594205 9.9982E-05 0.0172826 9.9982E-05 0.00172638 0.594678 0.101552
9.9964E-05 9.9964E-05 0.00922556 0.879912 0.0324257 9.9964E-05 0.0780364 9.9964E-05
0.284978 0.182623 9.9973E-05 0.0191898 9.9973E-05 0.00327997 0.509629 9.9973E-05
0.160656 0.351208 0.00863278 9.9991E-05 0.063174 0.00361826 0.256882 0.15573
0.897551 9.9955E-05 0.00327427 9.9955E-05 9.9955E-05 9.9955E-05 0.0986752 9.9955E-05
0.756918 9.9946E-05 9.9946E-05 9.9946E-05 9.9946E-05 9.9946E-05 0.242482 9.9946E-05
0.998358 0.00104222 9.9946E-05 9.9946E-05 9.9946E-05 9.9946E-05 9.9946E-05 9.9946E-05
0.0130298 0.051512 9.9973E-05 9.9973E-05 0.742201 9.9973E-05 0.153866 0.0390916
0.929414 9.9955E-05 9.9955E-05 9.9955E-05 0.0457668 9.9955E-05 9.9955E-05 0.0243197
0.979771 9.9946E-05 9.9946E-05 9.9946E-05 9.9946E-05 9.9946E-05 9.9946E-05 0.0196295
0.184888 9.9955E-05 9.9955E-05 9.9955E-05 0.114324 9.9955E-05 9.9955E-05 0.700288
0.990322 9.9955E-05 9.9955E-05 0.005461 9.9955E-05 9.9955E-05 9.9955E-05 0.00371717
0.236156 0.321254 9.9982E-05 9.9982E-05 0.0356056 0.0136029 0.0944862 0.298695
0.570605 9.9946E-05 9.9946E-05 9.9946E-05 9.9946E-05 9.9946E-05 0.428796 9.9946E-05
9.9982E-05 0.507923 9.9982E-05 0.00990259 0.12983 0.0192578 0.261749 0.0711378
0.0214615 0.261021 0.0170234 0.00238726 0.0210548 9.9991E-05 0.0785968 0.598355
0.118133 0.00955763 9.9973E-05 0.0364844 9.9973E-05 9.9973E-05 0.663028 0.172496
0.132903 9.9982E-05 9.9982E-05 0.0115141 0.19048 0.0174073 0.0669757 0.58052
0.976818 9.9973E-05 9.9973E-05 0.00748628 0.00183227 0.00827719 9.9973E-05 0.00528642
0.80141 0.00379309 9.9955E-05 9.9955E-05 9.9955E-05 9.9955E-05 0.194297 9.9955E-05
0.752959 9.9955E-05 9.9955E-05 9.9955E-05 9.9955E-05 0.00718823 0.239353 9.9955E-05
0.715314 9.9964E-05 0.027222 9.9964E-05 9.9964E-05 9.9964E-05 0.192028 0.0650356
9.994E-05 9.994E-05 0.9993 9.994E-05 9.994E-05 9.994E-05 9.994E-05 9.994E-05
0.884945 0.0565601 9.9955E-05 9.9955E-05 9.9955E-05 9.9955E-05 9.9955E-05 0.0579954
0.87195 9.9946E-05 9.9946E-05 9.9946E-05 9.9946E-05 9.9946E-05 0.127451 9.9946E-05
9.994E-05 9.994E-05 0.9993 9.994E-05 9.994E-05 9.994E-05 9.994E-05 9.994E-05
0.599169 9.99459E-05 9.99459E-05 9.99459E-05 9.99459E-05 9.99459E-05 0.400231 9.99459E-05
0.406728 0.165494 9.9964E-05 9.9964E-05 0.0449509 9.9964E-05 0.382427 9.9964E-05
0.687387 9.9955E-05 9.9955E-05 9.9955E-05 9.9955E-05 0.00267451 0.309439 9.9955E-05
0.526831 9.9964E-05 9.9964E-05 0.0117387 9.9964E-05 9.9964E-05 0.450213 0.0108168
0.433657 9.99639E-05 0.0210856 0.0033665 0.541491 9.99639E-05 9.99639E-05 9.99639E-05
0.215809 0.0094781 9.9982E-05 0.0481274 0.145025 9.9982E-05 0.494368 0.0869931
0.718833 9.99639E-05 9.99639E-05 0.0226389 0.243618 0.0145104 9.99639E-05 9.99639E-05
0.926808 9.9955E-05 0.00819225 9.9955E-05 9.9955E-05 9.9955E-05 0.0645002 9.9955E-05
0.975557 0.016358 0.00758488 9.9955E-05 9.9955E-05 9.9955E-05 9.9955E-05 9.9955E-05
0.744881 9.9973E-05 0.00673823 0.00675936 9.9973E-05 9.9973E-05 0.238224 0.00309811
0.732631 9.9946E-05 9.9946E-05 9.9946E-05 9.9946E-05 9.9946E-05 0.266769 9.9946E-05
0.952194 9.9955E-05 9.9955E-05 9.9955E-05 0.00228219 9.9955E-05 0.0450238 9.9955E-05
9.99641E-05 0.0441344 9.99641E-05 0.851228 0.0927675 0.0114705 9.99641E-05 9.99641E-05
0.952575 0.0411116 9.9964E-05 0.00376021 9.9964E-05 0.00215373 9.9964E-05 9.9964E-05
0.162246 9.9973E-05 9.9973E-05 0.00591029 0.260841 0.00603839 0.564664 9.9973E-05
0.962186 0.024305 0.00845778 9.9964E-05 9.9964E-05 9.9964E-05 0.00465173 9.9964E-05
0.984616 9.9955E-05 9.9955E-05 9.9955E-05 9.9955E-05 0.00335016 9.9955E-05 0.0115342
0.653935 9.9955E-05 0.00873047 9.9955E-05 9.9955E-05 9.9955E-05 0.336835 9.9955E-05
0.644195 0.0164463 9.9955E-05 9.9955E-05 9.9955E-05 9.9955E-05 0.338859 9.9955E-05
0.15939 0.756844 9.9964E-05 0.0341009 9.9964E-05 9.9964E-05 0.0492649 9.9964E-05
9.994E-05 9.994E-05 0.9993 9.994E-05 9.994E-05 9.994E-05 9.994E-05 9.994E-05
0.163353 9.9964E-05 9.9964E-05 0.0016224 9.9964E-05 9.9964E-05 0.514001 0.320624
0.777248 9.99729E-05 0.00192085 0.0226985 0.187519 0.0103136 9.99729E-05 9.99729E-05
0.811741 9.9973E-05 0.00492016 0.00627361 9.9973E-05 0.0102938 0.166471 9.9973E-05
0.945521 9.9955E-05 9.9955E-05 0.0243821 0.0295968 9.9955E-05 9.9955E-05 9.9955E-05
0.995993 9.9955E-05 0.000507707 9.9955E-05 9.9955E-05 0.0029998 9.9955E-05 9.9955E-05
0.903439 9.997E-05 0.0230474 9.997E-05 0.0312703 0.00729806 9.997E-05 0.0346457
0.961757 0.0205902 9.9955E-05 9.9955E-05 9.9955E-05 9.9955E-05 0.0171535 9.9955E-05
0.040134 0.334384 9.9973E-05 9.9973E-05 0.259949 9.9973E-05 0.357667 0.00756596
0.946884 0.022306 9.9955E-05 9.9955E-05 9.9955E-05 9.9955E-05 0.0303101 9.9955E-05
9.9955E-05 0.0833365 9.9955E-05 0.659197 0.256966 9.9955E-05 9.9955E-05 9.9955E-05
0.544297 9.9964E-05 0.000412503 0.0158837 9.9964E-05 9.9964E-05 0.439007 9.9964E-05
0.912887 9.9964E-05 0.00455486 0.00100465 9.9964E-05 9.9964E-05 0.0811539 9.9964E-05
0.0244948 0.00400347 0.380972 0.034702 0.497688 0.0579405 9.9982E-05 9.9982E-05
0.35628 9.9955E-05 0.0272617 9.9955E-05 0.615959 9.9955E-05 9.9955E-05 9.9955E-05
0.284316 9.99639E-05 9.99639E-05 9.99639E-05 0.128096 9.99639E-05 0.334025 0.253162
0.782861 9.9973E-05 0.00610068 9.9973E-05 0.0388562 0.00603759 0.165844 9.9973E-05
0.956074 9.9955E-05 9.9955E-05 0.0142423 0.0291843 9.9955E-05 9.9955E-05 9.9955E-05
9.994E-05 9.994E-05 9.994E-05 9.994E-05 9.994E-05 0.9993 9.994E-05 9.994E-05
0.522483 9.99549E-05 0.000531514 9.99549E-05 9.99549E-05 9.99549E-05 0.476485 9.99549E-05
0.566531 9.99459E-05 9.99459E-05 9.99459E-05 9.99459E-05 9.99459E-05 0.432869 9.99459E-05
0.173628 0.28424 9.996E-05 9.996E-05 9.996E-05 9.996E-05 0.447189 0.0945439
0.113604 0.302463 9.9982E-05 0.0119703 0.0101771 0.00519808 0.556387 9.9982E-05
0.106395 0.673959 9.9955E-05 9.9955E-05 9.9955E-05 9.9955E-05 0.219147 9.9955E-05
0.965702 9.9955E-05 9.9955E-05 0.00233622 0.031462 9.9955E-05 9.9955E-05 9.9955E-05
0.536803 9.9946E-05 9.9946E-05 9.9946E-05 9.9946E-05 9.9946E-05 0.462597 9.9946E-05
0.901174 9.9946E-05 9.9946E-05 9.9946E-05 9.9946E-05 9.9946E-05 0.0982264 9.9946E-05
0.337945 9.9955E-05 9.9955E-05 9.9955E-05 0.049505 9.9955E-05 0.61205 9.9955E-05
0.134578 0.0289429 0.00206765 9.9973E-05 0.391409 9.9973E-05 9.9973E-05 0.442703
0.958306 9.9964E-05 9.9964E-05 0.00759644 0.0332616 0.000436585 9.9964E-05 9.9964E-05
0.167357 0.117233 9.9973E-05 0.063779 9.9973E-05 9.9973E-05 0.47239 0.178941
0.248564 0.00517387 0.0188172 9.9973E-05 9.9973E-05 9.9973E-05 0.554931 0.172214
9.99551E-05 9.99551E-05 0.00795978 0.847829 9.99551E-05 9.99551E-05 9.99551E-05 0.143711
0.958876 0.0147994 9.9955E-05 9.9955E-05 9.9955E-05 9.9955E-05 0.0258247 9.9955E-05
0.998509 9.9946E-05 9.9946E-05 0.000891763 9.9946E-05 9.9946E-05 9.9946E-05 9.9946E-05
0.0461969 0.375027 0.0152592 9.997E-05 9.997E-05 9.997E-05 0.438693 0.124524
0.00832231 9.9946E-05 0.991078 9.9946E-05 9.9946E-05 9.9946E-05 9.9946E-05 9.9946E-05
0.0498913 0.816945 0.0134524 9.9964E-05 9.9964E-05 9.9964E-05 0.119311 9.9964E-05
0.765392 9.9955E-05 9.9955E-05 0.0319685 9.9955E-05 9.9955E-05 0.20214 9.9955E-05
0.928471 9.9964E-05 9.9964E-05 0.0327153 0.0356349 0.00277893 9.9964E-05 9.9964E-05
0.0957703 0.437734 9.9955E-05 9.9955E-05 9.9955E-05 9.9955E-05 0.465996 9.9955E-05
9.994E-05 9.994E-05 0.9993 9.994E-05 9.994E-05 9.994E-05 9.994E-05 9.994E-05
9.9964E-05 9.9964E-05 0.0265214 0.632264 0.310204 9.9964E-05 9.9964E-05 0.0306107
0.690689 0.109761 9.9955E-05 9.9955E-05 9.9955E-05 9.9955E-05 0.19905 9.9955E-05
0.738275 9.9946E-05 9.9946E-05 9.9946E-05 9.9946E-05 9.9946E-05 0.261125 9.9946E-05
0.192228 0.296322 9.9964E-05 0.00277399 9.9964E-05 9.9964E-05 0.508277 9.9964E-05
0.961083 9.9964E-05 9.9964E-05 0.0204766 0.00561157 9.9964E-05 9.9964E-05 0.0124294
9.9973E-05 0.351399 0.0398821 9.9973E-05 0.298994 9.9973E-05 0.111846 0.197579
9.9973E-05 9.9973E-05 0.495853 0.11277 0.287218 0.0860435 0.0178152 9.9973E-05
0.859745 9.9964E-05 9.9964E-05 0.0361769 9.9964E-05 0.0014271 0.102251 9.9964E-05
0.509261 0.10567 0.00118662 9.9964E-05 9.9964E-05 9.9964E-05 0.383483 9.9964E-05
9.9946E-05 0.0015466 9.9946E-05 0.997854 9.9946E-05 9.9946E-05 9.9946E-05 9.9946E-05
0.850423 0.0616821 0.0028527 9.996E-05 9.996E-05 9.996E-05 0.084642 9.996E-05
0.41128 9.9955E-05 9.9955E-05 0.00928882 9.9955E-05 9.9955E-05 0.578932 9.9955E-05
0.799819 9.9946E-05 9.9946E-05 9.9946E-05 9.9946E-05 9.9946E-05 0.199581 9.9946E-05
0.268739 0.715473 0.00497752 9.9964E-05 9.9964E-05 0.0104113 9.9964E-05 9.9964E-05
0.212965 0.282001 0.0127721 9.9991E-05 0.0123123 0.00159215 0.362283 0.115975
0.113019 0.0137593 9.9973E-05 9.9973E-05 0.00714289 9.9973E-05 0.432195 0.433584
9.99549E-05 0.406353 9.99549E-05 9.99549E-05 0.577686 9.99549E-05 0.0154604 9.99549E-05
0.565288 9.9955E-05 9.9955E-05 0.00636681 9.9955E-05 9.9955E-05 0.427845 9.9955E-05
0.886402 9.9955E-05 9.9955E-05 0.00848927 9.9955E-05 9.9955E-05 0.104609 9.9955E-05
0.655383 9.9964E-05 0.0264855 0.0085297 9.9964E-05 9.9964E-05 0.309202 9.9964E-05
9.9955E-05 9.9955E-05 0.850438 9.9955E-05 0.0989598 0.0501023 9.9955E-05 9.9955E-05
0.876323 0.027355 9.9964E-05 0.0211193 0.0748029 9.9964E-05 9.9964E-05 9.9964E-05
9.9964E-05 9.9964E-05 0.969486 9.9964E-05 9.9964E-05 0.00989446 0.0130859 0.00713418
0.653516 9.9955E-05 9.9955E-05 0.00387984 9.9955E-05 9.9955E-05 0.342104 9.9955E-05
0.0553727 9.99459E-05 9.99459E-05 0.944028 9.99459E-05 9.99459E-05 9.99459E-05 9.99459E-05
0.00832213 0.577072 9.99639E-05 9.99639E-05 0.00132109 9.99639E-05 0.412885 9.99639E-05
0.122381 0.767681 9.9964E-05 9.9964E-05 0.0999574 0.00958076 9.9964E-05 9.9964E-05
0.10228 0.530451 9.9982E-05 0.0314362 0.0467265 0.0290385 0.259868 9.9982E-05
0.524688 9.9955E-05 9.9955E-05 0.00460088 9.9955E-05 9.9955E-05 0.470211 9.9955E-05
0.210666 0.155916 0.0242953 9.9982E-05 9.9982E-05 0.0035787 0.297257 0.308087
0.931522 9.9964E-05 9.9964E-05 9.9964E-05 0.005775 9.9964E-05 0.0363676 0.0259358
0.373207 0.068948 9.9973E-05 0.0110253 0.0232843 9.9973E-05 0.523236 9.9973E-05
0.211519 9.99549E-05 9.99549E-05 9.99549E-05 0.783313 9.99549E-05 9.99549E-05 0.00466846
0.690253 9.9973E-05 0.0091286 9.9973E-05 9.9973E-05 0.00240201 0.130103 0.167813
0.811679 9.9964E-05 9.9964E-05 9.9964E-05 0.0493707 0.00554326 0.133007 9.9964E-05
0.0366003 9.99549E-05 0.0106544 0.952245 9.99549E-05 9.99549E-05 9.99549E-05 9.99549E-05
0.15802 9.9964E-05 9.9964E-05 0.0521381 0.0790685 9.9964E-05 9.9964E-05 0.710374
9.99461E-05 0.00792362 9.99461E-05 0.991477 9.99461E-05 9.99461E-05 9.99461E-05 9.99461E-05
0.649018 9.9955E-05 0.0031208 9.9955E-05 9.9955E-05 9.9955E-05 0.347361 9.9955E-05
0.10095 9.9964E-05 9.9964E-05 0.0210221 0.717454 9.9964E-05 0.160173 9.9964E-05
0.189168 9.9964E-05 9.9964E-05 0.0318321 0.545041 9.9964E-05 9.9964E-05 0.233559
0.734248 0.00731597 0.0232059 9.9964E-05 9.9964E-05 9.9964E-05 0.23483 9.9964E-05
0.980068 0.0193325 9.9946E-05 9.9946E-05 9.9946E-05 9.9946E-05 9.9946E-05 9.9946E-05
9.9946E-05 9.9946E-05 0.994406 0.00499402 9.9946E-05 9.9946E-05 9.9946E-05 9.9946E-05
9.9964E-05 0.246509 9.9964E-05 0.0254829 0.558184 9.9964E-05 9.9964E-05 0.169424
0.688006 9.99459E-05 9.99459E-05 9.99459E-05 9.99459E-05 9.99459E-05 0.311394 9.99459E-05
0.0615184 9.9973E-05 0.0169714 0.402289 0.511547 0.00737425 9.9973E-05 9.9973E-05
0.972634 9.9973E-05 0.00140933 0.00268229 0.0222494 0.000725554 9.9973E-05 9.9973E-05
9.994E-05 9.994E-05 9.994E-05 9.994E-05 9.994E-05 0.9993 9.994E-05 9.994E-05
0.827832 9.9973E-05 0.00877881 9.9973E-05 0.0722729 0.0013505 0.0894659 9.9973E-05
0.078636 9.9964E-05 0.0147538 9.9964E-05 0.31739 0.58882 9.9964E-05 9.9964E-05
0.0736561 0.536446 0.0316972 0.00547402 9.9973E-05 9.9973E-05 0.352427 9.9973E-05
0.938381 0.00196235 9.9982E-05 0.00250138 0.0249329 0.0171549 9.9982E-05 0.0148671
0.984913 9.9946E-05 9.9946E-05 9.9946E-05 9.9946E-05 9.9946E-05 9.9946E-05 0.0144869
0.118464 0.165425 9.9973E-05 0.00860806 9.9973E-05 0.00836437 9.9973E-05 0.698839
0.895231 9.996E-05 9.996E-05 0.0024814 0.0659707 9.996E-05 9.996E-05 0.0359168
9.99551E-05 0.000605914 9.99551E-05 0.973865 9.99551E-05 9.99551E-05 0.0250291 9.99551E-05
0.994789 9.9955E-05 0.00319278 9.9955E-05 9.9955E-05 9.9955E-05 0.00151831 9.9955E-05
9.994E-05 9.994E-05 9.994E-05 9.994E-05 9.994E-05 0.9993 9.994E-05 9.994E-05
0.996386 9.9946E-05 9.9946E-05 9.9946E-05 9.9946E-05 0.00301459 9.9946E-05 9.9946E-05
0.0755754 0.104291 9.9982E-05 0.0270119 0.0833036 9.9982E-05 0.596611 0.113008
0.301107 0.132389 0.0192718 9.9982E-05 9.9982E-05 0.0101659 0.407507 0.129359
0.0328082 0.22002 9.997E-05 9.997E-05 0.399546 9.997E-05 0.0564739 0.290852
0.291746 9.9973E-05 0.0116903 9.9973E-05 9.9973E-05 0.0158765 0.148773 0.531615
0.166615 9.9982E-05 0.0523683 0.00209225 0.150671 9.9982E-05 0.00239925 0.625654
0.994602 0.004798 9.9946E-05 9.9946E-05 9.9946E-05 9.9946E-05 9.9946E-05 9.9946E-05
0.315188 0.159296 0.000239024 0.0456857 9.9973E-05 9.9973E-05 0.479292 9.9973E-05
0.908406 9.9946E-05 9.9946E-05 9.9946E-05 9.9946E-05 9.9946E-05 0.0909941 9.9946E-05
0.199185 9.9982E-05 0.0293883 0.0422211 0.0772405 9.9982E-05 0.404928 0.246837
0.0686078 0.735442 9.9982E-05 0.00680916 0.114599 0.00781992 9.9982E-05 0.0665226
0.858483 9.9973E-05 9.9973E-05 0.0109713 0.0536461 0.009085 0.0675146 9.9973E-05
0.415425 9.9955E-05 0.0088555 9.9955E-05 9.9955E-05 9.9955E-05 0.57522 9.9955E-05
0.67788 9.9964E-05 0.0151456 0.0159626 9.9964E-05 9.9964E-05 0.290611 9.9964E-05
0.925239 0.0173279 9.9964E-05 9.9964E-05 0.0308527 9.9964E-05 9.9964E-05 0.0261804
0.354481 9.9973E-05 9.9973E-05 0.0403062 0.556595 0.0140939 9.9973E-05 0.0342241
0.269198 0.0454135 0.00198297 9.9982E-05 0.062157 9.9982E-05 0.455106 0.165943
0.335559 9.9982E-05 9.9982E-05 0.0101454 0.179458 0.0154924 0.296008 0.163137
9.9973E-05 0.0183203 0.0125492 0.0324953 9.9973E-05 0.885947 9.9973E-05 0.0503883
0.909813 9.996E-05 9.996E-05 0.007214 0.025718 9.996E-05 9.996E-05 0.0568549
0.972631 9.9946E-05 9.9946E-05 9.9946E-05 0.0267692 9.9946E-05 9.9946E-05 9.9946E-05
0.86342 9.9964E-05 0.000290384 9.9964E-05 9.9964E-05 0.00536027 0.13053 9.9964E-05
0.0243118 9.99459E-05 9.99459E-05 0.975089 9.99459E-05 9.99459E-05 9.99459E-05 9.99459E-05
0.638051 9.9964E-05 9.9964E-05 9.9964E-05 0.0774218 0.00137591 0.282751 9.9964E-05
0.196089 9.99551E-05 9.99551E-05 9.99551E-05 0.0367589 9.99551E-05 9.99551E-05 0.766652
0.358431 0.143548 0.0114935 0.00160846 9.998E-05 9.998E-05 0.423701 0.0610182
0.972368 9.9955E-05 0.00520705 9.9955E-05 0.0219248 9.9955E-05 9.9955E-05 9.9955E-05
0.840039 9.997E-05 9.997E-05 0.00316699 0.0453627 9.997E-05 0.0534805 0.0576512
0.998066 0.00133383 9.9946E-05 9.9946E-05 9.9946E-05 9.9946E-05 9.9946E-05 9.9946E-05
0.144549 0.0377165 0.0204143 9.9964E-05 9.9964E-05 9.9964E-05 9.9964E-05 0.796921
0.00321374 9.9973E-05 0.0281126 0.0422744 0.14502 0.78108 9.9973E-05 9.9973E-05
0.0526879 0.0234547 9.9964E-05 9.9964E-05 9.9964E-05 0.00449579 9.9964E-05 0.918962
0.504393 0.114609 0.0262992 9.9964E-05 9.9964E-05 9.9964E-05 0.354299 9.9964E-05
9.9955E-05 9.9955E-05 0.0048625 9.9955E-05 0.0506668 0.943971 9.9955E-05 9.9955E-05
0.581848 9.9982E-05 9.9982E-05 0.0360177 0.0609508 0.00622228 0.29415 0.0206113
0.286423 0.382197 9.99549E-05 9.99549E-05 9.99549E-05 9.99549E-05 0.330881 9.99549E-05
0.879311 0.000122823 0.00717118 0.0194176 0.0865655 0.000502736 9.9991E-05 0.00680901
0.9993 9.994E-05 9.994E-05 9.994E-05 9.994E-05 9.994E-05 9.994E-05 9.994E-05
0.929308 9.9955E-05 0.0175238 9.9955E-05 9.9955E-05 9.9955E-05 9.9955E-05 0.0526682
0.472498 9.9973E-05 9.9973E-05 0.000505542 0.0679914 9.9973E-05 0.230703 0.228002
0.0751316 9.99459E-05 9.99459E-05 0.924269 9.99459E-05 9.99459E-05 9.99459E-05 9.99459E-05
0.964493 9.9955E-05 0.00136054 9.9955E-05 9.9955E-05 9.9955E-05 0.0336463 9.9955E-05
0.0904912 0.77946 9.9973E-05 0.0027122 0.0946082 9.9973E-05 9.9973E-05 0.0324288
0.397509 9.9955E-05 9.9955E-05 9.9955E-05 9.9955E-05 9.9955E-05 0.57018 0.0318117
0.000913223 9.9964E-05 9.9964E-05 0.979124 9.9964E-05 0.0164482 0.00311487 9.9964E-05
0.0933642 0.398069 9.9964E-05 0.000170961 9.9964E-05 9.9964E-05 9.9964E-05 0.507996
9.9955E-05 9.9955E-05 9.9955E-05 9.9955E-05 0.909522 0.00319843 0.0867802 9.9955E-05
0.125279 0.129516 9.9982E-05 0.00975693 0.15137 9.9982E-05 0.428655 0.155224
0.08579 9.9946E-05 9.9946E-05 0.91361 9.9946E-05 9.9946E-05 9.9946E-05 9.9946E-05
0.440996 0.116645 9.9955E-05 9.9955E-05 9.9955E-05 9.9955E-05 0.441859 9.9955E-05
9.99459E-05 9.99459E-05 0.00186405 9.99459E-05 9.99459E-05 0.997536 9.99459E-05 9.99459E-05
0.541313 9.9964E-05 0.00778926 9.9964E-05 9.9964E-05 0.00497273 0.445525 9.9964E-05
0.894757 9.9964E-05 0.013259 9.9964E-05 9.9964E-05 0.00622832 0.0853556 9.9964E-05
9.994E-05 9.994E-05 9.994E-05 9.994E-05 9.994E-05 0.9993 9.994E-05 9.994E-05
0.836034 9.9946E-05 9.9946E-05 9.9946E-05 9.9946E-05 9.9946E-05 0.163366 9.9946E-05
0.00400902 0.0135266 0.913238 0.00582391 9.9991E-05 0.0215302 0.012272 0.0294998
0.0884004 0.0834475 9.9973E-05 9.9973E-05 0.132321 9.9973E-05 0.692064 0.00346659
0.906207 9.9964E-05 9.9964E-05 0.0195874 0.0407436 9.9964E-05 0.0330621 9.9964E-05
0.110547 0.188611 9.9982E-05 0.0536386 0.274409 0.00128345 9.9982E-05 0.371311
0.687461 0.0466414 9.9973E-05 9.9973E-05 0.0477618 0.0117496 0.206086 9.9973E-05
9.9955E-05 9.9955E-05 0.0274341 9.9955E-05 0.060359 0.911707 9.9955E-05 9.9955E-05
0.228134 0.0899058 9.9973E-05 9.9973E-05 9.9973E-05 0.00939675 0.491288 0.180975
