0.0044779 9.9973E-05 9.9973E-05 0.629339 9.9973E-05 0.0191753 0.346708
0.0530822 9.9955E-05 9.9955E-05 0.946418 9.9955E-05 9.9955E-05 9.9955E-05
9.9973E-05 0.0135166 9.9973E-05 0.962557 0.00612435 9.9973E-05 0.0175017
0.0756627 9.9982E-05 0.00402709 0.578084 9.9982E-05 0.00586274 0.336163
0.295689 0.037508 9.9991E-05 0.111927 0.0769535 0.000427798 0.477395
0.76315 9.9973E-05 9.9973E-05 0.153291 9.9973E-05 0.00440181 0.0788567
0.302288 0.0133492 9.9973E-05 0.15038 0.533683 9.9973E-05 9.9973E-05
0.31378 9.9982E-05 0.00205595 9.9982E-05 0.2244 0.00332172 0.456242
0.00249071 0.00676753 0.00126217 0.92435 0.0161038 0.020084 0.0289419
9.9955E-05 9.9955E-05 9.9955E-05 0.763075 9.9955E-05 9.9955E-05 0.236425
9.9982E-05 0.00457643 9.9982E-05 0.218193 0.385302 0.0188271 0.372901
0.0660175 0.0216441 9.9982E-05 0.0463542 0.3391 9.9982E-05 0.526685
0.00423163 9.9973E-05 9.9973E-05 0.234413 0.276468 9.9973E-05 0.484587
0.844903 9.9973E-05 9.9973E-05 0.109729 0.0213975 9.9973E-05 0.0236701
9.99694E-05 9.99694E-05 0.00793974 0.482397 9.99694E-05 9.99694E-05 0.509263
0.309601 9.9982E-05 0.00571511 0.432071 0.0476279 9.9982E-05 0.204786
0.0206637 9.9982E-05 0.000361522 0.253295 0.718023 9.9982E-05 0.00745643
0.265928 0.0115967 0.025688 0.267975 9.9982E-05 0.428613 9.9982E-05
0.0342711 9.9964E-05 0.00590737 0.959422 9.9964E-05 9.9964E-05 9.9964E-05
0.307084 0.0239442 0.023738 0.0853193 0.325287 0.00173499 0.232892
9.9964E-05 0.00307179 9.9964E-05 0.907588 9.9964E-05 9.9964E-05 0.08894
9.9973E-05 0.0114123 9.9973E-05 0.206952 0.452206 9.9973E-05 0.329129
0.111813 0.00771445 9.9982E-05 0.17927 0.0315948 9.9982E-05 0.669407
0.0134003 0.907867 9.9973E-05 9.9973E-05 9.9973E-05 0.0122882 0.066145
0.593023 9.9964E-05 9.9964E-05 0.0501695 9.9964E-05 9.9964E-05 0.356408
9.9973E-05 0.00786261 9.9973E-05 0.322931 0.282493 9.9973E-05 0.386414
0.144815 9.9982E-05 0.00982805 0.209075 0.442391 9.9982E-05 0.193691
9.9964E-05 9.9964E-05 9.9964E-05 0.879764 9.9964E-05 0.00918668 0.110649
9.9955E-05 9.9955E-05 9.9955E-05 0.761714 9.9955E-05 9.9955E-05 0.237786
9.9964E-05 9.9964E-05 9.9964E-05 0.990773 0.00813888 9.9964E-05 0.000687951
0.728641 9.9964E-05 9.9964E-05 0.0766295 9.9964E-05 9.9964E-05 0.19433
0.0585967 9.9955E-05 9.9955E-05 0.940904 9.9955E-05 9.9955E-05 9.9955E-05
0.0196528 9.9955E-05 9.9955E-05 0.979847 9.9955E-05 9.9955E-05 9.9955E-05
0.631824 9.9982E-05 0.00169125 0.17493 0.190699 0.000656922 9.9982E-05
0.0237497 0.017046 9.9964E-05 0.958804 9.9964E-05 9.9964E-05 9.9964E-05
0.339054 9.9982E-05 0.00402917 0.160724 0.261699 9.9982E-05 0.234295
9.9955E-05 9.9955E-05 9.9955E-05 0.561175 9.9955E-05 9.9955E-05 0.438325
0.20357 0.0164819 0.0232081 9.9982E-05 0.400367 9.9982E-05 0.356173
0.479683 0.00406097 9.9982E-05 9.9982E-05 0.492227 0.00500313 0.0188263
0.0721339 0.0421965 9.9982E-05 0.155242 0.193849 9.9982E-05 0.536378
0.674281 0.0149235 0.00654087 0.0913476 0.0820474 9.9991E-05 0.13076
9.9964E-05 0.0103695 0.00874195 0.980489 9.9964E-05 9.9964E-05 9.9964E-05
9.9964E-05 9.9964E-05 9.9964E-05 0.775499 0.00346238 9.9964E-05 0.220639
9.9964E-05 9.9964E-05 0.0042289 0.748554 9.9964E-05 9.9964E-05 0.246817
0.0596726 9.9973E-05 9.9973E-05 0.697341 9.9973E-05 0.0229122 0.219774
9.995E-05 9.995E-05 9.995E-05 9.995E-05 9.995E-05 0.9994 9.995E-05
0.00526149 9.9964E-05 9.9964E-05 0.895281 0.0990575 9.9964E-05 9.9964E-05
9.9955E-05 9.9955E-05 9.9955E-05 0.868539 9.9955E-05 9.9955E-05 0.130961
9.995E-05 9.995E-05 9.995E-05 9.995E-05 9.995E-05 0.9994 9.995E-05
9.99549E-05 9.99549E-05 9.99549E-05 0.584334 9.99549E-05 9.99549E-05 0.415166
0.0041671 9.9982E-05 0.00649621 0.397704 0.206889 9.9982E-05 0.384544
9.9955E-05 9.9955E-05 9.9955E-05 0.686054 9.9955E-05 9.9955E-05 0.313447
9.9964E-05 0.0160146 9.9964E-05 0.495269 9.9964E-05 9.9964E-05 0.488316
0.415098 0.0162232 0.0194685 0.519875 9.9982E-05 0.0291359 9.9982E-05
0.19365 0.0579288 9.9982E-05 0.214518 0.0361549 9.9982E-05 0.497548
0.143382 0.0444581 0.0268399 0.78502 9.9973E-05 9.9973E-05 9.9973E-05
9.9964E-05 9.9964E-05 9.9964E-05 0.894176 9.9964E-05 0.00296285 0.102462
0.0152429 9.9982E-05 0.00398749 0.971615 0.00343681 0.005518 9.9982E-05
0.00982527 0.00513297 9.9982E-05 0.700651 9.9982E-05 0.00999061 0.2742
9.9955E-05 9.9955E-05 9.9955E-05 0.714754 9.9955E-05 9.9955E-05 0.284747
9.9964E-05 9.9964E-05 9.9964E-05 0.970144 0.00299276 9.9964E-05 0.0264629
0.102294 0.848241 0.0128628 9.99731E-05 0.0363018 9.99731E-05 9.99731E-05
9.9973E-05 0.00458342 0.00545845 0.962016 0.0276422 9.9973E-05 9.9973E-05
0.202345 0.0354157 0.0150932 0.215165 9.9982E-05 9.9982E-05 0.531781
9.9973E-05 9.9973E-05 9.9973E-05 0.956877 0.00377402 0.01772 0.0213286
0.0136999 9.9955E-05 9.9955E-05 0.9858 9.9955E-05 9.9955E-05 9.9955E-05
9.9973E-05 0.00381023 9.9973E-05 0.628352 9.9973E-05 0.00296344 0.364574
9.9964E-05 9.9964E-05 9.9964E-05 0.650542 0.0368934 9.9964E-05 0.312164
9.9964E-05 0.0085373 9.9964E-05 0.221635 0.769427 9.9964E-05 9.9964E-05
9.995E-05 9.995E-05 9.995E-05 9.995E-05 9.995E-05 0.9994 9.995E-05
0.268807 0.0143277 9.9973E-05 0.103916 9.9973E-05 9.9973E-05 0.612649
0.103559 0.03228 0.0217096 0.838109 9.9982E-05 0.00414253 9.9982E-05
9.9982E-05 0.0114704 0.0075001 0.781656 9.9982E-05 0.00373908 0.195435
0.0130403 0.0330139 9.9964E-05 0.953546 9.9964E-05 9.9964E-05 9.9964E-05
9.9955E-05 0.00678121 9.9955E-05 0.992719 9.9955E-05 9.9955E-05 9.9955E-05
0.0438723 9.9982E-05 0.00552265 0.923948 0.00551495 0.0209418 9.9982E-05
9.9964E-05 9.9964E-05 0.0018831 0.973501 0.0242157 9.9964E-05 9.9964E-05
0.185371 0.0169873 9.9982E-05 0.185209 0.411332 9.9982E-05 0.2009
9.9964E-05 9.9964E-05 9.9964E-05 0.951889 0.0192353 9.9964E-05 0.0284758
0.231135 0.689626 9.9973E-05 9.9973E-05 0.0720629 0.00687711 9.9973E-05
9.9964E-05 0.0175201 9.9964E-05 0.517221 9.9964E-05 9.9964E-05 0.464859
9.9973E-05 9.9973E-05 9.9973E-05 0.923953 0.00545699 0.00614917 0.0641407
0.364451 0.0587448 0.0654104 0.111287 9.9982E-05 0.399907 9.9982E-05
0.492958 0.00713273 0.018254 0.446897 9.9982E-05 0.034558 9.9982E-05
0.27334 9.9964E-05 9.9964E-05 0.291625 9.9964E-05 9.9964E-05 0.434635
0.0123358 9.9982E-05 0.013606 0.773716 9.9982E-05 0.00664862 0.193494
0.0421161 0.00957063 9.9964E-05 0.947913 9.9964E-05 9.9964E-05 9.9964E-05
9.995E-05 9.995E-05 0.9994 9.995E-05 9.995E-05 9.995E-05 9.995E-05
9.99639E-05 9.99639E-05 9.99639E-05 0.506411 9.99639E-05 0.00902217 0.484167
9.99549E-05 9.99549E-05 9.99549E-05 0.527849 9.99549E-05 9.99549E-05 0.471651
0.0434997 9.9973E-05 9.9973E-05 0.204405 0.320519 9.9973E-05 0.431276
0.0312282 0.0180248 0.00524698 0.112223 0.271266 9.9991E-05 0.561911
9.9964E-05 9.9964E-05 9.9964E-05 0.120976 0.591436 9.9964E-05 0.287189
0.0145212 9.9955E-05 9.9955E-05 0.984979 9.9955E-05 9.9955E-05 9.9955E-05
9.9955E-05 9.9955E-05 9.9955E-05 0.50826 9.9955E-05 9.9955E-05 0.49124
9.9964E-05 9.9964E-05 9.9964E-05 0.89266 0.0127049 9.9964E-05 0.094235
0.00982416 0.00942671 9.9982E-05 0.349428 0.0142807 9.9982E-05 0.61684
0.776899 9.9982E-05 9.9982E-05 0.0953106 0.0712481 0.00544187 0.0509005
0.0477067 0.00895061 9.9964E-05 0.942943 9.9964E-05 9.9964E-05 9.9964E-05
0.129835 0.0694662 9.9982E-05 0.169639 0.148214 9.9982E-05 0.482646
0.124962 9.9991E-05 0.00204568 0.225111 0.0290763 0.0153967 0.603308
0.0889827 0.840797 9.9973E-05 9.9973E-05 0.0576241 0.0122965 9.9973E-05
9.9955E-05 9.9955E-05 9.9955E-05 0.538597 9.9955E-05 9.9955E-05 0.460903
9.9964E-05 9.9964E-05 9.9964E-05 0.936384 0.00647506 9.9964E-05 0.0567412
9.995E-05 9.995E-05 9.995E-05 0.9994 9.995E-05 9.995E-05 9.995E-05
0.0247817 9.9982E-05 9.9982E-05 0.0651761 0.503774 0.0281178 0.37795
9.995E-05 9.995E-05 9.995E-05 9.995E-05 9.995E-05 0.9994 9.995E-05
9.9973E-05 9.9973E-05 9.9973E-05 0.0947078 0.814626 0.00950542 0.0808608
9.9973E-05 0.0403554 9.9973E-05 0.739332 9.9973E-05 0.000219021 0.219794
0.0445572 0.0193628 0.00878718 0.926993 9.9973E-05 9.9973E-05 9.9973E-05
9.9964E-05 9.9964E-05 9.9964E-05 0.155139 0.471742 9.9964E-05 0.372719
9.995E-05 9.995E-05 9.995E-05 9.995E-05 9.995E-05 0.9994 9.995E-05
0.296966 0.676867 0.0011783 9.9973E-05 9.9973E-05 0.0246887 9.9973E-05
9.9964E-05 9.9964E-05 9.9964E-05 0.671707 0.107539 9.9964E-05 0.220354
9.9955E-05 9.9955E-05 9.9955E-05 0.750492 9.9955E-05 9.9955E-05 0.249009
9.9964E-05 9.9964E-05 9.9964E-05 0.18213 0.295771 9.9964E-05 0.521699
0.00962354 0.0352942 9.9964E-05 0.954682 9.9964E-05 9.9964E-05 9.9964E-05
0.375993 9.9982E-05 9.9982E-05 0.0763963 0.467391 0.0531448 0.0268748
0.146946 0.149876 0.103464 0.0581866 0.0253073 0.516121 9.9991E-05
9.9964E-05 0.0430446 9.9964E-05 0.865414 9.9964E-05 9.9964E-05 0.0911418
9.99702E-05 9.99702E-05 9.99702E-05 0.522636 0.051779 9.99702E-05 0.425185
9.9955E-05 0.999201 9.9955E-05 9.9955E-05 0.000299119 9.9955E-05 9.9955E-05
9.9964E-05 9.9964E-05 9.9964E-05 0.837879 0.036108 9.9964E-05 0.125613
9.9964E-05 0.000166632 9.9964E-05 0.410521 9.9964E-05 9.9964E-05 0.588913
9.9955E-05 9.9955E-05 9.9955E-05 0.819042 9.9955E-05 9.9955E-05 0.180458
9.9964E-05 9.9964E-05 0.00253699 0.310885 0.686178 9.9964E-05 9.9964E-05
0.104018 9.9982E-05 9.9982E-05 0.21147 0.377015 0.0171868 0.29011
0.341325 9.9973E-05 9.9973E-05 0.0816806 0.179981 9.9973E-05 0.396713
0.527025 9.9982E-05 0.0167816 0.0427992 0.385393 9.9982E-05 0.0278013
9.9964E-05 0.00452078 9.9964E-05 0.572834 9.9964E-05 9.9964E-05 0.422245
9.9973E-05 0.00651602 9.9973E-05 0.865505 9.9973E-05 0.00704138 0.120638
9.9973E-05 0.00265402 9.9973E-05 0.653711 9.9973E-05 0.0204465 0.322889
0.0203244 0.00333594 0.0613416 0.0115347 0.0371577 0.866206 9.9991E-05
0.0502323 0.027181 9.9973E-05 0.900067 9.9973E-05 9.9973E-05 0.0222197
9.9964E-05 9.9964E-05 0.010853 9.9964E-05 9.9964E-05 0.95988 0.0288672
9.9964E-05 0.00948521 9.9964E-05 0.650396 9.9964E-05 9.9964E-05 0.339719
9.99549E-05 0.946152 9.99549E-05 0.0533482 9.99549E-05 9.99549E-05 9.99549E-05
9.9973E-05 0.00175249 9.9973E-05 0.0267128 0.51429 9.9973E-05 0.456945
0.12266 9.9973E-05 0.0027743 0.184616 0.68965 9.9973E-05 9.9973E-05
0.0389946 0.04341 0.0265705 0.0973107 0.540379 9.9991E-05 0.253236
9.9964E-05 0.00356061 9.9964E-05 0.506072 9.9964E-05 9.9964E-05 0.489968
0.235715 0.0081259 0.00336065 0.170889 0.241407 0.0249644 0.315538
9.9964E-05 9.9964E-05 9.9964E-05 0.960524 9.9964E-05 0.00248446 0.0365917
9.9982E-05 0.0245725 0.00594566 0.371705 0.103037 9.9982E-05 0.49454
0.644615 0.0163154 0.0170396 0.32173 9.9973E-05 9.9973E-05 9.9973E-05
0.128723 9.9982E-05 0.00133175 0.672467 9.9982E-05 0.00937371 0.187904
0.0188762 9.9973E-05 0.0155885 0.805664 9.9973E-05 9.9973E-05 0.159572
9.99639E-05 0.970826 9.99639E-05 0.0271936 9.99639E-05 0.00158028 9.99639E-05
0.743449 0.0459485 9.9982E-05 0.0400809 0.00147307 9.9982E-05 0.168848
9.9955E-05 0.974972 9.9955E-05 9.9955E-05 0.0245278 9.9955E-05 9.9955E-05
9.9973E-05 0.00054302 9.9973E-05 0.632753 9.9973E-05 0.000674985 0.365729
0.649044 0.0561969 0.00906998 0.172558 9.9982E-05 9.9982E-05 0.112931
0.727882 0.0231744 9.9982E-05 0.204052 9.9982E-05 0.00293498 0.0417574
9.9973E-05 9.9973E-05 9.9973E-05 0.733002 0.00927172 0.0189241 0.238503
9.9973E-05 9.9973E-05 0.00122043 0.976095 0.0218726 9.9973E-05 0.000512295
9.9955E-05 0.00633253 9.9955E-05 9.9955E-05 9.9955E-05 0.993168 9.9955E-05
0.680603 0.0454607 9.9964E-05 9.9964E-05 0.273537 9.9964E-05 9.9964E-05
9.9955E-05 9.9955E-05 9.9955E-05 0.666945 9.9955E-05 9.9955E-05 0.332556
0.340312 0.417851 0.0271409 0.164675 9.9982E-05 0.0498223 9.9982E-05
0.0263885 0.00305236 9.9973E-05 0.966586 9.9973E-05 0.00367319 9.9973E-05
9.995E-05 9.995E-05 0.9994 9.995E-05 9.995E-05 9.995E-05 9.995E-05
0.0524835 9.9982E-05 0.00290669 0.829733 9.9982E-05 0.0137993 0.100878
0.2264 9.9973E-05 0.612143 0.134475 9.9973E-05 0.0266827 9.9973E-05
9.9991E-05 0.0123406 0.00501319 0.079905 0.443286 0.0319603 0.427395
0.0209987 9.9964E-05 0.00676543 0.971836 9.9964E-05 9.9964E-05 9.9964E-05
9.9955E-05 9.9955E-05 0.00729674 0.992203 9.9955E-05 9.9955E-05 9.9955E-05
0.546309 0.0106295 0.0086109 0.0664061 0.367845 9.9982E-05 9.9982E-05
0.103759 9.9955E-05 9.9955E-05 0.895741 9.9955E-05 9.9955E-05 9.9955E-05
9.9955E-05 0.976798 9.9955E-05 9.9955E-05 0.0227017 9.9955E-05 9.9955E-05
9.99566E-05 9.99566E-05 9.99566E-05 0.997955 9.99566E-05 0.00154548 9.99566E-05
9.995E-05 9.995E-05 0.9994 9.995E-05 9.995E-05 9.995E-05 9.995E-05
9.995E-05 9.995E-05 9.995E-05 0.9994 9.995E-05 9.995E-05 9.995E-05
0.169286 0.0347685 9.9982E-05 0.0395144 0.087588 9.9982E-05 0.668644
0.0716064 9.9991E-05 0.0222476 0.271199 0.140311 0.0156576 0.478878
0.64107 9.9964E-05 9.9964E-05 9.9964E-05 0.158042 9.9964E-05 0.200489
0.457744 9.9982E-05 0.00669999 0.199809 9.9982E-05 0.0129253 0.322621
0.706147 0.00361815 9.9982E-05 0.0747039 9.9982E-05 0.0434142 0.171917
9.9964E-05 9.9964E-05 9.9964E-05 0.995448 0.00298057 0.00117176 9.9964E-05
9.9973E-05 0.0480232 9.9973E-05 0.297808 0.170343 9.9973E-05 0.483526
9.9955E-05 9.9955E-05 9.9955E-05 0.882792 9.9955E-05 9.9955E-05 0.116708
0.341822 0.0620949 9.9973E-05 0.115265 9.9973E-05 9.9973E-05 0.480519
0.175211 0.0060012 0.0111375 0.126425 0.681025 9.9982E-05 9.9982E-05
0.0421079 0.0102596 0.0152026 0.845005 9.9982E-05 9.9982E-05 0.0872245
9.9964E-05 9.9964E-05 9.9964E-05 0.397137 9.9964E-05 0.0105783 0.591885
9.9964E-05 9.9964E-05 9.9964E-05 0.672475 9.9964E-05 0.0125762 0.314549
0.0526318 9.9964E-05 9.9964E-05 0.918135 0.0288332 9.9964E-05 9.9964E-05
0.526456 0.0564846 0.0210737 0.380575 9.9982E-05 0.0152106 9.9982E-05
0.185202 9.9991E-05 0.00269921 0.266047 0.119258 0.00121288 0.425481
0.279055 0.0185006 0.0147392 0.327802 9.9982E-05 9.9982E-05 0.359702
0.0227367 0.0294673 0.899026 9.9991E-05 0.0315758 0.00870235 0.00839194
0.0754944 0.00730158 9.9964E-05 0.916804 9.9964E-05 9.9964E-05 9.9964E-05
0.0232811 9.9955E-05 9.9955E-05 0.976219 9.9955E-05 9.9955E-05 9.9955E-05
9.9973E-05 9.9973E-05 0.0117124 0.870999 9.9973E-05 0.00667349 0.110315
9.99549E-05 0.95758 9.99549E-05 0.0419201 9.99549E-05 9.99549E-05 9.99549E-05
0.0706873 9.9973E-05 0.00288509 0.658126 9.9973E-05 9.9973E-05 0.268002
0.673184 9.9973E-05 9.9973E-05 0.0734759 0.211887 9.9973E-05 0.0411537
0.00409688 0.0166508 9.9991E-05 0.368441 0.182841 0.00822772 0.419643
9.9955E-05 9.9955E-05 9.9955E-05 0.992285 9.9955E-05 0.00721522 9.9955E-05
0.0634627 0.0064146 9.9982E-05 0.849701 0.0521384 9.9982E-05 0.0280836
9.995E-05 9.995E-05 9.995E-05 0.9994 9.995E-05 9.995E-05 9.995E-05
0.613177 9.9982E-05 9.9982E-05 0.071217 0.226092 0.0196613 0.0696534
0.132183 0.0166121 0.780778 0.0339125 9.9982E-05 0.0363136 9.9982E-05
0.719956 9.9955E-05 9.9955E-05 9.9955E-05 0.279545 9.9955E-05 9.9955E-05
9.9982E-05 0.00242148 9.9982E-05 0.513502 0.120354 0.0262091 0.337313
0.0303438 9.9964E-05 0.94829 9.9964E-05 9.9964E-05 0.0209662 9.9964E-05
0.0869694 0.0332106 0.00373473 0.555857 0.00237972 9.9991E-05 0.317749
9.99639E-05 9.99639E-05 9.99639E-05 0.272197 0.346446 9.99639E-05 0.380957
0.067514 0.0267741 9.9973E-05 0.897432 9.9973E-05 0.00798026 9.9973E-05
0.0175842 9.9964E-05 9.9964E-05 0.979737 9.9964E-05 0.00227854 9.9964E-05
0.036418 0.00555054 9.9982E-05 0.939319 9.9982E-05 0.0152231 0.00328965
0.28452 9.9964E-05 9.9964E-05 0.413363 9.9964E-05 9.9964E-05 0.301717
9.99549E-05 0.948027 9.99549E-05 0.0514731 9.99549E-05 9.99549E-05 9.99549E-05
9.9955E-05 9.9955E-05 9.9955E-05 0.983654 9.9955E-05 9.9955E-05 0.0158458
0.115699 0.00339438 9.9973E-05 0.144688 0.735919 9.9973E-05 9.9973E-05
0.00882724 9.9973E-05 9.9973E-05 0.381693 0.000959496 9.9973E-05 0.60822
9.9973E-05 0.961816 0.00860201 0.0112132 9.9973E-05 9.9973E-05 0.0180692
0.387869 0.0178772 9.9982E-05 0.0555698 0.480337 9.9982E-05 0.0581476
0.777971 9.9973E-05 0.0390257 0.145459 9.9973E-05 9.9973E-05 0.0372448
0.271477 0.0356863 9.9982E-05 0.100393 0.169042 9.9982E-05 0.423202
9.9964E-05 0.91911 9.9964E-05 0.0776818 9.9964E-05 0.00280857 9.9964E-05
9.9964E-05 9.9964E-05 9.9964E-05 0.428743 0.0576862 9.9964E-05 0.513171
9.995E-05 9.995E-05 0.9994 9.995E-05 9.995E-05 9.995E-05 9.995E-05
9.9973E-05 9.9973E-05 0.00462698 0.521517 9.9973E-05 0.00499902 0.468557
9.9964E-05 9.9964E-05 9.9964E-05 0.872989 9.9964E-05 0.0100742 0.116537
9.99551E-05 9.99551E-05 0.999399 9.99551E-05 0.000101214 9.99551E-05 9.99551E-05
9.9955E-05 9.9955E-05 9.9955E-05 0.846448 9.9955E-05 9.9955E-05 0.153052
0.00768621 0.0261834 0.0145871 0.0108877 0.0372744 0.903281 9.9991E-05
0.14497 9.9973E-05 9.9973E-05 0.104054 0.0797709 9.9973E-05 0.670906
0.0274101 0.0174744 9.9973E-05 0.912815 9.9973E-05 9.9973E-05 0.0420005
0.608349 0.0512149 9.9973E-05 0.0830166 0.25712 9.9973E-05 9.9973E-05
0.0375804 9.9982E-05 0.00996292 0.699299 0.0159365 9.9982E-05 0.237021
0.0633155 9.9964E-05 0.909632 9.9964E-05 9.9964E-05 0.0266529 9.9964E-05
0.116514 0.00489775 0.00835698 0.206784 0.0945663 9.9991E-05 0.568781
