0.00212932 9.9973E-05 0.0121849 9.9973E-05 0.354445 9.9973E-05 0.63094
9.9955E-05 0.0352106 9.9955E-05 9.9955E-05 9.9955E-05 9.9955E-05 0.96429
9.9964E-05 9.9964E-05 9.9964E-05 9.9964E-05 0.0291998 0.0167794 0.953621
9.999E-05 0.0753785 0.00822432 0.00517494 0.348094 0.00182655 0.561202
0.114407 0.299908 9.9982E-05 9.9982E-05 0.48288 0.0340666 0.0685374
9.9973E-05 0.743911 0.00781125 9.9973E-05 0.0661506 9.9973E-05 0.181827
0.52563 0.296692 9.9964E-05 9.9964E-05 9.9964E-05 9.9964E-05 0.177278
0.258698 0.294222 0.0118137 9.9982E-05 0.424325 0.0107413 9.9982E-05
0.00721488 0.0180767 0.00545707 0.0137214 0.0318558 0.0239922 0.899682
9.9955E-05 9.9955E-05 9.9955E-05 9.9955E-05 0.289916 9.9955E-05 0.709584
0.337309 9.9982E-05 0.0200154 9.9982E-05 0.46879 0.00180455 0.171881
0.383032 0.0508633 0.00139358 9.9991E-05 0.499405 0.0185526 0.0466533
0.222169 0.0403129 9.9973E-05 9.9973E-05 0.572245 9.9973E-05 0.164973
0.0326975 0.811781 9.9973E-05 9.9973E-05 0.0157633 9.9973E-05 0.139458
9.9973E-05 9.9973E-05 0.00279872 0.00224248 0.515915 9.9973E-05 0.478744
0.0535259 0.292164 9.9982E-05 0.00348655 0.204308 9.9982E-05 0.446316
0.684532 0.0506684 9.9982E-05 9.9982E-05 0.0638237 0.00308259 0.197694
9.9982E-05 0.279304 0.433245 0.0330223 9.9982E-05 0.0318 0.222429
9.9964E-05 0.0274265 9.9964E-05 0.00520176 9.9964E-05 9.9964E-05 0.966972
0.420676 0.278122 0.0133522 0.0213138 0.161439 0.0144134 0.0906841
9.9964E-05 9.9964E-05 9.9964E-05 9.9964E-05 0.0895974 0.00907917 0.900924
0.447194 9.9973E-05 9.9973E-05 9.9973E-05 0.385414 0.00985452 0.157238
0.104458 0.0955753 9.9982E-05 9.9982E-05 0.615318 0.00521401 0.179235
0.00735981 0.0101759 0.0270887 9.9982E-05 0.0668416 0.888334 9.9982E-05
9.9973E-05 0.569536 9.9973E-05 9.9973E-05 0.353161 0.00845624 0.0685471
0.275739 9.9973E-05 9.9973E-05 9.9973E-05 0.449275 0.0118228 0.262863
0.370778 0.18961 0.00503443 9.9982E-05 0.305026 9.9982E-05 0.129351
9.9964E-05 9.9964E-05 0.00695369 9.9964E-05 0.117519 9.9964E-05 0.875127
9.9955E-05 9.9955E-05 9.9955E-05 9.9955E-05 0.258742 9.9955E-05 0.740758
9.9955E-05 9.9955E-05 9.9955E-05 9.9955E-05 0.00993658 9.9955E-05 0.989564
0.010136 0.682134 9.9982E-05 9.9982E-05 0.162958 0.0152536 0.129319
9.9955E-05 0.0499927 9.9955E-05 9.9955E-05 9.9955E-05 9.9955E-05 0.949508
0.00734803 0.0140666 9.9964E-05 9.9964E-05 9.9964E-05 9.9964E-05 0.978185
0.127646 0.6799 9.9973E-05 9.9973E-05 0.0302696 9.9973E-05 0.161884
0.000705651 9.9964E-05 9.9964E-05 9.9964E-05 9.9964E-05 0.0063345 0.99256
0.222519 0.318682 9.9982E-05 0.0138158 0.324576 9.9982E-05 0.120208
9.9955E-05 9.9955E-05 9.9955E-05 9.9955E-05 0.479516 9.9955E-05 0.519985
0.465049 0.195605 9.9982E-05 0.0220425 0.303468 0.0136353 9.9982E-05
0.449523 0.468366 0.0121708 9.9973E-05 0.0696394 9.9973E-05 9.9973E-05
0.167782 0.0768163 9.9982E-05 9.9982E-05 0.600517 0.064398 0.0902871
0.0340346 0.699584 9.9991E-05 0.00734123 0.185796 0.00865988 0.0644837
0.00930911 0.0109824 9.9982E-05 0.0095691 9.9982E-05 0.017423 0.952516
0.0116848 9.9964E-05 9.9964E-05 9.9964E-05 0.220557 9.9964E-05 0.767358
9.9973E-05 9.9973E-05 9.9973E-05 0.0010378 0.274473 0.000586967 0.723603
9.9973E-05 0.0633577 0.0277776 9.9973E-05 0.242653 9.9973E-05 0.665912
9.995E-05 9.995E-05 0.9994 9.995E-05 9.995E-05 9.995E-05 9.995E-05
0.0955979 0.00437822 9.9964E-05 9.9964E-05 9.9964E-05 9.9964E-05 0.899624
9.9955E-05 9.9955E-05 9.9955E-05 9.9955E-05 0.15256 9.9955E-05 0.84694
9.995E-05 9.995E-05 0.9994 9.995E-05 9.995E-05 9.995E-05 9.995E-05
9.99549E-05 9.99549E-05 9.99549E-05 9.99549E-05 0.430602 9.99549E-05 0.568898
0.177937 9.9973E-05 9.9973E-05 0.010144 0.441336 9.9973E-05 0.370283
9.9955E-05 9.9955E-05 9.9955E-05 9.9955E-05 0.334141 9.9955E-05 0.665359
0.00451803 9.9973E-05 9.9973E-05 9.9973E-05 0.505894 0.00789652 0.481392
9.9982E-05 0.382686 0.0425015 0.0123673 9.9982E-05 0.0193787 0.542867
0.0229969 0.215174 9.9982E-05 9.9982E-05 0.537675 0.043015 0.180939
9.9973E-05 0.135918 9.9973E-05 0.0239535 9.9973E-05 0.0400698 0.799759
9.9955E-05 9.9955E-05 9.9955E-05 9.9955E-05 0.106169 9.9955E-05 0.893331
9.9964E-05 0.00871521 0.00509499 9.9964E-05 9.9964E-05 9.9964E-05 0.98579
9.9982E-05 0.01264 0.00693485 9.9982E-05 0.283652 0.00616276 0.69041
9.9955E-05 9.9955E-05 9.9955E-05 9.9955E-05 0.282666 9.9955E-05 0.716834
0.0034778 9.9964E-05 9.9964E-05 9.9964E-05 0.0451345 9.9964E-05 0.950988
0.0619176 0.100438 9.9973E-05 0.0188767 9.9973E-05 0.818467 9.9973E-05
0.041826 9.9973E-05 9.9973E-05 0.00508817 9.9973E-05 0.00758216 0.945204
0.0301623 0.184203 9.9991E-05 0.0171245 0.542634 0.0252393 0.200536
0.0141225 9.9973E-05 0.003472 9.9973E-05 0.0186334 9.9973E-05 0.963472
9.9964E-05 0.0143356 9.9964E-05 0.0066865 9.9964E-05 9.9964E-05 0.978578
9.9964E-05 9.9964E-05 0.00513207 9.9964E-05 0.368756 9.9964E-05 0.625713
0.00596382 9.9964E-05 9.9964E-05 9.9964E-05 0.37086 9.9964E-05 0.622777
0.756942 9.9973E-05 9.9973E-05 9.9973E-05 0.0403053 0.0148176 0.187635
9.995E-05 9.995E-05 0.9994 9.995E-05 9.995E-05 9.995E-05 9.995E-05
9.9973E-05 0.265302 9.9973E-05 9.9973E-05 0.650505 0.00746176 0.0764312
9.9982E-05 0.106105 0.00756456 0.0240407 9.9982E-05 0.0368315 0.825259
9.9982E-05 9.9982E-05 0.00277215 0.00859849 0.201948 0.0141274 0.772354
9.9964E-05 0.0125139 9.9964E-05 9.9964E-05 9.9964E-05 0.0258748 0.961211
0.000597204 9.9964E-05 9.9964E-05 0.00204501 9.9964E-05 9.9964E-05 0.996958
0.00487355 0.0384771 0.020225 0.00683826 9.9982E-05 9.9982E-05 0.929386
9.9964E-05 9.9964E-05 9.9964E-05 0.00153313 0.0325558 9.9964E-05 0.965511
0.412251 0.192284 9.9982E-05 9.9982E-05 0.261769 0.00722158 0.126275
0.0268669 9.9964E-05 9.9964E-05 9.9964E-05 0.037063 9.9964E-05 0.93567
0.0847451 0.226353 0.00855861 9.9973E-05 9.9973E-05 0.680043 9.9973E-05
9.9973E-05 9.9973E-05 9.9973E-05 0.00244123 0.498288 0.0130416 0.48593
9.9964E-05 9.9964E-05 0.000451515 9.9964E-05 0.0864013 9.9964E-05 0.912747
9.9982E-05 0.32907 0.391796 0.0800003 9.9982E-05 0.0672251 0.131709
9.9982E-05 0.460898 0.0462008 0.00345935 9.9982E-05 0.00292172 0.48632
9.9964E-05 0.312112 9.9964E-05 9.9964E-05 0.451048 9.9964E-05 0.23644
9.9982E-05 0.0136974 0.00424116 0.00906383 0.22411 9.9982E-05 0.748687
0.00711186 0.0251861 9.9973E-05 9.9973E-05 9.9973E-05 0.0171318 0.95027
9.995E-05 9.995E-05 9.995E-05 0.9994 9.995E-05 9.995E-05 9.995E-05
9.99639E-05 9.99639E-05 0.0037345 9.99639E-05 0.505073 9.99639E-05 0.490793
9.99549E-05 9.99549E-05 9.99549E-05 9.99549E-05 0.512735 9.99549E-05 0.486766
0.319043 0.0420988 9.9973E-05 9.9973E-05 0.511265 9.9973E-05 0.127293
0.316981 0.0438117 9.9991E-05 0.00495709 0.54508 0.00791304 0.0811571
0.609439 9.9964E-05 9.9964E-05 9.9964E-05 0.289763 9.9964E-05 0.100399
9.9955E-05 9.9955E-05 9.9955E-05 9.9955E-05 9.9955E-05 0.0024313 0.997069
9.9955E-05 9.9955E-05 9.9955E-05 9.9955E-05 0.514775 9.9955E-05 0.484725
9.9955E-05 9.9955E-05 9.9955E-05 9.9955E-05 0.134059 9.9955E-05 0.865441
9.9973E-05 0.0380192 9.9973E-05 9.9973E-05 0.645854 0.00202276 0.313805
0.0529391 0.749254 0.0048643 9.9982E-05 0.0788102 9.9982E-05 0.113933
9.9964E-05 0.0276463 9.9964E-05 9.9964E-05 9.9964E-05 0.000695337 0.971259
0.14318 0.148987 9.9982E-05 9.9982E-05 0.511813 0.0817761 0.114043
0.0577193 0.0955063 0.0167525 0.00449479 0.618895 9.9991E-05 0.206532
0.0176538 0.130973 0.00622459 9.9973E-05 9.9973E-05 0.844848 9.9973E-05
9.99549E-05 9.99549E-05 9.99549E-05 9.99549E-05 0.488135 9.99549E-05 0.511365
0.024808 9.9973E-05 0.000514354 9.9973E-05 0.0378275 9.9973E-05 0.93655
9.995E-05 9.995E-05 9.995E-05 9.995E-05 9.995E-05 9.995E-05 0.9994
0.531455 0.00190329 0.0360762 0.000928044 0.405021 9.9991E-05 0.0245166
9.995E-05 9.995E-05 0.9994 9.995E-05 9.995E-05 9.995E-05 9.995E-05
0.780438 9.9973E-05 0.0117791 9.9973E-05 0.151246 9.9973E-05 0.0562373
9.9964E-05 9.9964E-05 9.9964E-05 9.9964E-05 0.231868 0.0318545 0.735878
9.9973E-05 0.0557851 9.9973E-05 0.00430041 9.9973E-05 0.0298486 0.909766
0.493498 9.9964E-05 9.9964E-05 9.9964E-05 0.4029 9.9964E-05 0.103202
9.995E-05 9.995E-05 0.9994 9.995E-05 9.995E-05 9.995E-05 9.995E-05
9.9973E-05 0.333241 0.0144691 0.010603 9.9973E-05 0.641387 9.9973E-05
0.138487 9.9973E-05 0.00265166 9.9973E-05 0.191997 9.9973E-05 0.666564
9.9955E-05 9.9955E-05 9.9955E-05 9.9955E-05 0.268439 9.9955E-05 0.731061
0.319401 9.9973E-05 9.9973E-05 9.9973E-05 0.52656 0.0147071 0.139031
0.00380848 0.00381319 0.00276202 9.9982E-05 9.9982E-05 0.0187077 0.970709
0.461471 0.371461 0.0565252 9.9982E-05 0.0545304 9.9982E-05 0.0558119
9.9991E-05 0.216608 0.520396 0.104819 0.00521403 0.146447 0.00641622
9.9973E-05 9.9973E-05 9.9973E-05 0.00515124 0.129259 0.0290466 0.836243
0.0936257 9.99639E-05 9.99639E-05 9.99639E-05 0.42717 9.99639E-05 0.478804
9.995E-05 9.995E-05 9.995E-05 9.995E-05 9.995E-05 0.9994 9.995E-05
0.0383596 9.9973E-05 0.0022934 9.9973E-05 0.120556 9.9973E-05 0.838491
0.0229809 9.9964E-05 9.9964E-05 9.9964E-05 0.614594 9.9964E-05 0.362025
9.9955E-05 9.9955E-05 9.9955E-05 9.9955E-05 0.221441 9.9955E-05 0.778059
0.71781 9.9964E-05 9.9964E-05 0.00237779 9.9964E-05 9.9964E-05 0.279413
0.374176 0.0713821 0.0161243 0.00020389 0.343019 9.9991E-05 0.194995
0.0806302 0.376669 9.9973E-05 9.9973E-05 0.505458 9.9973E-05 0.0369432
0.399236 0.482942 9.9973E-05 0.0131788 9.9973E-05 9.9973E-05 0.104343
9.9964E-05 9.9964E-05 9.9964E-05 9.9964E-05 0.460932 0.0127451 0.525923
9.9973E-05 9.9973E-05 0.00287847 9.9973E-05 0.132995 0.00230633 0.86152
9.9973E-05 9.9973E-05 0.0278308 9.9973E-05 0.355929 0.00837491 0.607566
0.040094 0.0246718 0.867679 0.0638462 9.9982E-05 0.00350875 9.9982E-05
0.00496567 0.0635688 9.9973E-05 9.9973E-05 9.9973E-05 0.0287434 0.902422
9.9982E-05 0.00874326 0.956104 0.015729 0.0167764 0.00244711 9.9982E-05
9.9964E-05 9.9964E-05 9.9964E-05 9.9964E-05 0.372638 0.000893362 0.626068
9.99549E-05 9.99549E-05 9.99549E-05 9.99549E-05 9.99549E-05 0.949887 0.0496132
0.530539 9.9973E-05 9.9973E-05 9.9973E-05 0.462054 0.000425448 0.00668176
0.765866 0.0427756 9.9973E-05 0.0197574 9.9973E-05 9.9973E-05 0.171301
0.594522 0.00239999 9.9991E-05 0.0351364 0.222816 0.0428142 0.102212
9.9964E-05 9.9964E-05 9.9964E-05 9.9964E-05 0.510472 0.00715645 0.481972
0.261817 0.225807 0.0310172 9.9991E-05 0.309983 0.00589435 0.165381
9.9964E-05 0.00496572 9.9964E-05 9.9964E-05 0.0473703 9.9964E-05 0.947264
0.092396 9.9982E-05 9.9982E-05 0.00252293 0.511176 0.0202519 0.373454
9.9982E-05 0.601213 0.0113289 0.0258762 9.9982E-05 0.0186429 0.342739
9.9982E-05 0.118573 0.0116165 0.00327351 0.195158 9.9982E-05 0.671179
9.9973E-05 0.0465765 9.9973E-05 0.0136047 0.175499 9.9973E-05 0.76402
9.99639E-05 9.99639E-05 0.000192094 9.99639E-05 9.99639E-05 0.972403 0.027005
9.9982E-05 0.730484 0.00107035 9.9982E-05 0.190033 0.038314 0.039899
0.0123522 9.9955E-05 9.9955E-05 9.9955E-05 9.9955E-05 0.987148 9.9955E-05
9.9964E-05 9.9964E-05 0.000931528 9.9964E-05 0.370305 9.9964E-05 0.628363
9.9991E-05 0.640806 0.000233682 0.00099034 0.10588 0.0459102 0.20608
9.9973E-05 0.717189 9.9973E-05 9.9973E-05 0.0399614 0.0299689 0.212581
9.9964E-05 9.9964E-05 0.0198235 9.9964E-05 0.264939 9.9964E-05 0.714837
9.9973E-05 9.9973E-05 0.000425522 0.00485133 0.0183389 9.9973E-05 0.976084
9.9955E-05 9.9955E-05 0.992328 9.9955E-05 9.9955E-05 0.00717227 9.9955E-05
0.312595 0.646523 9.9964E-05 9.9964E-05 9.9964E-05 0.0404819 9.9964E-05
9.9964E-05 9.9964E-05 0.000276123 9.9964E-05 0.361586 9.9964E-05 0.637738
9.9982E-05 0.352132 0.0420193 0.0257973 9.9982E-05 0.425312 0.15454
9.9964E-05 0.0193434 0.00254953 9.9964E-05 9.9964E-05 9.9964E-05 0.977707
9.995E-05 9.995E-05 9.995E-05 0.9994 9.995E-05 9.995E-05 9.995E-05
9.9982E-05 0.0396068 0.0171516 0.00180446 0.102347 9.9982E-05 0.83889
9.9973E-05 0.231389 0.0218103 0.617811 9.9973E-05 9.9973E-05 0.12869
0.433259 9.9991E-05 0.020552 0.00920829 0.4623 0.00786385 0.0667174
0.00996625 0.0181923 9.9973E-05 0.00979045 9.9973E-05 9.9973E-05 0.961751
9.9955E-05 9.9955E-05 9.9955E-05 0.00183119 9.9955E-05 9.9955E-05 0.997669
0.3688 0.551334 0.000352225 0.00143127 9.9991E-05 0.00101389 0.0769687
9.9964E-05 0.0686117 9.9964E-05 9.9964E-05 9.9964E-05 0.00454775 0.926441
0.0101919 9.99551E-05 9.99551E-05 9.99551E-05 9.99551E-05 0.989308 9.99551E-05
9.9964E-05 9.9964E-05 0.00274566 9.9964E-05 0.0101701 9.9964E-05 0.986684
9.995E-05 9.995E-05 9.995E-05 0.9994 9.995E-05 9.995E-05 9.995E-05
9.995E-05 9.995E-05 9.995E-05 9.995E-05 9.995E-05 9.995E-05 0.9994
0.0945571 0.21541 9.9982E-05 9.9982E-05 0.679213 0.00954463 0.00107565
0.101606 0.110091 0.00872483 0.0100705 0.53256 9.9991E-05 0.236848
0.14363 0.657738 9.9964E-05 9.9964E-05 0.198232 9.9964E-05 9.9964E-05
9.9991E-05 0.467847 0.00667729 0.0118104 0.345829 0.000298287 0.167438
9.9982E-05 0.701224 0.0463811 9.9982E-05 0.172183 0.00383633 0.0761761
9.995E-05 9.995E-05 9.995E-05 9.995E-05 9.995E-05 9.995E-05 0.9994
0.177337 9.99756E-05 9.99756E-05 9.99756E-05 0.492207 0.0513608 0.278796
9.9964E-05 9.9964E-05 9.9964E-05 0.0032573 0.122107 9.9964E-05 0.874236
9.9982E-05 0.316406 0.0197942 9.9982E-05 0.488452 0.0535439 0.121604
0.650069 0.18429 9.9991E-05 0.00770315 0.065801 0.00404292 0.0879938
9.9982E-05 0.0240096 9.9982E-05 0.00611622 0.108428 0.0160036 0.845243
9.9964E-05 9.9964E-05 0.00848447 9.9964E-05 0.650648 9.9964E-05 0.340468
9.9973E-05 9.9973E-05 0.00895906 9.9973E-05 0.32829 0.0123985 0.650052
0.0255554 0.047761 9.9964E-05 9.9964E-05 9.9964E-05 9.9964E-05 0.926284
9.9982E-05 0.505135 0.0190081 0.0213405 9.9982E-05 0.0532107 0.401106
0.0671299 0.212493 9.9973E-05 9.9973E-05 0.500354 9.9973E-05 0.219723
0.00165565 0.286295 9.9991E-05 0.0129351 0.369442 0.0179834 0.311588
0.0420205 0.0213798 0.00665324 0.909935 9.9982E-05 0.0198113 9.9982E-05
9.9964E-05 0.0788317 9.9964E-05 9.9964E-05 9.9964E-05 0.00252204 0.918246
9.9955E-05 0.0121039 9.9955E-05 9.9955E-05 9.9955E-05 9.9955E-05 0.987396
9.9982E-05 0.00729607 0.00159186 0.0109709 0.135241 9.9982E-05 0.8447
9.99549E-05 9.99549E-05 9.99549E-05 9.99549E-05 9.99549E-05 0.975715 0.0237853
9.9982E-05 0.0622648 9.9982E-05 0.00318554 0.291224 0.00473077 0.638395
0.106525 0.69907 9.9973E-05 9.9973E-05 0.11009 9.9973E-05 0.0840145
0.152724 0.0400512 0.0119048 9.9991E-05 0.481487 0.0154909 0.298242
9.9964E-05 9.9964E-05 0.00338804 0.0014549 9.9964E-05 9.9964E-05 0.994757
0.024362 0.0698452 9.9982E-05 9.9982E-05 0.0507715 0.00943823 0.845383
0.00562271 9.9955E-05 9.9955E-05 9.9955E-05 9.9955E-05 9.9955E-05 0.993878
0.190536 0.627126 0.0191679 9.9982E-05 0.0951043 9.9982E-05 0.0678658
9.9973E-05 0.1561 0.0317813 0.783353 9.9973E-05 0.0284648 9.9973E-05
0.308331 0.691169 9.9955E-05 9.9955E-05 9.9955E-05 9.9955E-05 9.9955E-05
0.123641 9.9973E-05 0.0267612 9.9973E-05 0.352674 9.9973E-05 0.496624
9.9964E-05 0.0436647 0.00763375 0.948302 9.9964E-05 9.9964E-05 9.9964E-05
9.9982E-05 0.078515 9.9982E-05 0.0193812 0.347172 0.0367153 0.518016
0.359352 9.99639E-05 9.99639E-05 9.99639E-05 0.387753 9.99639E-05 0.252494
9.9964E-05 0.0669967 9.9964E-05 9.9964E-05 9.9964E-05 0.0330145 0.899589
9.9955E-05 9.9955E-05 0.00313054 9.9955E-05 9.9955E-05 9.9955E-05 0.99637
0.0128295 0.0222335 0.0164929 9.99784E-05 9.99784E-05 9.99784E-05 0.948144
9.9964E-05 0.294778 9.9964E-05 9.9964E-05 0.313813 9.9964E-05 0.391009
9.99549E-05 9.99549E-05 9.99549E-05 9.99549E-05 9.99549E-05 0.949396 0.0501038
9.9964E-05 9.9964E-05 0.000547754 9.9964E-05 0.0569822 9.9964E-05 0.94207
0.808159 0.0752271 9.9973E-05 9.9973E-05 9.9973E-05 0.00288127 0.113433
9.9964E-05 0.0311626 9.9964E-05 9.9964E-05 0.64068 9.9964E-05 0.327758
9.9973E-05 9.9973E-05 9.9973E-05 0.0142087 0.00777866 0.969882 0.00783025
0.514871 0.374463 9.9973E-05 9.9973E-05 0.0466908 9.9973E-05 0.0636755
9.9973E-05 0.757292 9.9973E-05 0.0312554 0.0452825 9.9973E-05 0.165871
0.122303 0.284575 9.9982E-05 9.9982E-05 0.510389 0.0316591 0.0508745
9.9964E-05 9.9964E-05 9.9964E-05 9.9964E-05 0.00330005 0.906021 0.0902794
0.0565933 9.9964E-05 9.9964E-05 9.9964E-05 0.540183 9.9964E-05 0.402824
9.995E-05 9.995E-05 9.995E-05 0.9994 9.995E-05 9.995E-05 9.995E-05
0.0113587 9.9982E-05 0.00486835 0.0101818 0.481449 9.9982E-05 0.491942
9.9964E-05 9.9964E-05 0.0118482 9.9964E-05 0.114572 9.9964E-05 0.87318
9.995E-05 9.995E-05 9.995E-05 0.9994 9.995E-05 9.995E-05 9.995E-05
9.9955E-05 9.9955E-05 9.9955E-05 9.9955E-05 0.172365 9.9955E-05 0.827135
0.0251668 0.031495 0.8912 0.0100421 0.0180195 0.0128462 0.0112302
0.118754 0.145846 9.9973E-05 9.9973E-05 0.64574 9.9973E-05 0.0893605
9.9973E-05 0.0256115 9.9973E-05 9.9973E-05 0.0531376 0.0194346 0.901516
0.252572 0.55777 9.9982E-05 0.00666411 9.9982E-05 0.0578798 0.124914
0.0343089 0.0471956 0.00891499 0.011054 0.253078 9.9991E-05 0.645349
9.9964E-05 0.0571614 0.0215637 0.920875 9.9964E-05 9.9964E-05 9.9964E-05
0.0693613 0.15302 9.9982E-05 0.0107872 0.614943 9.9982E-05 0.151689
