0.18458 9.9982E-05 0.81522 9.9982E-05
9.9982E-05 0.00532402 0.994476 9.9982E-05
9.9982E-05 9.9982E-05 0.986082 0.0137176
0.201898 0.0159376 0.780968 0.00119682
0.48841 0.0294441 0.428361 0.0537848
0.293432 0.132966 0.439669 0.133933
0.546645 0.0152701 0.369097 0.068988
0.608738 0.0469342 0.314721 0.0296064
9.999E-05 0.0316159 0.966468 0.00181653
0.0895626 9.9982E-05 0.910237 9.9982E-05
0.543861 9.9982E-05 0.455939 9.9982E-05
0.663902 9.9991E-05 0.326331 0.00966624
0.537254 9.9982E-05 0.462546 9.9982E-05
0.295035 0.151344 0.432469 0.121152
0.264731 9.9982E-05 0.735069 9.9982E-05
0.261327 0.0548679 0.65564 0.0281654
0.639902 9.9982E-05 0.359898 9.9982E-05
9.9991E-05 0.470429 0.363019 0.166452
9.9982E-05 0.0124189 0.987381 9.9982E-05
0.539861 0.0776362 0.326188 0.0563151
0.0194735 9.9991E-05 0.977264 0.00316284
0.578034 9.9982E-05 0.421766 9.9982E-05
0.483583 9.9982E-05 0.516217 9.9982E-05
0.0817623 9.9982E-05 9.9982E-05 0.918038
0.470133 9.9982E-05 0.529667 9.9982E-05
0.551151 0.0312978 0.406332 0.011219
0.0119173 0.00203248 0.985919 0.000131601
0.100768 9.9982E-05 0.899032 9.9982E-05
9.998E-05 9.998E-05 0.9997 9.998E-05
0.363144 0.102799 0.418312 0.115746
9.9991E-05 0.00568491 0.989855 0.00436043
9.998E-05 9.998E-05 0.9997 9.998E-05
0.364215 0.119963 0.425716 0.090106
9.9982E-05 9.9982E-05 0.988065 0.0117348
0.517503 0.0573481 0.425049 9.9991E-05
0.216933 9.9982E-05 0.782867 9.9982E-05
0.664554 0.0309676 0.256598 0.0478811
0.585047 0.0746194 0.252157 0.0881763
0.541751 9.9991E-05 0.433914 0.024235
0.394407 0.121146 0.365874 0.118573
9.9991E-05 0.0119411 0.976927 0.0110316
0.0936759 9.9982E-05 0.906124 9.9982E-05
0.106696 9.9982E-05 0.893104 9.9982E-05
0.120121 0.0200415 0.85092 0.00891723
9.9991E-05 0.841372 0.0301215 0.128406
0.0721321 9.9982E-05 0.927668 9.9982E-05
0.0205294 9.9982E-05 0.979271 9.9982E-05
9.9991E-05 0.845116 0.0269385 0.127845
0.199896 9.9982E-05 0.799904 9.9982E-05
0.38771 9.9982E-05 0.61209 9.9982E-05
0.13688 9.9982E-05 0.86292 9.9982E-05
0.268682 9.9982E-05 0.731118 9.9982E-05
0.0310423 0.127009 0.73356 0.108389
0.407853 9.9991E-05 0.512675 0.0793718
9.9991E-05 0.054469 0.874747 0.0706837
0.00640999 9.9982E-05 0.99339 9.9982E-05
9.9982E-05 0.0186322 0.981168 9.9982E-05
0.138624 0.00461012 0.856666 9.9991E-05
0.110745 9.9982E-05 0.889055 9.9982E-05
9.998E-05 9.998E-05 0.9997 9.998E-05
0.0839903 0.00900549 9.9991E-05 0.906904
9.9991E-05 0.0147051 0.976879 0.00831586
0.430733 0.026797 0.496531 0.0459388
9.998E-05 9.998E-05 0.9997 9.998E-05
9.9982E-05 0.00600315 0.993797 9.9982E-05
0.191475 9.9982E-05 0.808325 9.9982E-05
0.204227 9.9982E-05 0.795573 9.9982E-05
0.613312 9.9991E-05 0.366378 0.0202101
9.9991E-05 0.841926 0.0159134 0.14206
0.513229 0.00320609 0.451734 0.0318314
9.9991E-05 0.0542574 0.887295 0.0583477
0.0670874 0.00228824 0.91611 0.0145144
9.9982E-05 9.9982E-05 0.964495 0.0353047
9.9991E-05 0.00101112 0.997848 0.00104089
9.9982E-05 0.0504762 0.949324 9.9982E-05
9.9982E-05 0.00318884 0.996611 9.9982E-05
0.560289 9.9991E-05 0.400428 0.0391832
0.0139584 9.9982E-05 0.985842 9.9982E-05
0.103813 0.0288467 0.0813485 0.785992
0.261457 9.9991E-05 0.733684 0.00475899
0.0184102 9.9991E-05 0.979156 0.00233428
0.0673404 0.479607 0.257006 0.196047
0.0386917 0.148842 0.685148 0.127318
0.366177 0.0444179 0.576412 0.0129931
0.0887231 0.011992 0.899185 9.9991E-05
9.9982E-05 9.9982E-05 0.978513 0.0212874
9.998E-05 0.9997 9.998E-05 9.998E-05
0.272103 9.9982E-05 0.727697 9.9982E-05
0.229672 9.9982E-05 0.770129 9.9982E-05
0.568181 9.9982E-05 0.431619 9.9982E-05
0.604823 9.9982E-05 0.394977 9.9982E-05
0.662395 9.9982E-05 0.337405 9.9982E-05
9.9982E-05 9.9982E-05 0.979331 0.0204694
0.251513 9.9982E-05 0.748287 9.9982E-05
0.034436 9.9982E-05 0.965364 9.9982E-05
0.387835 9.9982E-05 0.611965 9.9982E-05
0.344678 0.132295 0.401187 0.12184
9.9982E-05 9.9982E-05 0.981665 0.0181346
0.50491 9.9991E-05 0.424913 0.070077
0.455865 0.0239228 0.520112 9.9991E-05
0.0955094 0.00934047 9.9991E-05 0.89505
0.00722499 9.9982E-05 0.992575 9.9982E-05
9.998E-05 9.998E-05 0.9997 9.998E-05
0.686994 0.0100138 0.302892 9.9991E-05
9.9991E-05 0.829378 0.0654248 0.105097
0.717453 9.9982E-05 0.282347 9.9982E-05
0.0911038 9.9991E-05 0.877977 0.0308193
9.9991E-05 0.00927078 0.937111 0.0535186
0.620429 9.9982E-05 0.379371 9.9982E-05
9.9991E-05 0.847563 0.0176081 0.134729
0.0594342 0.078923 0.0910579 0.770585
0.207896 9.9982E-05 0.791904 9.9982E-05
0.098755 9.9982E-05 0.901045 9.9982E-05
0.576567 9.9982E-05 0.423233 9.9982E-05
9.9991E-05 0.000577309 0.97174 0.0275824
0.532856 0.10178 0.312144 0.0532189
0.0442197 0.579976 0.123139 0.252665
0.0143108 9.9991E-05 0.942784 0.0428049
0.295072 9.9982E-05 0.704728 9.9982E-05
9.998E-05 9.998E-05 9.998E-05 0.9997
0.0687229 9.9982E-05 0.931077 9.9982E-05
0.352863 9.9982E-05 0.646937 9.9982E-05
0.0538488 9.9982E-05 0.945951 9.9982E-05
0.560893 0.00121852 0.437789 9.9991E-05
0.55074 0.0131212 0.436039 9.9991E-05
0.533638 0.0254585 0.409617 0.0312864
0.49861 0.109054 0.345001 0.0473358
0.232137 9.9991E-05 0.76615 0.00161272
0.0178797 9.9991E-05 0.957099 0.0249213
0.160648 9.9991E-05 0.826415 0.0128371
9.9991E-05 0.802964 0.0655592 0.131377
9.9991E-05 0.00311305 0.95477 0.042017
9.9991E-05 0.821656 0.0263871 0.151857
0.179963 9.9982E-05 0.819837 9.9982E-05
9.99819E-05 9.99819E-05 0.0245631 0.975237
0.721221 9.9982E-05 0.278579 9.9982E-05
0.648583 0.0150197 0.322374 0.0140235
0.624083 0.0224699 0.327953 0.0254942
0.276403 9.9982E-05 0.723397 9.9982E-05
0.47696 0.0561527 0.423249 0.0436382
9.9991E-05 0.00160247 0.995352 0.00294556
0.386543 9.9982E-05 0.613257 9.9982E-05
0.121227 0.152606 0.586402 0.139765
0.126505 0.0259166 0.847479 9.9991E-05
0.0478584 0.00952449 0.937029 0.00558854
9.9982E-05 9.9982E-05 0.0107984 0.989002
0.360716 0.1119 0.366759 0.160624
0.0149253 9.9982E-05 9.9982E-05 0.984875
0.179011 9.9982E-05 0.820789 9.9982E-05
0.257651 0.114807 0.455392 0.172151
0.227266 0.123102 0.489323 0.160309
0.128728 0.00520432 0.865968 9.9991E-05
9.998E-05 9.998E-05 0.9997 9.998E-05
9.9991E-05 0.81694 0.00294238 0.180017
0.434005 0.0913513 0.301297 0.173347
0.156394 9.9982E-05 0.843406 9.9982E-05
9.9991E-05 0.135663 0.314922 0.549315
9.9991E-05 0.0120815 0.972141 0.0156771
9.998E-05 0.9997 9.998E-05 9.998E-05
0.0403786 0.0229642 0.936557 9.9991E-05
0.0331961 0.727022 0.239682 9.9991E-05
0.657421 0.00282233 0.339657 9.9991E-05
9.9991E-05 0.00221845 0.984355 0.0133266
9.9982E-05 0.00762124 0.992179 9.9982E-05
0.496843 0.10322 0.316789 0.0831485
9.9991E-05 0.0209993 0.954921 0.0239796
0.0191043 9.9982E-05 9.9982E-05 0.980696
9.9982E-05 9.9982E-05 0.997988 0.00181232
9.998E-05 0.9997 9.998E-05 9.998E-05
9.998E-05 9.998E-05 0.9997 9.998E-05
0.548999 9.9991E-05 0.417462 0.0334384
0.440591 0.0159609 0.543348 9.9991E-05
0.487973 0.0837081 0.33515 0.0931692
0.341846 0.0907791 0.515018 0.0523569
0.337517 0.149902 0.404639 0.107942
9.998E-05 9.998E-05 0.9997 9.998E-05
0.441741 9.9991E-05 0.531259 0.0268998
0.0224144 9.9991E-05 0.977279 0.000206355
0.416764 0.0457303 0.4435 0.0940059
0.638441 0.0343959 0.30143 0.025733
0.0276716 0.0190183 0.93997 0.0133404
0.32272 9.9982E-05 0.67708 9.9982E-05
0.145535 9.9991E-05 0.848831 0.00553403
0.00860744 0.00550838 0.97362 0.0122646
0.0815919 0.144716 0.623787 0.149905
0.426977 0.0133855 0.54565 0.0139874
0.327099 0.0507253 0.580206 0.0419704
0.0564764 0.943324 9.9982E-05 9.9982E-05
9.9991E-05 0.00615972 0.962902 0.0308386
9.998E-05 9.998E-05 0.9997 9.998E-05
0.0417099 0.00651392 0.951676 9.9991E-05
9.9982E-05 9.9982E-05 0.0164719 0.983328
0.163859 9.9991E-05 0.835811 0.000229811
0.430219 0.0985675 0.368298 0.102916
0.410318 9.9991E-05 0.584881 0.00470074
9.9982E-05 0.00733614 0.992464 9.9982E-05
0.0489627 0.000766323 0.924239 0.0260315
9.998E-05 9.998E-05 0.9997 9.998E-05
0.439269 0.118242 0.372272 0.0702171
0.0312754 0.872752 0.0699249 0.0260473
0.497798 0.125176 0.279801 0.0972252
0.300162 9.9982E-05 0.699639 9.9982E-05
9.998E-05 0.9997 9.998E-05 9.998E-05
0.208603 0.016167 0.733708 0.0415217
0.509489 9.9982E-05 0.490311 9.9982E-05
0.00141708 0.0250771 0.934755 0.0387503
9.9982E-05 0.00503274 0.994767 9.9982E-05
9.9991E-05 0.0203651 0.971243 0.00829234
0.288191 0.0159963 0.656017 0.0397958
9.99819E-05 9.99819E-05 0.0356165 0.964184
9.998E-05 9.998E-05 0.9997 9.998E-05
0.673107 9.9991E-05 0.28881 0.0379823
0.373368 9.9982E-05 0.626432 9.9982E-05
9.9982E-05 9.9982E-05 0.00947818 0.990322
0.582577 0.0388091 0.296048 0.082566
0.217033 0.183256 0.474952 0.124759
0.51887 0.00107858 0.412625 0.0674265
9.9982E-05 9.9982E-05 0.0741424 0.925658
0.316848 9.9982E-05 0.682952 9.9982E-05
9.998E-05 0.9997 9.998E-05 9.998E-05
0.290038 9.9982E-05 0.709762 9.9982E-05
9.9982E-05 0.0170984 0.982702 9.9982E-05
9.998E-05 0.9997 9.998E-05 9.998E-05
0.0359873 9.9982E-05 0.963813 9.9982E-05
9.9991E-05 0.757869 0.0880167 0.154014
0.568491 9.9982E-05 0.431309 9.9982E-05
9.9982E-05 9.9982E-05 0.975351 0.0244485
0.401854 0.092996 0.341165 0.163984
0.17232 0.00442648 0.823153 9.9991E-05
9.9982E-05 0.993302 0.00649793 9.9982E-05
0.484987 0.00351551 0.498682 0.0128157
