0.181508 0.818292 9.9982E-05 9.9982E-05
9.9982E-05 0.98849 0.0113104 9.9982E-05
9.9982E-05 0.976959 9.9982E-05 0.0228415
0.193822 0.7787 0.0263617 0.00111605
0.484502 0.414234 0.0276307 0.073633
0.302134 0.454299 0.126573 0.116994
0.567611 0.356874 0.00184717 0.073668
0.606189 0.325658 0.0430333 0.0251189
9.999E-05 0.970361 0.0279922 0.00154648
0.0886058 0.911194 9.9982E-05 9.9982E-05
0.549266 0.450534 9.9982E-05 9.9982E-05
0.664145 0.335655 9.9982E-05 9.9982E-05
0.533302 0.466498 9.9982E-05 9.9982E-05
0.297611 0.42977 0.146153 0.126466
0.258245 0.741555 9.9982E-05 9.9982E-05
0.253519 0.646187 0.0623855 0.0379091
0.628909 0.368511 9.9991E-05 0.00247993
9.9991E-05 0.402904 0.448945 0.148051
9.9982E-05 0.979326 0.0204736 9.9982E-05
0.540633 0.325259 0.0727962 0.0613114
0.0141262 0.980093 9.9991E-05 0.00568097
0.576561 0.423239 9.9982E-05 9.9982E-05
0.488467 0.505318 9.9991E-05 0.00611552
0.0729209 9.9982E-05 9.9982E-05 0.926879
0.414876 0.426027 0.076954 0.0821435
0.467872 0.531928 9.9982E-05 9.9982E-05
0.562479 0.404012 0.0268147 0.00669387
0.00088263 0.992005 0.00324228 0.00386978
0.0887367 0.911063 9.9982E-05 9.9982E-05
9.998E-05 0.9997 9.998E-05 9.998E-05
0.373696 0.404538 0.0972616 0.124505
9.9982E-05 0.987066 0.0127341 9.9982E-05
9.9982E-05 0.994008 9.9982E-05 0.0057925
0.36174 0.428498 0.116557 0.0932058
9.9982E-05 0.979115 9.9982E-05 0.0206847
0.504165 0.431891 0.0638439 9.9991E-05
0.204959 0.794841 9.9982E-05 9.9982E-05
0.660611 0.265194 0.0235802 0.0506154
0.614004 0.222882 0.0834502 0.0796638
0.52099 0.444556 9.9991E-05 0.0343537
0.380109 0.38543 0.114832 0.11963
9.9991E-05 0.977346 0.00729522 0.0152589
0.0965416 0.903258 9.9982E-05 9.9982E-05
0.105296 0.894504 9.9982E-05 9.9982E-05
0.116139 0.856396 0.0147997 0.0126658
9.9991E-05 0.0114247 0.839701 0.148774
0.0717694 0.928031 9.9982E-05 9.9982E-05
0.015241 0.984559 9.9982E-05 9.9982E-05
9.9991E-05 0.0267012 0.840218 0.132981
0.189491 0.810309 9.9982E-05 9.9982E-05
0.396766 0.603034 9.9982E-05 9.9982E-05
0.133471 0.866329 9.9982E-05 9.9982E-05
0.278128 0.721672 9.9982E-05 9.9982E-05
0.0317731 0.741018 0.128943 0.0982654
0.42407 0.503346 9.9991E-05 0.0724843
9.9991E-05 0.87318 0.0530252 0.0736944
9.9982E-05 0.99857 0.00123025 9.9982E-05
9.9982E-05 0.985077 0.0147231 9.9982E-05
0.13461 0.86519 9.9982E-05 9.9982E-05
0.120511 0.879289 9.9982E-05 9.9982E-05
9.998E-05 0.9997 9.998E-05 9.998E-05
0.0861935 9.9991E-05 0.00692575 0.906781
9.9991E-05 0.972795 0.00529165 0.0218134
0.42147 0.514284 0.0212968 0.0429492
9.9991E-05 0.985538 0.00959545 0.00476631
9.9982E-05 0.992538 0.00726171 9.9982E-05
0.191 0.8088 9.9982E-05 9.9982E-05
0.19586 0.80394 9.9982E-05 9.9982E-05
0.648275 0.342105 9.9991E-05 0.00952022
9.9991E-05 0.00434814 0.858147 0.137405
0.479549 0.471643 0.0116224 0.0371854
9.9991E-05 0.888886 0.0477505 0.0632633
0.0626162 0.918281 9.9991E-05 0.019003
9.9982E-05 0.95288 9.9982E-05 0.0469195
9.9982E-05 0.99298 0.00682045 9.9982E-05
9.9982E-05 0.95202 0.0477805 9.9982E-05
9.998E-05 0.9997 9.998E-05 9.998E-05
0.555249 0.401509 9.9991E-05 0.043142
0.0111514 0.988649 9.9982E-05 9.9982E-05
0.131361 0.0690061 0.0416141 0.758018
0.254475 0.745325 9.9982E-05 9.9982E-05
0.0117915 0.985233 0.00287543 9.9991E-05
0.0641335 0.253285 0.477046 0.205535
0.0297841 0.692445 0.153806 0.123965
0.355142 0.602253 0.0402326 0.00237208
0.0683551 0.911846 0.0196989 9.9991E-05
9.9982E-05 0.978 9.9982E-05 0.0218005
9.998E-05 9.998E-05 0.9997 9.998E-05
0.265524 0.734276 9.9982E-05 9.9982E-05
0.245236 0.754564 9.9982E-05 9.9982E-05
0.568819 0.430981 9.9982E-05 9.9982E-05
0.615434 0.384366 9.9982E-05 9.9982E-05
0.659812 0.339988 9.9982E-05 9.9982E-05
9.9991E-05 0.979241 0.00222022 0.0184387
0.24412 0.75568 9.9982E-05 9.9982E-05
0.0287322 0.971068 9.9982E-05 9.9982E-05
0.36818 0.63162 9.9982E-05 9.9982E-05
0.346576 0.397487 0.141128 0.114808
9.9991E-05 0.985455 0.0115229 0.0029222
0.489391 0.441958 9.9991E-05 0.068551
0.449019 0.535234 0.0156465 9.9991E-05
0.105799 9.9982E-05 9.9982E-05 0.894001
0.226208 0.773592 9.9982E-05 9.9982E-05
0.00168823 0.998112 9.9982E-05 9.9982E-05
9.998E-05 0.9997 9.998E-05 9.998E-05
0.697999 0.301801 9.9982E-05 9.9982E-05
9.9991E-05 0.050256 0.835639 0.114005
0.721642 0.278159 9.9982E-05 9.9982E-05
0.0873204 0.876345 9.9991E-05 0.0362345
9.9991E-05 0.955051 0.00126753 0.0435819
0.620952 0.378848 9.9982E-05 9.9982E-05
9.9982E-05 9.9982E-05 0.864471 0.135329
0.0740048 0.0710453 0.075148 0.779802
0.205173 0.794627 9.9982E-05 9.9982E-05
0.0956519 0.904148 9.9982E-05 9.9982E-05
0.574994 0.424806 9.9982E-05 9.9982E-05
9.9982E-05 0.963465 9.9982E-05 0.0363347
0.538684 0.308348 0.0917658 0.0612022
0.0466791 0.139342 0.571342 0.242637
0.0154224 0.947229 9.9991E-05 0.0372485
0.278936 0.720864 9.9982E-05 9.9982E-05
9.998E-05 9.998E-05 9.998E-05 0.9997
0.0718402 0.92796 9.9982E-05 9.9982E-05
0.343878 0.655922 9.9982E-05 9.9982E-05
0.0403479 0.959452 9.9982E-05 9.9982E-05
0.557003 0.442797 9.9982E-05 9.9982E-05
0.553636 0.437914 0.00835007 9.9991E-05
0.533439 0.396327 0.0212556 0.0489783
0.522334 0.328934 0.105381 0.0433504
0.210306 0.789494 9.9982E-05 9.9982E-05
0.0204938 0.970837 9.9991E-05 0.00856969
0.163285 0.82978 0.00339366 0.00354121
9.9991E-05 0.064999 0.796341 0.13856
9.9991E-05 0.961185 0.000923889 0.0377911
9.9991E-05 0.0180703 0.814613 0.167216
0.177113 0.822282 9.9991E-05 0.00050483
9.99819E-05 0.0413737 9.99819E-05 0.958426
0.721155 0.278645 9.9982E-05 9.9982E-05
0.628781 0.348001 0.0198392 0.00337937
0.645276 0.307329 0.0206631 0.0267315
0.268166 0.731634 9.9982E-05 9.9982E-05
0.494007 0.431233 0.0516821 0.0230778
9.9982E-05 0.997478 0.00232214 9.9982E-05
0.370125 0.629675 9.9982E-05 9.9982E-05
0.122507 0.586694 0.148314 0.142485
0.133871 0.819585 0.0267518 0.0197922
0.0618966 0.914246 0.0152475 0.0086101
9.9982E-05 0.0150824 9.9982E-05 0.984718
0.35635 0.368821 0.107636 0.167193
0.0177384 9.9982E-05 9.9982E-05 0.982062
0.176596 0.823204 9.9982E-05 9.9982E-05
0.259056 0.461037 0.114719 0.165188
0.231994 0.490999 0.122358 0.15465
0.119623 0.874313 0.00596333 9.9991E-05
9.998E-05 0.9997 9.998E-05 9.998E-05
9.9991E-05 0.0122813 0.820797 0.166822
0.457206 0.274569 0.0908669 0.177358
0.154968 0.844832 9.9982E-05 9.9982E-05
0.0109729 0.318822 0.134103 0.536102
9.9991E-05 0.982536 0.00986951 0.00749479
9.998E-05 9.998E-05 0.9997 9.998E-05
0.029629 0.943687 0.0265843 9.9991E-05
0.0161845 0.250076 0.72635 0.00739001
0.646427 0.342758 0.0107155 9.9991E-05
9.9991E-05 0.9839 0.00803004 0.00796977
9.9982E-05 0.995892 0.0039082 9.9982E-05
0.489535 0.307067 0.0965036 0.106895
9.9991E-05 0.95474 0.0186922 0.0264676
0.024999 9.9982E-05 9.9982E-05 0.974801
9.9982E-05 0.994962 9.9982E-05 0.0048376
9.998E-05 9.998E-05 0.9997 9.998E-05
9.998E-05 0.9997 9.998E-05 9.998E-05
0.575741 0.400645 9.9991E-05 0.0235143
0.446444 0.525866 0.0275897 9.9991E-05
0.493529 0.31675 0.0882816 0.101439
0.328689 0.521572 0.0936926 0.0560467
0.345658 0.397084 0.139293 0.117964
9.998E-05 0.9997 9.998E-05 9.998E-05
0.437375 0.544426 9.9991E-05 0.0180988
0.0248664 0.974934 9.9982E-05 9.9982E-05
0.418726 0.45151 0.0298675 0.0998969
0.642447 0.297065 0.0386557 0.0218324
0.0274235 0.932509 0.0104218 0.0296455
0.307969 0.691831 9.9982E-05 9.9982E-05
0.133669 0.866131 9.9982E-05 9.9982E-05
0.00330978 0.978057 9.9991E-05 0.0185333
0.074562 0.613353 0.142002 0.170083
0.427716 0.54448 0.0233435 0.00446115
0.304928 0.58628 0.052776 0.0560164
0.0557412 9.9982E-05 0.944059 9.9982E-05
9.9991E-05 0.957397 0.0114391 0.0310639
9.9982E-05 0.998374 9.9982E-05 0.00142571
0.0386363 0.951008 0.0102559 9.9991E-05
9.9982E-05 0.0228876 9.9982E-05 0.976912
0.156885 0.841178 9.9991E-05 0.00183709
0.4346 0.37334 0.0911597 0.1009
0.412326 0.58618 9.9991E-05 0.00139399
9.9982E-05 0.98683 0.0129702 9.9982E-05
0.0583242 0.917423 0.00264099 0.0216115
9.998E-05 0.9997 9.998E-05 9.998E-05
0.447525 0.357925 0.110649 0.0839011
0.0460252 0.0763285 0.872268 0.00537791
0.513994 0.28133 0.107572 0.0971033
0.299284 0.700516 9.9982E-05 9.9982E-05
9.998E-05 9.998E-05 0.9997 9.998E-05
0.200066 0.748991 0.0102933 0.0406491
0.501849 0.497951 9.9982E-05 9.9982E-05
9.9991E-05 0.943403 0.0133888 0.0431081
9.9982E-05 0.991798 0.00800165 9.9982E-05
9.9991E-05 0.970756 0.0275181 0.00162606
0.281298 0.67144 0.0225503 0.0247112
9.99819E-05 0.0283309 9.99819E-05 0.971469
9.998E-05 0.9997 9.998E-05 9.998E-05
0.674212 0.289812 9.9991E-05 0.0358765
0.352444 0.647356 9.9982E-05 9.9982E-05
9.9982E-05 0.00792094 9.9982E-05 0.991879
0.597414 0.293093 0.0391437 0.0703491
0.220047 0.482375 0.182049 0.11553
0.519485 0.40643 9.9991E-05 0.0739851
9.9982E-05 0.0817358 9.9982E-05 0.918064
0.32129 0.67851 9.9982E-05 9.9982E-05
9.998E-05 9.998E-05 0.9997 9.998E-05
0.277984 0.721816 9.9982E-05 9.9982E-05
0.011295 0.975836 0.0127689 9.9991E-05
9.998E-05 9.998E-05 0.9997 9.998E-05
0.035947 0.963853 9.9982E-05 9.9982E-05
0.0131546 0.0561968 0.767668 0.16298
0.551044 0.448756 9.9982E-05 9.9982E-05
9.9982E-05 0.97022 9.9982E-05 0.0295803
0.411099 0.336808 0.0938764 0.158217
0.160568 0.829548 0.00978351 9.9991E-05
9.9982E-05 0.0176648 0.982135 9.9982E-05
0.480045 0.512398 0.000397959 0.00715857
