0.0152468 9.9982E-05 9.9982E-05 0.984553
0.0242064 0.00839282 9.9991E-05 0.967301
0.0123162 0.00957742 9.9991E-05 0.978006
0.00712651 0.0102407 0.0199344 0.962698
9.999E-05 0.0176326 0.198418 0.783849
0.0580173 0.065649 0.187487 0.688847
9.99821E-05 9.99821E-05 0.234609 0.765191
9.999E-05 0.0187639 0.203216 0.77792
0.0228984 0.0151499 9.9991E-05 0.961852
9.998E-05 9.998E-05 9.998E-05 0.9997
9.99821E-05 9.99821E-05 0.111221 0.888579
9.99821E-05 9.99821E-05 0.178598 0.821202
9.99821E-05 9.99821E-05 0.0881803 0.91162
0.0563451 0.0882178 0.206717 0.64872
9.9982E-05 9.9982E-05 0.00955491 0.990245
0.0183767 0.030365 0.07681 0.874448
9.99821E-05 9.99821E-05 0.171709 0.828091
0.47932 0.0751026 0.0863575 0.35922
0.0130951 0.0174832 9.9991E-05 0.969322
9.9991E-05 0.0509406 0.215336 0.733623
0.0021186 0.00423775 9.9991E-05 0.993544
9.99821E-05 9.99821E-05 0.117808 0.881992
9.99821E-05 9.99821E-05 0.113896 0.885904
0.0459042 9.9991E-05 0.844284 0.109712
9.99821E-05 9.99821E-05 0.0972026 0.902597
9.9991E-05 0.0202901 0.157442 0.822168
0.0202609 9.99819E-05 9.99819E-05 0.979539
9.998E-05 9.998E-05 9.998E-05 0.9997
9.998E-05 9.998E-05 9.998E-05 0.9997
0.00469671 0.0825373 0.215281 0.697485
0.00759859 0.0109847 9.9991E-05 0.981317
0.00504563 0.00345834 9.9991E-05 0.991396
0.0259373 0.0727685 0.209199 0.692095
0.00444503 0.00581476 9.9991E-05 0.98964
9.9991E-05 0.0497526 0.119831 0.830317
9.998E-05 9.998E-05 9.998E-05 0.9997
9.99911E-05 0.0295059 0.240692 0.729702
0.0151032 0.0350747 0.282349 0.667473
9.99821E-05 9.99821E-05 0.16258 0.83722
0.0206315 0.0848139 0.242155 0.6524
0.0113166 0.0138706 9.9991E-05 0.974713
9.998E-05 9.998E-05 9.998E-05 0.9997
0.00344544 0.0128125 9.9991E-05 0.983642
0.0423499 9.9982E-05 9.9982E-05 0.95745
0.9997 9.998E-05 9.998E-05 9.998E-05
0.0135716 0.00117966 9.9991E-05 0.985149
0.00332453 9.9982E-05 9.9982E-05 0.996476
0.9997 9.998E-05 9.998E-05 9.998E-05
9.998E-05 9.998E-05 9.998E-05 0.9997
9.9991E-05 0.00100809 0.0460845 0.952807
9.998E-05 9.998E-05 9.998E-05 0.9997
9.9982E-05 9.9982E-05 0.0315944 0.968206
0.0885727 0.065401 0.0979061 0.74812
9.9982E-05 9.9982E-05 0.172061 0.827739
0.0296031 0.0606537 0.039411 0.870332
0.0140944 9.99819E-05 9.99819E-05 0.985706
0.0202582 0.00555642 9.9991E-05 0.974085
0.0155252 9.9982E-05 9.9982E-05 0.984275
9.998E-05 9.998E-05 9.998E-05 0.9997
9.998E-05 9.998E-05 9.998E-05 0.9997
0.0200616 0.0268887 0.849031 0.104018
0.0018124 0.0199125 9.9991E-05 0.978175
9.9991E-05 0.0174302 0.150372 0.832098
0.029216 9.99819E-05 9.99819E-05 0.970584
0.00632905 0.0204573 9.9991E-05 0.973114
9.998E-05 9.998E-05 9.998E-05 0.9997
9.998E-05 9.998E-05 9.998E-05 0.9997
9.99821E-05 9.99821E-05 0.191909 0.807891
0.9997 9.998E-05 9.998E-05 9.998E-05
9.9991E-05 0.00809125 0.153505 0.838304
0.0356665 0.0495766 0.00624647 0.90851
0.0112802 0.00162983 9.9991E-05 0.98699
0.028931 0.00527964 0.00575588 0.960033
0.00945769 0.00828238 9.9991E-05 0.98216
0.0457045 0.0152165 9.9991E-05 0.938979
0.0079096 0.00621211 9.9991E-05 0.985778
9.99821E-05 9.99821E-05 0.172487 0.827313
9.998E-05 9.998E-05 9.998E-05 0.9997
0.0622546 0.0234818 0.723572 0.190691
9.9982E-05 9.9982E-05 0.0296865 0.970114
0.0144945 0.00393444 9.9991E-05 0.981471
0.435386 0.119299 0.151689 0.293625
0.0949287 0.0791115 0.100147 0.725813
0.0219974 0.0179067 0.0783232 0.881773
0.0153956 0.00909173 9.9991E-05 0.975413
0.00115325 0.0182301 9.9991E-05 0.980517
9.998E-05 0.9997 9.998E-05 9.998E-05
9.998E-05 9.998E-05 9.998E-05 0.9997
9.998E-05 9.998E-05 9.998E-05 0.9997
9.99821E-05 9.99821E-05 0.0985186 0.901281
9.99821E-05 9.99821E-05 0.139719 0.860081
9.99821E-05 9.99821E-05 0.10076 0.89904
0.00632083 0.0124638 9.9991E-05 0.981115
9.998E-05 9.998E-05 9.998E-05 0.9997
0.0046466 9.99819E-05 9.99819E-05 0.995153
9.99821E-05 9.99821E-05 0.0561837 0.943616
0.0605804 0.0821575 0.193457 0.663805
0.021695 0.00732906 9.9991E-05 0.970876
9.99821E-05 9.99821E-05 0.192703 0.807097
0.00417775 0.00320333 0.0974793 0.89514
0.0605542 9.9991E-05 0.886004 0.0533417
0.00706381 9.99819E-05 9.99819E-05 0.992736
0.00766248 0.00804444 9.9991E-05 0.984193
9.99821E-05 9.99821E-05 0.143718 0.856082
0.9997 9.998E-05 9.998E-05 9.998E-05
9.99821E-05 9.99821E-05 0.162661 0.837139
0.00826126 9.9991E-05 0.013851 0.977788
0.0089642 0.0269346 9.9991E-05 0.964001
9.99821E-05 9.99821E-05 0.122085 0.877715
0.9997 9.998E-05 9.998E-05 9.998E-05
0.0947182 0.0303491 0.695783 0.17915
0.00845111 9.9991E-05 0.000125388 0.991324
9.998E-05 9.998E-05 9.998E-05 0.9997
9.99821E-05 9.99821E-05 0.100826 0.898974
0.018713 9.99819E-05 9.99819E-05 0.981087
0.0630091 0.0115497 0.215706 0.709735
0.532874 0.113156 0.189384 0.164586
9.9991E-05 0.0133652 0.00803559 0.978499
9.998E-05 9.998E-05 9.998E-05 0.9997
0.0116292 9.9991E-05 0.913868 0.0744028
0.00912263 9.9982E-05 9.9982E-05 0.990677
9.9982E-05 9.9982E-05 0.0346435 0.965157
9.998E-05 9.998E-05 9.998E-05 0.9997
9.99911E-05 0.00113691 0.136712 0.862051
9.99821E-05 9.99821E-05 0.128861 0.870939
9.99911E-05 0.00501245 0.18201 0.812878
9.9991E-05 0.082324 0.201131 0.716445
9.9982E-05 9.9982E-05 0.0257159 0.974084
0.0189851 9.9982E-05 9.9982E-05 0.980815
0.0180704 9.9991E-05 0.0150669 0.966763
0.88108 0.0686356 0.0129386 0.0373455
0.0169606 0.00241026 0.0123143 0.968315
0.975068 0.0144937 0.00863685 0.00180146
9.998E-05 9.998E-05 9.998E-05 0.9997
0.0285798 9.99909E-05 0.857345 0.113975
9.99821E-05 9.99821E-05 0.183521 0.816279
9.99911E-05 0.012759 0.204326 0.782815
9.9991E-05 0.0265466 0.183316 0.790037
9.9982E-05 9.9982E-05 0.0333845 0.966415
0.023546 0.00445574 0.152303 0.819696
0.0103548 9.99819E-05 9.99819E-05 0.989445
9.9982E-05 9.9982E-05 0.066984 0.932816
0.0659943 0.101829 0.139188 0.692989
0.0227244 0.0189082 0.0110562 0.947311
0.00884792 0.0177765 9.9991E-05 0.973276
0.0497076 9.99909E-05 0.857994 0.0921987
0.0232972 0.0741558 0.261019 0.641528
0.0394898 9.9991E-05 0.927232 0.0331783
9.998E-05 9.998E-05 9.998E-05 0.9997
0.0369712 0.0747115 0.215358 0.672959
0.0454482 0.0828406 0.198862 0.672849
0.02789 9.9982E-05 9.9982E-05 0.97191
0.0118588 9.99819E-05 9.99819E-05 0.987941
0.9997 9.998E-05 9.998E-05 9.998E-05
0.0326715 0.0578612 0.316133 0.593334
9.998E-05 9.998E-05 9.998E-05 0.9997
0.0999815 0.0736632 0.466739 0.359616
0.0237785 0.0152634 9.9991E-05 0.960858
9.998E-05 0.9997 9.998E-05 9.998E-05
0.0258373 0.00871557 9.9991E-05 0.965347
0.0413938 0.648522 0.046742 0.263342
9.99821E-05 9.99821E-05 0.152557 0.847243
9.99819E-05 0.0185484 9.99819E-05 0.981252
0.0102204 0.00961242 9.9991E-05 0.980067
0.011453 0.0642958 0.265153 0.659098
0.0247499 0.019791 9.9991E-05 0.955359
0.00218626 0.00585306 0.919048 0.0729129
0.0188764 9.99819E-05 9.99819E-05 0.980924
9.998E-05 0.9997 9.998E-05 9.998E-05
0.00598921 9.99819E-05 9.99819E-05 0.993811
9.99821E-05 9.99821E-05 0.167565 0.832235
9.9991E-05 0.0162586 0.0945265 0.889115
0.00915559 0.0566857 0.241724 0.692435
0.0452231 0.0533686 0.134105 0.767303
0.101222 0.0475482 0.199931 0.651299
0.0121811 9.99819E-05 9.99819E-05 0.987619
9.9982E-05 9.9982E-05 0.114393 0.885407
9.99819E-05 0.0100462 9.99819E-05 0.989754
0.024522 0.00897252 0.195557 0.770948
9.99911E-05 0.0160591 0.224582 0.759259
0.00518712 0.0204471 9.9991E-05 0.974266
9.9982E-05 9.9982E-05 0.0202848 0.979515
0.00884854 9.9982E-05 9.9982E-05 0.990952
0.0058936 0.00588392 9.9991E-05 0.988122
0.0612247 0.0920551 0.160479 0.686241
9.9991E-05 0.00187372 0.106232 0.891794
0.00453862 0.0465029 0.108027 0.840932
0.0123189 0.907028 0.0549514 0.0257019
0.0182853 0.0151819 9.9991E-05 0.966433
0.0102339 9.99819E-05 9.99819E-05 0.989566
0.00561201 0.0132469 9.9991E-05 0.981041
0.0547701 9.99909E-05 0.842079 0.103051
9.9991E-05 0.0128712 0.00182838 0.9852
0.0264329 0.0536289 0.237954 0.681984
9.9982E-05 9.9982E-05 0.0928431 0.906957
0.0117535 0.00512277 9.9991E-05 0.983024
0.0236658 0.00514153 9.9991E-05 0.971093
0.00565554 9.99819E-05 9.99819E-05 0.994144
0.0679869 0.0444529 0.205136 0.682425
0.0546711 0.795472 0.0696637 0.0801927
0.00631454 0.0795192 0.265697 0.64847
0.00593865 9.9991E-05 0.0343216 0.95964
0.0158666 0.976985 9.9991E-05 0.00704847
0.000339943 0.02002 0.0587375 0.920903
9.99821E-05 9.99821E-05 0.0716075 0.928193
0.0327432 0.0125364 9.9991E-05 0.95462
0.019078 9.99819E-05 9.99819E-05 0.980722
0.0294662 0.00685486 9.9991E-05 0.963579
0.0125365 0.00975747 0.091179 0.886527
0.0470533 9.99909E-05 0.838073 0.114773
0.0133771 9.99819E-05 9.99819E-05 0.986423
9.99821E-05 9.99821E-05 0.206865 0.792935
9.9982E-05 9.9982E-05 0.0337922 0.966008
0.0361718 0.00349029 0.867095 0.0932426
0.0105965 0.0112736 0.235578 0.742552
0.0507773 0.131638 0.186249 0.631336
9.99821E-05 9.99821E-05 0.199746 0.800054
0.0460623 9.9991E-05 0.797738 0.1561
9.998E-05 9.998E-05 9.998E-05 0.9997
9.998E-05 0.9997 9.998E-05 9.998E-05
0.00195858 9.9991E-05 0.017405 0.980536
0.0185985 9.99819E-05 9.99819E-05 0.981202
9.998E-05 0.9997 9.998E-05 9.998E-05
9.998E-05 9.998E-05 9.998E-05 0.9997
0.921606 0.00848052 0.0165537 0.0533601
9.99821E-05 9.99821E-05 0.0804783 0.919322
0.00751552 0.0112866 9.9991E-05 0.981098
9.9991E-05 0.0888068 0.276355 0.634738
0.00682758 0.0134348 9.9991E-05 0.979638
0.0419904 0.946919 9.9991E-05 0.0109909
9.9991E-05 0.00371497 0.123655 0.87253
