0.00628746 0.304614 0.00264947 0.0124813 9.9982E-05 0.673768 9.9982E-05
9.9955E-05 9.9955E-05 9.9955E-05 9.9955E-05 9.9955E-05 0.96402 0.0354799
9.9964E-05 0.0234422 0.0103292 9.9964E-05 9.9964E-05 0.965829 9.9964E-05
0.0102468 0.318747 9.9982E-05 9.9982E-05 0.0162593 0.618127 0.0364199
9.9982E-05 0.528895 0.0433997 0.001657 9.9982E-05 0.106141 0.319708
0.0144176 0.0561044 0.00685286 9.9982E-05 9.9982E-05 0.222634 0.699791
9.9973E-05 0.102685 9.9973E-05 0.435068 9.9973E-05 0.127651 0.334297
9.9964E-05 0.587541 9.9964E-05 0.0660649 9.9964E-05 9.9964E-05 0.345994
0.0158537 0.0234872 0.00956343 0.00607376 0.0122337 0.920197 0.0125914
9.9955E-05 0.213592 9.9955E-05 9.9955E-05 9.9955E-05 0.785908 9.9955E-05
0.0158006 0.349131 0.00244837 0.373443 9.9982E-05 0.258976 9.9982E-05
0.00374591 0.520059 0.00640263 0.321785 9.9991E-05 0.0694064 0.0785014
9.9973E-05 0.553133 9.9973E-05 0.170885 9.9973E-05 0.218573 0.0571084
9.9964E-05 0.00940581 9.9964E-05 9.9964E-05 9.9964E-05 0.171946 0.818248
9.9955E-05 0.455032 9.9955E-05 9.9955E-05 9.9955E-05 0.544469 9.9955E-05
9.9982E-05 0.144107 9.9982E-05 0.081937 0.00176377 0.498668 0.273325
9.9973E-05 0.113439 9.9973E-05 0.633199 9.9973E-05 0.162547 0.0905146
0.43267 9.9982E-05 0.00826373 9.9982E-05 0.0324297 0.21784 0.308597
9.9964E-05 9.9964E-05 9.9964E-05 9.9964E-05 0.000367294 0.976687 0.0225457
0.00981255 0.204656 0.0251385 0.351395 0.0182571 0.096206 0.294535
9.9973E-05 0.0632615 0.00853428 9.9973E-05 0.00682068 0.921084 9.9973E-05
9.9973E-05 0.384261 0.00784211 0.391487 9.9973E-05 0.21611 9.9973E-05
9.9982E-05 0.63741 0.0126083 0.0360817 9.9982E-05 0.249481 0.064219
0.0100163 0.0718691 0.902805 9.9973E-05 9.9973E-05 9.9973E-05 0.0150099
9.9973E-05 0.449857 0.0126851 0.212593 9.9973E-05 0.324565 9.9973E-05
9.9982E-05 0.320153 9.9982E-05 0.308355 0.00332752 0.174299 0.193665
0.00836341 0.0913543 9.9964E-05 9.9964E-05 9.9964E-05 0.899882 9.9964E-05
9.9955E-05 0.2154 9.9955E-05 9.9955E-05 9.9955E-05 0.7841 9.9955E-05
9.9955E-05 0.0170323 9.9955E-05 9.9955E-05 9.9955E-05 0.982468 9.9955E-05
9.9973E-05 0.178356 0.00812539 9.9973E-05 9.9973E-05 0.150328 0.66289
9.9955E-05 9.9955E-05 9.9955E-05 9.9955E-05 9.9955E-05 0.946685 0.052815
9.9955E-05 9.9955E-05 9.9955E-05 9.9955E-05 9.9955E-05 0.971435 0.0280654
9.9973E-05 0.024801 9.9973E-05 0.137892 9.9973E-05 0.182788 0.654219
9.9964E-05 9.9964E-05 0.00967571 9.9964E-05 9.9964E-05 0.969937 0.0199874
9.9982E-05 0.168124 9.9982E-05 0.360161 0.00912384 0.187336 0.275056
9.9955E-05 0.409639 9.9955E-05 9.9955E-05 9.9955E-05 0.589861 9.9955E-05
9.999E-05 0.255611 0.0231425 0.508935 0.0244521 0.0137225 0.174036
0.0006857 0.1519 0.0012947 0.352253 9.9982E-05 9.9982E-05 0.493666
9.9982E-05 0.60398 0.0584831 0.0939573 9.9982E-05 0.154893 0.0884864
0.000260495 0.238403 9.9982E-05 9.9982E-05 0.00573377 0.0800424 0.67536
9.9973E-05 9.9973E-05 0.0192153 9.9973E-05 0.00363336 0.959337 0.0175145
9.9964E-05 0.176201 9.9964E-05 0.0157567 9.9964E-05 0.807642 9.9964E-05
0.00182657 0.206562 9.9973E-05 9.9973E-05 0.00592471 0.785387 9.9973E-05
0.0267917 0.211017 9.9973E-05 9.9973E-05 9.9973E-05 0.702174 0.0597166
0.9994 9.995E-05 9.995E-05 9.995E-05 9.995E-05 9.995E-05 9.995E-05
9.9964E-05 9.9964E-05 9.9964E-05 0.0954153 9.9964E-05 0.889147 0.0150381
0.000141619 0.108085 9.9964E-05 9.9964E-05 9.9964E-05 0.891373 9.9964E-05
0.9994 9.995E-05 9.995E-05 9.995E-05 9.995E-05 9.995E-05 9.995E-05
9.99549E-05 0.380085 9.99549E-05 9.99549E-05 9.99549E-05 0.619415 9.99549E-05
9.9982E-05 0.389352 9.9982E-05 0.160216 0.00315238 0.445372 0.00170746
9.99549E-05 0.300789 9.99549E-05 9.99549E-05 9.99549E-05 0.698711 9.99549E-05
9.9964E-05 0.44972 0.00526569 9.9964E-05 9.9964E-05 0.544614 9.9964E-05
0.033099 9.9982E-05 0.022938 9.9982E-05 0.0116034 0.538188 0.393971
9.9973E-05 0.525484 0.0380308 9.9973E-05 9.9973E-05 0.24316 0.193026
9.9973E-05 9.9973E-05 0.0501877 9.9973E-05 0.0167858 0.785933 0.146794
0.00775097 0.0791668 9.9964E-05 9.9964E-05 9.9964E-05 0.912682 9.9964E-05
0.00257055 9.9973E-05 9.9973E-05 0.00163513 9.9973E-05 0.97478 0.0207141
0.00740189 0.224448 9.9973E-05 9.9973E-05 9.9973E-05 0.750812 0.0170386
9.9955E-05 0.264219 9.9955E-05 9.9955E-05 9.9955E-05 0.735281 9.9955E-05
9.9955E-05 0.0404817 9.9955E-05 9.9955E-05 9.9955E-05 0.959018 9.9955E-05
9.9973E-05 9.9973E-05 0.844417 0.0705563 0.0164771 9.9973E-05 0.0682499
9.9973E-05 9.9973E-05 0.00370608 0.0185382 0.015621 0.961835 9.9973E-05
9.9982E-05 0.535272 0.0151321 9.9982E-05 0.0273111 0.253075 0.16901
0.00663141 9.9964E-05 9.9964E-05 0.018593 9.9964E-05 0.974376 9.9964E-05
9.9964E-05 9.9964E-05 9.9964E-05 9.9964E-05 0.00352015 0.992078 0.00400229
0.00493411 0.319414 9.9964E-05 9.9964E-05 9.9964E-05 0.675252 9.9964E-05
9.9955E-05 0.335291 9.9955E-05 9.9955E-05 9.9955E-05 0.664209 9.9955E-05
9.9973E-05 0.0907417 0.017686 0.731747 9.9973E-05 0.159525 9.9973E-05
0.9994 9.995E-05 9.995E-05 9.995E-05 9.995E-05 9.995E-05 9.995E-05
9.9973E-05 0.600829 0.0169589 9.9973E-05 9.9973E-05 0.136936 0.244976
9.99729E-05 9.99729E-05 0.0394493 9.99729E-05 0.0202759 0.816969 0.123006
0.0116462 0.175556 0.00791989 9.9982E-05 0.00304885 0.801629 9.9982E-05
9.9964E-05 9.9964E-05 0.0356193 9.9964E-05 9.9964E-05 0.942203 0.0217774
9.9955E-05 9.9955E-05 9.9955E-05 9.9955E-05 0.00722881 0.992271 9.9955E-05
0.0224733 9.9982E-05 9.9982E-05 0.00745733 0.000839399 0.902213 0.0668174
0.000371015 0.011245 9.9982E-05 0.0080342 0.00691058 0.973239 9.9982E-05
9.9982E-05 0.166541 0.00379593 0.47885 9.9982E-05 0.170462 0.180151
9.9964E-05 0.0207767 9.9964E-05 0.0358595 9.9964E-05 0.942964 9.9964E-05
0.0160724 9.9982E-05 0.682831 0.0861095 0.00111388 9.9982E-05 0.213673
0.00195792 0.409145 0.014668 9.9973E-05 9.9973E-05 0.57393 9.9973E-05
0.00295355 0.067694 9.9964E-05 9.9964E-05 9.9964E-05 0.928953 9.9964E-05
0.391647 9.9982E-05 0.0502386 9.9982E-05 0.0725857 0.114745 0.370583
0.0381353 9.9982E-05 0.011334 9.9982E-05 0.0164012 0.479288 0.454642
9.9964E-05 0.389456 9.9964E-05 9.9964E-05 9.9964E-05 0.326935 0.283209
0.0042185 0.174202 9.9982E-05 9.9982E-05 0.00640017 0.78617 0.0288092
9.9964E-05 9.9964E-05 0.0120469 9.9964E-05 9.9964E-05 0.938056 0.0494976
9.995E-05 9.995E-05 9.995E-05 9.995E-05 0.9994 9.995E-05 9.995E-05
9.99549E-05 0.452862 9.99549E-05 9.99549E-05 9.99549E-05 0.546638 9.99549E-05
9.9955E-05 0.41188 9.9955E-05 9.9955E-05 9.9955E-05 0.58762 9.9955E-05
9.9973E-05 0.501425 9.9973E-05 0.245512 9.9973E-05 0.206379 0.0463846
9.9982E-05 0.616018 9.9982E-05 0.208594 0.00928432 0.116504 0.0493992
9.9964E-05 0.292837 9.9964E-05 0.589723 9.9964E-05 0.11704 9.9964E-05
9.9964E-05 9.9964E-05 0.00343824 9.9964E-05 9.9964E-05 0.976404 0.0197584
9.9955E-05 0.454128 9.9955E-05 9.9955E-05 9.9955E-05 0.545372 9.9955E-05
0.000215751 0.103404 9.9973E-05 9.9973E-05 0.000407772 0.895672 9.9973E-05
9.9973E-05 0.563563 0.0110688 9.9973E-05 9.9973E-05 0.405924 0.0191441
0.0173155 0.00152837 9.9982E-05 0.136591 9.9982E-05 0.137052 0.707313
9.9964E-05 9.9964E-05 0.00992825 9.9964E-05 9.9964E-05 0.959431 0.030241
9.9982E-05 0.431092 0.0591898 0.172392 9.9982E-05 0.203646 0.133481
0.00930452 0.554417 9.9991E-05 0.0450907 0.00896413 0.263123 0.119001
0.00610445 9.9973E-05 0.868294 0.0152807 9.9973E-05 9.9973E-05 0.110021
9.9955E-05 9.9955E-05 9.9955E-05 0.051312 9.9955E-05 0.948188 9.9955E-05
9.995E-05 9.995E-05 9.995E-05 9.995E-05 9.995E-05 0.9994 9.995E-05
0.0253465 0.502077 9.9982E-05 0.39742 9.9982E-05 0.0276822 0.0472742
0.9994 9.995E-05 9.995E-05 9.995E-05 9.995E-05 9.995E-05 9.995E-05
0.00503638 0.0820271 9.9973E-05 0.869474 9.9973E-05 0.0431625 9.9973E-05
9.9964E-05 0.178955 0.029925 9.9964E-05 9.9964E-05 0.790721 9.9964E-05
9.9973E-05 9.9973E-05 0.0185662 9.9973E-05 0.00672181 0.930349 0.0440633
9.9964E-05 0.478192 9.9964E-05 0.386554 9.9964E-05 0.134854 9.9964E-05
0.9994 9.995E-05 9.995E-05 9.995E-05 9.995E-05 9.995E-05 9.995E-05
0.0216007 9.9973E-05 0.640922 9.9973E-05 0.000666249 9.9973E-05 0.336512
0.00374004 0.238952 9.9973E-05 0.0960397 9.9973E-05 0.660969 9.9973E-05
9.9955E-05 0.234939 9.9955E-05 9.9955E-05 9.9955E-05 0.764562 9.9955E-05
9.9964E-05 0.510159 9.9964E-05 0.28006 9.9964E-05 0.209381 9.9964E-05
9.9964E-05 9.9964E-05 0.0224098 9.9964E-05 9.9964E-05 0.958447 0.018743
0.0396139 0.155731 9.9982E-05 0.366337 9.9982E-05 0.0154048 0.422714
0.515652 9.9991E-05 0.139942 0.0153392 0.099323 0.0481359 0.181508
9.9982E-05 0.0714729 0.037063 0.00423398 0.00344607 0.883584 9.9982E-05
9.99639E-05 0.341194 9.99639E-05 0.115973 9.99639E-05 0.542433 9.99639E-05
9.995E-05 9.995E-05 0.9994 9.995E-05 9.995E-05 9.995E-05 9.995E-05
0.00273584 0.106352 9.9973E-05 0.0460439 9.9973E-05 0.844569 9.9973E-05
9.9955E-05 0.580689 9.9955E-05 9.9955E-05 9.9955E-05 0.418812 9.9955E-05
9.9955E-05 0.171795 9.9955E-05 9.9955E-05 9.9955E-05 0.827705 9.9955E-05
0.00349622 9.9964E-05 9.9964E-05 0.741649 9.9964E-05 0.254455 9.9964E-05
0.00731175 0.484638 9.9982E-05 0.210744 9.9982E-05 0.179562 0.117544
9.9973E-05 0.516356 9.9973E-05 0.0322182 9.9973E-05 0.108744 0.342382
9.9982E-05 0.013187 9.9982E-05 0.398568 0.020163 0.0849346 0.482948
9.9964E-05 0.41467 0.0139114 9.9964E-05 9.9964E-05 0.571018 9.9964E-05
0.00784546 0.101233 0.00290132 9.9973E-05 9.9973E-05 0.88772 9.9973E-05
0.021835 0.298726 0.0106429 9.9973E-05 9.9973E-05 0.668496 9.9973E-05
0.858803 9.9973E-05 9.9973E-05 0.0196292 0.0598345 9.9973E-05 0.0614333
9.99858E-05 0.0177657 0.0279032 0.0175533 9.99858E-05 0.881939 0.0546386
0.960656 0.00938595 0.00339042 9.9982E-05 0.0120146 9.9982E-05 0.0143526
9.9964E-05 0.311521 0.00407231 9.9964E-05 9.9964E-05 0.684007 9.9964E-05
9.99549E-05 9.99549E-05 0.952391 9.99549E-05 9.99549E-05 0.0471091 9.99549E-05
9.99639E-05 0.447054 9.99639E-05 0.51622 9.99639E-05 0.036326 9.99639E-05
9.9973E-05 9.9973E-05 9.9973E-05 0.786082 0.0180356 0.115059 0.0805243
9.9991E-05 0.376224 0.0264485 0.423256 0.0459397 0.0703126 0.0577193
9.9964E-05 0.460056 0.00618066 9.9964E-05 9.9964E-05 0.533364 9.9964E-05
0.0335922 0.395597 0.0016799 0.139028 9.9991E-05 0.175756 0.254247
9.9964E-05 0.0258064 9.9964E-05 9.9964E-05 9.9964E-05 0.971621 0.00217251
0.00613799 0.499576 0.0167548 0.0599431 0.00604906 0.411439 9.9991E-05
0.00385095 9.9982E-05 0.0150619 9.9982E-05 0.0169427 0.344558 0.619387
0.0101282 0.155722 9.9973E-05 9.9973E-05 9.9973E-05 0.730431 0.103419
9.9982E-05 0.149148 0.00345387 9.9982E-05 0.0104265 0.812761 0.0240107
0.00100679 9.99639E-05 0.956582 9.99639E-05 9.99639E-05 0.0420115 9.99639E-05
9.9973E-05 0.163972 0.0361267 9.9973E-05 9.9973E-05 0.0801004 0.719501
9.99551E-05 0.00840862 0.991092 9.99551E-05 9.99551E-05 9.99551E-05 9.99551E-05
0.00803758 0.332234 9.9964E-05 9.9964E-05 9.9964E-05 0.659328 9.9964E-05
9.9982E-05 0.0870027 0.0514367 9.9982E-05 0.00138052 0.249604 0.610376
9.9973E-05 0.0137541 0.0266527 9.9973E-05 9.9973E-05 0.250932 0.708361
0.0221849 0.228902 9.9964E-05 9.9964E-05 9.9964E-05 0.748514 9.9964E-05
9.9955E-05 9.9955E-05 9.9955E-05 0.0190082 9.9955E-05 0.980492 9.9955E-05
0.979169 9.9955E-05 0.0203309 9.9955E-05 9.9955E-05 9.9955E-05 9.9955E-05
9.99639E-05 9.99639E-05 0.0340009 0.30909 9.99639E-05 9.99639E-05 0.65651
9.9955E-05 0.286628 9.9955E-05 9.9955E-05 9.9955E-05 0.712872 9.9955E-05
0.0514915 9.9982E-05 0.416454 9.9982E-05 0.0281453 0.150198 0.353511
0.00435772 9.9964E-05 9.9964E-05 9.9964E-05 9.9964E-05 0.957116 0.0381262
9.995E-05 9.995E-05 9.995E-05 9.995E-05 0.9994 9.995E-05 9.995E-05
0.0103325 0.07118 9.9982E-05 9.9982E-05 0.00542594 0.871856 0.0410054
0.0294966 9.9973E-05 9.9973E-05 9.9973E-05 0.610052 0.121946 0.238205
0.0155159 0.465573 0.0136753 0.403639 0.00592782 0.0955691 9.9991E-05
9.9973E-05 9.9973E-05 9.9973E-05 0.0140689 0.0029098 0.946509 0.0362121
9.9955E-05 9.9955E-05 9.9955E-05 9.9955E-05 0.00668918 0.992811 9.9955E-05
0.0121401 9.9991E-05 0.000786381 0.409835 0.00325063 0.0520673 0.521821
0.0029657 9.9973E-05 0.00594429 9.9973E-05 9.9973E-05 0.901953 0.0888375
9.9955E-05 9.9955E-05 0.975602 0.0238987 9.9955E-05 9.9955E-05 9.9955E-05
0.00445891 9.9973E-05 0.00729078 9.9973E-05 9.9973E-05 0.982152 0.00579828
9.995E-05 9.995E-05 9.995E-05 9.995E-05 0.9994 9.995E-05 9.995E-05
9.995E-05 9.995E-05 9.995E-05 9.995E-05 9.995E-05 0.9994 9.995E-05
9.9982E-05 0.602392 0.0168619 0.0883946 9.9982E-05 0.121519 0.170633
0.0124901 0.449735 9.9991E-05 0.124756 0.0112345 0.313462 0.0882222
9.9964E-05 0.292645 9.9964E-05 0.0356917 9.9964E-05 9.9964E-05 0.671263
0.0172439 0.303931 9.9982E-05 9.9982E-05 0.00728853 0.224486 0.446851
0.047702 0.155951 9.9982E-05 0.0187196 9.9982E-05 0.127649 0.649779
9.995E-05 9.995E-05 9.995E-05 9.995E-05 9.995E-05 0.9994 9.995E-05
9.9973E-05 0.433382 0.0561851 0.171118 9.9973E-05 0.339015 9.9973E-05
9.9964E-05 0.0759013 0.000755677 9.9964E-05 9.9964E-05 0.922943 9.9964E-05
0.01705 0.460658 0.0500456 9.9982E-05 9.9982E-05 0.176776 0.295271
9.9982E-05 9.9982E-05 0.0226334 0.73178 0.00882124 0.0794772 0.157088
9.9982E-05 0.0615904 0.0145797 9.9982E-05 0.00821675 0.876263 0.0391502
0.00699085 0.534743 9.9964E-05 9.9964E-05 9.9964E-05 0.457867 9.9964E-05
0.00619303 0.259266 0.0145774 9.9973E-05 9.9973E-05 0.719664 9.9973E-05
9.9964E-05 9.9964E-05 9.9964E-05 0.0219717 9.9964E-05 0.919627 0.0580017
0.0119289 9.9982E-05 0.0598033 9.9982E-05 0.0198621 0.400652 0.507553
0.00044565 0.539247 9.9991E-05 0.00308434 0.00386114 0.259477 0.193785
9.9991E-05 0.335185 0.00896273 0.0139464 0.0200273 0.377344 0.244434
0.0129793 0.0116919 0.0341026 0.00849837 0.900973 9.9991E-05 0.031655
9.9964E-05 9.9964E-05 0.00551772 9.9964E-05 9.9964E-05 0.912847 0.0812356
9.9955E-05 9.9955E-05 9.9955E-05 9.9955E-05 9.9955E-05 0.97745 0.0220505
0.00241894 0.109034 9.9973E-05 9.9973E-05 0.0113079 0.876939 9.9973E-05
9.99549E-05 9.99549E-05 0.970692 9.99549E-05 9.99549E-05 0.0288086 9.99549E-05
9.9973E-05 0.241829 9.9973E-05 9.9973E-05 0.00706321 0.699458 0.0513499
9.9973E-05 0.174575 9.9973E-05 0.0335514 9.9973E-05 0.0771564 0.714417
0.00322724 0.443813 0.0192694 0.123479 9.9991E-05 0.368333 0.0417784
9.9964E-05 9.9964E-05 9.9964E-05 9.9964E-05 0.00237923 0.99698 0.000240497
9.9982E-05 0.0262817 0.00098035 0.0413243 9.9982E-05 0.845806 0.0854082
9.995E-05 9.995E-05 9.995E-05 9.995E-05 9.995E-05 0.9994 9.995E-05
0.0278925 0.0618257 9.9982E-05 0.256322 9.9982E-05 0.0793422 0.574417
0.0283353 9.9982E-05 0.0545047 9.9982E-05 0.777413 0.027746 0.111801
9.9955E-05 9.9955E-05 9.9955E-05 0.303285 9.9955E-05 9.9955E-05 0.696215
0.0217131 0.340673 0.00147679 0.106133 9.9982E-05 0.529805 9.9982E-05
0.0172067 9.9973E-05 9.9973E-05 9.9973E-05 0.938584 0.00621586 0.037694
9.9982E-05 0.293176 0.0346397 9.9982E-05 0.0090462 0.575699 0.0872389
9.99639E-05 0.349215 9.99639E-05 0.374102 9.99639E-05 0.276284 9.99639E-05
0.00528074 9.9982E-05 0.019793 0.00477057 9.9982E-05 0.89034 0.0796157
0.00400138 9.9964E-05 9.9964E-05 9.9964E-05 9.9964E-05 0.99171 0.00388886
0.00875268 9.9982E-05 0.0053086 9.9982E-05 0.00477958 0.934287 0.0466717
9.9964E-05 0.293161 9.9964E-05 9.9964E-05 9.9964E-05 0.468597 0.237842
9.99549E-05 9.99549E-05 0.951533 9.99549E-05 9.99549E-05 0.047967 9.99549E-05
9.99618E-05 0.0364018 9.99618E-05 9.99618E-05 9.99618E-05 0.963098 9.99618E-05
9.9973E-05 9.9973E-05 0.014495 0.812846 9.9973E-05 0.115773 0.0565856
9.9964E-05 0.560043 9.9964E-05 9.9964E-05 9.9964E-05 0.429504 0.0100535
9.99639E-05 0.0198647 0.962656 9.99639E-05 0.0170798 9.99639E-05 9.99639E-05
9.9982E-05 0.0415616 0.0115276 0.567961 9.9982E-05 0.0520899 0.32666
9.9973E-05 0.00969284 9.9973E-05 9.9973E-05 0.0480481 0.184698 0.757261
9.9982E-05 0.458801 0.0378704 0.134254 9.9982E-05 0.113847 0.255028
9.9955E-05 9.9955E-05 0.93173 9.9955E-05 9.9955E-05 0.0677702 9.9955E-05
9.9964E-05 0.458503 9.9964E-05 0.0642917 9.9964E-05 0.476805 9.9964E-05
9.995E-05 9.995E-05 9.995E-05 9.995E-05 0.9994 9.995E-05 9.995E-05
9.99696E-05 0.442047 9.99696E-05 9.99696E-05 0.00583584 0.551717 9.99696E-05
0.0101872 0.0915441 9.9964E-05 9.9964E-05 9.9964E-05 0.897869 9.9964E-05
9.995E-05 9.995E-05 9.995E-05 9.995E-05 0.9994 9.995E-05 9.995E-05
9.9955E-05 0.146738 9.9955E-05 9.9955E-05 9.9955E-05 0.852763 9.9955E-05
0.905958 0.00416073 0.0115436 0.0349422 0.0082921 0.0245331 0.0105705
9.9973E-05 0.62466 9.9973E-05 0.0964932 9.9973E-05 0.152537 0.12601
9.9973E-05 0.0301822 0.0182445 9.9973E-05 9.9973E-05 0.933712 0.0175614
9.9982E-05 9.9982E-05 0.0645157 0.239802 0.0048716 0.148686 0.541925
9.9982E-05 0.209255 9.9982E-05 0.037523 0.0168946 0.709402 0.0267247
0.0170467 9.9964E-05 9.9964E-05 9.9964E-05 0.918541 9.9964E-05 0.0640121
9.9991E-05 0.61717 0.00529442 0.0313219 0.00972308 0.212879 0.123512
