0.771632 0.228068 9.9973E-05 9.9973E-05 9.9973E-05
0.945185 9.9973E-05 9.9973E-05 9.9973E-05 0.0545153
0.979767 9.9982E-05 0.0146898 9.9982E-05 0.00534335
0.731003 0.219339 0.000175573 0.0159027 0.0335794
0.249382 0.425337 0.0404995 0.00618327 0.278598
0.253561 0.0384667 0.00896251 9.9991E-05 0.69891
0.122083 0.387573 9.9982E-05 9.9982E-05 0.490144
0.127471 0.531662 0.00228247 9.9991E-05 0.338484
0.963356 0.00948268 9.9991E-05 0.0222521 0.00480938
0.860091 0.139609 9.9973E-05 9.9973E-05 9.9973E-05
0.374069 0.598176 0.000448269 9.9991E-05 0.027207
0.204876 0.660474 0.0157327 9.9991E-05 0.118817
0.379222 0.57935 9.9982E-05 9.9982E-05 0.0412283
0.144646 0.0214697 9.9982E-05 9.9982E-05 0.833684
0.669151 0.33055 9.9973E-05 9.9973E-05 9.9973E-05
0.532764 0.162444 0.000568119 0.00229277 0.301931
0.205229 0.570684 9.9982E-05 9.9982E-05 0.223887
0.206394 9.9991E-05 0.0740545 0.395158 0.324294
0.965872 9.9973E-05 9.9973E-05 9.9973E-05 0.0338279
0.142977 0.437058 0.014902 0.0267278 0.378335
0.963912 0.0274068 0.00751629 9.9991E-05 0.00106475
0.36085 0.611706 0.0216344 9.9991E-05 0.00570961
0.419435 0.517215 0.0304637 9.9991E-05 0.0327863
9.9982E-05 0.0777821 0.913117 9.9982E-05 0.00890141
0.434412 0.543834 0.0215539 9.9982E-05 9.9982E-05
0.242379 0.477172 9.9982E-05 9.9982E-05 0.280249
0.960677 0.030459 0.005038 0.00372559 9.9991E-05
0.874669 0.125031 9.9973E-05 9.9973E-05 9.9973E-05
0.9996 9.997E-05 9.997E-05 9.997E-05 9.997E-05
0.174197 0.139652 0.00687995 9.9991E-05 0.679171
0.945226 9.9973E-05 9.9973E-05 9.9973E-05 0.0544738
0.979708 9.9973E-05 9.9973E-05 9.9973E-05 0.0199917
0.17579 0.131992 0.00389458 9.9991E-05 0.688224
0.974291 9.9973E-05 9.9973E-05 9.9973E-05 0.0254095
0.221936 0.379646 9.9982E-05 9.9982E-05 0.398218
0.715115 0.284585 9.9973E-05 9.9973E-05 9.9973E-05
0.0629362 0.600302 0.0203625 0.000109619 0.31629
9.9982E-05 0.407342 0.0105202 9.9982E-05 0.581938
0.314452 0.583791 0.0577228 9.9991E-05 0.0439343
0.122253 0.156762 0.0101871 0.00633645 0.704462
0.971699 9.9991E-05 0.00500696 0.00544711 0.0177468
0.865167 0.134533 9.9973E-05 9.9973E-05 9.9973E-05
0.841933 0.152386 9.9982E-05 0.00548021 9.9982E-05
0.807516 0.137091 0.002069 0.0139397 0.0393851
0.0254225 9.9982E-05 0.147329 0.827048 9.9982E-05
0.900685 0.0513096 9.9982E-05 9.9982E-05 0.0478054
0.938515 0.0611848 9.9973E-05 9.9973E-05 9.9973E-05
0.0270536 9.9982E-05 0.128407 0.844339 9.9982E-05
0.744455 0.255245 9.9973E-05 9.9973E-05 9.9973E-05
0.553441 0.437608 9.9982E-05 0.00875101 9.9982E-05
0.805432 0.194268 9.9973E-05 9.9973E-05 9.9973E-05
0.660951 0.331618 0.00723173 9.9982E-05 9.9982E-05
0.522495 9.9991E-05 0.0209938 0.0381983 0.418213
0.368026 0.411043 0.0617716 9.9991E-05 0.15906
0.778059 9.9991E-05 0.0304609 0.0217671 0.169613
0.969474 0.0195334 0.0103868 0.000505788 9.9991E-05
0.971442 9.9982E-05 9.9982E-05 0.00990661 0.018451
0.826582 0.159194 0.0126043 0.00152011 9.9991E-05
0.844729 0.154972 9.9973E-05 9.9973E-05 9.9973E-05
0.993846 0.0022527 9.9982E-05 9.9982E-05 0.00370126
9.9982E-05 0.0100373 0.850275 9.9982E-05 0.139488
0.969293 9.9991E-05 0.000239635 0.0160875 0.0142803
0.37922 0.402557 0.0447758 0.0186087 0.154839
0.960224 0.0207723 9.9982E-05 9.9982E-05 0.0188039
0.954671 9.9973E-05 9.9973E-05 9.9973E-05 0.0450293
0.759673 0.240027 9.9973E-05 9.9973E-05 9.9973E-05
0.738769 0.260931 9.9973E-05 9.9973E-05 9.9973E-05
0.205362 0.640344 0.0157317 9.9991E-05 0.138462
0.0082592 9.9982E-05 0.14077 0.850771 9.9982E-05
0.317435 0.47515 0.0193754 9.9991E-05 0.187939
0.84751 9.9991E-05 0.0204985 0.0275056 0.104386
0.876394 0.107604 0.00815922 0.00774259 9.9991E-05
0.937779 9.9982E-05 0.0290945 9.9982E-05 0.0329262
0.997114 9.9973E-05 9.9973E-05 0.00258578 9.9973E-05
0.899097 9.9982E-05 9.9982E-05 0.02578 0.0749229
0.995636 9.9973E-05 9.9973E-05 0.00406443 9.9973E-05
0.205952 0.510759 9.9982E-05 9.9982E-05 0.28309
0.966623 0.033077 9.9973E-05 9.9973E-05 9.9973E-05
9.9982E-05 0.0155288 0.712244 9.9982E-05 0.272027
0.669327 0.312322 0.0181514 9.9982E-05 9.9982E-05
0.967899 0.0214221 0.00285497 0.00772357 9.9991E-05
0.102221 9.9991E-05 0.122796 0.411421 0.363462
0.452635 9.9982E-05 9.9982E-05 0.0492702 0.497895
0.435501 0.308856 9.9982E-05 9.9982E-05 0.255444
0.865489 0.0964037 9.9991E-05 0.0175848 0.0204226
0.952198 9.9982E-05 0.0051043 9.9982E-05 0.0424977
9.997E-05 9.997E-05 9.997E-05 0.9996 9.997E-05
0.668632 0.331068 9.9973E-05 9.9973E-05 9.9973E-05
0.693854 0.305846 9.9973E-05 9.9973E-05 9.9973E-05
0.310988 0.611975 9.9982E-05 9.9982E-05 0.0768363
0.3028 0.649777 0.0122814 9.9991E-05 0.0350417
0.252002 0.721886 9.9982E-05 9.9982E-05 0.0259119
0.9781 9.9973E-05 9.9973E-05 9.9973E-05 0.0215996
0.68786 0.31184 9.9973E-05 9.9973E-05 9.9973E-05
0.942131 0.0575687 9.9973E-05 9.9973E-05 9.9973E-05
0.545806 0.453894 9.9973E-05 9.9973E-05 9.9973E-05
0.159671 0.0823132 9.9991E-05 0.013745 0.744171
0.948873 9.9973E-05 9.9973E-05 9.9973E-05 0.0508269
0.321818 0.475506 0.0862642 9.9991E-05 0.116311
0.414654 0.487409 9.9991E-05 0.0289287 0.0689083
9.9982E-05 0.0224695 0.878325 9.9982E-05 0.0990059
0.96478 0.0349201 9.9973E-05 9.9973E-05 9.9973E-05
0.9996 9.997E-05 9.997E-05 9.997E-05 9.997E-05
0.165092 0.717464 9.9991E-05 0.0249138 0.0924307
0.0373148 9.9982E-05 0.124882 0.837604 9.9982E-05
0.154739 0.744195 9.9991E-05 0.0203535 0.0806125
0.85353 0.113864 0.0324059 9.9982E-05 9.9982E-05
0.930247 9.9982E-05 0.0158366 9.9982E-05 0.0537161
0.277522 0.716559 0.0057186 9.9982E-05 9.9982E-05
0.0201948 9.9982E-05 0.138056 0.841549 9.9982E-05
9.9982E-05 9.9982E-05 0.66817 0.0162585 0.315372
0.763102 0.229463 9.9982E-05 9.9982E-05 0.00723495
0.851416 0.148284 9.9973E-05 9.9973E-05 9.9973E-05
0.358605 0.631652 0.00954315 9.9982E-05 9.9982E-05
0.969941 9.9982E-05 0.0294965 9.9982E-05 0.000363005
0.0643196 0.372964 9.9991E-05 0.0111144 0.551502
0.0670741 9.9991E-05 0.225918 0.521397 0.185511
0.911011 0.048277 0.0405116 9.9982E-05 9.9982E-05
0.649453 0.350247 9.9973E-05 9.9973E-05 9.9973E-05
9.997E-05 9.997E-05 0.9996 9.997E-05 9.997E-05
0.90272 0.0969805 9.9973E-05 9.9973E-05 9.9973E-05
0.588065 0.411635 9.9973E-05 9.9973E-05 9.9973E-05
0.899968 0.0997325 9.9973E-05 9.9973E-05 9.9973E-05
0.282962 0.542477 9.9982E-05 9.9982E-05 0.17436
0.305309 0.536625 9.9991E-05 0.00792349 0.150042
0.234066 0.458063 9.9982E-05 9.9982E-05 0.307671
0.0817992 0.294294 9.9982E-05 9.9982E-05 0.623707
0.712639 0.28477 0.00239115 9.9982E-05 9.9982E-05
0.934198 0.0465626 0.014165 0.00497393 9.9991E-05
0.77921 0.202899 0.0170799 0.000711228 9.9991E-05
0.038426 9.9991E-05 0.126223 0.778236 0.0570152
0.895276 9.9982E-05 0.0339902 9.9982E-05 0.0705339
0.021581 9.9982E-05 0.159939 0.81828 9.9982E-05
0.775678 0.224022 9.9973E-05 9.9973E-05 9.9973E-05
0.0410107 9.99729E-05 0.958689 9.99729E-05 9.99729E-05
0.152545 0.766186 0.0084738 9.9991E-05 0.0726952
0.115979 0.567417 9.9982E-05 9.9982E-05 0.316404
0.205814 0.599175 0.0192994 0.0190721 0.15664
0.672948 0.322543 0.00430904 9.9982E-05 9.9982E-05
0.284138 0.413061 9.9991E-05 0.00699168 0.295709
0.974914 9.9973E-05 9.9973E-05 9.9973E-05 0.0247862
0.546605 0.438938 0.00969316 0.00466329 9.9991E-05
0.316968 9.9991E-05 0.00536778 0.0321849 0.64538
0.770378 0.109431 0.00312798 0.0108382 0.106225
0.896336 0.0581235 0.00992583 0.00400565 0.0316086
0.0197199 9.99729E-05 0.97998 9.99729E-05 9.99729E-05
0.12094 0.109337 0.0521695 9.9991E-05 0.717453
9.9973E-05 0.0160421 0.983658 9.9973E-05 9.9973E-05
0.788103 0.210328 0.00136814 9.9982E-05 9.9982E-05
0.265415 0.0552195 0.055712 9.9991E-05 0.623554
0.265312 0.000688445 0.0454749 9.9991E-05 0.688425
0.819773 0.157119 9.9982E-05 0.022908 9.9982E-05
0.9996 9.997E-05 9.997E-05 9.997E-05 9.997E-05
0.0114358 9.9982E-05 0.162921 0.825443 9.9982E-05
9.9982E-05 0.180043 0.0335289 9.9982E-05 0.786228
0.809495 0.190205 9.9973E-05 9.9973E-05 9.9973E-05
0.147932 9.9991E-05 0.419303 0.0671595 0.365506
0.962216 9.9973E-05 9.9973E-05 9.9973E-05 0.0374837
9.997E-05 9.997E-05 9.997E-05 0.9996 9.997E-05
0.902933 0.035267 9.9991E-05 0.0102085 0.0514918
0.110283 9.9982E-05 9.9982E-05 0.638189 0.251328
0.240806 0.656699 0.00683328 0.0332056 0.0624557
0.950882 9.9973E-05 9.9973E-05 9.9973E-05 0.0488184
0.991125 9.9982E-05 9.9982E-05 0.00586466 0.00281038
0.0256986 0.283808 0.0130215 9.9991E-05 0.677372
0.905951 9.9991E-05 0.000107199 0.00342985 0.0904119
9.9973E-05 0.0294625 0.970238 9.9973E-05 9.9973E-05
0.987412 9.9982E-05 0.00597361 9.9982E-05 0.00641474
9.997E-05 9.997E-05 9.997E-05 0.9996 9.997E-05
0.9996 9.997E-05 9.997E-05 9.997E-05 9.997E-05
0.280768 0.571963 0.0346363 9.9991E-05 0.112532
0.452446 0.43885 0.00351331 0.0310011 0.0741897
0.0710944 0.253428 9.9982E-05 9.9982E-05 0.675277
0.323058 0.207715 9.9991E-05 0.0298943 0.439232
0.144108 0.114194 0.0136917 0.0160664 0.71194
0.9996 9.997E-05 9.997E-05 9.997E-05 9.997E-05
0.445098 0.501556 0.0531455 9.9982E-05 9.9982E-05
0.954281 0.0454193 9.9973E-05 9.9973E-05 9.9973E-05
0.311093 0.352202 0.0596929 0.00947427 0.267538
0.0840196 0.53011 9.9982E-05 9.9982E-05 0.385671
0.912093 0.0343268 0.00657273 0.00906868 0.0379393
0.602565 0.397135 9.9973E-05 9.9973E-05 9.9973E-05
0.809336 0.176731 0.0137339 9.9982E-05 9.9982E-05
0.927641 9.9973E-05 9.9973E-05 9.9973E-05 0.0720592
0.392919 9.9991E-05 0.0504253 0.0394576 0.517098
0.429472 0.409088 9.9991E-05 0.00760009 0.15374
0.460553 0.254416 0.0254421 0.0176561 0.241933
9.9982E-05 0.0182975 9.9982E-05 0.921863 0.0596393
0.924769 9.9982E-05 0.00610603 9.9982E-05 0.0689253
0.980297 9.9973E-05 9.9973E-05 9.9973E-05 0.019403
0.930778 0.0590329 9.9982E-05 0.00998895 9.9982E-05
0.0225906 9.99729E-05 0.977109 9.99729E-05 9.99729E-05
0.793089 0.175184 9.9982E-05 9.9982E-05 0.0315269
0.104541 0.171524 9.9982E-05 9.9982E-05 0.723735
0.488949 0.448114 0.0307831 9.9991E-05 0.0320537
0.987642 9.9973E-05 9.9973E-05 9.9973E-05 0.0120584
0.857891 0.037623 0.00421669 9.9991E-05 0.100169
0.991848 9.9973E-05 9.9973E-05 9.9973E-05 0.00785213
0.100353 0.255302 9.9991E-05 0.00419783 0.640047
9.9973E-05 9.9973E-05 9.9973E-05 0.84218 0.15752
9.9973E-05 0.203455 9.9973E-05 9.9973E-05 0.796245
0.651627 0.339294 0.00454978 0.00442976 9.9991E-05
9.9973E-05 9.9973E-05 9.9973E-05 0.99767 0.00203037
0.684601 0.212449 0.0375852 0.00613122 0.0592326
0.4326 0.5671 9.9973E-05 9.9973E-05 9.9973E-05
0.897417 9.9982E-05 0.0210916 9.9982E-05 0.0812914
0.996699 9.9973E-05 9.9973E-05 0.0030012 9.9973E-05
0.935944 9.9991E-05 0.00288814 0.00776155 0.053306
0.540292 0.199584 0.00175966 9.9991E-05 0.258265
0.0377577 9.99729E-05 0.961942 9.99729E-05 9.99729E-05
0.9996 9.997E-05 9.997E-05 9.997E-05 9.997E-05
0.0898999 0.569354 9.9982E-05 9.9982E-05 0.340546
0.58164 0.41806 9.9973E-05 9.9973E-05 9.9973E-05
0.019091 9.9973E-05 0.980609 9.9973E-05 9.9973E-05
0.0667924 0.423198 9.9982E-05 9.9982E-05 0.509809
0.201848 9.9982E-05 9.9982E-05 0.0473521 0.7506
0.253516 0.442704 0.0263547 9.9991E-05 0.277325
0.0918667 9.9973E-05 0.907833 9.9973E-05 9.9973E-05
0.612497 0.387203 9.9973E-05 9.9973E-05 9.9973E-05
9.997E-05 9.997E-05 9.997E-05 0.9996 9.997E-05
0.660814 0.334596 9.9982E-05 0.00439014 9.9982E-05
0.939886 0.0539164 9.9982E-05 0.00599746 9.9982E-05
9.99731E-05 0.00924698 9.99731E-05 0.990453 9.99731E-05
0.921522 0.0781785 9.9973E-05 9.9973E-05 9.9973E-05
0.0739706 9.9991E-05 0.155847 0.764715 0.00536738
0.303033 0.589775 9.9982E-05 9.9982E-05 0.106992
0.936908 0.00117458 0.0258718 9.9991E-05 0.0359461
0.109863 0.170145 0.0683134 9.9991E-05 0.651579
0.763594 0.192312 9.9991E-05 0.0190847 0.0249096
9.9973E-05 9.9973E-05 9.9973E-05 0.973442 0.0262577
0.390026 0.488115 0.0128828 0.00292604 0.10605
