0.151246 9.9991E-05 0.848654
9.999E-05 0.00845591 0.991444
9.999E-05 0.0120528 0.987847
0.170166 9.9991E-05 0.829734
0.493323 0.0252832 0.481394
0.313088 0.171075 0.515837
0.553423 9.9991E-05 0.446477
0.560563 0.0137014 0.425736
9.9991E-05 0.0320431 0.967857
0.057827 9.9991E-05 0.942073
0.493055 9.9991E-05 0.506845
0.606415 9.9991E-05 0.393485
0.466274 9.9991E-05 0.533626
0.332622 0.175915 0.491463
0.194111 9.9991E-05 0.805789
0.252027 0.0475848 0.700389
0.580057 9.9991E-05 0.419843
0.00776712 0.590059 0.402174
9.9991E-05 0.0165446 0.983355
0.521396 0.0686253 0.409978
9.999E-05 9.999E-05 0.9998
0.520434 9.9991E-05 0.479466
0.429771 9.9991E-05 0.570129
0.554231 0.338686 0.107083
0.429865 0.087077 0.483059
0.422072 9.9991E-05 0.577828
0.523114 9.9991E-05 0.476786
9.999E-05 9.999E-05 0.9998
0.0468551 9.9991E-05 0.953045
9.999E-05 9.999E-05 0.9998
0.377832 0.138091 0.484077
9.9991E-05 0.014673 0.985227
9.999E-05 9.999E-05 0.9998
0.394043 0.118857 0.4871
9.999E-05 9.999E-05 0.9998
0.461694 0.026186 0.51212
0.142053 9.9991E-05 0.857847
0.660914 0.00054689 0.338539
0.620031 0.0775496 0.30242
0.502279 9.9991E-05 0.497621
0.419731 0.140742 0.439527
9.9991E-05 0.022767 0.977133
0.07108 9.9991E-05 0.92882
0.0700915 9.9991E-05 0.929809
0.0903784 0.0218661 0.887756
9.9991E-05 0.981644 0.0182558
0.0552258 9.9991E-05 0.944674
9.999E-05 9.999E-05 0.9998
9.9991E-05 0.983307 0.0165927
0.153985 9.9991E-05 0.845915
0.334549 9.9991E-05 0.665351
0.0990287 9.9991E-05 0.900871
0.236552 9.9991E-05 0.763348
0.0692367 0.17688 0.753884
0.42054 0.00016835 0.579292
9.9991E-05 0.1016 0.8983
9.999E-05 9.999E-05 0.9998
9.9991E-05 0.00611897 0.993781
0.112555 9.9991E-05 0.887345
0.0719601 9.9991E-05 0.92794
9.999E-05 9.999E-05 0.9998
0.554261 0.351173 0.0945663
9.9991E-05 0.0117791 0.988121
0.405743 0.00637745 0.58788
9.999E-05 9.999E-05 0.9998
9.9991E-05 0.00493832 0.994962
0.139352 9.9991E-05 0.860548
0.155609 9.9991E-05 0.844291
0.577266 9.9991E-05 0.422634
9.9991E-05 0.994444 0.0054563
0.483052 9.9991E-05 0.516848
9.9991E-05 0.084842 0.915058
0.0463266 0.0112732 0.9424
9.9991E-05 0.0254494 0.974451
9.9991E-05 0.00722951 0.99267
9.9991E-05 0.0485017 0.951398
9.999E-05 9.999E-05 0.9998
0.542341 9.9991E-05 0.457559
9.999E-05 9.999E-05 0.9998
0.522957 0.327798 0.149244
0.228139 9.9991E-05 0.771761
9.9991E-05 0.00464981 0.99525
0.134747 0.577574 0.287679
0.0756483 0.22071 0.703641
0.325026 0.0294032 0.645571
0.0511358 0.00426451 0.9446
9.9991E-05 0.00969735 0.990203
9.999E-05 0.9998 9.999E-05
0.213373 9.9991E-05 0.786527
0.201635 9.9991E-05 0.798265
0.495867 9.9991E-05 0.504033
0.541716 9.9991E-05 0.458184
0.584661 9.9991E-05 0.415239
9.9991E-05 0.00345901 0.996441
0.18653 9.9991E-05 0.81337
9.999E-05 9.999E-05 0.9998
0.339886 9.9991E-05 0.660014
0.374337 0.170607 0.455055
9.9991E-05 0.0192799 0.98062
0.503176 9.9991E-05 0.496724
0.4043 9.9991E-05 0.5956
0.603816 0.36714 0.0290435
0.163538 9.9991E-05 0.836362
9.999E-05 9.999E-05 0.9998
9.999E-05 9.999E-05 0.9998
0.628843 9.9991E-05 0.371057
9.9991E-05 0.957509 0.0423911
0.657033 9.9991E-05 0.342867
0.085937 9.9991E-05 0.913963
9.9991E-05 0.0300763 0.969824
0.56097 9.9991E-05 0.43893
9.9991E-05 0.989144 0.0107558
0.449029 0.382709 0.168262
0.168733 9.9991E-05 0.831167
0.0682936 9.9991E-05 0.931606
0.503174 9.9991E-05 0.496726
9.9991E-05 0.0185931 0.981307
0.544821 0.094094 0.361085
0.131993 0.713296 0.154711
0.0297282 0.0153296 0.954942
0.236366 9.9991E-05 0.763534
0.553723 0.347646 0.0986307
0.0211114 9.9991E-05 0.978789
0.31235 9.9991E-05 0.68755
0.0158773 9.9991E-05 0.984023
0.499871 9.9991E-05 0.500029
0.489824 9.9991E-05 0.510076
0.524646 0.00331984 0.472034
0.496135 0.094685 0.40918
0.189346 9.9991E-05 0.810554
0.00466842 0.0114987 0.983833
0.133904 9.9991E-05 0.865996
0.00863592 0.918104 0.0732602
0.0109515 0.019791 0.969258
0.0203221 0.932745 0.0469332
0.131407 9.9991E-05 0.868493
0.445764 0.360049 0.194187
0.656856 9.9991E-05 0.343044
0.587667 9.9991E-05 0.412233
0.597659 9.9991E-05 0.402242
0.226963 9.9991E-05 0.772937
0.463629 0.0339978 0.502373
9.9991E-05 0.0067378 0.993162
0.3205 9.9991E-05 0.6794
0.189485 0.202462 0.608053
0.106129 0.0283959 0.865475
0.036636 0.0166745 0.946689
0.467697 0.383905 0.148398
0.41427 0.157281 0.428449
0.604655 0.370598 0.0247465
0.141922 9.9991E-05 0.857978
0.312843 0.155231 0.531925
0.275149 0.18626 0.538592
0.0947828 9.9991E-05 0.905117
9.999E-05 9.999E-05 0.9998
9.9991E-05 0.971281 0.0286193
0.519858 0.137903 0.342239
0.123032 9.9991E-05 0.876868
0.265479 0.356194 0.378327
9.9991E-05 0.032383 0.967517
9.999E-05 0.9998 9.999E-05
0.0225763 0.0225315 0.954892
9.9991E-05 0.752389 0.247511
0.592024 9.9991E-05 0.407876
9.9991E-05 0.0108906 0.989009
9.9991E-05 0.00252047 0.99738
0.509202 0.101554 0.389244
9.9991E-05 0.0415114 0.958389
0.592163 0.353592 0.0542448
9.999E-05 9.999E-05 0.9998
9.999E-05 0.9998 9.999E-05
9.999E-05 9.999E-05 0.9998
0.525747 9.9991E-05 0.474153
0.400741 9.9991E-05 0.599159
0.513198 0.0891895 0.397612
0.321863 0.115168 0.562969
0.361348 0.181358 0.457293
9.999E-05 9.999E-05 0.9998
0.39776 9.9991E-05 0.60214
9.999E-05 9.999E-05 0.9998
0.413581 0.0564334 0.529985
0.621674 0.00367038 0.374656
0.0108307 0.026704 0.962465
0.259852 9.9991E-05 0.740048
0.122237 9.9991E-05 0.877663
0.00320175 0.00136594 0.995432
0.143594 0.215938 0.640468
0.397934 9.9991E-05 0.601966
0.311656 0.0471947 0.64115
0.00533944 0.994561 9.9991E-05
9.9991E-05 0.0255094 0.974391
9.999E-05 9.999E-05 0.9998
0.0140468 0.00480957 0.981144
0.467118 0.392095 0.140787
0.132435 9.9991E-05 0.867465
0.429477 0.104145 0.466378
0.384548 9.9991E-05 0.615352
9.9991E-05 0.00915168 0.990748
0.0642816 0.00730465 0.928414
9.9991E-05 0.00879895 0.991101
0.461386 0.119003 0.41961
0.00131567 0.915821 0.082863
0.510696 0.13666 0.352644
0.249989 9.9991E-05 0.749911
9.999E-05 0.9998 9.999E-05
0.206616 0.0154205 0.777964
0.433016 9.9991E-05 0.566884
9.99926E-05 0.0464969 0.953403
9.9991E-05 0.00784675 0.992053
9.9991E-05 0.0345421 0.965358
0.269154 0.0153754 0.715471
0.428726 0.370276 0.200998
9.999E-05 9.999E-05 0.9998
0.633485 9.9991E-05 0.366415
0.308289 9.9991E-05 0.691611
0.492873 0.377782 0.129345
0.584056 0.029559 0.386385
0.260728 0.23236 0.506912
0.529769 9.9991E-05 0.470131
0.477422 0.347443 0.175134
0.245588 9.9991E-05 0.754312
9.999E-05 0.9998 9.999E-05
0.222963 9.9991E-05 0.776937
9.9991E-05 0.00561729 0.994283
9.999E-05 0.9998 9.999E-05
0.0150815 9.9991E-05 0.984818
0.033667 0.890223 0.0761103
0.462764 9.9991E-05 0.537136
0.00408468 0.010825 0.98509
0.463424 0.140806 0.395769
0.118422 0.00570751 0.87587
9.999E-05 0.9998 9.999E-05
0.446152 9.9991E-05 0.553748
