9.9982E-05 0.229135 0.767541 9.9982E-05 0.00312378
9.9973E-05 9.9973E-05 0.936731 0.0629687 9.9973E-05
9.999E-05 0.0090706 0.972561 0.0119949 0.00627325
0.0125298 0.212689 0.736386 0.0327916 0.00560328
9.999E-05 0.426178 0.254122 0.270195 0.0494051
9.9991E-05 0.0433931 0.214266 0.73967 0.00257177
9.9982E-05 0.397745 0.129399 0.472656 9.9982E-05
0.00925109 0.542269 0.137534 0.308673 0.00227283
0.0226795 0.00635435 0.943993 0.0200287 0.00694469
9.9973E-05 0.138246 0.861454 9.9973E-05 9.9973E-05
9.999E-05 0.576489 0.363553 0.039216 0.0206426
9.999E-05 0.663997 0.19466 0.127906 0.013336
9.9982E-05 0.562958 0.391522 0.0453201 9.9982E-05
9.9982E-05 0.0165567 0.154497 0.828746 9.9982E-05
9.9973E-05 0.325078 0.674622 9.9973E-05 9.9973E-05
0.00343516 0.172094 0.523815 0.300556 9.9991E-05
9.9982E-05 0.583157 0.187984 0.228659 9.9982E-05
0.39535 9.9991E-05 0.216541 0.313758 0.0742505
9.9973E-05 9.9973E-05 0.952312 0.0473881 9.9973E-05
0.0254238 0.438798 0.128443 0.395337 0.011998
9.9982E-05 0.0361284 0.958658 9.9982E-05 0.00501318
9.9991E-05 0.637479 0.34114 0.00980623 0.0114756
9.999E-05 0.52758 0.4048 0.0460151 0.0215054
9.9982E-05 0.0756609 9.9982E-05 0.012139 0.912
9.9982E-05 0.529826 0.44925 9.9982E-05 0.020724
0.00544231 0.494292 0.240159 0.260007 9.9991E-05
9.9973E-05 0.0371535 0.962547 9.9973E-05 9.9973E-05
9.9973E-05 0.145861 0.85384 9.9973E-05 9.9973E-05
9.997E-05 9.997E-05 0.9996 9.997E-05 9.997E-05
9.9991E-05 0.141735 0.136327 0.705121 0.0167163
9.9973E-05 9.9973E-05 0.935146 0.0645545 9.9973E-05
9.9973E-05 9.9973E-05 0.973468 0.0262319 9.9973E-05
9.9982E-05 0.152804 0.144735 0.70226 9.9982E-05
9.9973E-05 9.9973E-05 0.968338 0.0313619 9.9973E-05
0.00557384 0.389503 0.24761 0.357214 9.9991E-05
9.9973E-05 0.272195 0.727505 9.9973E-05 9.9973E-05
0.00863576 0.593791 0.076488 0.304882 0.0162034
9.9973E-05 0.411839 9.9973E-05 0.587862 9.9973E-05
9.9991E-05 0.580354 0.311941 0.0508805 0.0567242
0.00536957 0.170775 0.109363 0.709676 0.00481658
0.0106784 9.9991E-05 0.963542 0.0214688 0.0042105
9.9973E-05 0.124138 0.875562 9.9973E-05 9.9973E-05
0.00673799 0.151899 0.841163 9.9982E-05 9.9982E-05
0.00494343 0.127202 0.811161 0.05498 0.0017137
0.815496 9.9982E-05 0.0245794 9.9982E-05 0.159725
9.9982E-05 0.0334148 0.90079 0.0655948 9.9982E-05
9.9973E-05 0.0579255 0.941775 9.9973E-05 9.9973E-05
0.841035 9.9982E-05 0.031848 9.9982E-05 0.126917
9.9973E-05 0.25907 0.74063 9.9973E-05 9.9973E-05
0.00457365 0.423762 0.570425 0.00113984 9.9991E-05
9.9973E-05 0.20157 0.79813 9.9973E-05 9.9973E-05
9.9982E-05 0.34097 0.658568 9.9982E-05 0.000262301
0.0426699 9.9991E-05 0.512365 0.419847 0.0250182
9.9991E-05 0.401648 0.396236 0.142814 0.0592027
0.0297351 9.9991E-05 0.778811 0.15911 0.0322436
9.9982E-05 0.00721837 0.99095 9.9982E-05 0.00163193
0.0088094 9.9982E-05 0.97743 0.0135609 9.9982E-05
9.9982E-05 0.165667 0.818958 9.9982E-05 0.0151742
9.9973E-05 0.177242 0.822458 9.9973E-05 9.9973E-05
9.9982E-05 0.0156607 0.969252 0.0148879 9.9982E-05
9.99731E-05 9.99731E-05 9.99731E-05 0.140889 0.858811
0.0054893 9.9982E-05 0.99266 9.9982E-05 0.00165094
0.014474 0.427685 0.39313 0.140804 0.0239078
9.9973E-05 0.0148453 0.984855 9.9973E-05 9.9973E-05
9.9973E-05 9.9973E-05 0.975199 0.0245008 9.9973E-05
9.9973E-05 0.226051 0.773649 9.9973E-05 9.9973E-05
9.9973E-05 0.259708 0.739992 9.9973E-05 9.9973E-05
9.9991E-05 0.623717 0.219136 0.146768 0.0102791
0.83732 9.9982E-05 0.0172293 9.9982E-05 0.145251
9.9991E-05 0.473356 0.322361 0.198123 0.00606
0.0291889 9.9991E-05 0.833514 0.121604 0.0155928
0.00667537 0.10428 0.874556 9.9991E-05 0.0143891
9.9982E-05 9.9982E-05 0.933026 0.0485505 0.0182234
0.00186595 9.9982E-05 0.994494 0.00344057 9.9982E-05
0.0269537 9.9982E-05 0.898226 0.0746208 9.9982E-05
0.00705046 0.00329975 0.98945 9.9982E-05 9.9982E-05
9.9982E-05 0.5217 0.206407 0.271694 9.9982E-05
9.9982E-05 0.0262853 0.971576 0.00193871 9.9982E-05
9.9982E-05 0.0167849 9.9982E-05 0.30809 0.674925
9.9982E-05 0.324088 0.672209 9.9982E-05 0.0035024
0.00673097 0.0284996 0.964569 9.9982E-05 9.9982E-05
0.397351 9.9991E-05 0.10191 0.377862 0.122777
0.0518233 9.9991E-05 0.425326 0.512179 0.0105713
0.00306285 0.29302 0.439893 0.263924 9.9991E-05
0.0158773 0.0904314 0.891325 0.00226651 9.9991E-05
9.9982E-05 9.9982E-05 0.951164 0.0429998 0.0056364
0.9996 9.997E-05 9.997E-05 9.997E-05 9.997E-05
9.99729E-05 0.341724 0.657976 9.99729E-05 9.99729E-05
9.9973E-05 0.296763 0.702937 9.9973E-05 9.9973E-05
9.9982E-05 0.611506 0.316483 0.0718119 9.9982E-05
0.00652349 0.675765 0.296443 0.00543392 0.015834
9.9982E-05 0.741655 0.250544 0.00760124 9.9982E-05
9.9982E-05 9.9982E-05 0.959202 0.0404927 0.000105392
9.9973E-05 0.302979 0.696721 9.9973E-05 9.9973E-05
9.9973E-05 0.0506566 0.949043 9.9973E-05 9.9973E-05
9.9973E-05 0.440758 0.558942 9.9973E-05 9.9973E-05
9.9982E-05 0.0930033 0.128862 0.777935 9.9982E-05
9.9973E-05 9.9973E-05 0.946387 0.0533128 9.9973E-05
9.9991E-05 0.480188 0.317526 0.134977 0.0672084
0.0161492 0.488706 0.413998 0.0810469 9.9991E-05
9.9982E-05 0.0280922 9.9982E-05 0.105047 0.866661
9.9973E-05 0.0225628 0.977137 9.9973E-05 9.9973E-05
9.997E-05 9.997E-05 0.9996 9.997E-05 9.997E-05
0.0138659 0.711696 0.16994 0.104399 9.9991E-05
0.806479 9.9982E-05 0.0692324 9.9982E-05 0.124088
0.0179365 0.760667 0.167559 0.0537372 9.9991E-05
9.9982E-05 0.143572 0.829873 9.9982E-05 0.0263553
9.9982E-05 9.9982E-05 0.930106 0.0502739 0.0194202
9.9982E-05 0.7186 0.277037 9.9982E-05 0.00416244
0.838845 9.9982E-05 0.0217028 9.9982E-05 0.139253
0.0215117 9.9982E-05 9.9982E-05 0.326723 0.651566
9.9973E-05 0.233539 0.766161 9.9973E-05 9.9973E-05
9.9973E-05 0.148759 0.850941 9.9973E-05 9.9973E-05
9.9991E-05 0.629918 0.362183 0.00158804 0.00621115
9.9982E-05 9.9982E-05 0.962131 0.0244726 0.0131965
0.0065646 0.388245 0.0559759 0.549114 9.9991E-05
0.52263 9.9991E-05 0.0624717 0.199328 0.21547
9.9982E-05 0.0480238 0.910582 9.9982E-05 0.0411945
9.9973E-05 0.351519 0.648181 9.9973E-05 9.9973E-05
9.997E-05 9.997E-05 9.997E-05 9.997E-05 0.9996
9.9973E-05 0.0998573 0.899843 9.9973E-05 9.9973E-05
9.9982E-05 0.424041 0.568825 9.9982E-05 0.00693374
9.9973E-05 0.1156 0.8841 9.9973E-05 9.9973E-05
0.00790023 0.549159 0.297248 0.145592 9.9991E-05
0.0117325 0.534807 0.305939 0.147422 9.9991E-05
9.9982E-05 0.465383 0.197328 0.337088 9.9982E-05
9.9982E-05 0.296992 0.0529806 0.649827 9.9982E-05
9.9982E-05 0.290396 0.701619 9.9982E-05 0.00778506
9.9982E-05 0.0394269 0.948886 9.9982E-05 0.0114875
9.99898E-05 0.208735 0.776944 9.99898E-05 0.0141206
0.780029 9.9991E-05 0.0387205 0.0425958 0.138555
9.9982E-05 9.9982E-05 0.900994 0.0694689 0.0293371
0.805975 0.00206167 0.0245876 9.9991E-05 0.167276
9.9982E-05 0.219304 0.778099 9.9982E-05 0.00239719
9.99729E-05 9.99729E-05 0.0524825 9.99729E-05 0.947218
9.9982E-05 0.770667 0.16692 0.0622138 9.9982E-05
9.9982E-05 0.545135 0.12083 0.333835 9.9982E-05
0.0243935 0.620582 0.18529 0.143431 0.0263037
9.9973E-05 0.331362 0.668338 9.9973E-05 9.9973E-05
0.0219091 0.430616 0.286994 0.259991 0.000490198
9.9973E-05 9.9973E-05 0.965366 0.0343345 9.9973E-05
0.00275426 0.424396 0.565778 9.9991E-05 0.00697146
0.036312 9.9991E-05 0.297209 0.656167 0.0102117
0.00357123 0.106451 0.771458 0.11842 9.9991E-05
0.0052831 0.0476791 0.895705 0.0512326 9.9991E-05
9.99729E-05 9.99729E-05 0.0354245 9.99729E-05 0.964276
9.9991E-05 0.129411 0.0991831 0.722051 0.0492553
9.9973E-05 0.0206108 9.9973E-05 9.9973E-05 0.979089
9.9973E-05 0.22679 0.77291 9.9973E-05 9.9973E-05
0.0117472 0.0693304 0.25714 0.60495 0.0568326
9.9991E-05 0.00574672 0.255076 0.701002 0.0380756
0.0150198 0.162906 0.821874 9.9982E-05 9.9982E-05
9.9973E-05 9.9973E-05 0.993882 0.00581788 9.9973E-05
0.812459 9.9982E-05 0.0168982 9.9982E-05 0.170442
9.9982E-05 0.162326 9.9982E-05 0.799475 0.037999
9.9973E-05 0.205576 0.794124 9.9973E-05 9.9973E-05
0.0560295 9.9991E-05 0.147626 0.367846 0.428399
0.00175977 9.9982E-05 0.968061 0.0299789 9.9982E-05
0.9996 9.997E-05 9.997E-05 9.997E-05 9.997E-05
0.0127735 0.0404116 0.889778 0.0569364 9.9991E-05
0.654832 9.9982E-05 0.116045 0.228923 9.9982E-05
0.023064 0.693042 0.223667 0.047304 0.0129232
9.9973E-05 9.9973E-05 0.934262 0.0654385 9.9973E-05
9.997E-05 9.997E-05 0.9996 9.997E-05 9.997E-05
9.9991E-05 0.277889 0.0371259 0.67726 0.00762486
9.9973E-05 9.9973E-05 0.881512 0.118188 9.9973E-05
9.9973E-05 0.0332836 9.9973E-05 9.9973E-05 0.966417
9.9982E-05 9.9982E-05 0.991115 0.00638812 0.00229716
0.9996 9.997E-05 9.997E-05 9.997E-05 9.997E-05
9.997E-05 9.997E-05 0.9996 9.997E-05 9.997E-05
9.9991E-05 0.579464 0.266554 0.123438 0.0304443
0.034371 0.458773 0.445543 0.0533335 0.00797917
9.9991E-05 0.27398 0.0648063 0.659144 0.00196932
0.0329891 0.22571 0.320483 0.412045 0.00877248
0.0316583 0.123659 0.139984 0.685194 0.0195043
9.997E-05 9.997E-05 0.9996 9.997E-05 9.997E-05
9.9982E-05 0.500047 0.455311 9.9982E-05 0.0444416
9.9973E-05 0.0310316 0.968668 9.9973E-05 9.9973E-05
0.0166364 0.352346 0.316748 0.245621 0.068649
9.9982E-05 0.547934 0.0766153 0.375251 9.9982E-05
0.00519501 0.0244818 0.904857 0.048195 0.0172709
9.9973E-05 0.402032 0.597668 9.9973E-05 9.9973E-05
0.00376585 0.175271 0.808728 9.9991E-05 0.0121353
9.9973E-05 9.9973E-05 0.938064 0.0616363 9.9973E-05
0.0324362 9.9991E-05 0.388904 0.53058 0.0479804
0.00520404 0.433879 0.399079 0.161739 9.9991E-05
0.0193768 0.256578 0.458977 0.243963 0.0211061
0.927037 0.0369733 9.9982E-05 0.0357901 9.9982E-05
9.9982E-05 9.9982E-05 0.89467 0.0878213 0.0173084
9.9973E-05 9.9973E-05 0.967347 0.0323532 9.9973E-05
0.00469251 0.0586333 0.936474 9.9982E-05 9.9982E-05
9.99729E-05 9.99729E-05 0.0207155 9.99729E-05 0.978985
9.9991E-05 0.17979 0.783382 0.0349241 0.00180443
9.9982E-05 0.173356 0.118922 0.707521 9.9982E-05
0.00508501 0.469318 0.491586 0.0240319 0.00997932
0.00347267 9.9982E-05 0.983335 0.0129924 9.9982E-05
9.9991E-05 0.0302416 0.869935 0.0944831 0.00524062
9.9973E-05 9.9973E-05 0.992288 0.00741204 9.9973E-05
0.00854442 0.254656 0.0678605 0.668839 9.9991E-05
0.849684 9.9991E-05 0.00709769 0.138249 0.00486882
9.9973E-05 0.206566 9.9973E-05 0.793134 9.9973E-05
0.0172715 0.342647 0.635608 9.9991E-05 0.00437317
0.994035 9.9973E-05 9.9973E-05 0.00566533 9.9973E-05
0.0109867 0.21387 0.678212 0.0573146 0.039617
9.9973E-05 0.570543 0.429157 9.9973E-05 9.9973E-05
0.0136719 9.9991E-05 0.884461 0.0897254 0.012042
9.997E-05 9.997E-05 0.9996 9.997E-05 9.997E-05
0.00639519 9.9991E-05 0.929179 0.0641522 0.000174068
9.9982E-05 0.218963 0.531589 0.249248 9.9982E-05
9.99729E-05 9.99729E-05 0.0540947 9.99729E-05 0.945605
9.997E-05 9.997E-05 0.9996 9.997E-05 9.997E-05
9.9982E-05 0.590242 0.0750946 0.334464 9.9982E-05
9.9973E-05 0.411395 0.588305 9.9973E-05 9.9973E-05
9.9973E-05 9.9973E-05 0.0133979 9.9973E-05 0.986302
9.9982E-05 0.443826 0.0497294 0.506244 9.9982E-05
0.0392703 9.9982E-05 0.185825 0.774704 9.9982E-05
9.9991E-05 0.45452 0.261195 0.263532 0.020652
9.9973E-05 9.9973E-05 0.0738992 9.9973E-05 0.925801
9.9973E-05 0.40647 0.59323 9.9973E-05 9.9973E-05
0.9996 9.997E-05 9.997E-05 9.997E-05 9.997E-05
0.000322129 0.319075 0.680403 9.9982E-05 9.9982E-05
0.0194302 0.0286777 0.951692 9.9982E-05 9.9982E-05
0.9996 9.997E-05 9.997E-05 9.997E-05 9.997E-05
9.9973E-05 0.0771661 0.922534 9.9973E-05 9.9973E-05
0.775584 0.0156589 0.0501556 0.00483501 0.153767
9.9982E-05 0.597551 0.331103 0.0711454 9.9982E-05
9.9991E-05 0.000342574 0.94405 0.0378295 0.017678
9.9991E-05 0.195091 0.0882105 0.663251 0.0533473
0.0168213 0.181587 0.766982 0.0345094 9.9991E-05
0.958004 9.9973E-05 9.9973E-05 0.0416964 9.9973E-05
0.00243803 0.501166 0.406245 0.0764557 0.0136957
