9.9973E-05 9.9973E-05 0.247587 0.011077 0.0202263 0.720809 9.9973E-05
9.9955E-05 0.0419205 9.9955E-05 9.9955E-05 9.9955E-05 0.95758 9.9955E-05
9.9964E-05 9.9964E-05 0.00531119 9.9964E-05 9.9964E-05 0.979614 0.0146752
9.9973E-05 9.9973E-05 0.19773 0.116497 0.00831999 0.677153 9.9973E-05
9.9973E-05 9.9973E-05 0.245729 0.494965 9.9973E-05 0.227326 0.0316802
9.9982E-05 0.544387 9.9982E-05 0.18695 0.0214718 0.245673 0.00131865
9.9973E-05 0.379315 0.380742 0.136828 9.9973E-05 0.102815 9.9973E-05
0.00333925 0.273635 0.538164 0.097852 0.0117907 0.0751185 9.9991E-05
0.0150197 9.9991E-05 0.00196507 0.0231113 0.0065601 0.943974 0.00927003
9.9955E-05 9.9955E-05 0.161906 9.9955E-05 9.9955E-05 0.837594 9.9955E-05
9.9973E-05 0.103311 0.617791 9.9973E-05 0.00944888 0.269149 9.9973E-05
9.9973E-05 9.9973E-05 0.606876 0.237847 9.9973E-05 0.142354 0.0126234
9.99639E-05 9.99639E-05 0.54293 0.1936 9.99639E-05 0.26307 9.99639E-05
9.99639E-05 0.747861 9.99639E-05 0.0834773 9.99639E-05 0.168261 9.99639E-05
9.9955E-05 9.9955E-05 0.376395 9.9955E-05 9.9955E-05 0.623105 9.9955E-05
0.0109627 0.124007 0.0966335 0.253611 9.9982E-05 0.514585 9.9982E-05
9.9964E-05 0.286883 0.614512 9.9964E-05 9.9964E-05 0.0982056 9.9964E-05
0.0294718 0.349482 9.9973E-05 9.9973E-05 0.419953 0.200793 9.9973E-05
0.00134661 0.0458962 9.9973E-05 9.9973E-05 0.000159183 0.952298 9.9973E-05
0.0198953 0.370248 0.448384 0.0664268 0.00546261 0.0813043 0.00827988
0.000205693 9.9982E-05 0.0285053 0.010665 9.9982E-05 0.952446 0.00797853
0.00116327 0.0619225 0.690175 9.9982E-05 9.9982E-05 0.236212 0.0103281
9.9964E-05 9.9964E-05 0.470685 0.201136 9.9964E-05 0.327779 9.9964E-05
9.9982E-05 0.000402448 0.069735 0.0378028 0.0180131 9.9982E-05 0.873847
9.9964E-05 0.022966 9.9964E-05 0.751682 9.9964E-05 0.224952 9.9964E-05
0.00165675 0.0201696 0.560712 9.9982E-05 9.9982E-05 0.399724 0.0175373
0.00853298 0.18213 0.476416 0.151863 9.9982E-05 0.180858 9.9982E-05
9.9964E-05 9.9964E-05 0.0481524 9.9964E-05 9.9964E-05 0.942307 0.00914042
9.9955E-05 9.9955E-05 0.161682 9.9955E-05 9.9955E-05 0.837818 9.9955E-05
9.995E-05 9.995E-05 9.995E-05 9.995E-05 9.995E-05 0.9994 9.995E-05
0.00305242 0.22958 9.9973E-05 0.584777 9.9973E-05 0.18229 9.9973E-05
9.9964E-05 0.0227955 9.9964E-05 0.0268758 9.9964E-05 0.949929 9.9964E-05
9.9955E-05 0.0156028 9.9955E-05 9.9955E-05 9.9955E-05 0.983897 9.9955E-05
9.9973E-05 0.529604 0.0576601 0.216844 9.9973E-05 0.195591 9.9973E-05
9.9964E-05 0.0107434 9.9964E-05 9.9964E-05 9.9964E-05 0.983485 0.00537219
0.0064009 0.0752485 0.27084 0.451645 9.9982E-05 0.195666 9.9982E-05
9.9955E-05 9.9955E-05 0.337547 9.9955E-05 9.9955E-05 0.661953 9.9955E-05
0.015516 0.351238 0.611165 0.00757628 9.9991E-05 0.00339878 0.0110059
9.9982E-05 0.0396317 0.118416 0.822705 9.9982E-05 0.00683272 0.0122145
9.9973E-05 9.9973E-05 0.536313 0.158125 9.9973E-05 0.243755 0.0615071
0.00668109 0.598868 0.136801 0.122329 9.9991E-05 0.132298 0.00292333
0.00472428 0.0102334 9.9973E-05 9.9973E-05 9.9973E-05 0.97578 0.00896226
9.9955E-05 9.9955E-05 0.146496 9.9955E-05 9.9955E-05 0.853004 9.9955E-05
0.00456798 9.9973E-05 0.160304 9.9973E-05 0.00297707 0.831851 9.9973E-05
9.9973E-05 9.9973E-05 0.0768396 0.111282 0.0242802 0.787299 9.9973E-05
9.995E-05 9.995E-05 9.995E-05 9.995E-05 0.9994 9.995E-05 9.995E-05
9.9964E-05 9.9964E-05 0.0215594 0.0717172 9.9964E-05 0.906323 9.9964E-05
9.9964E-05 9.9964E-05 0.0749345 9.9964E-05 0.00105524 0.92361 9.9964E-05
9.995E-05 9.995E-05 9.995E-05 9.995E-05 0.9994 9.995E-05 9.995E-05
9.9955E-05 9.9955E-05 0.295898 9.9955E-05 9.9955E-05 0.703602 9.9955E-05
0.0112085 0.0378605 0.472004 9.9973E-05 9.9973E-05 0.478627 9.9973E-05
9.9955E-05 9.9955E-05 0.225078 9.9955E-05 9.9955E-05 0.774422 9.9955E-05
9.9973E-05 9.9973E-05 0.336406 0.0702676 9.9973E-05 0.582874 0.0101533
0.0136808 0.403846 9.9982E-05 9.9982E-05 0.0361584 0.534359 0.0117563
9.9973E-05 9.9973E-05 0.329503 0.246417 9.9973E-05 0.370307 0.0534725
0.016986 0.17191 9.9973E-05 9.9973E-05 9.9973E-05 0.777946 0.0328578
9.9964E-05 9.9964E-05 0.016744 9.9964E-05 0.00554703 0.977309 9.9964E-05
0.00720492 0.00454474 9.9973E-05 9.9973E-05 0.00178613 0.986164 9.9973E-05
9.9982E-05 0.0171354 0.172125 0.0134301 0.00478637 0.792324 9.9982E-05
9.9955E-05 9.9955E-05 0.185658 9.9955E-05 9.9955E-05 0.813842 9.9955E-05
9.9964E-05 0.00291418 0.0117665 9.9964E-05 9.9964E-05 0.984919 9.9964E-05
0.00712529 0.156966 9.99641E-05 9.99641E-05 9.99641E-05 9.99641E-05 0.835509
0.0110081 0.00523324 9.9973E-05 9.9973E-05 9.9973E-05 0.974742 0.00871684
0.0277725 9.9982E-05 0.359147 0.232306 9.9982E-05 0.34325 0.0373247
9.9964E-05 9.9964E-05 0.0117441 9.9964E-05 0.00883445 0.979022 9.9964E-05
0.00198812 0.0110547 9.9973E-05 0.00124551 9.9973E-05 0.985412 9.9973E-05
9.9964E-05 9.9964E-05 0.258461 9.9964E-05 0.00332803 0.737811 9.9964E-05
9.9955E-05 9.9955E-05 0.280876 9.9955E-05 9.9955E-05 0.718624 9.9955E-05
9.9982E-05 0.0991963 0.626061 0.11449 9.9982E-05 0.148799 0.0112538
9.995E-05 9.995E-05 9.995E-05 9.995E-05 0.9994 9.995E-05 9.995E-05
9.9973E-05 9.9973E-05 0.361249 0.368142 9.9973E-05 0.26552 0.0047891
0.027176 0.107326 9.9982E-05 9.9982E-05 0.00629361 0.831735 0.0272697
0.00109531 9.9982E-05 0.120275 9.9982E-05 0.00771577 0.855594 0.0151202
9.9964E-05 0.0260233 9.9964E-05 9.9964E-05 9.9964E-05 0.941473 0.0321042
0.00334318 9.9964E-05 9.9964E-05 9.9964E-05 0.000840386 0.995417 9.9964E-05
0.00236997 0.0598769 9.9973E-05 9.9973E-05 0.0300488 0.907404 9.9973E-05
9.9955E-05 9.9955E-05 0.0103162 9.9955E-05 9.9955E-05 0.989184 9.9955E-05
9.9964E-05 0.33407 0.532412 9.9964E-05 9.9964E-05 0.133118 9.9964E-05
9.9955E-05 9.9955E-05 0.0479304 9.9955E-05 9.9955E-05 0.95157 9.9955E-05
9.9982E-05 0.265724 0.0201822 0.00396593 0.0176763 9.9982E-05 0.692252
9.9964E-05 9.9964E-05 0.333248 9.9964E-05 9.9964E-05 0.65073 0.0156225
9.9973E-05 9.9973E-05 0.0370537 9.9973E-05 0.00200091 0.95498 0.00566598
0.0759206 0.354511 9.9982E-05 9.9982E-05 0.393496 0.126313 0.0495594
0.01136 0.473013 9.9982E-05 9.9982E-05 0.0557887 0.457523 0.00211532
9.9982E-05 0.0455675 0.209944 0.332124 0.00370717 0.408457 9.9982E-05
0.0113934 9.9982E-05 0.116939 0.011904 0.0129302 0.846633 9.9982E-05
9.9964E-05 0.0454288 9.9964E-05 9.9964E-05 9.9964E-05 0.949226 0.0049457
0.9994 9.995E-05 9.995E-05 9.995E-05 9.995E-05 9.995E-05 9.995E-05
9.99639E-05 9.99639E-05 0.382513 9.99639E-05 0.00119096 0.615896 9.99639E-05
9.9964E-05 9.9964E-05 0.336961 9.9964E-05 9.9964E-05 0.66095 0.00168861
9.9964E-05 9.9964E-05 0.558481 0.20364 9.9964E-05 0.23748 9.9964E-05
0.0100394 9.9982E-05 0.629709 0.139179 9.9982E-05 0.21856 0.00231304
9.9973E-05 0.0854482 0.78049 9.9973E-05 0.00122827 0.132534 9.9973E-05
9.9964E-05 0.0217466 9.9964E-05 9.9964E-05 9.9964E-05 0.973192 0.00466132
9.9964E-05 9.9964E-05 0.320396 0.0268593 9.9964E-05 0.652344 9.9964E-05
0.00592878 9.9964E-05 0.0691116 9.9964E-05 9.9964E-05 0.92456 9.9964E-05
9.9964E-05 9.9964E-05 0.469852 0.0593477 9.9964E-05 0.470401 9.9964E-05
0.00434541 0.576863 0.031821 0.201702 0.0115478 0.173621 9.9991E-05
9.9955E-05 0.0385098 9.9955E-05 9.9955E-05 9.9955E-05 0.96099 9.9955E-05
9.9973E-05 9.9973E-05 0.363915 0.311498 9.9973E-05 0.270611 0.0536765
0.00836543 9.9982E-05 0.416488 0.228388 0.0151422 0.331416 9.9982E-05
9.9982E-05 0.071693 0.0143834 0.0500893 0.0188046 9.9982E-05 0.84483
9.99549E-05 9.99549E-05 0.358817 9.99549E-05 9.99549E-05 0.640683 9.99549E-05
9.9955E-05 9.9955E-05 0.0428063 9.9955E-05 9.9955E-05 0.956694 9.9955E-05
9.995E-05 9.995E-05 9.995E-05 9.995E-05 9.995E-05 0.9994 9.995E-05
9.9982E-05 0.0503904 0.675896 0.167013 0.0236653 0.0828348 9.9982E-05
9.995E-05 9.995E-05 9.995E-05 9.995E-05 0.9994 9.995E-05 9.995E-05
9.9973E-05 0.156594 0.7908 9.9973E-05 0.0115673 0.0407389 9.9973E-05
9.9964E-05 9.9964E-05 0.133425 9.9964E-05 9.9964E-05 0.834167 0.0320072
0.00764499 0.0315421 9.9973E-05 9.9973E-05 9.9973E-05 0.942528 0.0179848
9.9973E-05 9.9973E-05 0.755118 0.050375 9.9973E-05 0.192687 0.00152065
9.995E-05 9.995E-05 9.995E-05 9.995E-05 0.9994 9.995E-05 9.995E-05
0.00667938 0.316993 9.9973E-05 9.9973E-05 0.0380641 9.9973E-05 0.637964
9.9982E-05 9.9982E-05 0.241033 0.0337076 0.000660294 0.719245 0.0051545
9.9955E-05 9.9955E-05 0.175121 9.9955E-05 9.9955E-05 0.824379 9.9955E-05
9.9973E-05 9.9973E-05 0.634049 0.0832944 9.9973E-05 0.277222 0.00513509
9.9955E-05 9.9955E-05 9.9955E-05 9.9955E-05 9.9955E-05 0.977156 0.0223447
9.9982E-05 0.517162 0.383674 0.032976 0.0448447 0.0211435 9.9982E-05
0.0933285 0.187889 0.0148697 9.9991E-05 0.52064 0.0511968 0.131976
9.9964E-05 9.9964E-05 0.0719427 9.9964E-05 9.9964E-05 0.893123 0.0345344
9.9964E-05 9.9964E-05 0.359735 0.0145299 9.9964E-05 0.625336 9.9964E-05
9.995E-05 9.995E-05 9.995E-05 9.995E-05 9.995E-05 9.995E-05 0.9994
9.9964E-05 9.9964E-05 0.116155 9.9964E-05 0.000954081 0.882491 9.9964E-05
9.9955E-05 9.9955E-05 0.489504 9.9955E-05 9.9955E-05 0.509996 9.9955E-05
9.9955E-05 9.9955E-05 0.119247 9.9955E-05 9.9955E-05 0.880253 9.9955E-05
9.9964E-05 0.227892 0.578158 9.9964E-05 9.9964E-05 0.19355 9.9964E-05
9.9973E-05 9.9973E-05 0.455806 0.289322 0.00323311 0.251339 9.9973E-05
9.9973E-05 0.310168 0.489556 0.0460201 9.9973E-05 0.153957 9.9973E-05
9.99639E-05 0.64833 0.309197 9.99639E-05 9.99639E-05 0.0420729 9.99639E-05
9.9964E-05 9.9964E-05 0.306943 9.9964E-05 9.9964E-05 0.671897 0.0207601
9.9973E-05 9.9973E-05 0.0674948 9.9973E-05 0.00637276 0.916857 0.00897579
9.9973E-05 9.9973E-05 0.220778 9.9973E-05 0.0232513 0.751225 0.00444592
0.0600489 0.081219 9.9964E-05 9.9964E-05 0.858332 9.9964E-05 9.9964E-05
9.9964E-05 0.066494 9.9964E-05 9.9964E-05 9.9964E-05 0.904709 0.0283969
0.00917724 9.9973E-05 9.9973E-05 0.0184052 0.966226 9.9973E-05 0.00589167
9.9964E-05 9.9964E-05 0.267895 9.9964E-05 9.9964E-05 0.728551 0.00315424
9.99549E-05 9.99549E-05 9.99549E-05 9.99549E-05 9.99549E-05 0.0378457 0.961655
9.99639E-05 0.139338 0.805794 9.99639E-05 9.99639E-05 0.0544687 9.99639E-05
0.000660906 0.376163 0.580264 9.9973E-05 9.9973E-05 0.0426125 9.9973E-05
0.0383935 0.166187 0.645438 0.0388559 9.9991E-05 0.0973816 0.0136441
9.9973E-05 9.9973E-05 0.360232 0.0269172 9.9973E-05 0.611492 0.00105857
0.00563454 0.0702904 0.354641 0.318267 0.0240159 0.226819 0.000331836
9.9964E-05 0.0119148 9.9964E-05 0.0175399 9.9964E-05 0.970145 9.9964E-05
9.9973E-05 9.9973E-05 0.467408 9.9973E-05 0.00199508 0.512877 0.01742
0.0149991 0.605641 9.9982E-05 9.9982E-05 0.0138799 0.34318 0.0220997
9.9982E-05 0.0355411 0.084559 0.110879 0.00977955 0.759042 9.9982E-05
0.0115876 9.9982E-05 0.0420797 0.0412288 9.9982E-05 0.898228 0.00667596
9.99639E-05 9.99639E-05 9.99639E-05 9.99639E-05 0.00608252 0.032097 0.961421
9.9982E-05 0.252501 9.9982E-05 0.566161 0.00598327 0.120839 0.0543164
9.99551E-05 9.99551E-05 0.00542804 9.99551E-05 9.99551E-05 9.99551E-05 0.994072
9.9973E-05 9.9973E-05 0.27036 9.9973E-05 0.000790576 0.727969 0.000580385
9.9982E-05 0.580862 0.0270058 0.0742597 9.9982E-05 0.270469 0.0472032
9.9982E-05 0.566564 9.9982E-05 0.129165 0.00654611 0.268364 0.0291613
9.9964E-05 9.9964E-05 0.194597 9.9964E-05 0.0269652 0.778038 9.9964E-05
9.9955E-05 0.0048415 9.9955E-05 9.9955E-05 9.9955E-05 0.994659 9.9955E-05
9.9955E-05 9.9955E-05 9.9955E-05 9.9955E-05 0.993694 9.9955E-05 0.00580618
9.9973E-05 0.779484 0.183687 0.0203251 9.9973E-05 9.9973E-05 0.0162042
9.9964E-05 9.9964E-05 0.228549 9.9964E-05 0.000968944 0.770083 9.9964E-05
0.0165796 0.383999 9.9982E-05 9.9982E-05 0.0357236 0.145016 0.418482
0.000654001 0.0230595 9.9982E-05 0.00722427 0.014557 0.954305 9.9982E-05
0.9994 9.995E-05 9.995E-05 9.995E-05 9.995E-05 9.995E-05 9.995E-05
0.00024215 0.0553108 0.0560895 9.9982E-05 0.0109054 0.877252 9.9982E-05
0.602163 0.170208 9.9982E-05 0.062641 0.0230485 0.14174 9.9982E-05
9.9982E-05 0.0916366 0.724682 9.9982E-05 0.0288815 0.138465 0.0161354
0.00229547 0.0571277 9.9973E-05 9.9973E-05 9.9973E-05 0.935376 0.00490089
0.00493943 9.9955E-05 9.9955E-05 9.9955E-05 9.9955E-05 0.994561 9.9955E-05
9.9973E-05 0.492076 0.205227 0.259582 9.9973E-05 0.0428148 9.9973E-05
9.9964E-05 0.0691329 9.9964E-05 9.9964E-05 9.9964E-05 0.915187 0.01528
9.99551E-05 9.99551E-05 0.00703699 9.99551E-05 9.99551E-05 9.99551E-05 0.992463
9.9964E-05 9.9964E-05 9.9964E-05 9.9964E-05 0.00606516 0.990971 0.00256384
0.9994 9.995E-05 9.995E-05 9.995E-05 9.995E-05 9.995E-05 9.995E-05
9.995E-05 9.995E-05 9.995E-05 9.995E-05 9.995E-05 0.9994 9.995E-05
9.9982E-05 0.0668432 0.534904 0.1525 9.9982E-05 0.214733 0.030819
0.00729316 9.9982E-05 0.347842 0.281882 0.00947319 0.353309 9.9982E-05
9.9973E-05 0.181532 0.0123809 0.693791 9.9973E-05 0.111996 9.9973E-05
0.00661397 9.9973E-05 9.9973E-05 0.663273 0.019787 0.310026 9.9973E-05
9.9973E-05 0.414061 9.9973E-05 0.373293 0.0512208 0.161125 9.9973E-05
9.995E-05 9.995E-05 9.995E-05 9.995E-05 9.995E-05 0.9994 9.995E-05
9.9982E-05 0.0248914 0.527717 9.9982E-05 0.00834422 0.38558 0.0532677
9.9955E-05 9.9955E-05 0.0544371 9.9955E-05 9.9955E-05 0.945063 9.9955E-05
9.9991E-05 0.101152 0.265665 0.278294 0.024652 0.259219 0.0709181
9.9964E-05 0.432824 0.549588 9.9964E-05 9.9964E-05 0.0171879 9.9964E-05
0.0115347 0.000423551 0.0131469 0.0526704 9.9991E-05 0.909782 0.0123428
9.9973E-05 9.9973E-05 0.46507 9.9973E-05 0.0107143 0.519714 0.00420193
9.9973E-05 9.9973E-05 0.191667 9.9973E-05 0.0129714 0.790023 0.00503875
9.9955E-05 0.0673638 9.9955E-05 9.9955E-05 9.9955E-05 0.932136 9.9955E-05
0.0193675 0.550267 9.9982E-05 9.9982E-05 0.00849459 0.384963 0.0367077
9.9973E-05 9.9973E-05 0.324136 0.291935 0.00184545 0.381784 9.9973E-05
0.0212065 9.9982E-05 0.113518 0.40807 9.9982E-05 0.454195 0.00281064
0.891882 0.0713873 0.0208295 9.9982E-05 0.0070707 9.9982E-05 0.00863028
0.00353667 0.0549412 9.9982E-05 0.0115427 9.9982E-05 0.916382 0.0133976
9.9955E-05 0.0254913 9.9955E-05 9.9955E-05 9.9955E-05 0.974009 9.9955E-05
0.00704707 9.9973E-05 0.0371767 0.0575515 9.9973E-05 0.897925 9.9973E-05
9.99549E-05 9.99549E-05 9.99549E-05 9.99549E-05 9.99549E-05 0.0324961 0.967004
0.00130678 9.9973E-05 0.146365 0.102698 9.9973E-05 0.74933 9.9973E-05
9.9973E-05 0.285826 0.00949252 0.554837 9.9973E-05 0.149544 9.9973E-05
9.9991E-05 0.0140806 0.464813 0.071062 0.00840233 0.419922 0.02162
0.00110235 0.00708131 9.9964E-05 9.9964E-05 9.9964E-05 0.991416 9.9964E-05
9.9973E-05 0.068264 0.0356553 0.0238725 9.9973E-05 0.871908 9.9973E-05
9.995E-05 9.995E-05 9.995E-05 9.995E-05 9.995E-05 0.9994 9.995E-05
9.9973E-05 0.143344 9.9973E-05 0.71301 0.0220367 0.12131 9.9973E-05
0.770555 0.0693926 9.9991E-05 0.0439393 0.0460013 0.0228067 0.0472048
9.9964E-05 0.714583 0.202643 0.0823741 9.9964E-05 9.9964E-05 9.9964E-05
9.9982E-05 9.9982E-05 0.335751 0.0537022 0.0270047 0.580863 0.00247916
0.968422 0.0186121 9.9973E-05 9.9973E-05 0.00843125 9.9973E-05 0.00423437
0.00220551 9.9982E-05 0.165999 0.156262 9.9982E-05 0.647914 0.0274191
9.9973E-05 0.00377272 0.594291 0.0496572 9.9973E-05 0.351979 9.9973E-05
0.00299833 0.0379152 9.9991E-05 0.0235742 0.00131936 0.907786 0.0263065
9.9955E-05 9.9955E-05 9.9955E-05 9.9955E-05 0.00764608 0.991854 9.9955E-05
0.00341138 0.00522775 9.9982E-05 0.0464529 0.0175025 0.927206 9.9982E-05
9.9964E-05 9.9964E-05 0.0689068 0.393187 9.9964E-05 0.537507 9.9964E-05
9.99549E-05 9.99549E-05 9.99549E-05 9.99549E-05 9.99549E-05 0.0516406 0.94786
9.9964E-05 9.9964E-05 9.9964E-05 9.9964E-05 0.000708081 0.997881 0.00101139
9.9964E-05 0.37096 0.620703 9.9964E-05 9.9964E-05 0.00793724 9.9964E-05
9.9964E-05 9.9964E-05 0.46002 0.0313837 9.9964E-05 0.508196 9.9964E-05
0.00683928 9.9964E-05 9.9964E-05 9.9964E-05 9.9964E-05 0.0401372 0.952624
9.9973E-05 0.431568 0.391344 0.154961 9.9973E-05 0.0218278 9.9973E-05
0.0489426 0.583667 9.9982E-05 0.15514 0.00375005 0.208301 9.9982E-05
9.9982E-05 0.143435 0.437176 0.197086 9.9982E-05 0.197502 0.0246014
9.9955E-05 9.9955E-05 9.9955E-05 9.9955E-05 9.9955E-05 0.0836785 0.915822
9.9955E-05 9.9955E-05 0.446593 9.9955E-05 9.9955E-05 0.552908 9.9955E-05
0.9994 9.995E-05 9.995E-05 9.995E-05 9.995E-05 9.995E-05 9.995E-05
0.00160758 9.9982E-05 0.345718 0.0047418 0.00576117 0.641972 9.9982E-05
9.9964E-05 9.9964E-05 0.0409999 9.9964E-05 0.0163921 0.942208 9.9964E-05
0.9994 9.995E-05 9.995E-05 9.995E-05 9.995E-05 9.995E-05 9.995E-05
9.9955E-05 9.9955E-05 0.0942138 9.9955E-05 9.9955E-05 0.905286 9.9955E-05
0.00715788 0.0432642 0.0207904 9.9991E-05 0.893791 0.0118014 0.0230952
9.9964E-05 9.9964E-05 0.479422 0.286472 9.9964E-05 0.233706 9.9964E-05
0.000752168 0.0177784 0.0141154 0.00644263 9.9991E-05 0.941449 0.0193619
9.9982E-05 0.438296 0.0978446 0.292519 9.9982E-05 0.112976 0.0581654
0.0117289 0.0277163 0.179679 0.0204465 9.9982E-05 0.760229 9.9982E-05
0.924865 0.0385882 9.9973E-05 0.0173522 0.018895 9.9973E-05 9.9973E-05
0.0101081 9.9982E-05 0.414276 0.234398 9.9982E-05 0.329628 0.0113904
