0.645701 0.0135671 0.00964279 9.9973E-05 9.9973E-05 9.9973E-05 0.330789
0.951773 0.00043533 9.9964E-05 0.0473919 9.9964E-05 9.9964E-05 9.9964E-05
0.95862 9.9964E-05 9.9964E-05 9.9964E-05 9.9964E-05 0.0108256 0.030155
0.578121 0.00213873 9.9982E-05 0.064065 0.00936869 9.9982E-05 0.346107
0.116214 9.9982E-05 0.117726 0.27334 9.9982E-05 0.0394654 0.453054
0.160702 0.00670504 9.9973E-05 0.748521 9.9973E-05 9.9973E-05 0.0837719
0.132861 9.9982E-05 0.48964 0.333971 9.9982E-05 0.0144235 0.0289044
9.9964E-05 9.9964E-05 0.117947 0.319764 9.9964E-05 9.9964E-05 0.561888
0.927492 0.014417 0.0293889 9.9991E-05 0.0115268 0.0125388 0.0045366
0.758618 9.9955E-05 9.9955E-05 9.9955E-05 9.9955E-05 9.9955E-05 0.240882
0.221442 0.0144526 0.361839 9.9982E-05 9.9982E-05 0.00514313 0.396923
0.068536 0.00709456 0.388046 0.0191269 9.9991E-05 0.0377043 0.479392
0.23402 9.9973E-05 0.244542 0.0211453 9.9973E-05 9.9973E-05 0.499993
0.104811 9.9973E-05 0.0384283 0.840168 9.9973E-05 9.9973E-05 0.0162927
0.508912 0.00168898 9.9973E-05 9.9973E-05 0.000477476 9.9973E-05 0.488621
0.435342 9.9982E-05 0.0519874 0.301115 0.00368014 9.9982E-05 0.207676
0.184549 9.9973E-05 0.587019 0.0873929 9.9973E-05 9.9973E-05 0.140739
0.21115 0.426689 9.9982E-05 0.310432 0.0272366 0.0242921 9.9982E-05
0.953192 9.9964E-05 9.9964E-05 0.0358462 0.010562 9.9964E-05 9.9964E-05
0.0934847 0.0211293 0.41604 0.256853 0.022304 0.0168417 0.173347
0.920436 9.9964E-05 9.9964E-05 9.9964E-05 9.9964E-05 0.00192448 0.0772394
0.208219 9.9973E-05 0.452988 9.9973E-05 9.9973E-05 0.0048853 0.333608
0.21967 9.9982E-05 0.134431 0.0589999 9.9982E-05 0.00709311 0.579606
9.9982E-05 0.0190061 0.00313589 0.00678231 9.9982E-05 0.890043 0.0808327
0.311919 9.9973E-05 0.261832 9.9973E-05 9.9973E-05 0.00149675 0.424452
0.164922 9.9973E-05 0.317485 0.215471 9.9973E-05 9.9973E-05 0.301822
0.897853 9.9964E-05 9.9964E-05 9.9964E-05 9.9964E-05 0.00287146 0.0988754
0.750702 9.9955E-05 9.9955E-05 9.9955E-05 9.9955E-05 9.9955E-05 0.248799
0.991372 9.9955E-05 9.9955E-05 9.9955E-05 9.9955E-05 9.9955E-05 0.00812817
0.113124 9.9982E-05 0.0372904 0.683686 9.9982E-05 0.0083678 0.157331
0.955927 9.9955E-05 9.9955E-05 0.0435731 9.9955E-05 9.9955E-05 9.9955E-05
0.977638 9.9964E-05 0.00323752 0.0187251 9.9964E-05 9.9964E-05 9.9964E-05
0.12793 9.9973E-05 0.111461 0.692251 9.9973E-05 9.9973E-05 0.0680573
0.990833 9.9964E-05 9.9964E-05 0.00778823 9.9964E-05 0.000979038 9.9964E-05
0.144892 9.9982E-05 0.297451 0.2788 0.0171822 9.9982E-05 0.261475
0.556017 9.9955E-05 9.9955E-05 9.9955E-05 9.9955E-05 9.9955E-05 0.443483
0.00128342 9.9991E-05 0.412682 0.238097 0.0207128 0.0125543 0.31457
9.9982E-05 0.00704175 0.459319 0.47698 9.9982E-05 0.00869845 0.0477606
0.120731 9.9982E-05 0.1278 0.0854112 9.9982E-05 0.0482797 0.617579
0.0640573 9.9991E-05 0.0992644 0.679251 0.00141179 0.00337163 0.152544
0.978543 9.9973E-05 0.0100217 9.9973E-05 0.00458345 0.00655147 9.9973E-05
0.797603 9.9964E-05 0.0252226 9.9964E-05 9.9964E-05 9.9964E-05 0.176775
0.735437 9.9964E-05 9.9964E-05 9.9964E-05 0.00863147 9.9964E-05 0.255532
0.68144 0.02332 9.9973E-05 0.0628637 9.9973E-05 9.9973E-05 0.232076
9.995E-05 0.9994 9.995E-05 9.995E-05 9.995E-05 9.995E-05 9.995E-05
0.895204 0.00393108 0.100465 9.9964E-05 9.9964E-05 9.9964E-05 9.9964E-05
0.874286 9.9955E-05 9.9955E-05 9.9955E-05 9.9955E-05 9.9955E-05 0.125214
9.995E-05 0.9994 9.995E-05 9.995E-05 9.995E-05 9.995E-05 9.995E-05
0.587561 9.99549E-05 9.99549E-05 9.99549E-05 9.99549E-05 9.99549E-05 0.41194
0.403576 9.9973E-05 0.185546 9.9973E-05 0.0080654 9.9973E-05 0.402512
0.69366 9.9955E-05 9.9955E-05 9.9955E-05 9.9955E-05 9.9955E-05 0.30584
0.519188 9.9973E-05 0.0225144 9.9973E-05 9.9973E-05 0.000652572 0.457345
0.507331 0.0330185 9.9982E-05 0.422455 0.0121428 0.0248529 9.9982E-05
0.188665 9.9982E-05 0.0287984 0.196592 9.9982E-05 0.0469524 0.538792
0.782057 9.9973E-05 9.9973E-05 0.15531 0.0211783 0.0411555 9.9973E-05
0.915914 0.00350293 9.9964E-05 9.9964E-05 9.9964E-05 9.9964E-05 0.080183
0.949684 0.00929237 0.0118539 0.0288697 9.9973E-05 9.9973E-05 9.9973E-05
0.714983 0.0126645 9.9982E-05 0.0218565 9.9982E-05 0.00170689 0.248589
0.729791 9.9955E-05 9.9955E-05 9.9955E-05 9.9955E-05 9.9955E-05 0.26971
0.954272 9.9964E-05 0.00133571 9.9964E-05 9.9964E-05 9.9964E-05 0.0439924
9.9973E-05 9.9973E-05 0.0676346 0.0792623 0.0159467 0.836856 9.9973E-05
0.962493 9.9973E-05 0.0194139 9.9973E-05 0.0146259 0.00316749 9.9973E-05
0.184485 0.000929529 9.9991E-05 0.163981 0.0278719 0.0369568 0.585676
0.967068 0.00535317 0.0203584 9.9973E-05 9.9973E-05 9.9973E-05 0.00692078
0.981554 9.9964E-05 9.9964E-05 0.0127266 0.00531938 9.9964E-05 9.9964E-05
0.638021 0.00347217 9.9964E-05 9.9964E-05 9.9964E-05 9.9964E-05 0.358107
0.649328 9.9964E-05 0.0191506 9.9964E-05 9.9964E-05 9.9964E-05 0.331121
0.205181 9.9973E-05 0.76689 9.9973E-05 9.9973E-05 0.0155565 0.0120731
9.995E-05 0.9994 9.995E-05 9.995E-05 9.995E-05 9.995E-05 9.995E-05
0.0933774 9.9973E-05 9.9973E-05 0.275966 9.9973E-05 0.00120043 0.629156
0.836067 0.00436074 9.9982E-05 0.115228 0.0216033 0.0225411 9.9982E-05
0.807614 0.00631074 9.9973E-05 9.9973E-05 9.9973E-05 0.0013336 0.184442
0.952657 9.9964E-05 9.9964E-05 0.0124886 9.9964E-05 0.0344542 9.9964E-05
0.990696 9.9964E-05 0.00757004 9.9964E-05 0.00133448 9.9964E-05 9.9964E-05
0.914776 0.0251797 0.013629 0.0430387 0.00317656 9.9982E-05 9.9982E-05
0.969597 9.9955E-05 0.0299035 9.9955E-05 9.9955E-05 9.9955E-05 9.9955E-05
0.101971 9.9982E-05 0.305028 0.230213 9.9982E-05 0.00433826 0.35825
0.954698 9.9964E-05 0.0267481 9.9964E-05 9.9964E-05 9.9964E-05 0.0181545
9.9982E-05 0.0165723 0.0628616 0.216526 0.00402123 0.699819 9.9982E-05
0.497877 9.9964E-05 9.9964E-05 9.9964E-05 9.9964E-05 0.0213365 0.480387
0.919878 0.007316 9.9973E-05 9.9973E-05 0.00423152 9.9973E-05 0.0682745
0.0970142 0.390185 9.9982E-05 0.374691 0.0797613 0.0581485 9.9982E-05
0.432167 0.0451326 9.9982E-05 0.515869 0.00312914 0.00350227 9.9982E-05
0.290636 9.9964E-05 9.9964E-05 0.289203 9.9964E-05 9.9964E-05 0.419761
0.776848 0.00311355 9.9982E-05 0.0415659 0.0022262 9.9982E-05 0.176046
0.953598 9.9964E-05 9.9964E-05 0.0423386 9.9964E-05 0.00366403 9.9964E-05
9.995E-05 9.995E-05 9.995E-05 9.995E-05 0.9994 9.995E-05 9.995E-05
0.508942 0.00216407 9.99639E-05 9.99639E-05 9.99639E-05 9.99639E-05 0.488494
0.530011 9.99549E-05 9.99549E-05 9.99549E-05 9.99549E-05 9.99549E-05 0.469489
0.216551 9.9973E-05 0.356579 0.0107611 9.9973E-05 9.9973E-05 0.415808
0.155103 9.9991E-05 0.347923 0.00876729 0.00836215 0.00840235 0.471343
0.119279 9.9964E-05 0.648133 9.9964E-05 9.9964E-05 9.9964E-05 0.232188
0.982351 9.9964E-05 9.9964E-05 0.00389723 9.9964E-05 0.0133521 9.9964E-05
0.511693 9.9955E-05 9.9955E-05 9.9955E-05 9.9955E-05 9.9955E-05 0.487807
0.882676 9.9955E-05 9.9955E-05 9.9955E-05 9.9955E-05 9.9955E-05 0.116824
0.332871 9.9964E-05 9.9964E-05 0.0154625 9.9964E-05 9.9964E-05 0.651266
0.0990438 0.0144176 0.117226 0.732625 9.9982E-05 9.9982E-05 0.0364873
0.963478 9.9964E-05 9.9964E-05 0.0335169 9.9964E-05 0.0026055 9.9964E-05
0.148213 9.9982E-05 0.105256 0.147161 9.9982E-05 0.0561978 0.542972
0.199166 0.0123939 0.0235015 0.157711 0.000925458 9.9991E-05 0.606202
9.9973E-05 0.010073 0.0449747 0.0919422 9.9973E-05 0.85271 9.9973E-05
0.94556 9.9964E-05 0.0441302 9.9964E-05 9.9964E-05 9.9964E-05 0.00991032
0.9994 9.995E-05 9.995E-05 9.995E-05 9.995E-05 9.995E-05 9.995E-05
0.0783953 0.023618 0.557547 9.9973E-05 9.9973E-05 9.9973E-05 0.34014
9.995E-05 0.9994 9.995E-05 9.995E-05 9.995E-05 9.995E-05 9.995E-05
0.0912956 0.00908071 0.812119 9.9973E-05 9.9973E-05 9.9973E-05 0.0872048
0.724181 9.9964E-05 9.9964E-05 9.9964E-05 9.9964E-05 0.0385374 0.236882
0.922349 9.9973E-05 9.9973E-05 0.0446877 0.00917268 0.0234903 9.9973E-05
0.11001 9.9964E-05 0.464586 9.9964E-05 9.9964E-05 9.9964E-05 0.425004
9.995E-05 0.9994 9.995E-05 9.995E-05 9.995E-05 9.995E-05 9.995E-05
9.9973E-05 0.0198106 9.9973E-05 0.322624 0.000422051 0.656844 9.9973E-05
0.658682 0.00161162 0.11922 0.0131936 9.9982E-05 9.9982E-05 0.207092
0.730137 9.9955E-05 9.9955E-05 9.9955E-05 9.9955E-05 9.9955E-05 0.269363
0.198604 9.9964E-05 0.337403 9.9964E-05 9.9964E-05 9.9964E-05 0.463594
0.971482 9.9955E-05 9.9955E-05 9.9955E-05 9.9955E-05 0.0280182 9.9955E-05
0.00549359 0.0373649 0.360483 0.446376 9.9982E-05 9.9982E-05 0.150083
0.00672136 0.509205 9.9991E-05 0.213357 0.106443 0.136405 0.0277687
0.855004 9.9973E-05 9.9973E-05 9.9973E-05 0.00202591 0.0352552 0.107415
0.510711 9.9964E-05 0.0907308 9.9964E-05 9.9964E-05 9.9964E-05 0.398159
9.995E-05 9.995E-05 9.995E-05 9.995E-05 9.995E-05 0.9994 9.995E-05
0.846829 0.00315509 0.0555209 9.9973E-05 9.9973E-05 9.9973E-05 0.0941947
0.40141 9.9964E-05 0.00430003 9.9964E-05 9.9964E-05 9.9964E-05 0.593891
0.772992 9.9955E-05 9.9955E-05 9.9955E-05 9.9955E-05 9.9955E-05 0.226509
0.277976 9.9964E-05 0.714185 9.9964E-05 0.00743939 9.9964E-05 9.9964E-05
0.198669 0.0174508 0.380259 0.0901771 9.9982E-05 9.9982E-05 0.313244
0.00616962 9.9973E-05 0.0225389 0.375549 9.9973E-05 9.9973E-05 0.595442
0.0646204 9.9982E-05 0.367233 0.510392 0.0110725 9.9982E-05 0.0464823
0.557316 9.9964E-05 9.9964E-05 9.9964E-05 9.9964E-05 0.0151446 0.42714
0.85202 0.0085996 9.9973E-05 9.9973E-05 9.9973E-05 0.00133281 0.137748
0.658428 0.0237393 9.9973E-05 9.9973E-05 9.9973E-05 0.0055022 0.312031
9.9973E-05 0.855992 0.0327371 0.0565355 0.0544352 9.9973E-05 9.9973E-05
0.877644 9.9982E-05 0.0236411 0.0530578 9.9982E-05 0.0351049 0.0103519
9.9973E-05 0.953856 9.9973E-05 0.0132978 0.0221823 0.0103637 9.9973E-05
0.63242 9.9964E-05 9.9964E-05 9.9964E-05 9.9964E-05 0.00483521 0.362345
0.0456115 9.99549E-05 9.99549E-05 9.99549E-05 9.99549E-05 0.953889 9.99549E-05
0.0332217 9.99639E-05 0.547236 9.99639E-05 9.99639E-05 9.99639E-05 0.419142
0.168722 9.9973E-05 0.732886 0.0882913 0.00980046 9.9973E-05 9.9973E-05
0.0937671 9.9991E-05 0.514163 0.0435371 0.0402157 0.028822 0.279395
0.512173 9.9964E-05 9.9964E-05 9.9964E-05 9.9964E-05 0.00973964 0.477687
0.17933 0.029419 0.251848 0.226314 9.9991E-05 0.000533154 0.312455
0.946388 9.9964E-05 9.9964E-05 9.9964E-05 9.9964E-05 0.00380963 0.0494023
0.414204 0.00146856 0.120814 9.9991E-05 0.00277198 0.0139123 0.446729
0.290585 0.00352532 9.9982E-05 0.674238 0.0167156 0.0147362 9.9982E-05
0.685743 0.00449619 9.9973E-05 0.131347 9.9973E-05 9.9973E-05 0.178113
0.799857 0.00478178 9.9982E-05 0.0341287 0.00787325 9.9982E-05 0.153159
0.017197 0.00843972 9.99639E-05 9.99639E-05 9.99639E-05 0.973963 9.99639E-05
0.0184805 9.9982E-05 0.00319315 0.742833 9.9982E-05 0.0506751 0.184618
9.99551E-05 9.99551E-05 0.0157867 9.99551E-05 9.99551E-05 0.983714 9.99551E-05
0.611527 0.00238556 9.9964E-05 9.9964E-05 9.9964E-05 9.9964E-05 0.385687
0.167525 9.9973E-05 9.9973E-05 0.642422 9.9973E-05 0.0611294 0.128624
0.234688 9.99902E-05 0.014149 0.694952 0.00129189 0.0270846 0.0277344
0.725805 0.0235136 9.9964E-05 9.9964E-05 9.9964E-05 9.9964E-05 0.250281
0.978761 9.9955E-05 0.0207388 9.9955E-05 9.9955E-05 9.9955E-05 9.9955E-05
9.9955E-05 0.996516 9.9955E-05 9.9955E-05 9.9955E-05 0.00298405 9.9955E-05
0.000458936 9.9973E-05 0.281973 0.686742 9.9973E-05 0.0305268 9.9973E-05
0.662778 9.9955E-05 9.9955E-05 9.9955E-05 9.9955E-05 9.9955E-05 0.336722
0.137121 0.0492672 9.9982E-05 0.374716 0.0186208 0.420075 9.9982E-05
0.954838 0.00490504 9.9973E-05 0.0378316 0.00212532 9.9973E-05 9.9973E-05
9.995E-05 9.995E-05 9.995E-05 9.995E-05 0.9994 9.995E-05 9.995E-05
0.857619 0.00958547 9.9982E-05 0.0366535 0.00364483 9.9982E-05 0.0922976
0.147221 0.0264538 9.9973E-05 0.223874 0.602151 9.9973E-05 9.9973E-05
0.109807 0.0222188 0.464394 9.9991E-05 0.00262668 0.0106684 0.390186
0.959901 9.9973E-05 0.00412635 0.0287407 9.9973E-05 0.00693216 9.9973E-05
0.993433 9.9955E-05 9.9955E-05 9.9955E-05 0.00606689 9.9955E-05 9.9955E-05
0.0824673 9.9973E-05 0.388486 0.518131 9.9973E-05 0.0106156 9.9973E-05
0.890972 9.9964E-05 9.9964E-05 0.103084 9.9964E-05 0.00554415 9.9964E-05
9.99551E-05 9.99551E-05 0.0248321 9.99551E-05 9.99551E-05 0.974668 9.99551E-05
0.98214 0.0028795 9.9973E-05 9.9973E-05 9.9973E-05 0.00324819 0.0114324
9.995E-05 9.995E-05 9.995E-05 9.995E-05 0.9994 9.995E-05 9.995E-05
0.9994 9.995E-05 9.995E-05 9.995E-05 9.995E-05 9.995E-05 9.995E-05
0.0606578 9.9982E-05 0.100955 0.170658 9.9982E-05 0.0206477 0.646882
0.297393 0.0189132 0.14265 0.0903282 0.00652324 9.9991E-05 0.444093
0.0102034 9.9982E-05 0.188511 0.629288 9.9982E-05 0.004541 0.167256
0.198055 0.0144642 9.9982E-05 0.457078 0.00258156 9.9982E-05 0.327621
0.0805585 0.0403785 9.9982E-05 0.684447 9.9982E-05 0.00589504 0.188521
0.994205 9.9955E-05 0.00529552 9.9955E-05 9.9955E-05 9.9955E-05 9.9955E-05
0.314895 9.99788E-05 0.167339 9.99788E-05 9.99788E-05 0.0447651 0.472701
0.901616 9.9955E-05 9.9955E-05 9.9955E-05 9.9955E-05 9.9955E-05 0.0978842
0.142394 0.0150146 9.9982E-05 0.309872 9.9982E-05 0.0438854 0.488634
0.103668 9.9982E-05 0.675913 0.188275 0.0108517 9.9982E-05 0.0210936
0.864038 9.9982E-05 9.9982E-05 0.0381498 0.00667612 0.0105097 0.0804267
0.399951 0.000100966 9.9964E-05 9.9964E-05 9.9964E-05 9.9964E-05 0.599548
0.675743 0.00678949 9.9973E-05 9.9973E-05 9.9973E-05 0.00458761 0.31258
0.928067 9.9964E-05 0.0318486 0.0396847 9.9964E-05 9.9964E-05 9.9964E-05
0.389553 0.0150234 9.9982E-05 0.541454 0.0156375 0.0381321 9.9982E-05
0.289666 0.0062465 0.107668 0.150247 9.9982E-05 9.9982E-05 0.445973
0.322437 9.9982E-05 9.9982E-05 0.27646 0.0133217 0.00870455 0.378877
9.9973E-05 9.9973E-05 0.0361273 0.041556 0.892832 0.0291847 9.9973E-05
0.923906 9.9955E-05 9.9955E-05 0.0755944 9.9955E-05 9.9955E-05 9.9955E-05
0.972186 9.9955E-05 9.9955E-05 0.027314 9.9955E-05 9.9955E-05 9.9955E-05
0.857449 9.9973E-05 9.9973E-05 0.00260512 0.00922465 9.9973E-05 0.130421
0.0203863 9.99549E-05 9.99549E-05 9.99549E-05 9.99549E-05 0.979114 9.99549E-05
0.681742 9.9973E-05 9.9973E-05 0.0383931 0.0045095 9.9973E-05 0.275055
0.0481082 9.9973E-05 0.109711 0.708736 9.9973E-05 9.9973E-05 0.133145
0.363471 0.00502281 0.208835 0.00247466 9.9991E-05 0.0150356 0.405061
0.996971 0.00252923 9.9955E-05 9.9955E-05 9.9955E-05 9.9955E-05 9.9955E-05
0.847198 9.9982E-05 0.0570731 0.0541885 9.9982E-05 0.007207 0.0341332
0.991318 9.9955E-05 9.9955E-05 9.9955E-05 9.9955E-05 9.9955E-05 0.00818269
0.0704803 0.023055 0.256972 0.576176 9.9982E-05 9.9982E-05 0.0731163
0.0115713 0.047489 9.9982E-05 0.130019 0.778996 0.0317246 9.9982E-05
9.9955E-05 9.9955E-05 0.299521 0.699979 9.9955E-05 9.9955E-05 9.9955E-05
0.509243 0.0336002 0.100207 9.9973E-05 9.9973E-05 9.9973E-05 0.35665
9.9964E-05 0.0107073 9.9964E-05 0.0305616 0.958331 9.9964E-05 9.9964E-05
0.534684 9.9982E-05 9.9982E-05 0.0866473 0.00935245 0.0392331 0.329883
0.264196 9.99639E-05 0.373221 9.99639E-05 9.99639E-05 9.99639E-05 0.362184
0.879413 0.000396993 0.029424 0.0641372 0.00755848 0.0189707 9.9991E-05
0.980668 9.9955E-05 9.9955E-05 0.0188317 9.9955E-05 9.9955E-05 9.9955E-05
0.949007 0.00474164 0.002332 0.0360628 0.00765692 9.9982E-05 9.9982E-05
0.394565 9.9964E-05 9.9964E-05 0.266104 9.9964E-05 9.9964E-05 0.338931
0.0586227 9.99549E-05 9.99549E-05 9.99549E-05 9.99549E-05 0.940878 9.99549E-05
0.962714 9.9955E-05 9.9955E-05 9.9955E-05 9.9955E-05 9.9955E-05 0.036786
0.128049 9.9964E-05 0.765693 0.105858 9.9964E-05 9.9964E-05 9.9964E-05
0.368316 9.9964E-05 9.9964E-05 0.0297835 9.9964E-05 9.9964E-05 0.6015
0.00143258 9.9973E-05 9.9973E-05 9.9973E-05 0.00621119 0.973027 0.0190292
0.119797 0.00364812 0.5686 0.306222 9.9982E-05 0.0015327 9.9982E-05
0.12989 9.9973E-05 9.9973E-05 0.781055 0.0320948 9.9973E-05 0.0566604
0.0924902 9.9982E-05 0.131897 0.27168 9.9982E-05 0.0248254 0.478907
0.0922467 0.00150052 9.9964E-05 9.9964E-05 9.9964E-05 0.905853 9.9964E-05
0.447579 9.9964E-05 0.0488633 9.9964E-05 9.9964E-05 9.9964E-05 0.503157
0.00281047 0.00383865 9.9964E-05 9.9964E-05 0.992951 9.9964E-05 9.9964E-05
0.524806 0.00687299 9.9964E-05 9.9964E-05 9.9964E-05 9.9964E-05 0.467921
0.888947 0.02354 9.9964E-05 9.9964E-05 9.9964E-05 9.9964E-05 0.0871132
9.995E-05 9.995E-05 9.995E-05 9.995E-05 0.9994 9.995E-05 9.995E-05
0.853283 9.9964E-05 9.9964E-05 9.9964E-05 0.00125237 9.9964E-05 0.145064
0.0213493 0.889939 0.0293898 0.0338753 0.00760529 0.0146347 0.00320675
0.10224 0.00242929 0.116886 0.1223 9.9982E-05 9.9982E-05 0.655945
0.924739 9.9973E-05 9.9973E-05 0.0135966 9.9973E-05 0.0184446 0.0429195
0.112672 9.9982E-05 0.260472 0.541191 0.0164511 0.0690135 9.9982E-05
0.696322 9.9982E-05 0.0469409 0.0206166 0.012901 9.9982E-05 0.22302
0.00798768 0.0156306 9.9973E-05 0.0560615 0.92002 9.9973E-05 9.9973E-05
0.223256 9.9991E-05 0.152668 0.0791578 0.0181289 0.00405342 0.522636
