9.9946E-05 0.310802 0.020685 9.9946E-05 9.9946E-05 0.0680523 9.9946E-05 0.599861 9.9946E-05 9.9946E-05
9.9946E-05 9.9946E-05 9.9946E-05 9.9946E-05 0.0201882 9.9946E-05 9.9946E-05 0.967166 0.00593236 0.00611357
9.9955E-05 0.033059 9.9955E-05 0.0111242 0.00120531 9.9955E-05 0.0193103 0.934801 9.9955E-05 9.9955E-05
0.000741894 0.370818 0.00953594 0.0068569 0.000134413 9.9982E-05 9.9982E-05 0.502065 0.0472419 0.0624065
9.9964E-05 0.400114 9.9964E-05 0.0246647 0.012227 9.9964E-05 0.0157582 0.0683314 9.9964E-05 0.478505
9.9955E-05 9.9955E-05 0.00824867 9.9955E-05 9.9955E-05 0.0774984 9.9955E-05 0.118589 0.630009 0.165155
9.9955E-05 9.9955E-05 9.9955E-05 9.9955E-05 0.0140159 0.212737 0.25614 0.188371 9.9955E-05 0.328236
9.9946E-05 0.41918 9.9946E-05 9.9946E-05 9.9946E-05 9.9946E-05 0.252329 9.9946E-05 0.172547 0.155345
0.00685567 0.0305559 0.0153045 0.00138392 0.00428806 0.0223672 9.9982E-05 0.912514 0.00653084 9.9982E-05
9.9928E-05 0.310004 9.9928E-05 9.9928E-05 9.9928E-05 9.9928E-05 9.9928E-05 0.689196 9.9928E-05 9.9928E-05
9.9955E-05 0.496047 9.9955E-05 9.9955E-05 0.0412747 0.070718 0.283687 0.107774 9.9955E-05 9.9955E-05
9.9973E-05 0.267564 0.00236799 0.00334835 9.9973E-05 0.531481 0.102372 0.0660151 9.9973E-05 0.0265521
9.9955E-05 0.603411 9.9955E-05 9.9955E-05 9.9955E-05 0.0353184 0.138298 0.0810939 9.9955E-05 0.14138
9.99549E-05 0.0178859 9.99549E-05 9.99549E-05 0.00137205 9.99549E-05 9.99549E-05 0.010495 0.814268 0.15548
9.9937E-05 0.578676 9.9937E-05 9.9937E-05 0.0082308 9.9937E-05 9.9937E-05 0.412394 9.9937E-05 9.9937E-05
9.99639E-05 0.0400166 0.00713512 9.99639E-05 9.99639E-05 0.199105 9.99639E-05 0.460618 0.147456 0.14527
9.9946E-05 9.9946E-05 9.9946E-05 9.9946E-05 0.0093895 0.782534 9.9946E-05 0.181975 0.0255023 9.9946E-05
9.99459E-05 9.99459E-05 0.337441 9.99459E-05 0.164831 9.99459E-05 9.99459E-05 0.120862 0.376267 9.99459E-05
0.00724551 9.9955E-05 9.9955E-05 9.9955E-05 0.0048887 9.9955E-05 9.9955E-05 0.961254 0.00336828 0.0227437
0.0273635 0.133839 0.00932901 0.0223961 9.9982E-05 9.9982E-05 0.453302 0.106785 0.0417266 0.205059
9.9955E-05 0.0480272 9.9955E-05 0.00297916 9.9955E-05 0.0354515 9.9955E-05 0.90417 9.9955E-05 0.00887208
9.99459E-05 0.28855 9.99459E-05 9.99459E-05 9.99459E-05 0.379387 0.181227 0.150236 9.99459E-05 9.99459E-05
9.9973E-05 0.56791 9.9973E-05 0.0131462 9.9973E-05 0.0398885 0.159277 0.122084 0.0366612 0.0607329
9.9955E-05 0.0776387 0.0107393 0.88245 9.9955E-05 9.9955E-05 0.00176163 9.9955E-05 9.9955E-05 0.0269105
9.9955E-05 0.235075 9.9955E-05 0.00087821 9.9955E-05 9.9955E-05 9.9955E-05 0.0812728 0.244378 0.437896
9.9955E-05 0.577596 9.9955E-05 0.0110323 0.0237983 9.9955E-05 0.214509 0.172564 9.9955E-05 9.9955E-05
0.00122519 0.238865 9.9982E-05 9.9982E-05 0.0199637 0.0385459 0.392842 0.150395 0.0391628 0.1188
9.9946E-05 0.128705 0.00173732 0.00370891 9.9946E-05 9.9946E-05 9.9946E-05 0.865249 9.9946E-05 9.9946E-05
9.9937E-05 0.26244 9.9937E-05 9.9937E-05 9.9937E-05 0.0215361 9.9937E-05 0.715324 9.9937E-05 9.9937E-05
9.9928E-05 0.0447998 9.9928E-05 9.9928E-05 9.9928E-05 9.9928E-05 9.9928E-05 0.954401 9.9928E-05 9.9928E-05
9.9955E-05 0.0902772 9.9955E-05 9.9955E-05 9.9955E-05 0.0607458 9.9955E-05 0.057792 0.590216 0.200469
9.9928E-05 9.9928E-05 9.9928E-05 9.9928E-05 9.9928E-05 9.9928E-05 9.9928E-05 0.959705 9.9928E-05 0.0394961
9.9937E-05 9.9937E-05 9.9937E-05 9.9937E-05 9.9937E-05 9.9937E-05 0.0237476 0.969966 9.9937E-05 0.00558738
9.9937E-05 9.9937E-05 9.9937E-05 9.9937E-05 9.9937E-05 9.9937E-05 9.9937E-05 0.177765 0.218555 0.60298
9.9937E-05 9.9937E-05 9.9937E-05 0.00341067 9.9937E-05 9.9937E-05 9.9937E-05 0.988922 0.00696754 9.9937E-05
9.9973E-05 0.218458 9.9973E-05 9.9973E-05 0.00620203 0.0206684 0.298384 0.0936238 0.1903 0.172063
9.9928E-05 0.572708 9.9928E-05 9.9928E-05 9.9928E-05 9.9928E-05 9.9928E-05 0.426492 9.9928E-05 9.9928E-05
0.029842 0.0267223 9.9964E-05 9.9964E-05 9.9964E-05 0.77646 0.00461968 0.0247966 0.137159 9.9964E-05
9.99639E-05 9.99639E-05 0.00493279 0.000596612 9.99639E-05 0.210453 0.0936303 0.0214694 9.99639E-05 0.668518
9.9964E-05 0.522922 9.9964E-05 0.0480037 9.9964E-05 0.203466 0.0132818 0.0407647 9.9964E-05 0.171162
9.9964E-05 0.126438 9.9964E-05 0.00619944 9.9964E-05 9.9964E-05 0.165154 0.000722781 0.630786 0.0702994
0.00653028 9.9946E-05 9.9946E-05 0.0151587 9.9946E-05 9.9946E-05 9.9946E-05 0.955598 9.9946E-05 0.022113
9.9937E-05 0.20267 9.9937E-05 9.9937E-05 9.9937E-05 0.0369024 9.9937E-05 0.759728 9.9937E-05 9.9937E-05
9.9946E-05 0.271092 9.9946E-05 9.9946E-05 0.0149332 9.9946E-05 9.9946E-05 0.709408 0.00396765 9.9946E-05
9.9964E-05 0.225561 0.0279631 0.00212771 9.9964E-05 9.9964E-05 9.9964E-05 0.650465 0.0410809 0.0524028
0.00907062 9.9937E-05 0.985526 9.9937E-05 9.9937E-05 9.9937E-05 9.9937E-05 9.9937E-05 9.9937E-05 0.00470425
9.9955E-05 0.0068819 9.9955E-05 9.9955E-05 0.0065574 9.9955E-05 0.0840279 0.855091 9.9955E-05 0.0469416
9.9928E-05 0.154254 9.9928E-05 9.9928E-05 9.9928E-05 9.9928E-05 9.9928E-05 0.844947 9.9928E-05 9.9928E-05
9.99201E-05 9.99201E-05 0.999101 9.99201E-05 9.99201E-05 9.99201E-05 9.99201E-05 9.99201E-05 9.99201E-05 9.99201E-05
9.9928E-05 0.445132 9.9928E-05 9.9928E-05 9.9928E-05 9.9928E-05 9.9928E-05 0.554068 9.9928E-05 9.9928E-05
9.9955E-05 0.374374 9.9955E-05 9.9955E-05 0.0194825 0.263691 0.0181972 0.323755 9.9955E-05 9.9955E-05
9.99279E-05 0.401734 9.99279E-05 9.99279E-05 9.99279E-05 9.99279E-05 9.99279E-05 0.597466 9.99279E-05 9.99279E-05
9.9955E-05 0.416256 9.9955E-05 0.00722184 9.9955E-05 0.0800079 9.9955E-05 0.455797 9.9955E-05 0.0402175
9.99459E-05 9.99459E-05 0.0298327 0.0077719 9.99459E-05 9.99459E-05 9.99459E-05 0.432548 0.529248 9.99459E-05
9.9973E-05 0.324414 9.9973E-05 0.0423427 0.00134098 0.260655 9.9973E-05 0.202765 0.133382 0.034801
0.00648979 9.99549E-05 9.99549E-05 0.0299989 0.00218189 9.99549E-05 9.99549E-05 0.724392 0.236438 9.99549E-05
9.9937E-05 0.117812 0.0100653 9.9937E-05 9.9937E-05 9.9937E-05 9.9937E-05 0.871423 9.9937E-05 9.9937E-05
9.9955E-05 9.9955E-05 0.00653982 9.9955E-05 9.9955E-05 0.00496273 0.00535043 0.96208 0.0205672 9.9955E-05
9.9955E-05 0.29756 0.011226 0.00813619 9.9955E-05 9.9955E-05 9.9955E-05 0.640486 0.0420922 9.9955E-05
9.9928E-05 0.313502 9.9928E-05 9.9928E-05 9.9928E-05 9.9928E-05 9.9928E-05 0.685699 9.9928E-05 9.9928E-05
9.9928E-05 0.0648697 9.9928E-05 9.9928E-05 9.9928E-05 9.9928E-05 9.9928E-05 0.934331 9.9928E-05 9.9928E-05
0.00589164 9.99461E-05 9.99461E-05 0.827134 9.99461E-05 9.99461E-05 0.084131 9.99461E-05 0.0822432 9.99461E-05
0.00174283 9.9937E-05 9.9937E-05 9.9937E-05 9.9937E-05 0.0327283 9.9937E-05 0.964829 9.9937E-05 9.9937E-05
0.0157201 0.532222 9.9964E-05 0.00977887 9.9964E-05 0.0789842 9.9964E-05 0.0841223 0.278773 9.9964E-05
9.9937E-05 9.9937E-05 9.9937E-05 9.9937E-05 0.00922767 0.0574247 9.9937E-05 0.932648 9.9937E-05 9.9937E-05
0.00635925 9.99281E-05 9.99281E-05 9.99281E-05 9.99281E-05 9.99281E-05 9.99281E-05 0.992841 9.99281E-05 9.99281E-05
9.9964E-05 0.350424 0.0064599 9.9964E-05 0.00244705 0.0336183 9.9964E-05 0.575535 9.9964E-05 0.0311165
9.9937E-05 0.395075 9.9937E-05 9.9937E-05 9.9937E-05 0.0419193 9.9937E-05 0.562306 9.9937E-05 9.9937E-05
9.9937E-05 9.9937E-05 9.9937E-05 9.9937E-05 9.9937E-05 0.592638 0.246119 0.160543 9.9937E-05 9.9937E-05
9.99201E-05 9.99201E-05 0.999101 9.99201E-05 9.99201E-05 9.99201E-05 9.99201E-05 9.99201E-05 9.99201E-05 9.99201E-05
9.9946E-05 0.542359 9.9946E-05 9.9946E-05 9.9946E-05 9.9946E-05 0.0173556 0.0724885 9.9946E-05 0.367197
0.00932342 9.99639E-05 0.00335398 0.0144476 0.0134814 9.99639E-05 9.99639E-05 0.814418 0.144576 9.99639E-05
0.0100104 0.24465 0.00836425 0.00732739 9.9955E-05 9.9955E-05 9.9955E-05 0.729148 9.9955E-05 9.9955E-05
9.9937E-05 9.9937E-05 9.9937E-05 0.0279594 9.9937E-05 9.9937E-05 9.9937E-05 0.953106 0.0182349 9.9937E-05
9.99281E-05 9.99281E-05 9.99281E-05 9.99281E-05 9.99281E-05 9.99281E-05 0.00200549 0.997195 9.99281E-05 9.99281E-05
0.00624817 9.99666E-05 0.0282807 9.99666E-05 9.99666E-05 9.99666E-05 0.036114 0.911771 0.0043884 0.0127978
0.00733843 0.0356811 9.9937E-05 9.9937E-05 9.9937E-05 9.9937E-05 9.9937E-05 0.956281 9.9937E-05 9.9937E-05
9.9973E-05 0.0984193 9.9973E-05 9.9973E-05 0.0604355 0.536214 0.0340818 0.161194 0.0634705 0.0458849
9.9937E-05 0.0447688 9.9937E-05 9.9937E-05 9.9937E-05 9.9937E-05 0.0193199 0.935212 9.9937E-05 9.9937E-05
9.9964E-05 9.9964E-05 0.00484765 0.63819 0.027541 0.0256488 0.08124 9.9964E-05 0.222133 9.9964E-05
9.9964E-05 0.448201 9.9964E-05 0.0113415 9.9964E-05 0.0662605 9.9964E-05 0.462448 0.00522487 0.0061246
0.0012998 0.116026 9.9946E-05 9.9946E-05 0.00124744 9.9946E-05 9.9946E-05 0.880827 9.9946E-05 9.9946E-05
9.99279E-05 9.99279E-05 9.99279E-05 9.99279E-05 0.968729 9.99279E-05 9.99279E-05 0.0304712 9.99279E-05 9.99279E-05
9.99369E-05 9.99369E-05 0.0332676 9.99369E-05 9.99369E-05 9.99369E-05 9.99369E-05 0.321058 0.644975 9.99369E-05
0.0025543 0.351212 9.9955E-05 9.9955E-05 9.9955E-05 9.9955E-05 9.9955E-05 0.25705 0.0861391 0.302545
0.00330741 0.215606 9.9946E-05 9.9946E-05 9.9946E-05 9.9946E-05 9.9946E-05 0.712713 0.0677732 9.9946E-05
9.9964E-05 9.9964E-05 9.9964E-05 0.0136868 0.00604085 0.00898489 9.9964E-05 0.952206 0.0164264 0.00225521
0.999101 9.99201E-05 9.99201E-05 9.99201E-05 9.99201E-05 9.99201E-05 9.99201E-05 9.99201E-05 9.99201E-05 9.99201E-05
9.99459E-05 0.500669 0.000645881 9.99459E-05 9.99459E-05 0.0592586 9.99459E-05 0.438827 9.99459E-05 9.99459E-05
9.99459E-05 0.424455 9.99459E-05 0.0132114 9.99459E-05 0.0919315 9.99459E-05 0.469802 9.99459E-05 9.99459E-05
9.9946E-05 0.31914 9.9946E-05 9.9946E-05 9.9946E-05 0.457162 9.9946E-05 0.14616 9.9946E-05 0.0769376
9.9946E-05 0.612783 9.9946E-05 0.0229455 9.9946E-05 9.9946E-05 0.342227 9.9946E-05 0.0214445 9.9946E-05
9.9928E-05 0.460863 9.9928E-05 9.9928E-05 9.9928E-05 9.9928E-05 0.538338 9.9928E-05 9.9928E-05 9.9928E-05
9.9928E-05 9.9928E-05 9.9928E-05 9.9928E-05 9.9928E-05 9.9928E-05 9.9928E-05 0.983297 0.0159038 9.9928E-05
9.9928E-05 0.546186 9.9928E-05 9.9928E-05 9.9928E-05 9.9928E-05 9.9928E-05 0.453014 9.9928E-05 9.9928E-05
9.9928E-05 0.168366 9.9928E-05 9.9928E-05 9.9928E-05 9.9928E-05 9.9928E-05 0.830835 9.9928E-05 9.9928E-05
9.99461E-05 0.570185 9.99461E-05 9.99461E-05 9.99461E-05 0.134834 9.99461E-05 0.277382 0.0169985 9.99461E-05
9.9955E-05 9.9955E-05 9.9955E-05 9.9955E-05 0.00699276 9.9955E-05 0.114045 0.0855146 0.571071 0.221878
9.9946E-05 9.9946E-05 9.9946E-05 0.00463954 9.9946E-05 9.9946E-05 9.9946E-05 0.961564 0.0287301 0.00446685
9.9955E-05 0.113719 9.9955E-05 0.0501523 9.9955E-05 0.578364 9.9955E-05 0.221632 9.9955E-05 0.035633
0.00419313 0.552805 0.0120906 9.9973E-05 9.9973E-05 9.9973E-05 0.128214 0.160441 0.0167915 0.125165
9.99461E-05 9.99461E-05 9.99461E-05 0.841047 0.0597321 9.99461E-05 0.00295026 9.99461E-05 9.99461E-05 0.0956713
9.9937E-05 0.507182 9.9937E-05 9.9937E-05 9.9937E-05 0.00601175 9.9937E-05 0.486107 9.9937E-05 9.9937E-05
9.9928E-05 9.9928E-05 9.9928E-05 9.9928E-05 9.9928E-05 0.072264 9.9928E-05 0.926937 9.9928E-05 9.9928E-05
9.99201E-05 9.99201E-05 9.99201E-05 9.99201E-05 9.99201E-05 9.99201E-05 9.99201E-05 0.999101 9.99201E-05 9.99201E-05
9.99459E-05 0.377866 0.0117475 9.99459E-05 9.99459E-05 9.99459E-05 0.570407 9.99459E-05 9.99459E-05 0.0393804
9.9937E-05 9.9937E-05 0.991023 9.9937E-05 0.00607765 9.9937E-05 9.9937E-05 0.00219943 9.9937E-05 9.9937E-05
9.99369E-05 0.256362 9.99369E-05 9.99369E-05 9.99369E-05 0.216806 0.526132 9.99369E-05 9.99369E-05 9.99369E-05
9.9955E-05 0.116385 9.9955E-05 0.0272706 0.00862277 0.097293 9.9955E-05 0.749929 9.9955E-05 9.9955E-05
0.00998914 9.9955E-05 9.9955E-05 0.0209192 9.9955E-05 9.9955E-05 9.9955E-05 0.953938 0.00208125 0.0125729
9.9946E-05 0.314425 9.9946E-05 9.9946E-05 9.9946E-05 0.544941 0.0596569 0.0803775 9.9946E-05 9.9946E-05
9.99201E-05 9.99201E-05 0.999101 9.99201E-05 9.99201E-05 9.99201E-05 9.99201E-05 9.99201E-05 9.99201E-05 9.99201E-05
9.9955E-05 9.9955E-05 0.0111894 0.636484 0.0418639 9.9955E-05 9.9955E-05 9.9955E-05 0.308636 0.00132676
9.9955E-05 0.158849 0.00215553 9.9955E-05 9.9955E-05 0.12583 0.0802529 0.632413 9.9955E-05 9.9955E-05
9.9928E-05 0.323937 9.9928E-05 9.9928E-05 9.9928E-05 9.9928E-05 9.9928E-05 0.675264 9.9928E-05 9.9928E-05
9.99369E-05 0.585731 9.99369E-05 9.99369E-05 9.99369E-05 9.99369E-05 0.35673 0.0568397 9.99369E-05 9.99369E-05
9.9955E-05 9.9955E-05 0.00362256 0.0197559 9.9955E-05 9.9955E-05 0.00337062 0.963814 9.9955E-05 0.00893669
9.9973E-05 0.0927662 9.9973E-05 9.9973E-05 0.108563 0.0861602 0.31348 0.0457977 0.159742 0.193191
9.99279E-05 9.99279E-05 0.0386521 9.99279E-05 0.960548 9.99279E-05 9.99279E-05 9.99279E-05 9.99279E-05 9.99279E-05
9.9946E-05 0.138436 9.9946E-05 0.0407914 9.9946E-05 0.0062752 9.9946E-05 0.813898 9.9946E-05 9.9946E-05
9.99369E-05 0.490903 9.99369E-05 9.99369E-05 9.99369E-05 9.99369E-05 0.108075 0.400322 9.99369E-05 9.99369E-05
9.9928E-05 9.9928E-05 9.9928E-05 0.996727 9.9928E-05 9.9928E-05 0.00247337 9.9928E-05 9.9928E-05 9.9928E-05
9.9946E-05 0.156245 0.00906321 9.9946E-05 9.9946E-05 9.9946E-05 0.0282878 0.805805 9.9946E-05 9.9946E-05
9.9937E-05 0.533014 9.9937E-05 9.9937E-05 9.9937E-05 0.145122 9.9937E-05 0.321164 9.9937E-05 9.9937E-05
9.9928E-05 0.24956 9.9928E-05 9.9928E-05 9.9928E-05 9.9928E-05 9.9928E-05 0.749641 9.9928E-05 9.9928E-05
9.9937E-05 0.159565 9.9937E-05 9.9937E-05 9.9937E-05 9.9937E-05 0.641401 0.198334 9.9937E-05 9.9937E-05
9.9955E-05 0.386253 0.00309002 9.9955E-05 9.9955E-05 9.9955E-05 0.327218 0.136687 9.9955E-05 0.146252
9.9964E-05 0.425224 9.9964E-05 9.9964E-05 0.0241939 0.1325 9.9964E-05 0.00751211 0.133412 0.276758
9.99279E-05 9.99279E-05 9.99279E-05 9.99279E-05 9.99279E-05 0.490349 9.99279E-05 9.99279E-05 0.508852 9.99279E-05
9.9955E-05 0.516825 9.9955E-05 0.0152129 0.00432305 9.9955E-05 9.9955E-05 0.441643 0.0214962 9.9955E-05
9.9937E-05 0.175572 0.00640458 9.9937E-05 9.9937E-05 9.9937E-05 9.9937E-05 0.817324 9.9937E-05 9.9937E-05
9.99459E-05 0.369714 0.0280684 0.0130681 9.99459E-05 9.99459E-05 9.99459E-05 0.58855 9.99459E-05 9.99459E-05
0.0388325 9.9946E-05 0.739641 9.9946E-05 0.193414 9.9946E-05 9.9946E-05 9.9946E-05 0.0275134 9.9946E-05
9.9964E-05 0.0049788 9.9964E-05 0.0276969 9.9964E-05 0.0197019 0.0130617 0.871789 0.062372 9.9964E-05
0.0184737 9.9946E-05 0.926262 9.9946E-05 0.0306948 9.9946E-05 9.9946E-05 9.9946E-05 9.9946E-05 0.0239693
9.9946E-05 0.416778 9.9946E-05 0.000946493 0.0260708 9.9946E-05 9.9946E-05 0.555605 9.9946E-05 9.9946E-05
9.99279E-05 9.99279E-05 9.99279E-05 0.948253 9.99279E-05 9.99279E-05 9.99279E-05 0.0509476 9.99279E-05 9.99279E-05
9.99369E-05 0.369081 9.99369E-05 9.99369E-05 9.99369E-05 0.524988 0.105232 9.99369E-05 9.99369E-05 9.99369E-05
0.00694256 9.9946E-05 9.9946E-05 9.9946E-05 9.9946E-05 0.013394 0.831244 0.14782 9.9946E-05 9.9946E-05
0.0229911 0.0975647 9.9973E-05 0.015693 0.0158978 0.61068 0.153746 0.0831273 9.9973E-05 9.9973E-05
9.9946E-05 0.561063 9.9946E-05 0.0280483 9.9946E-05 9.9946E-05 9.9946E-05 0.39077 9.9946E-05 0.0195189
9.9973E-05 0.257837 0.012626 9.9973E-05 0.0212499 0.160491 0.0480996 0.168298 9.9973E-05 0.331099
9.9946E-05 0.0675947 9.9946E-05 9.9946E-05 9.9946E-05 9.9946E-05 9.9946E-05 0.914482 0.00693781 0.0103861
9.9973E-05 0.533858 0.00195276 0.00990238 9.9973E-05 0.0503344 0.0661074 0.279294 0.058252 9.9973E-05
9.99369E-05 9.99369E-05 9.99369E-05 9.99369E-05 0.0167577 9.99369E-05 9.99369E-05 0.186438 0.796104 9.99369E-05
9.9955E-05 0.188581 0.00126428 9.9955E-05 9.9955E-05 9.9955E-05 9.9955E-05 0.673063 0.0319051 0.104686
0.00651812 0.184376 9.9955E-05 0.00393608 9.9955E-05 9.9955E-05 9.9955E-05 0.739688 0.0649821 9.9955E-05
9.99459E-05 9.99459E-05 0.00270526 0.97091 0.00124047 9.99459E-05 9.99459E-05 0.024545 9.99459E-05 9.99459E-05
0.000180774 9.9964E-05 9.9964E-05 0.0434878 9.9964E-05 0.0331629 9.9964E-05 0.130682 0.187799 0.604288
9.99281E-05 9.99281E-05 9.99281E-05 0.98694 9.99281E-05 9.99281E-05 0.0122603 9.99281E-05 9.99281E-05 9.99281E-05
9.9955E-05 0.341585 0.00237696 0.000768433 9.9955E-05 0.0590256 9.9955E-05 0.595744 9.9955E-05 9.9955E-05
9.9964E-05 0.159539 9.9964E-05 0.0418742 0.0149979 9.9964E-05 0.000720934 0.0371152 0.745353 9.9964E-05
9.9964E-05 9.9964E-05 0.00354563 0.00700511 9.9964E-05 9.9964E-05 0.0116885 0.173227 0.662198 0.141936
9.99459E-05 0.31965 0.0194474 9.99459E-05 0.0084498 9.99459E-05 9.99459E-05 0.651853 9.99459E-05 9.99459E-05
9.9928E-05 9.9928E-05 9.9928E-05 9.9928E-05 9.9928E-05 0.0202386 9.9928E-05 0.978962 9.9928E-05 9.9928E-05
9.9937E-05 9.9937E-05 0.977707 0.0167693 0.00482379 9.9937E-05 9.9937E-05 9.9937E-05 9.9937E-05 9.9937E-05
9.99369E-05 9.99369E-05 9.99369E-05 0.017024 9.99369E-05 9.99369E-05 0.36448 9.99369E-05 0.617796 9.99369E-05
9.9937E-05 0.372932 0.0088347 9.9937E-05 9.9937E-05 9.9937E-05 9.9937E-05 0.617534 9.9937E-05 9.9937E-05
0.000930526 9.99549E-05 0.0403647 0.376716 9.99549E-05 9.99549E-05 9.99549E-05 0.0776062 0.503883 9.99549E-05
9.9964E-05 9.9964E-05 0.000680332 0.00324587 0.00696094 9.9964E-05 9.9964E-05 0.94765 0.0351155 0.0059478
0.999101 9.99201E-05 9.99201E-05 9.99201E-05 9.99201E-05 9.99201E-05 9.99201E-05 9.99201E-05 9.99201E-05 9.99201E-05
0.000708789 0.0780207 0.00881483 9.9973E-05 0.0170344 0.0420724 9.9973E-05 0.822818 0.0302306 9.9973E-05
0.572956 9.9946E-05 9.9946E-05 9.9946E-05 0.129711 9.9946E-05 9.9946E-05 0.0743992 0.222335 9.9946E-05
9.9973E-05 0.495731 0.0208448 0.0031295 9.9973E-05 0.26955 0.178203 0.00434618 0.0278954 9.9973E-05
9.9937E-05 9.9937E-05 9.9937E-05 9.9937E-05 9.9937E-05 9.9937E-05 0.027373 0.95689 0.0150371 9.9937E-05
9.9928E-05 9.9928E-05 9.9928E-05 9.9928E-05 9.9928E-05 9.9928E-05 9.9928E-05 0.986183 9.9928E-05 0.0130173
0.00786913 9.9973E-05 0.00398395 0.00850356 9.9973E-05 9.9973E-05 0.310298 0.0826747 0.138693 0.447677
0.000504314 9.9955E-05 0.00518689 0.00702978 9.9955E-05 9.9955E-05 9.9955E-05 0.914609 0.07217 9.9955E-05
9.99371E-05 9.99371E-05 9.99371E-05 0.965775 9.99371E-05 0.0281659 0.00535914 9.99371E-05 9.99371E-05 9.99371E-05
9.99371E-05 0.0100755 0.00387521 9.99371E-05 9.99371E-05 9.99371E-05 9.99371E-05 0.98535 9.99371E-05 9.99371E-05
0.999101 9.99201E-05 9.99201E-05 9.99201E-05 9.99201E-05 9.99201E-05 9.99201E-05 9.99201E-05 9.99201E-05 9.99201E-05
0.00101152 0.0444923 9.9946E-05 9.9946E-05 0.00262381 9.9946E-05 9.9946E-05 0.951273 9.9946E-05 9.9946E-05
9.9955E-05 0.391368 9.9955E-05 0.00189149 9.9955E-05 0.429486 9.9955E-05 0.0184332 0.158321 9.9955E-05
0.0109464 0.303593 0.00992622 9.99639E-05 9.99639E-05 0.258892 9.99639E-05 0.248194 9.99639E-05 0.168048
9.9946E-05 0.0409123 9.9946E-05 9.9946E-05 9.9946E-05 0.269381 9.9946E-05 9.9946E-05 0.457114 0.231994
0.0135054 0.170542 9.99639E-05 9.99639E-05 0.0311875 9.99639E-05 9.99639E-05 0.233412 0.0314325 0.519521
9.99549E-05 9.99549E-05 0.0142962 9.99549E-05 0.0643721 9.99549E-05 9.99549E-05 0.166056 0.195646 0.55913
9.99281E-05 9.99281E-05 9.99281E-05 9.99281E-05 9.99281E-05 9.99281E-05 0.000278956 0.998922 9.99281E-05 9.99281E-05
9.99549E-05 0.444462 9.99549E-05 0.0390738 0.0127436 0.262284 9.99549E-05 0.240937 9.99549E-05 9.99549E-05
9.9928E-05 0.146604 9.9928E-05 9.9928E-05 9.9928E-05 9.9928E-05 9.9928E-05 0.852597 9.9928E-05 9.9928E-05
9.9982E-05 0.168387 0.0259842 0.0468284 0.0140409 0.289953 9.9982E-05 0.189886 0.107702 0.157017
9.9946E-05 9.9946E-05 9.9946E-05 9.9946E-05 9.9946E-05 0.586902 0.173583 0.0254581 0.213457 9.9946E-05
0.00624011 0.0530559 9.9964E-05 0.0164983 9.9964E-05 0.0510314 9.9964E-05 0.838927 0.0338472 9.9964E-05
9.9937E-05 0.671311 0.0153618 9.9937E-05 9.9937E-05 9.9937E-05 9.9937E-05 0.312627 9.9937E-05 9.9937E-05
9.99459E-05 0.364459 0.0081339 0.0113742 9.99459E-05 9.99459E-05 9.99459E-05 0.615433 9.99459E-05 9.99459E-05
9.9946E-05 9.9946E-05 9.9946E-05 9.9946E-05 9.9946E-05 9.9946E-05 0.0395672 0.944205 0.00556704 0.0100614
0.00822672 9.9955E-05 0.00165239 0.0395211 9.9955E-05 9.9955E-05 9.9955E-05 0.312817 0.637283 9.9955E-05
9.9955E-05 0.351572 9.9955E-05 9.9955E-05 9.9955E-05 0.161043 9.9955E-05 0.239353 0.0375336 0.209998
0.0223201 0.189853 9.9973E-05 0.00986087 9.9973E-05 0.0846215 9.9973E-05 0.352887 0.0917434 0.248415
0.877384 9.9955E-05 9.9955E-05 0.024782 0.0745202 0.0107733 0.0120406 9.9955E-05 9.9955E-05 9.9955E-05
9.9937E-05 9.9937E-05 9.9937E-05 9.9937E-05 9.9937E-05 9.9937E-05 9.9937E-05 0.918629 0.0552551 0.025416
9.9937E-05 9.9937E-05 9.9937E-05 9.9937E-05 0.00271713 9.9937E-05 9.9937E-05 0.973127 0.0234564 9.9937E-05
0.00777339 0.0734555 0.00300876 9.9964E-05 9.9964E-05 0.0581078 9.9964E-05 0.846278 9.9964E-05 0.0109765
9.99369E-05 9.99369E-05 0.00477243 0.967357 9.99369E-05 9.99369E-05 9.99369E-05 0.0271711 9.99369E-05 9.99369E-05
0.00379316 0.22273 9.9964E-05 9.9964E-05 9.9964E-05 0.0661098 9.9964E-05 0.636792 0.0594861 0.0106895
9.9937E-05 9.9937E-05 9.9937E-05 9.9937E-05 0.00800809 9.9937E-05 9.9937E-05 0.172975 9.9937E-05 0.818318
9.9982E-05 0.439603 9.9982E-05 0.0194797 0.0175453 0.127656 0.0492729 0.285813 0.00323817 0.0571924
9.9937E-05 9.9937E-05 9.9937E-05 9.9937E-05 0.00674075 9.9937E-05 9.9937E-05 0.989816 0.00274371 9.9937E-05
9.9973E-05 0.0453334 9.9973E-05 0.00196072 9.9973E-05 0.018959 0.00563432 0.827921 0.0395664 0.0603256
9.9937E-05 9.9937E-05 9.9937E-05 9.9937E-05 9.9937E-05 0.00588482 9.9937E-05 0.991962 9.9937E-05 0.00145352
9.99459E-05 9.99459E-05 0.00809722 9.99459E-05 9.99459E-05 9.99459E-05 0.0546102 0.138321 9.99459E-05 0.798372
0.765208 9.9964E-05 9.9964E-05 0.0152903 0.0954633 9.9964E-05 9.9964E-05 0.00244641 0.0978484 0.0233438
9.9937E-05 9.9937E-05 9.9937E-05 9.9937E-05 9.9937E-05 9.9937E-05 0.273917 9.9937E-05 0.431502 0.293881
9.9964E-05 0.353924 0.0228066 9.9964E-05 0.0085508 0.116242 0.0279039 0.470173 9.9964E-05 9.9964E-05
0.951712 9.9937E-05 0.0146931 9.9937E-05 9.9937E-05 9.9937E-05 9.9937E-05 9.9937E-05 0.0328956 9.9937E-05
0.0125465 0.154458 9.9964E-05 0.0232929 9.9964E-05 0.192565 9.9964E-05 0.561585 0.0551519 9.9964E-05
9.99459E-05 0.346121 9.99459E-05 9.99459E-05 9.99459E-05 0.289358 0.157422 0.206499 9.99459E-05 9.99459E-05
9.9964E-05 9.9964E-05 9.9964E-05 0.0220904 0.03562 0.00130219 9.9964E-05 0.87804 0.0416237 0.0209242
9.9946E-05 9.9946E-05 0.00400558 9.9946E-05 9.9946E-05 0.00120582 9.9946E-05 0.981166 9.9946E-05 0.0130233
9.9937E-05 9.9937E-05 0.00887155 9.9937E-05 9.9937E-05 9.9937E-05 9.9937E-05 0.923009 9.9937E-05 0.0674204
9.9955E-05 0.168091 9.9955E-05 9.9955E-05 9.9955E-05 0.0898042 9.9955E-05 0.430993 0.126004 0.184608
9.99279E-05 9.99279E-05 9.99279E-05 0.943109 9.99279E-05 9.99279E-05 9.99279E-05 0.0560919 9.99279E-05 9.99279E-05
9.9937E-05 0.0497115 9.9937E-05 9.9937E-05 0.017067 9.9937E-05 9.9937E-05 0.932522 9.9937E-05 9.9937E-05
9.9955E-05 0.0400015 9.9955E-05 0.00241565 9.9955E-05 9.9955E-05 0.839484 0.105738 0.0118615 9.9955E-05
9.9964E-05 0.621634 9.9964E-05 0.00922923 9.9964E-05 9.9964E-05 0.00985213 0.30244 0.0128538 0.043591
0.0129582 9.99459E-05 9.99459E-05 0.962044 9.99459E-05 9.99459E-05 9.99459E-05 0.0184755 9.99459E-05 0.00592298
9.99639E-05 9.99639E-05 0.00522753 0.00432611 9.99639E-05 9.99639E-05 0.56354 0.10651 0.0125228 0.307474
0.00552886 0.0693218 9.9937E-05 9.9937E-05 9.9937E-05 9.9937E-05 9.9937E-05 9.9937E-05 0.92445 9.9937E-05
9.9964E-05 0.161501 0.00529435 0.0284608 9.9964E-05 0.397534 9.9964E-05 0.170418 9.9964E-05 0.236393
9.9937E-05 0.00680914 9.9937E-05 0.908548 9.9937E-05 9.9937E-05 9.9937E-05 0.0839433 9.9937E-05 9.9937E-05
9.9946E-05 0.601041 0.00232994 9.9946E-05 9.9946E-05 9.9946E-05 0.0462262 0.349803 9.9946E-05 9.9946E-05
0.992884 9.99279E-05 0.00631638 9.99279E-05 9.99279E-05 9.99279E-05 9.99279E-05 9.99279E-05 9.99279E-05 9.99279E-05
0.0060426 0.477858 0.00561319 9.9973E-05 9.9973E-05 0.0204657 9.9973E-05 0.458529 0.00240859 0.028783
0.00115863 0.117461 0.00339728 9.9955E-05 0.0129301 9.9955E-05 9.9955E-05 0.864553 9.9955E-05 9.9955E-05
0.99367 9.99281E-05 9.99281E-05 9.99281E-05 9.99281E-05 9.99281E-05 0.00553052 9.99281E-05 9.99281E-05 9.99281E-05
9.9928E-05 0.210168 9.9928E-05 9.9928E-05 9.9928E-05 9.9928E-05 9.9928E-05 0.789033 9.9928E-05 9.9928E-05
0.00646109 0.00846343 0.840738 0.0214866 0.0689081 0.0163063 9.9973E-05 9.9973E-05 0.0373369 9.9973E-05
9.9946E-05 0.516296 9.9946E-05 9.9946E-05 9.9946E-05 0.233132 9.9946E-05 0.0754026 9.9946E-05 0.17457
9.9946E-05 0.0503762 9.9946E-05 0.0171109 9.9946E-05 9.9946E-05 9.9946E-05 0.899358 0.0325554 9.9946E-05
9.9955E-05 9.9955E-05 9.9955E-05 0.0593642 9.9955E-05 9.9955E-05 0.308948 0.0309497 0.491826 0.108412
0.0131783 0.281385 9.9955E-05 9.9955E-05 9.9955E-05 9.9955E-05 0.0103557 0.633511 0.0610701 9.9955E-05
0.905992 9.9937E-05 0.0209966 9.9937E-05 9.9937E-05 9.9937E-05 9.9937E-05 9.9937E-05 0.072312 9.9937E-05
0.00686572 0.496495 9.997E-05 0.00191004 9.997E-05 0.138789 0.0438725 0.128243 9.997E-05 0.183525
