0.371589 9.9964E-05 9.9964E-05 9.9964E-05 0.0198806 9.9964E-05 0.0124495 0.0206791 0.575002
9.9937E-05 0.0254753 9.9937E-05 9.9937E-05 9.9937E-05 9.9937E-05 9.9937E-05 9.9937E-05 0.973825
0.0318584 9.9964E-05 9.9964E-05 0.010652 0.0028028 0.0157002 9.9964E-05 9.9964E-05 0.938587
0.226638 9.9955E-05 9.9955E-05 9.9955E-05 9.9955E-05 0.186322 0.00916174 9.9955E-05 0.577379
0.411151 0.313346 9.9982E-05 0.0295167 0.132803 0.0242984 9.9982E-05 0.00539385 0.0832906
9.9973E-05 0.658625 9.9973E-05 0.00247912 9.9973E-05 0.0163248 0.00880899 0.116729 0.196734
9.9964E-05 0.108483 9.9964E-05 9.9964E-05 0.131509 0.152953 9.9964E-05 0.468767 0.137888
9.99369E-05 9.99369E-05 9.99369E-05 9.99369E-05 9.99369E-05 0.99611 9.99369E-05 9.99369E-05 0.00319016
0.0274579 0.0143307 0.0130488 0.0112514 0.00467488 0.00953216 0.00678931 9.9991E-05 0.912815
0.297492 9.9937E-05 9.9937E-05 9.9937E-05 9.9937E-05 9.9937E-05 9.9937E-05 9.9937E-05 0.701809
0.298516 9.9973E-05 9.9973E-05 9.9973E-05 0.333223 0.039698 0.0138295 0.140176 0.174258
0.422642 9.9955E-05 9.9955E-05 9.9955E-05 0.192123 9.9955E-05 9.9955E-05 0.380379 0.00435686
0.50157 0.0789469 9.9964E-05 9.9964E-05 0.288663 0.00294254 9.9964E-05 9.9964E-05 0.127478
0.0197684 0.834739 9.9955E-05 9.9955E-05 0.0169861 9.9955E-05 9.9955E-05 9.9955E-05 0.128007
0.462287 9.9964E-05 0.000677924 9.9964E-05 9.9964E-05 0.109328 0.00147141 9.9964E-05 0.425835
0.0905745 0.17896 0.00264095 9.9973E-05 9.9973E-05 0.0788809 9.9973E-05 0.194399 0.454245
0.0269353 9.9955E-05 9.9955E-05 9.9955E-05 0.310259 9.9955E-05 9.9955E-05 0.520826 0.14148
9.9964E-05 0.303962 0.0343904 0.0104548 9.9964E-05 9.9964E-05 0.428712 9.9964E-05 0.222082
9.9946E-05 0.0317692 9.9946E-05 9.9946E-05 9.9946E-05 9.9946E-05 0.00221793 9.9946E-05 0.965413
9.9982E-05 0.0588176 0.0156619 0.0135848 9.9982E-05 0.668134 0.00676114 0.153903 0.082937
0.0813077 9.9964E-05 0.00212027 0.000349569 9.9964E-05 9.9964E-05 9.9964E-05 0.0313328 0.88449
0.322847 9.9964E-05 9.9964E-05 9.9964E-05 0.365146 0.0930236 9.9964E-05 0.0822379 0.136346
0.557638 0.0827541 9.9973E-05 0.00109393 0.0312728 0.181648 9.9973E-05 9.9973E-05 0.145294
0.0148802 0.0163282 9.9973E-05 0.869275 0.00277149 0.0867625 0.009683 9.9973E-05 9.9973E-05
0.360248 0.585924 9.9955E-05 9.9955E-05 9.9955E-05 9.9955E-05 9.9955E-05 0.0242279 0.0291006
0.379235 9.9973E-05 9.9973E-05 0.0127813 0.24546 0.0967167 9.9973E-05 0.00141705 0.26409
9.9946E-05 9.9946E-05 9.9946E-05 9.9946E-05 9.9946E-05 0.783333 9.9946E-05 0.0499738 0.166093
0.124822 9.9964E-05 9.9964E-05 0.000612195 9.9964E-05 9.9964E-05 0.00269547 0.0231364 0.848334
0.300329 9.9937E-05 9.9937E-05 9.9937E-05 9.9937E-05 9.9937E-05 9.9937E-05 9.9937E-05 0.698971
0.0318194 9.9937E-05 9.9937E-05 9.9937E-05 9.9937E-05 9.9937E-05 9.9937E-05 9.9937E-05 0.967481
0.157053 0.717408 9.9955E-05 9.9955E-05 0.0248319 9.9955E-05 9.9955E-05 9.9955E-05 0.100208
9.9946E-05 0.0451613 9.9946E-05 9.9946E-05 9.9946E-05 0.00657743 9.9946E-05 9.9946E-05 0.947662
9.9946E-05 9.9946E-05 9.9946E-05 9.9946E-05 0.019183 0.00306344 9.9946E-05 9.9946E-05 0.977154
9.9955E-05 0.620258 9.9955E-05 9.9955E-05 0.138934 0.0975563 9.9955E-05 9.9955E-05 0.142752
9.9955E-05 0.00767459 9.9955E-05 0.00380361 0.000581126 9.9955E-05 9.9955E-05 9.9955E-05 0.987441
0.182169 0.251349 0.0064415 9.9982E-05 0.204216 0.0794968 9.9982E-05 0.152265 0.123862
0.508907 9.9946E-05 9.9946E-05 9.9946E-05 9.9946E-05 0.0156803 9.9946E-05 9.9946E-05 0.474813
0.0768518 9.99459E-05 0.00675754 9.99459E-05 9.99459E-05 9.99459E-05 9.99459E-05 0.915791 9.99459E-05
9.99549E-05 0.456218 9.99549E-05 0.00603648 0.448491 0.0887545 9.99549E-05 9.99549E-05 9.99549E-05
0.419049 9.9973E-05 9.9973E-05 0.0457429 0.0241569 0.403037 9.9973E-05 0.0119953 0.0957184
0.182163 0.70289 0.00138153 0.000829556 0.0238634 9.9982E-05 9.9982E-05 0.0557511 0.0329223
9.9955E-05 9.9955E-05 0.00555677 0.00879204 0.0159183 9.9955E-05 9.9955E-05 9.9955E-05 0.969233
0.180942 9.9955E-05 9.9955E-05 9.9955E-05 0.0306763 0.0267097 9.9955E-05 9.9955E-05 0.761172
0.245053 9.9955E-05 0.00288494 9.9955E-05 9.9955E-05 0.0410835 9.9955E-05 9.9955E-05 0.710479
0.223835 0.0627772 9.9964E-05 9.9964E-05 9.9964E-05 0.00883974 0.0275446 9.9964E-05 0.676604
9.993E-05 9.993E-05 9.993E-05 9.993E-05 9.993E-05 9.993E-05 0.999201 9.993E-05 9.993E-05
9.9955E-05 9.9955E-05 9.9955E-05 9.9955E-05 0.0570207 0.0247452 9.9955E-05 0.0365362 0.881198
0.190871 9.9937E-05 9.9937E-05 9.9937E-05 9.9937E-05 9.9937E-05 9.9937E-05 9.9937E-05 0.808429
9.993E-05 9.993E-05 9.993E-05 9.993E-05 9.993E-05 9.993E-05 0.999201 9.993E-05 9.993E-05
0.469041 9.99369E-05 9.99369E-05 9.99369E-05 9.99369E-05 9.99369E-05 9.99369E-05 9.99369E-05 0.53026
0.421899 9.9964E-05 0.00656843 9.9964E-05 0.0785937 9.9964E-05 9.9964E-05 0.167162 0.325377
0.295876 9.99459E-05 9.99459E-05 9.99459E-05 9.99459E-05 0.06962 9.99459E-05 9.99459E-05 0.633904
0.48873 0.0151031 9.9964E-05 0.0177083 0.0339767 9.9964E-05 9.9964E-05 9.9964E-05 0.444082
9.9964E-05 0.414047 0.00837684 0.0254186 9.9964E-05 9.9964E-05 0.0334321 9.9964E-05 0.518326
0.550913 0.219932 9.9964E-05 0.04363 9.9964E-05 9.9964E-05 9.9964E-05 0.0351548 0.149971
9.99549E-05 0.14813 0.0183517 0.0497539 9.99549E-05 9.99549E-05 9.99549E-05 9.99549E-05 0.783265
0.106142 9.9946E-05 9.9946E-05 9.9946E-05 9.9946E-05 9.9946E-05 0.00609896 9.9946E-05 0.887159
9.9946E-05 9.9946E-05 9.9946E-05 9.9946E-05 9.9946E-05 0.0266332 0.00387892 9.9946E-05 0.968888
0.271542 0.0307988 9.9964E-05 9.9964E-05 9.9964E-05 0.0195071 0.00850445 9.9964E-05 0.669248
0.318797 9.9937E-05 9.9937E-05 9.9937E-05 9.9937E-05 9.9937E-05 9.9937E-05 9.9937E-05 0.680503
0.0616483 9.9946E-05 9.9946E-05 9.9946E-05 9.9946E-05 0.00448914 9.9946E-05 9.9946E-05 0.933263
9.99551E-05 0.0750489 0.0130268 0.832892 9.99551E-05 9.99551E-05 9.99551E-05 0.0785329 9.99551E-05
9.9964E-05 9.9964E-05 0.00365184 0.00379824 0.0242093 9.9964E-05 9.9964E-05 0.00786754 0.960073
0.451343 0.0858074 0.0170332 0.0292521 9.9982E-05 9.9982E-05 0.00435334 0.227262 0.184748
0.0268552 9.9955E-05 9.9955E-05 9.9955E-05 9.9955E-05 9.9955E-05 0.000695996 0.0589807 0.912968
9.9946E-05 0.00579555 0.00301318 9.9946E-05 9.9946E-05 9.9946E-05 9.9946E-05 9.9946E-05 0.990592
0.400394 9.9955E-05 9.9955E-05 9.9955E-05 9.9955E-05 9.9955E-05 0.00467938 0.0149701 0.579457
0.368108 9.9946E-05 9.9946E-05 9.9946E-05 0.0529099 9.9946E-05 9.9946E-05 9.9946E-05 0.578382
9.9955E-05 9.9955E-05 9.9955E-05 0.017998 0.74826 9.9955E-05 9.9955E-05 0.0778678 0.155374
9.993E-05 9.993E-05 9.993E-05 9.993E-05 9.993E-05 9.993E-05 0.999201 9.993E-05 9.993E-05
0.39878 0.124771 9.9964E-05 9.9964E-05 9.9964E-05 0.370259 9.9964E-05 0.00357257 0.102217
9.99639E-05 0.115136 0.0194005 0.021848 9.99639E-05 9.99639E-05 0.0130063 9.99639E-05 0.830209
0.218701 9.9964E-05 0.00489356 0.00761485 9.9964E-05 9.9964E-05 0.00226817 9.9964E-05 0.766122
9.9937E-05 9.9937E-05 9.9937E-05 0.0351671 9.9937E-05 9.9937E-05 9.9937E-05 9.9937E-05 0.964133
9.9955E-05 9.9955E-05 9.9955E-05 0.00132617 9.9955E-05 9.9955E-05 0.000820256 0.00698484 0.990369
9.9955E-05 0.0434499 0.00412405 9.9955E-05 9.9955E-05 9.9955E-05 0.0272001 9.9955E-05 0.924726
0.0349525 9.9937E-05 9.9937E-05 9.9937E-05 9.9937E-05 9.9937E-05 9.9937E-05 9.9937E-05 0.964348
0.140667 0.0130548 9.9964E-05 9.9964E-05 0.155037 9.9964E-05 9.9964E-05 0.528313 0.162528
0.0388161 9.9955E-05 9.9955E-05 9.9955E-05 0.0308409 0.0220457 9.9955E-05 9.9955E-05 0.907798
9.9964E-05 0.134068 0.00545704 0.678828 9.9964E-05 9.9964E-05 0.0147996 0.166447 9.9964E-05
0.451063 9.9964E-05 9.9964E-05 0.0280498 9.9964E-05 0.0396657 9.9964E-05 0.00353793 0.477284
0.104603 9.9955E-05 9.9955E-05 0.00267195 9.9955E-05 9.9955E-05 0.0108732 9.9955E-05 0.881352
9.9973E-05 0.330102 0.0761143 0.0539521 9.9973E-05 9.9973E-05 0.391643 0.0207441 0.127144
9.9964E-05 0.463226 0.0127371 0.0149566 9.9964E-05 9.9964E-05 0.0455479 9.9964E-05 0.463133
0.21273 0.215815 9.99549E-05 9.99549E-05 9.99549E-05 0.297128 9.99549E-05 9.99549E-05 0.273827
0.212434 0.0202541 0.00423479 9.9973E-05 9.9973E-05 0.0177691 0.0105529 9.9973E-05 0.734455
9.9955E-05 0.0319597 9.9955E-05 0.0167849 9.9955E-05 9.9955E-05 9.9955E-05 0.00789401 0.942862
9.993E-05 9.993E-05 0.999201 9.993E-05 9.993E-05 9.993E-05 9.993E-05 9.993E-05 9.993E-05
0.49691 9.99459E-05 9.99459E-05 9.99459E-05 0.0286882 9.99459E-05 9.99459E-05 9.99459E-05 0.473802
0.524329 9.9937E-05 9.9937E-05 9.9937E-05 9.9937E-05 9.9937E-05 9.9937E-05 9.9937E-05 0.474971
0.459616 0.0880075 9.9955E-05 9.9955E-05 0.364367 9.9955E-05 9.9955E-05 9.9955E-05 0.0875101
0.454046 9.9982E-05 0.00854498 0.00608883 0.35693 0.0472636 9.9982E-05 0.0502223 0.0767047
0.129695 9.9946E-05 9.9946E-05 9.9946E-05 0.787222 9.9946E-05 9.9946E-05 9.9946E-05 0.0824835
9.9937E-05 9.9937E-05 9.9937E-05 0.0266907 9.9937E-05 9.9937E-05 9.9937E-05 9.9937E-05 0.97261
0.521579 9.9946E-05 9.9946E-05 9.9946E-05 9.9946E-05 0.0150605 9.9946E-05 9.9946E-05 0.462761
0.1065 9.9946E-05 9.9946E-05 9.9946E-05 0.0247743 9.9946E-05 9.9946E-05 9.9946E-05 0.868126
0.677192 0.0436844 9.9955E-05 9.9955E-05 9.9955E-05 9.9955E-05 9.9955E-05 0.0475874 0.231037
9.9964E-05 0.693752 9.9964E-05 9.9964E-05 0.108377 0.0796667 0.00401445 9.9964E-05 0.11379
9.9937E-05 0.0400531 9.9937E-05 9.9937E-05 9.9937E-05 9.9937E-05 9.9937E-05 9.9937E-05 0.959247
0.361859 0.0135189 9.9964E-05 0.05198 9.9964E-05 9.9964E-05 9.9964E-05 0.428183 0.14406
0.41949 0.0331566 0.000215275 9.9973E-05 9.9973E-05 0.35502 0.0162025 9.9973E-05 0.175616
9.9964E-05 0.0626452 9.9964E-05 0.838401 0.0405519 9.9964E-05 0.0204658 0.0375358 9.9964E-05
0.493503 9.99459E-05 9.99459E-05 9.99459E-05 0.0161911 9.99459E-05 9.99459E-05 9.99459E-05 0.489707
0.0289488 9.9946E-05 9.9946E-05 9.9946E-05 9.9946E-05 9.9946E-05 9.9946E-05 0.0746332 0.895818
9.993E-05 9.993E-05 9.993E-05 9.993E-05 9.993E-05 9.993E-05 9.993E-05 9.993E-05 0.999201
0.0806312 9.99459E-05 9.99459E-05 9.99459E-05 0.16847 0.750299 9.99459E-05 9.99459E-05 9.99459E-05
9.993E-05 9.993E-05 9.993E-05 9.993E-05 9.993E-05 9.993E-05 0.999201 9.993E-05 9.993E-05
0.0645051 9.9955E-05 9.9955E-05 9.9955E-05 0.819549 0.0622318 9.9955E-05 9.9955E-05 0.0532144
0.263453 9.9946E-05 9.9946E-05 0.0374374 9.9946E-05 9.9946E-05 9.9946E-05 9.9946E-05 0.69851
9.9955E-05 0.0376263 0.00276603 0.0232373 9.9955E-05 9.9955E-05 9.9955E-05 9.9955E-05 0.935871
0.359317 9.9964E-05 9.9964E-05 9.9964E-05 0.444785 0.0105526 9.9964E-05 0.124594 0.0603515
9.993E-05 9.993E-05 9.993E-05 9.993E-05 9.993E-05 9.993E-05 0.999201 9.993E-05 9.993E-05
9.9964E-05 0.308349 0.00959435 0.632346 9.9964E-05 0.0178098 0.0315009 9.9964E-05 9.9964E-05
0.202655 9.9964E-05 9.9964E-05 9.9964E-05 0.128853 9.9964E-05 0.00419411 0.037622 0.626276
0.232629 9.9946E-05 9.9946E-05 9.9946E-05 9.9946E-05 0.0541255 9.9946E-05 9.9946E-05 0.712645
0.392781 9.9955E-05 9.9955E-05 9.9955E-05 0.366461 0.0924851 9.9955E-05 9.9955E-05 0.147774
9.9946E-05 9.9946E-05 9.9946E-05 0.0198895 9.9946E-05 0.0203788 9.9946E-05 9.9946E-05 0.959132
0.00572581 0.404786 9.9973E-05 9.9973E-05 0.418959 0.0919881 0.0451693 9.9973E-05 0.0330721
0.0231725 0.173255 0.102767 0.112433 9.9982E-05 9.9982E-05 0.516436 0.034986 0.0367499
0.156975 9.9955E-05 0.00362718 0.0341415 9.9955E-05 9.9955E-05 9.9955E-05 9.9955E-05 0.804756
0.372984 9.99549E-05 9.99549E-05 9.99549E-05 0.10353 0.0822582 9.99549E-05 9.99549E-05 0.440728
9.9937E-05 9.9937E-05 9.9937E-05 0.990767 0.00853301 9.9937E-05 9.9937E-05 9.9937E-05 9.9937E-05
0.13928 9.9955E-05 9.9955E-05 9.9955E-05 0.0298068 9.9955E-05 9.9955E-05 0.00930809 0.821106
0.675564 9.9955E-05 9.9955E-05 0.00160455 9.9955E-05 9.9955E-05 9.9955E-05 0.0354374 0.286894
0.261449 9.9937E-05 9.9937E-05 9.9937E-05 9.9937E-05 9.9937E-05 9.9937E-05 9.9937E-05 0.737851
9.99461E-05 9.99461E-05 0.0118484 9.99461E-05 0.748566 9.99461E-05 9.99461E-05 9.99461E-05 0.238986
0.205755 0.104223 9.9964E-05 9.9964E-05 0.421504 0.110255 9.9964E-05 9.9964E-05 0.157864
0.387044 0.205614 9.9964E-05 9.9964E-05 9.9964E-05 0.0562865 9.9964E-05 0.295609 0.0550467
9.99639E-05 0.319292 0.013018 9.99639E-05 0.00959435 9.99639E-05 9.99639E-05 0.562176 0.0955204
0.475795 0.00247791 9.9964E-05 0.0246119 9.9964E-05 0.00927749 9.9964E-05 9.9964E-05 0.487438
0.148292 9.9946E-05 9.9946E-05 9.9946E-05 9.9946E-05 9.9946E-05 0.00966637 9.9946E-05 0.841442
0.351179 9.9964E-05 9.9964E-05 0.0138666 9.9964E-05 0.0107772 0.0263189 9.9964E-05 0.597458
9.9964E-05 0.0216554 0.0585358 9.9964E-05 9.9964E-05 0.0233558 0.870296 0.0257572 9.9964E-05
0.0170803 0.0321671 9.9973E-05 0.0306541 0.00651446 9.9973E-05 9.9973E-05 0.0211057 0.892178
0.0165583 9.9964E-05 0.0104203 0.000153463 0.00601029 9.9964E-05 0.966458 9.9964E-05 9.9964E-05
0.412105 9.9946E-05 9.9946E-05 0.00732812 9.9946E-05 9.9946E-05 9.9946E-05 9.9946E-05 0.579967
9.99369E-05 9.99369E-05 9.99369E-05 0.954664 9.99369E-05 9.99369E-05 9.99369E-05 9.99369E-05 0.0446361
0.354367 9.99459E-05 9.99459E-05 9.99459E-05 0.441213 9.99459E-05 9.99459E-05 0.20382 9.99459E-05
9.9955E-05 9.9955E-05 0.0103243 9.9955E-05 0.375176 9.9955E-05 9.9955E-05 0.492878 0.121121
0.030856 9.9973E-05 0.00550318 9.9973E-05 0.0615808 0.499247 9.9973E-05 0.353032 0.049481
0.40606 9.9946E-05 9.9946E-05 9.9946E-05 9.9946E-05 0.155919 9.9946E-05 9.9946E-05 0.437422
0.116347 0.101893 9.9991E-05 0.00873038 0.133236 0.30426 0.0191805 0.133007 0.183246
0.0942255 0.0188632 9.9946E-05 9.9946E-05 9.9946E-05 9.9946E-05 9.9946E-05 9.9946E-05 0.886312
0.549561 9.9964E-05 9.9964E-05 0.0286445 0.0689628 0.0164151 9.9964E-05 9.9964E-05 0.336016
9.99639E-05 0.642198 0.0118809 0.0193559 9.99639E-05 9.99639E-05 0.00178887 9.99639E-05 0.324376
0.178656 0.0921756 9.9964E-05 9.9964E-05 9.9964E-05 0.0613177 0.0135439 9.9964E-05 0.653907
0.174197 0.0259844 0.0103314 0.00123295 9.9973E-05 9.9973E-05 0.000517201 9.9973E-05 0.787437
9.99459E-05 9.99459E-05 9.99459E-05 0.962621 9.99459E-05 9.99459E-05 0.00914983 9.99459E-05 0.0276296
0.0958339 0.693107 9.9982E-05 0.041209 0.00854176 0.0652675 9.9982E-05 0.0339041 0.061937
9.99371E-05 9.99371E-05 9.99371E-05 0.987937 0.0113631 9.99371E-05 9.99371E-05 9.99371E-05 9.99371E-05
0.412462 9.9955E-05 9.9955E-05 0.00843079 9.9955E-05 9.9955E-05 0.00481108 9.9955E-05 0.573796
0.0318242 0.543435 9.9973E-05 0.0477218 9.9973E-05 9.9973E-05 0.00095937 0.139913 0.235846
9.9955E-05 0.686515 9.9955E-05 0.0202033 9.9955E-05 0.0813359 9.9955E-05 9.9955E-05 0.211446
0.256252 9.9964E-05 9.9964E-05 9.9964E-05 9.9964E-05 0.0155551 0.0232952 0.0357375 0.66876
0.0135522 9.9946E-05 9.9946E-05 9.9946E-05 0.019314 9.9946E-05 9.9946E-05 9.9946E-05 0.966534
9.9937E-05 9.9937E-05 9.9937E-05 0.00923366 9.9937E-05 9.9937E-05 0.990067 9.9937E-05 9.9937E-05
9.99459E-05 0.491761 9.99459E-05 0.0385222 9.99459E-05 9.99459E-05 9.99459E-05 0.469117 9.99459E-05
0.336549 9.9946E-05 9.9946E-05 9.9946E-05 9.9946E-05 0.0345062 9.9946E-05 9.9946E-05 0.628345
9.996E-05 0.348265 0.0229447 0.436858 9.996E-05 9.996E-05 0.035366 9.996E-05 0.156166
9.9946E-05 0.0487834 9.9946E-05 9.9946E-05 9.9946E-05 9.9946E-05 0.00353663 9.9946E-05 0.94708
9.993E-05 9.993E-05 0.999201 9.993E-05 9.993E-05 9.993E-05 9.993E-05 9.993E-05 9.993E-05
0.10323 0.0326515 9.9973E-05 9.9973E-05 9.9973E-05 0.0141385 0.0115621 0.0370142 0.801104
9.9955E-05 0.264769 0.593855 9.9955E-05 9.9955E-05 9.9955E-05 0.018964 9.9955E-05 0.121912
0.514831 0.0612625 0.00893234 0.00261416 0.364275 0.0135475 0.0112081 0.02323 9.9991E-05
9.9964E-05 9.9964E-05 0.00284222 0.00731451 0.0178574 9.9964E-05 9.9964E-05 0.0349319 0.936654
9.9946E-05 9.9946E-05 0.00137293 9.9946E-05 9.9946E-05 0.0126226 9.9946E-05 9.9946E-05 0.985405
9.9982E-05 0.386555 0.00197312 9.9982E-05 0.166297 0.0302635 0.00120998 0.344226 0.0692742
9.9946E-05 0.0833363 9.9946E-05 0.0118507 9.9946E-05 9.9946E-05 9.9946E-05 9.9946E-05 0.904213
0.00283514 9.99551E-05 9.99551E-05 0.996204 0.000236495 9.99551E-05 9.99551E-05 0.000224267 9.99551E-05
0.0120986 9.9964E-05 9.9964E-05 0.00410092 0.00650736 9.9964E-05 0.00315989 9.9964E-05 0.973733
9.993E-05 9.993E-05 0.999201 9.993E-05 9.993E-05 9.993E-05 9.993E-05 9.993E-05 9.993E-05
0.0251571 9.9937E-05 9.9937E-05 9.9937E-05 9.9937E-05 9.9937E-05 9.9937E-05 9.9937E-05 0.974143
0.481714 0.011052 9.9964E-05 0.0183792 9.9964E-05 9.9964E-05 9.9964E-05 0.429137 0.0593188
0.440635 0.062241 0.0186708 9.9991E-05 0.0574465 0.0863565 0.00944754 0.0937822 0.231321
0.159945 0.620508 9.9964E-05 9.9964E-05 0.114789 0.0576332 9.9964E-05 0.0467246 9.9964E-05
0.168072 0.387228 9.9964E-05 9.9964E-05 9.9964E-05 0.245616 0.0184762 9.9964E-05 0.180208
0.0522794 0.540354 9.99639E-05 9.99639E-05 9.99639E-05 9.99639E-05 0.051351 0.245671 0.109945
9.9937E-05 9.9937E-05 9.9937E-05 9.9937E-05 0.0179278 9.9937E-05 9.9937E-05 9.9937E-05 0.981373
0.38953 9.99729E-05 9.99729E-05 0.0367592 0.143046 0.0141373 9.99729E-05 0.168632 0.247595
0.144211 9.9937E-05 9.9937E-05 9.9937E-05 9.9937E-05 9.9937E-05 9.9937E-05 9.9937E-05 0.855089
0.236126 0.103163 9.9982E-05 0.0472232 9.9982E-05 0.0273567 0.0314234 0.393568 0.160939
9.9964E-05 0.051292 0.00206179 9.9964E-05 0.293123 9.9964E-05 9.9964E-05 0.563885 0.0892384
0.106404 0.0318666 0.013406 0.00811332 9.9964E-05 9.9964E-05 9.9964E-05 9.9964E-05 0.83981
0.695254 9.9946E-05 9.9946E-05 9.9946E-05 9.9946E-05 9.9946E-05 0.00960694 9.9946E-05 0.29454
0.334747 9.9964E-05 0.00253709 0.00636254 9.9964E-05 9.9964E-05 0.00892612 9.9964E-05 0.647028
9.9955E-05 0.0373959 9.9955E-05 9.9955E-05 9.9955E-05 0.0325357 9.9955E-05 0.00617483 0.923394
9.9964E-05 0.510027 0.0208131 0.0513186 9.9964E-05 9.9964E-05 0.00695489 9.9964E-05 0.410486
0.44268 0.170243 0.000729326 9.9982E-05 0.0909732 0.0887183 0.000831005 9.9982E-05 0.205625
0.218215 0.213277 0.014278 0.0126772 9.9982E-05 0.176415 9.9982E-05 0.0205174 0.34442
9.9973E-05 0.0381722 0.89376 0.017804 9.9973E-05 0.030669 0.00495806 0.0143372 9.9973E-05
9.9946E-05 0.0880464 9.9946E-05 0.015619 9.9946E-05 9.9946E-05 9.9946E-05 9.9946E-05 0.895735
9.9937E-05 0.020587 9.9937E-05 9.9937E-05 9.9937E-05 9.9937E-05 9.9937E-05 9.9937E-05 0.978713
0.129262 9.9955E-05 0.0113596 9.9955E-05 9.9955E-05 9.9955E-05 9.9955E-05 0.0106086 0.84827
9.99369E-05 9.99369E-05 9.99369E-05 0.967273 9.99369E-05 9.99369E-05 9.99369E-05 9.99369E-05 0.0320277
0.316209 0.0710346 0.00530655 9.9964E-05 9.9964E-05 9.9964E-05 9.9964E-05 0.0147621 0.592288
0.106886 0.662011 9.9964E-05 9.9964E-05 0.150338 0.0437859 9.9964E-05 9.9964E-05 0.0365788
0.488694 0.0652369 9.9982E-05 0.00619037 0.156266 0.0224732 0.00263575 9.9982E-05 0.258303
9.9955E-05 9.9955E-05 0.00445005 9.9955E-05 9.9955E-05 0.00340749 0.00227306 9.9955E-05 0.98937
9.9964E-05 9.9964E-05 9.9964E-05 0.0157922 9.9964E-05 0.024905 0.00227951 0.0929105 0.863713
9.9946E-05 9.9946E-05 9.9946E-05 9.9946E-05 9.9946E-05 0.0126499 9.9946E-05 0.000438631 0.986312
9.9964E-05 0.556147 9.9964E-05 9.9964E-05 0.28983 0.0684222 0.0135797 9.9964E-05 0.0716211
9.9955E-05 0.142631 0.770384 0.0447176 9.9955E-05 9.9955E-05 0.0417677 9.9955E-05 9.9955E-05
9.9955E-05 0.617169 9.9955E-05 9.9955E-05 0.166445 0.0243276 9.9955E-05 0.191559 9.9955E-05
0.303808 9.9973E-05 9.9973E-05 9.9973E-05 0.0310289 0.0950842 0.0157325 0.0834261 0.47062
9.9946E-05 0.0271528 0.957767 9.9946E-05 9.9946E-05 9.9946E-05 0.0144809 9.9946E-05 9.9946E-05
0.338743 0.0795314 0.00687485 0.0238909 9.9973E-05 9.9973E-05 9.9973E-05 0.0415034 0.509156
0.337176 9.99549E-05 9.99549E-05 9.99549E-05 0.35454 9.99549E-05 9.99549E-05 0.0914401 0.216345
9.9982E-05 0.0499971 0.00110656 0.0315826 0.0102991 0.00315907 0.00666604 9.9982E-05 0.89699
0.0132049 0.00927789 9.9955E-05 9.9955E-05 9.9955E-05 9.9955E-05 0.00193025 9.9955E-05 0.975087
0.00665382 0.040017 9.99738E-05 0.00344879 0.0160424 9.99738E-05 0.0121384 9.99738E-05 0.9214
0.199557 0.198062 9.9955E-05 9.9955E-05 9.9955E-05 9.9955E-05 9.9955E-05 0.18152 0.420361
9.99369E-05 9.99369E-05 9.99369E-05 0.95142 9.99369E-05 9.99369E-05 9.99369E-05 9.99369E-05 0.0478808
0.0626747 9.9946E-05 9.9946E-05 9.9946E-05 9.9946E-05 9.9946E-05 0.00465508 9.9946E-05 0.932071
9.9964E-05 0.151511 9.9964E-05 0.00629583 0.758615 9.9964E-05 9.9964E-05 0.0235581 0.0596194
0.500745 9.9946E-05 9.9946E-05 9.9946E-05 9.9946E-05 0.17547 9.9946E-05 9.9946E-05 0.323186
0.0111877 9.99639E-05 0.00935715 0.952303 9.99639E-05 0.00849545 9.99639E-05 9.99639E-05 0.0182568
9.9973E-05 0.304575 9.9973E-05 0.00244783 0.482224 9.9973E-05 0.00468012 0.171594 0.0341794
0.067676 0.775238 0.037507 9.9955E-05 9.9955E-05 9.9955E-05 9.9955E-05 9.9955E-05 0.119079
0.19 9.9964E-05 9.9964E-05 0.00347081 9.9964E-05 9.9964E-05 0.0111483 0.650555 0.144426
9.9946E-05 9.9946E-05 9.9946E-05 0.914376 9.9946E-05 0.00652175 9.9946E-05 9.9946E-05 0.0785026
0.44399 9.9946E-05 9.9946E-05 9.9946E-05 0.147649 9.9946E-05 9.9946E-05 9.9946E-05 0.407761
9.993E-05 9.993E-05 0.999201 9.993E-05 9.993E-05 9.993E-05 9.993E-05 9.993E-05 9.993E-05
0.354621 9.99459E-05 9.99459E-05 9.99459E-05 9.99459E-05 0.166382 9.99459E-05 9.99459E-05 0.478397
0.113028 9.9946E-05 9.9946E-05 9.9946E-05 9.9946E-05 9.9946E-05 0.0094339 9.9946E-05 0.876938
9.993E-05 9.993E-05 0.999201 9.993E-05 9.993E-05 9.993E-05 9.993E-05 9.993E-05 9.993E-05
0.148747 9.9946E-05 9.9946E-05 9.9946E-05 9.9946E-05 0.0275359 9.9946E-05 9.9946E-05 0.823118
9.9973E-05 9.9973E-05 0.0012478 0.0167995 9.9973E-05 0.00213981 0.8996 0.0530193 0.0268939
0.62223 0.177982 9.9964E-05 9.9964E-05 0.177544 9.9964E-05 9.9964E-05 0.00224501 0.0195981
0.0955659 0.0339319 9.9955E-05 0.0261894 9.9955E-05 9.9955E-05 9.9955E-05 9.9955E-05 0.843813
9.9964E-05 0.555121 9.9964E-05 0.0587671 0.274864 9.9964E-05 9.9964E-05 0.00436615 0.106481
0.233412 0.030029 0.0111077 9.9973E-05 0.0641467 0.0109238 9.9973E-05 9.9973E-05 0.650081
9.9946E-05 0.0687624 0.920328 9.9946E-05 9.9946E-05 9.9946E-05 0.0103098 9.9946E-05 9.9946E-05
0.495909 0.0946247 0.00766938 0.00551653 0.0193383 0.199418 9.9991E-05 0.0205277 0.156896
