9.99459E-05 0.0146893 9.99459E-05 0.157617 0.224723 9.99459E-05 9.99459E-05 9.99459E-05 0.602371 9.99459E-05
9.9937E-05 9.9937E-05 9.9937E-05 9.9937E-05 9.9937E-05 9.9937E-05 0.0310118 9.9937E-05 0.957082 0.0112071
0.0227762 9.9937E-05 9.9937E-05 0.0459696 9.9937E-05 9.9937E-05 9.9937E-05 9.9937E-05 0.930555 9.9937E-05
9.9964E-05 0.0043479 0.00238062 0.361027 0.0189646 9.9964E-05 0.0751412 9.9964E-05 0.537739 9.9964E-05
0.029452 9.9982E-05 9.9982E-05 0.342718 0.219151 0.0442032 0.251567 0.0391681 0.0670476 0.00649381
9.9955E-05 0.00888307 9.9955E-05 9.9955E-05 0.134508 0.00179502 0.691801 9.9955E-05 0.162513 9.9955E-05
9.9964E-05 9.9964E-05 9.9964E-05 9.9964E-05 0.376957 0.215598 0.264029 0.0505878 0.0732826 0.0191451
9.99371E-05 9.99371E-05 9.99371E-05 0.512892 9.99371E-05 0.18671 0.299698 9.99371E-05 9.99371E-05 9.99371E-05
0.00855706 0.00524283 0.0199093 0.04696 0.0126673 9.9973E-05 9.9973E-05 0.00728769 0.899076 9.9973E-05
9.9937E-05 0.000555736 9.9937E-05 0.277996 9.9937E-05 9.9937E-05 9.9937E-05 9.9937E-05 0.720749 9.9937E-05
9.9955E-05 9.9955E-05 9.9955E-05 0.377496 9.9955E-05 0.382604 9.9955E-05 0.0295272 0.174265 0.035608
9.9955E-05 9.9955E-05 9.9955E-05 0.121952 0.54022 0.0343049 9.9955E-05 0.278833 0.0241908 9.9955E-05
9.9955E-05 9.9955E-05 9.9955E-05 0.363582 0.30464 0.150846 0.029172 9.9955E-05 0.15126 9.9955E-05
9.9955E-05 9.9955E-05 9.9955E-05 0.0245514 9.9955E-05 0.0358383 0.824204 9.9955E-05 0.103804 0.0111026
9.99369E-05 9.99369E-05 9.99369E-05 0.651196 9.99369E-05 9.99369E-05 9.99369E-05 9.99369E-05 0.347132 0.000972769
9.99549E-05 0.0124827 0.00823836 9.99549E-05 0.352038 9.99549E-05 0.202468 9.99549E-05 0.424273 9.99549E-05
9.9955E-05 9.9955E-05 9.9955E-05 0.0883809 0.111341 0.175184 9.9955E-05 0.529769 0.0948252 9.9955E-05
0.00407507 0.331067 0.00809478 9.9964E-05 9.9964E-05 9.9964E-05 0.233814 9.9964E-05 0.207434 0.215115
9.9937E-05 9.9937E-05 0.00301613 9.9937E-05 9.9937E-05 9.9937E-05 0.0476661 9.9937E-05 0.948618 9.9937E-05
0.0226106 0.0116361 0.0193896 0.153377 0.0254718 0.44879 0.27715 9.9982E-05 0.0413751 9.9982E-05
9.9937E-05 9.9937E-05 9.9937E-05 0.000738071 0.107068 9.9937E-05 9.9937E-05 9.9937E-05 0.891494 9.9937E-05
9.99459E-05 9.99459E-05 9.99459E-05 0.118899 0.493659 0.271355 9.99459E-05 9.99459E-05 0.115487 9.99459E-05
0.00857383 0.00385112 9.9973E-05 0.302861 0.44141 0.0349551 0.0364693 9.9973E-05 0.171579 9.9973E-05
0.881297 0.0140076 9.99551E-05 0.0748854 9.99551E-05 0.0223274 0.00698306 9.99551E-05 9.99551E-05 9.99551E-05
0.0105622 0.00978843 9.9982E-05 0.0406189 0.352672 9.9982E-05 0.427716 0.040231 0.104258 0.0139539
0.00885957 9.9964E-05 9.9964E-05 0.549225 9.9964E-05 0.224966 9.9964E-05 0.00149025 0.181123 0.0339361
9.9955E-05 9.9955E-05 9.9955E-05 0.385395 9.9955E-05 0.328612 0.233695 9.9955E-05 0.0402228 0.0115754
9.9946E-05 0.00654536 9.9946E-05 0.123957 0.00641803 9.9946E-05 9.9946E-05 9.9946E-05 0.86248 9.9946E-05
9.9937E-05 9.9937E-05 9.9937E-05 0.194833 0.0852128 9.9937E-05 9.9937E-05 9.9937E-05 0.719255 9.9937E-05
9.9937E-05 9.9937E-05 9.9937E-05 0.0630782 9.9937E-05 9.9937E-05 9.9937E-05 0.00620059 0.930022 9.9937E-05
9.9946E-05 9.9946E-05 9.9946E-05 9.9946E-05 0.256893 9.9946E-05 0.583065 9.9946E-05 0.126329 0.0331136
9.9937E-05 9.9937E-05 9.9937E-05 9.9937E-05 9.9937E-05 9.9937E-05 0.0504965 0.00219591 0.946608 9.9937E-05
9.9955E-05 9.9955E-05 9.9955E-05 9.9955E-05 9.9955E-05 0.00069743 0.00873029 0.00485305 0.982865 0.00235491
9.9937E-05 9.9937E-05 9.9937E-05 9.9937E-05 9.9937E-05 0.199171 0.650165 9.9937E-05 0.149964 9.9937E-05
0.00650111 9.9955E-05 0.000136357 9.9955E-05 9.9955E-05 9.9955E-05 0.00102516 0.00494229 0.986895 9.9955E-05
9.99549E-05 9.99549E-05 9.99549E-05 0.174791 9.99549E-05 9.99549E-05 0.0691172 0.592403 0.129391 0.0337979
9.9928E-05 9.9928E-05 9.9928E-05 0.537798 9.9928E-05 9.9928E-05 9.9928E-05 9.9928E-05 0.461403 9.9928E-05
9.9937E-05 9.9937E-05 0.00747485 9.9937E-05 0.393665 9.9937E-05 9.9937E-05 0.59816 9.9937E-05 9.9937E-05
9.9937E-05 9.9937E-05 9.9937E-05 9.9937E-05 0.250433 0.322123 0.426744 9.9937E-05 9.9937E-05 9.9937E-05
0.0477417 9.9964E-05 9.9964E-05 0.636319 0.129644 0.0214178 0.09693 0.0675475 9.9964E-05 9.9964E-05
0.00087032 9.9964E-05 0.00257745 9.9964E-05 0.257463 9.9964E-05 0.602007 0.0818643 0.0548186 9.9964E-05
0.00685308 9.9946E-05 0.0130757 9.9946E-05 9.9946E-05 0.0163324 9.9946E-05 9.9946E-05 0.963139 9.9946E-05
9.9937E-05 9.9937E-05 9.9937E-05 0.2044 0.0472002 9.9937E-05 9.9937E-05 9.9937E-05 0.7477 9.9937E-05
9.9946E-05 9.9946E-05 0.00484692 0.294361 9.9946E-05 9.9946E-05 9.9946E-05 9.9946E-05 0.686037 0.0141552
9.9955E-05 0.0238498 9.9955E-05 0.197215 0.0595379 9.9955E-05 0.0624477 9.9955E-05 0.65645 9.9955E-05
9.9937E-05 0.98792 0.00127937 9.9937E-05 9.9937E-05 9.9937E-05 0.0101006 9.9937E-05 9.9937E-05 9.9937E-05
9.9946E-05 9.9946E-05 9.9946E-05 9.9946E-05 9.9946E-05 0.0636535 9.9946E-05 0.0516977 0.868245 0.0158039
9.9937E-05 9.9937E-05 9.9937E-05 0.118819 0.0459902 9.9937E-05 9.9937E-05 9.9937E-05 0.834491 9.9937E-05
9.99201E-05 0.999101 9.99201E-05 9.99201E-05 9.99201E-05 9.99201E-05 9.99201E-05 9.99201E-05 9.99201E-05 9.99201E-05
9.99369E-05 9.99369E-05 9.99369E-05 0.424565 0.0454385 9.99369E-05 9.99369E-05 9.99369E-05 0.529297 9.99369E-05
9.9964E-05 9.9964E-05 9.9964E-05 0.267632 0.219625 0.124952 9.9964E-05 0.0389177 0.327149 0.0213243
9.9937E-05 9.9937E-05 0.00102459 0.369371 9.9937E-05 9.9937E-05 9.9937E-05 9.9937E-05 0.628905 9.9937E-05
9.9937E-05 9.9937E-05 9.9937E-05 0.298185 0.26299 9.9937E-05 9.9937E-05 9.9937E-05 0.438125 9.9937E-05
0.014577 0.029526 0.0102784 9.99549E-05 9.99549E-05 9.99549E-05 0.421907 9.99549E-05 0.523212 9.99549E-05
0.0302042 9.99639E-05 9.99639E-05 0.132855 0.513362 9.99639E-05 0.0953138 9.99639E-05 0.202972 0.0248935
0.0378301 9.9955E-05 0.023695 9.9955E-05 9.9955E-05 9.9955E-05 0.143253 9.9955E-05 0.786043 0.00867984
9.9937E-05 0.00421521 9.9937E-05 0.117347 9.9937E-05 9.9937E-05 9.9937E-05 9.9937E-05 0.877738 9.9937E-05
9.9946E-05 0.00539939 9.9946E-05 9.9946E-05 0.0088418 0.00459301 9.9946E-05 9.9946E-05 0.980566 9.9946E-05
9.9964E-05 0.00408745 9.9964E-05 0.248016 0.0423054 9.9964E-05 0.00138873 9.9964E-05 0.694696 0.00910706
9.99369E-05 9.99369E-05 9.99369E-05 0.25559 0.0531862 9.99369E-05 9.99369E-05 9.99369E-05 0.690524 9.99369E-05
9.9928E-05 9.9928E-05 9.9928E-05 0.0602379 9.9928E-05 9.9928E-05 9.9928E-05 9.9928E-05 0.938963 9.9928E-05
0.816841 9.99551E-05 0.0155955 9.99551E-05 9.99551E-05 0.0203751 0.0465954 0.100093 9.99551E-05 9.99551E-05
9.9937E-05 9.9937E-05 0.0137006 9.9937E-05 9.9937E-05 0.0128588 9.9937E-05 9.9937E-05 0.972741 9.9937E-05
0.0321676 9.9973E-05 0.0208116 0.439075 0.16223 9.9973E-05 0.10219 0.083989 0.159236 9.9973E-05
9.9964E-05 0.000706459 9.9964E-05 0.00277833 0.0226903 9.9964E-05 9.9964E-05 0.0176181 0.938725 0.017082
9.9946E-05 9.9946E-05 0.00437814 9.9946E-05 9.9946E-05 0.00193218 0.00570962 9.9946E-05 0.98738 9.9946E-05
9.9946E-05 9.9946E-05 9.9946E-05 0.267833 0.146287 9.9946E-05 9.9946E-05 9.9946E-05 0.583669 0.00161229
9.9937E-05 9.9937E-05 9.9937E-05 0.360836 0.0575247 9.9937E-05 9.9937E-05 9.9937E-05 0.58094 9.9937E-05
9.9937E-05 9.9937E-05 9.9937E-05 9.9937E-05 0.562091 0.3612 9.9937E-05 9.9937E-05 0.0760091 9.9937E-05
9.99201E-05 0.999101 9.99201E-05 9.99201E-05 9.99201E-05 9.99201E-05 9.99201E-05 9.99201E-05 9.99201E-05 9.99201E-05
0.00498403 9.9946E-05 9.9946E-05 0.7071 9.9946E-05 9.9946E-05 0.277097 0.01022 9.9946E-05 9.9946E-05
0.0252148 0.00215663 0.0189423 9.99639E-05 9.99639E-05 9.99639E-05 0.110941 9.99639E-05 0.830139 0.0122069
0.0167417 9.9946E-05 0.000836966 0.244073 9.9946E-05 9.9946E-05 9.9946E-05 9.9946E-05 0.737748 9.9946E-05
0.0410827 9.9937E-05 9.9937E-05 9.9937E-05 9.9937E-05 9.9937E-05 0.0150973 9.9937E-05 0.94312 9.9937E-05
0.00601704 0.00356082 9.99401E-05 9.99401E-05 9.99401E-05 9.99401E-05 9.99401E-05 9.99401E-05 0.989723 9.99401E-05
9.9964E-05 0.0309531 0.00531061 9.9964E-05 9.9964E-05 0.0181101 0.0299123 0.000609506 0.914704 9.9964E-05
9.9964E-05 0.00132288 0.00201326 0.00587848 0.00791797 0.0196156 9.9964E-05 9.9964E-05 0.962852 9.9964E-05
9.9955E-05 9.9955E-05 9.9955E-05 9.9955E-05 0.545215 0.189818 0.080804 9.9955E-05 0.119945 0.0637188
9.9937E-05 9.9937E-05 9.9937E-05 0.0153837 9.9937E-05 0.0450271 9.9937E-05 9.9937E-05 0.93889 9.9937E-05
0.665607 9.9946E-05 9.9946E-05 9.9946E-05 9.9946E-05 9.9946E-05 0.127973 0.154951 9.9946E-05 0.0508696
0.00970794 9.9946E-05 9.9946E-05 0.350286 0.167798 9.9946E-05 9.9946E-05 9.9946E-05 0.471608 9.9946E-05
9.9955E-05 0.00178005 9.9955E-05 0.0918871 0.00609735 9.9955E-05 9.9955E-05 9.9955E-05 0.895635 0.00410065
9.99279E-05 9.99279E-05 9.99279E-05 9.99279E-05 9.99279E-05 9.99279E-05 9.99279E-05 9.99279E-05 0.0370885 0.962112
0.00176983 0.048157 0.00293377 9.99549E-05 9.99549E-05 9.99549E-05 0.534282 9.99549E-05 0.412358 9.99549E-05
9.9946E-05 9.9946E-05 9.9946E-05 0.470219 9.9946E-05 9.9946E-05 0.334779 9.9946E-05 0.192625 0.00177739
9.9964E-05 0.0063082 0.00208072 0.200672 0.0251271 9.9964E-05 0.0335207 9.9964E-05 0.731892 9.9964E-05
0.00838431 9.9955E-05 9.9955E-05 9.9955E-05 0.0174963 9.9955E-05 0.0164066 9.9955E-05 0.955042 0.00217129
9.99201E-05 9.99201E-05 0.999101 9.99201E-05 9.99201E-05 9.99201E-05 9.99201E-05 9.99201E-05 9.99201E-05 9.99201E-05
9.99459E-05 0.00125335 9.99459E-05 0.375806 0.17174 9.99459E-05 9.99459E-05 9.99459E-05 0.450601 9.99459E-05
9.99369E-05 9.99369E-05 9.99369E-05 0.261952 0.258939 9.99369E-05 9.99369E-05 9.99369E-05 0.478409 9.99369E-05
9.99459E-05 9.99459E-05 9.99459E-05 0.0842109 0.534366 0.225055 9.99459E-05 9.99459E-05 0.155768 9.99459E-05
0.0151127 9.9964E-05 9.9964E-05 0.46543 0.10228 0.2852 9.9964E-05 0.0750443 0.0565327 9.9964E-05
9.99369E-05 9.99369E-05 9.99369E-05 0.219678 9.99369E-05 0.730281 9.99369E-05 9.99369E-05 0.0493417 9.99369E-05
0.00824444 9.9946E-05 9.9946E-05 9.9946E-05 9.9946E-05 9.9946E-05 0.000147782 0.0097421 0.981266 9.9946E-05
9.9937E-05 9.9937E-05 9.9937E-05 0.554324 9.9937E-05 9.9937E-05 9.9937E-05 9.9937E-05 0.442497 0.00247865
9.9937E-05 9.9937E-05 9.9937E-05 0.147195 9.9937E-05 9.9937E-05 9.9937E-05 9.9937E-05 0.849504 0.00260103
9.9937E-05 9.9937E-05 9.9937E-05 0.377463 0.333422 9.9937E-05 9.9937E-05 9.9937E-05 0.288416 9.9937E-05
9.9946E-05 0.000211265 9.9946E-05 9.9946E-05 9.9946E-05 0.15492 0.73781 9.9946E-05 0.106459 9.9946E-05
0.0149446 9.9955E-05 9.9955E-05 9.9955E-05 9.9955E-05 0.000773048 0.0330904 9.9955E-05 0.945974 0.00471783
0.0270937 9.9946E-05 9.9946E-05 9.9946E-05 0.732083 9.9946E-05 9.9946E-05 0.0943586 0.145865 9.9946E-05
9.9946E-05 9.9946E-05 9.9946E-05 0.688944 9.9946E-05 0.00766861 0.210222 9.9946E-05 0.0925653 9.9946E-05
0.805526 9.9955E-05 9.9955E-05 9.9955E-05 0.0605946 0.0240059 0.0227348 9.9955E-05 9.9955E-05 0.0866391
9.99369E-05 9.99369E-05 9.99369E-05 0.468913 0.0557495 9.99369E-05 9.99369E-05 9.99369E-05 0.474638 9.99369E-05
9.9928E-05 9.9928E-05 9.9928E-05 9.9928E-05 0.0764331 9.9928E-05 9.9928E-05 9.9928E-05 0.922767 9.9928E-05
9.99201E-05 9.99201E-05 9.99201E-05 9.99201E-05 9.99201E-05 9.99201E-05 9.99201E-05 9.99201E-05 0.999101 9.99201E-05
9.9964E-05 0.0170564 9.9964E-05 0.348804 0.101816 0.47591 0.00448498 0.051528 9.9964E-05 9.9964E-05
9.9937E-05 0.990181 9.9937E-05 0.00588331 9.9937E-05 9.9937E-05 9.9937E-05 9.9937E-05 9.9937E-05 0.00323656
9.99279E-05 9.99279E-05 9.99279E-05 0.196252 9.99279E-05 0.802948 9.99279E-05 9.99279E-05 9.99279E-05 9.99279E-05
0.00852058 9.9955E-05 9.9955E-05 0.00424083 0.242431 9.9955E-05 9.9955E-05 9.9955E-05 0.740355 0.003953
0.0271395 9.9937E-05 9.9937E-05 9.9937E-05 9.9937E-05 9.9937E-05 0.0162087 9.9937E-05 0.955952 9.9937E-05
9.9946E-05 9.9946E-05 9.9946E-05 0.134914 0.530064 0.278948 9.9946E-05 9.9946E-05 0.055474 9.9946E-05
9.99201E-05 0.999101 9.99201E-05 9.99201E-05 9.99201E-05 9.99201E-05 9.99201E-05 9.99201E-05 9.99201E-05 9.99201E-05
0.613345 9.9937E-05 9.9937E-05 9.9937E-05 9.9937E-05 9.9937E-05 0.305516 9.9937E-05 9.9937E-05 0.0804396
9.9955E-05 0.00239915 9.9955E-05 0.101396 0.20101 0.0697839 9.9955E-05 9.9955E-05 0.624911 9.9955E-05
9.9928E-05 9.9928E-05 9.9928E-05 0.305135 9.9928E-05 9.9928E-05 9.9928E-05 9.9928E-05 0.694066 9.9928E-05
0.00366037 9.9946E-05 9.9946E-05 0.488156 9.9946E-05 0.38685 9.9946E-05 9.9946E-05 0.120734 9.9946E-05
0.0262208 9.9946E-05 9.9946E-05 9.9946E-05 9.9946E-05 0.00854272 0.0116201 9.9946E-05 0.953017 9.9946E-05
9.99549E-05 9.99549E-05 9.99549E-05 0.0482112 0.102224 0.398073 0.343644 9.99549E-05 9.99549E-05 0.107348
9.99279E-05 0.0417894 9.99279E-05 9.99279E-05 9.99279E-05 9.99279E-05 9.99279E-05 9.99279E-05 9.99279E-05 0.957411
0.035626 9.9955E-05 9.9955E-05 0.0774832 0.0239116 9.9955E-05 9.9955E-05 0.0131023 0.849377 9.9955E-05
9.99459E-05 9.99459E-05 9.99459E-05 0.366457 0.0718081 0.105165 9.99459E-05 9.99459E-05 0.455971 9.99459E-05
0.982732 9.9928E-05 9.9928E-05 9.9928E-05 9.9928E-05 0.0164686 9.9928E-05 9.9928E-05 9.9928E-05 9.9928E-05
9.9955E-05 0.000431095 9.9955E-05 0.154943 9.9955E-05 0.00544282 9.9955E-05 0.0388005 0.799882 9.9955E-05
9.99369E-05 9.99369E-05 9.99369E-05 0.31556 0.370438 9.99369E-05 9.99369E-05 9.99369E-05 0.313302 9.99369E-05
9.9928E-05 9.9928E-05 9.9928E-05 0.229019 9.9928E-05 9.9928E-05 9.9928E-05 9.9928E-05 0.770182 9.9928E-05
9.9937E-05 9.9937E-05 0.00404734 9.9937E-05 9.9937E-05 0.754649 9.9937E-05 9.9937E-05 0.240604 9.9937E-05
9.9964E-05 0.0068232 9.9964E-05 0.108688 0.21444 0.429662 0.0390915 9.9964E-05 0.200896 9.9964E-05
9.9955E-05 9.9955E-05 9.9955E-05 0.375354 9.9955E-05 9.9955E-05 0.0724037 0.488641 0.0382223 0.024879
9.99639E-05 9.99639E-05 0.00825507 9.99639E-05 0.122105 9.99639E-05 0.27948 0.50131 0.0586844 0.0297655
0.00236785 9.9955E-05 9.9955E-05 0.464627 0.0272305 9.9955E-05 9.9955E-05 9.9955E-05 0.500992 0.00428283
0.0106282 0.00511366 9.994E-05 0.171393 9.994E-05 9.994E-05 9.994E-05 9.994E-05 0.812265 9.994E-05
0.0171877 0.0233175 9.9964E-05 0.325453 0.00709049 0.00117999 9.9964E-05 9.9964E-05 0.625372 9.9964E-05
9.9937E-05 0.745765 0.0461119 9.9937E-05 9.9937E-05 9.9937E-05 9.9937E-05 9.9937E-05 9.9937E-05 0.207424
0.022448 9.9955E-05 9.9955E-05 9.9955E-05 0.0428499 9.9955E-05 0.0402604 9.9955E-05 0.886959 0.0069826
0.0114192 0.922622 0.00608771 9.9964E-05 9.9964E-05 0.000200225 0.0191289 9.9964E-05 9.9964E-05 0.0401425
0.000778241 9.9955E-05 9.9955E-05 0.379586 0.024432 9.9955E-05 9.9955E-05 9.9955E-05 0.570029 0.0246749
0.958305 9.99279E-05 9.99279E-05 9.99279E-05 9.99279E-05 9.99279E-05 9.99279E-05 9.99279E-05 0.0408954 9.99279E-05
9.99459E-05 9.99459E-05 9.99459E-05 0.307808 0.213058 0.315154 9.99459E-05 0.16338 9.99459E-05 9.99459E-05
9.9955E-05 9.9955E-05 0.0219114 9.9955E-05 0.252464 0.600703 0.0473354 9.9955E-05 0.0770867 9.9955E-05
0.0247278 9.9982E-05 0.027896 0.0984169 0.294083 0.432144 9.9982E-05 0.0382876 0.0691077 0.0151369
0.0155369 9.9946E-05 9.9946E-05 0.589543 9.9946E-05 9.9946E-05 0.0114171 9.9946E-05 0.382903 9.9946E-05
9.9982E-05 0.0153248 9.9982E-05 0.2483 0.0514415 0.0748905 0.110403 0.322931 0.140788 0.0357208
9.99371E-05 9.99371E-05 9.99371E-05 0.0581732 9.99371E-05 9.99371E-05 0.0125503 9.99371E-05 0.928577 9.99371E-05
0.0056402 0.00348235 0.00639606 0.422256 0.190356 0.0534045 9.9973E-05 9.9973E-05 0.318165 9.9973E-05
0.0111053 9.99549E-05 0.0127144 9.99549E-05 9.99549E-05 9.99549E-05 0.595077 9.99549E-05 0.329822 0.0507811
9.9955E-05 0.00927704 9.9955E-05 0.214674 9.9955E-05 9.9955E-05 0.0970227 0.0302524 0.648274 9.9955E-05
0.00650236 9.996E-05 0.0121938 0.122591 0.0493716 9.996E-05 0.0129488 9.996E-05 0.795993 9.996E-05
0.95342 0.00871363 9.99459E-05 9.99459E-05 9.99459E-05 9.99459E-05 9.99459E-05 9.99459E-05 0.0361931 0.00107385
0.0445648 0.00334295 9.99549E-05 9.99549E-05 0.265732 9.99549E-05 0.654573 9.99549E-05 0.0312877 9.99549E-05
0.971106 9.99281E-05 9.99281E-05 9.99281E-05 9.99281E-05 0.0280943 9.99281E-05 9.99281E-05 9.99281E-05 9.99281E-05
9.99369E-05 9.99369E-05 9.99369E-05 0.233301 0.175191 9.99369E-05 9.99369E-05 9.99369E-05 0.590809 9.99369E-05
0.0431227 9.9973E-05 9.9973E-05 0.0242908 0.0846063 9.9973E-05 0.561657 0.0342781 0.195471 0.0562738
0.0207425 9.9946E-05 9.9946E-05 0.0519902 9.9946E-05 9.9946E-05 0.720971 9.9946E-05 0.205696 9.9946E-05
9.9946E-05 0.0136434 9.9946E-05 0.315806 9.9946E-05 9.9946E-05 9.9946E-05 9.9946E-05 0.655072 0.0148789
9.9937E-05 9.9937E-05 9.9937E-05 9.9937E-05 9.9937E-05 0.0152208 9.9937E-05 0.00558819 0.978491 9.9937E-05
0.0175875 0.972269 9.9937E-05 9.9937E-05 9.9937E-05 9.9937E-05 9.9937E-05 9.9937E-05 9.9937E-05 0.00944398
0.0390043 9.99639E-05 9.99639E-05 9.99639E-05 9.99639E-05 0.049836 0.44851 0.434604 0.0198546 0.00779145
9.99279E-05 9.99279E-05 9.99279E-05 0.395664 9.99279E-05 9.99279E-05 9.99279E-05 9.99279E-05 0.603537 9.99279E-05
0.405901 0.0290229 0.0259004 9.9964E-05 9.9964E-05 9.9964E-05 0.36812 9.9964E-05 0.149957 0.0206982
0.00633252 0.00587399 9.9955E-05 9.9955E-05 9.9955E-05 9.9955E-05 0.0381869 9.9955E-05 0.948888 0.000219326
9.99201E-05 9.99201E-05 0.999101 9.99201E-05 9.99201E-05 9.99201E-05 9.99201E-05 9.99201E-05 9.99201E-05 9.99201E-05
9.9964E-05 9.9964E-05 0.00385408 0.100713 0.0452672 9.9964E-05 0.0217375 9.9964E-05 0.804756 0.0232726
9.9946E-05 9.9946E-05 0.594231 9.9946E-05 9.9946E-05 9.9946E-05 0.16723 9.9946E-05 0.10552 0.132419
0.0113576 0.011458 9.9973E-05 0.297232 0.143989 0.339617 9.9973E-05 0.169324 0.0267217 9.9973E-05
0.00311216 9.9964E-05 0.00426848 9.9964E-05 9.9964E-05 0.0191701 0.0290421 0.00394564 0.940062 9.9964E-05
9.9937E-05 9.9937E-05 0.00551382 9.9937E-05 9.9937E-05 9.9937E-05 0.00426899 9.9937E-05 0.989518 9.9937E-05
0.00496014 0.00339483 9.99549E-05 9.99549E-05 9.99549E-05 9.99549E-05 0.337748 0.606656 0.046741 9.99549E-05
0.00503862 9.9937E-05 9.9937E-05 9.9937E-05 9.9937E-05 9.9937E-05 0.0876563 9.9937E-05 0.906606 9.9937E-05
0.97281 9.99281E-05 9.99281E-05 9.99281E-05 9.99281E-05 9.99281E-05 9.99281E-05 0.0263907 9.99281E-05 9.99281E-05
9.9937E-05 0.00740051 9.9937E-05 0.0150821 9.9937E-05 9.9937E-05 9.9937E-05 9.9937E-05 0.976818 9.9937E-05
9.99201E-05 9.99201E-05 0.999101 9.99201E-05 9.99201E-05 9.99201E-05 9.99201E-05 9.99201E-05 9.99201E-05 9.99201E-05
9.9928E-05 9.9928E-05 9.9928E-05 9.9928E-05 0.00730277 9.9928E-05 9.9928E-05 9.9928E-05 0.991898 9.9928E-05
0.0188032 9.9973E-05 9.9973E-05 0.227386 0.557661 9.9973E-05 0.00903954 0.138918 0.0430742 0.00481754
9.9973E-05 0.0069013 0.0140864 0.235075 0.416856 0.0700101 0.0524294 9.9973E-05 0.204341 9.9973E-05
9.9946E-05 9.9946E-05 9.9946E-05 0.02821 9.9946E-05 9.9946E-05 0.378632 0.547814 0.0447443 9.9946E-05
9.9973E-05 0.00399999 0.00372716 0.331826 9.9973E-05 9.9973E-05 0.456927 0.034804 0.156547 0.0118687
9.99549E-05 0.0239951 9.99549E-05 9.99549E-05 0.252429 9.99549E-05 0.596724 9.99549E-05 0.0878551 0.0384975
9.9928E-05 9.9928E-05 9.9928E-05 9.9928E-05 9.9928E-05 0.0250282 9.9928E-05 9.9928E-05 0.974172 9.9928E-05
0.0407149 9.99639E-05 9.99639E-05 0.409763 0.243939 0.0824749 9.99639E-05 9.99639E-05 0.215297 0.00741126
9.9946E-05 9.9946E-05 0.000742715 0.127769 0.00863122 9.9946E-05 9.9946E-05 9.9946E-05 0.862258 9.9946E-05
0.0252243 0.041042 9.99639E-05 9.99639E-05 0.621587 9.99639E-05 0.14924 9.99639E-05 0.1524 0.010107
9.99201E-05 9.99201E-05 9.99201E-05 9.99201E-05 9.99201E-05 9.99201E-05 9.99201E-05 0.999101 9.99201E-05 9.99201E-05
0.0071342 9.9964E-05 0.0189505 9.9964E-05 0.113354 9.9964E-05 0.00370015 9.9964E-05 0.852387 0.00407425
9.99459E-05 0.00123681 9.99459E-05 0.57499 0.114805 9.99459E-05 9.99459E-05 9.99459E-05 0.308369 9.99459E-05
0.017591 0.00953015 0.00274506 0.324716 9.9964E-05 9.9964E-05 9.9964E-05 9.9964E-05 0.642092 0.00292573
9.9946E-05 9.9946E-05 9.9946E-05 0.00194647 9.9946E-05 0.0282005 0.0347745 9.9946E-05 0.934479 9.9946E-05
0.0739797 0.0025998 0.0272142 9.995E-05 9.995E-05 9.995E-05 0.501199 9.995E-05 0.394508 9.995E-05
9.9946E-05 9.9946E-05 9.9946E-05 0.247732 0.39695 9.9946E-05 0.144755 9.9946E-05 0.209964 9.9946E-05
9.9964E-05 9.9964E-05 0.0227208 0.139622 0.297386 9.9964E-05 0.228471 9.9964E-05 0.309715 0.00168638
0.0229646 9.9946E-05 0.867847 9.9946E-05 9.9946E-05 9.9946E-05 9.9946E-05 0.0395259 9.9946E-05 0.0690631
0.00417037 9.9937E-05 9.9937E-05 9.9937E-05 9.9937E-05 9.9937E-05 0.0853553 9.9937E-05 0.909775 9.9937E-05
9.9937E-05 9.9937E-05 9.9937E-05 9.9937E-05 9.9937E-05 9.9937E-05 0.0282228 9.9937E-05 0.967031 0.00404637
9.9946E-05 9.9946E-05 0.00391184 0.0642743 0.0996854 9.9946E-05 9.9946E-05 9.9946E-05 0.831529 9.9946E-05
0.982079 0.000962961 9.99369E-05 9.99369E-05 9.99369E-05 9.99369E-05 9.99369E-05 9.99369E-05 0.016259 9.99369E-05
9.9946E-05 9.9946E-05 0.00772929 0.0637024 0.265952 9.9946E-05 9.9946E-05 9.9946E-05 0.662016 9.9946E-05
9.9955E-05 9.9955E-05 9.9955E-05 9.9955E-05 0.154721 0.0719949 0.619231 0.0801836 0.0733698 9.9955E-05
0.0164775 9.9973E-05 9.9973E-05 0.343566 0.107895 0.160445 9.9973E-05 0.0599791 0.303405 0.00793346
9.9928E-05 9.9928E-05 9.9928E-05 9.9928E-05 9.9928E-05 9.9928E-05 0.00972764 9.9928E-05 0.989473 9.9928E-05
0.0120221 9.9964E-05 9.9964E-05 0.0282462 0.0130995 0.0338749 0.0731109 9.9964E-05 0.839247 9.9964E-05
9.9928E-05 9.9928E-05 9.9928E-05 0.0121275 9.9928E-05 9.9928E-05 9.9928E-05 9.9928E-05 0.987073 9.9928E-05
9.99549E-05 0.0252713 9.99549E-05 9.99549E-05 0.157428 0.20174 0.577317 9.99549E-05 0.0377439 9.99549E-05
0.0226873 9.9955E-05 0.752291 9.9955E-05 9.9955E-05 9.9955E-05 0.0863815 9.9955E-05 0.0125802 0.125561
9.9937E-05 9.9937E-05 9.9937E-05 9.9937E-05 9.9937E-05 0.160575 0.546721 0.292004 9.9937E-05 9.9937E-05
9.9964E-05 0.0131648 9.9964E-05 0.437804 0.0592602 9.9964E-05 9.9964E-05 0.0741656 0.408716 0.00648939
9.9937E-05 0.0236967 0.943185 9.9937E-05 9.9937E-05 9.9937E-05 0.0324185 9.9937E-05 9.9937E-05 9.9937E-05
0.0170006 9.997E-05 0.0152459 0.0637125 0.310297 9.997E-05 0.0285233 9.997E-05 0.55285 0.0120699
9.99459E-05 9.99459E-05 9.99459E-05 0.174543 0.309278 0.297454 9.99459E-05 9.99459E-05 0.218126 9.99459E-05
0.0216828 9.9955E-05 9.9955E-05 9.9955E-05 9.9955E-05 0.00848512 0.0512288 9.9955E-05 0.894782 0.0233217
9.9937E-05 0.0013683 9.9937E-05 9.9937E-05 0.0213378 9.9937E-05 9.9937E-05 9.9937E-05 0.976594 9.9937E-05
9.9964E-05 0.00907594 0.00232919 9.9964E-05 0.0028202 0.011129 0.043361 9.9964E-05 0.930885 9.9964E-05
9.9946E-05 9.9946E-05 9.9946E-05 9.9946E-05 0.392836 9.9946E-05 0.173519 9.9946E-05 0.430543 0.00250228
0.944745 9.99279E-05 9.99279E-05 9.99279E-05 9.99279E-05 9.99279E-05 9.99279E-05 9.99279E-05 0.0544556 9.99279E-05
9.9946E-05 9.9946E-05 9.9946E-05 0.0208491 0.0123283 9.9946E-05 9.9946E-05 9.9946E-05 0.961882 0.00434095
0.00937105 9.9946E-05 9.9946E-05 9.9946E-05 9.9946E-05 0.650355 9.9946E-05 0.251394 0.0882807 9.9946E-05
9.9955E-05 9.9955E-05 9.9955E-05 0.56912 0.0608162 0.0314385 0.0234517 9.9955E-05 0.314674 9.9955E-05
0.943207 9.99459E-05 0.0211519 0.00813262 9.99459E-05 9.99459E-05 9.99459E-05 9.99459E-05 0.0269093 9.99459E-05
9.9964E-05 0.00243323 9.9964E-05 9.9964E-05 0.105021 0.473299 0.324422 0.0500685 0.0443563 9.9964E-05
9.9955E-05 9.9955E-05 0.0391887 0.0173026 0.0585397 9.9955E-05 0.739303 9.9955E-05 0.145166 9.9955E-05
9.9964E-05 0.00914719 9.9964E-05 0.0794879 0.478997 9.9964E-05 0.118858 0.199882 0.113228 9.9964E-05
0.909417 9.9937E-05 9.9937E-05 0.00798498 9.9937E-05 9.9937E-05 9.9937E-05 9.9937E-05 0.0818982 9.9937E-05
9.9946E-05 9.9946E-05 9.9946E-05 0.497107 0.0374667 0.0783315 9.9946E-05 9.9946E-05 0.386495 9.9946E-05
9.99201E-05 9.99201E-05 0.999101 9.99201E-05 9.99201E-05 9.99201E-05 9.99201E-05 9.99201E-05 9.99201E-05 9.99201E-05
9.9964E-05 0.00742561 0.00805026 0.496122 0.0312669 9.9964E-05 0.0155588 9.9964E-05 0.441176 9.9964E-05
9.9955E-05 0.00752223 9.9955E-05 0.0948224 0.0120579 9.9955E-05 9.9955E-05 9.9955E-05 0.878232 0.00686612
9.99281E-05 9.99281E-05 0.994837 9.99281E-05 9.99281E-05 0.00436325 9.99281E-05 9.99281E-05 9.99281E-05 9.99281E-05
9.9937E-05 9.9937E-05 0.00150984 0.203386 9.9937E-05 9.9937E-05 9.9937E-05 9.9937E-05 0.794405 9.9937E-05
0.0213498 0.865907 0.00852394 9.9964E-05 9.9964E-05 0.00257761 9.9964E-05 0.0498884 9.9964E-05 0.0513536
9.9955E-05 9.9955E-05 9.9955E-05 0.177988 0.69003 0.0233756 9.9955E-05 9.9955E-05 0.0956065 0.0125006
0.0200377 9.9964E-05 9.9964E-05 0.0466644 0.00199408 9.9964E-05 9.9964E-05 0.0264833 0.901209 0.00321128
0.0661959 9.9973E-05 0.0092532 9.9973E-05 0.0294987 0.182867 0.480102 0.136278 0.0955055 9.9973E-05
9.9973E-05 9.9973E-05 0.0122153 0.275219 9.9973E-05 0.0202447 0.00356709 0.0454662 0.635041 0.00794662
9.9946E-05 0.0301597 0.910239 9.9946E-05 9.9946E-05 9.9946E-05 0.0554789 9.9946E-05 9.9946E-05 0.00352283
0.00342268 9.9982E-05 0.000917017 0.286253 0.31542 0.0472629 0.00506735 0.150135 0.191322 9.9982E-05
