0.00872348 9.99549E-05 9.99549E-05 0.600281 0.129469 9.99549E-05 9.99549E-05 9.99549E-05 0.261026
9.9937E-05 9.9937E-05 0.0573021 0.941998 9.9937E-05 9.9937E-05 9.9937E-05 9.9937E-05 9.9937E-05
9.9955E-05 9.9955E-05 0.0128984 0.93058 0.0450702 9.9955E-05 9.9955E-05 0.0109519 9.9955E-05
0.00619959 0.0478648 0.0224444 0.585325 0.295901 0.0123209 9.9991E-05 0.0043739 0.0254704
9.9964E-05 0.374675 9.9964E-05 0.121091 0.398127 9.9964E-05 9.9964E-05 0.0451645 0.060542
9.9964E-05 0.111893 0.677107 0.0970015 0.040271 9.9964E-05 9.9964E-05 9.9964E-05 0.0733274
9.9964E-05 0.336836 9.9964E-05 0.15348 9.9964E-05 9.9964E-05 0.38133 0.0161628 0.111792
9.9955E-05 0.126197 0.222206 9.9955E-05 0.650327 9.9955E-05 0.00076999 9.9955E-05 9.9955E-05
0.0174146 9.9991E-05 0.0120108 0.916039 0.00252296 0.00985021 0.00928061 0.000963588 0.0318178
9.9946E-05 9.9946E-05 9.9946E-05 0.759154 0.22739 9.9946E-05 9.9946E-05 9.9946E-05 0.0128567
0.0152425 0.0179686 9.9964E-05 0.152993 0.573846 9.9964E-05 0.23955 9.9964E-05 9.9964E-05
9.9964E-05 0.00777007 9.9964E-05 9.9964E-05 0.19118 9.9964E-05 0.248669 0.0136204 0.538361
9.9964E-05 0.0450204 9.9964E-05 0.146978 0.444373 9.9964E-05 0.115562 9.9964E-05 0.247666
9.99459E-05 0.023651 0.902721 9.99459E-05 0.0730279 9.99459E-05 9.99459E-05 9.99459E-05 9.99459E-05
9.99459E-05 9.99459E-05 9.99459E-05 0.435824 0.562181 0.00139491 9.99459E-05 9.99459E-05 9.99459E-05
0.00710763 0.140728 0.121732 0.403803 9.9982E-05 0.00972566 0.00793164 9.9982E-05 0.308772
9.9964E-05 9.9964E-05 0.0580935 0.109104 0.233608 9.9964E-05 0.550072 9.9964E-05 0.0487233
0.409264 9.9955E-05 0.424526 0.158632 9.9955E-05 0.00707789 9.9955E-05 9.9955E-05 9.9955E-05
9.9946E-05 0.0334229 9.9946E-05 0.961752 9.9946E-05 0.0042257 9.9946E-05 9.9946E-05 9.9946E-05
9.9973E-05 0.390067 9.9973E-05 0.0796394 0.277093 0.0268204 0.202572 0.0235083 9.9973E-05
9.9943E-05 9.9943E-05 9.9943E-05 0.873725 9.9943E-05 9.9943E-05 9.9943E-05 9.9943E-05 0.125575
9.9955E-05 9.9955E-05 9.9955E-05 0.11002 0.193212 9.9955E-05 0.296194 9.9955E-05 0.400074
9.9973E-05 0.0467156 9.9973E-05 0.171563 0.23136 9.9973E-05 0.0037998 0.0168438 0.529417
0.0130774 9.9955E-05 0.0110619 9.9955E-05 0.0906959 9.9955E-05 9.9955E-05 0.884665 9.9955E-05
0.00734009 0.48131 0.0732443 0.155586 9.9964E-05 9.9964E-05 9.9964E-05 9.9964E-05 0.282119
9.9955E-05 9.9955E-05 9.9955E-05 0.246807 0.56974 9.9955E-05 0.160987 0.0219663 9.9955E-05
9.9973E-05 0.199639 0.00365155 0.160183 0.350695 0.00553149 0.28 9.9973E-05 9.9973E-05
0.00685916 9.9955E-05 9.9955E-05 0.877971 0.0762681 9.9955E-05 9.9955E-05 9.9955E-05 0.0384018
9.9946E-05 9.9946E-05 9.9946E-05 0.744996 0.148261 9.9946E-05 9.9946E-05 9.9946E-05 0.106143
9.9937E-05 9.9937E-05 9.9937E-05 0.995461 0.00383951 9.9937E-05 9.9937E-05 9.9937E-05 9.9937E-05
9.9955E-05 0.0919746 0.634369 0.00133194 9.9955E-05 9.9955E-05 9.9955E-05 9.9955E-05 0.271825
9.9955E-05 0.0284764 0.0231398 0.945462 9.9955E-05 9.9955E-05 9.9955E-05 9.9955E-05 0.00242172
9.9955E-05 0.0109082 9.9955E-05 0.985257 9.9955E-05 0.000127901 0.00320734 9.9955E-05 9.9955E-05
9.9955E-05 0.734346 0.0348323 0.229797 9.9955E-05 0.000524931 9.9955E-05 9.9955E-05 9.9955E-05
9.9946E-05 9.9946E-05 0.0135935 0.979066 9.9946E-05 9.9946E-05 9.9946E-05 0.0067412 9.9946E-05
9.9982E-05 0.31349 0.0347794 0.193654 0.223649 0.00837729 0.209144 9.9982E-05 0.0167064
9.9937E-05 9.9937E-05 9.9937E-05 0.544764 0.454536 9.9937E-05 9.9937E-05 9.9937E-05 9.9937E-05
9.9964E-05 9.9964E-05 0.0712967 9.9964E-05 9.9964E-05 0.0297704 0.433284 0.00686071 0.458388
9.99549E-05 0.620009 9.99549E-05 9.99549E-05 9.99549E-05 9.99549E-05 0.151628 0.00075716 0.227106
9.9982E-05 0.0959386 0.0423133 0.080856 0.537741 9.9982E-05 0.0344661 0.0390099 0.169475
9.9973E-05 0.692278 0.0504266 0.169634 9.9973E-05 0.0115785 9.9973E-05 0.0193978 0.0563851
9.9973E-05 0.00380687 0.00410596 0.961964 9.9973E-05 0.00893624 0.00824241 0.0126445 9.9973E-05
9.9946E-05 9.9946E-05 9.9946E-05 0.752076 0.167265 9.9946E-05 9.9946E-05 9.9946E-05 0.0800588
9.9955E-05 9.9955E-05 9.9955E-05 0.739123 0.231174 0.00412477 9.9955E-05 9.9955E-05 0.025079
0.0289055 0.0596172 9.9964E-05 0.684778 0.0730486 9.9964E-05 9.9964E-05 9.9964E-05 0.153251
0.999201 9.993E-05 9.993E-05 9.993E-05 9.993E-05 9.993E-05 9.993E-05 9.993E-05 9.993E-05
9.9955E-05 0.0374419 9.9955E-05 0.858667 0.0242621 9.9955E-05 0.0791289 9.9955E-05 9.9955E-05
9.9946E-05 9.9946E-05 9.9946E-05 0.874754 0.0223793 9.9946E-05 9.9946E-05 9.9946E-05 0.102267
0.999201 9.993E-05 9.993E-05 9.993E-05 9.993E-05 9.993E-05 9.993E-05 9.993E-05 9.993E-05
9.99459E-05 9.99459E-05 9.99459E-05 0.557357 0.315865 9.99459E-05 9.99459E-05 9.99459E-05 0.126179
9.9973E-05 9.9973E-05 0.0100978 0.327624 0.26529 0.00684641 0.0952237 9.9973E-05 0.294618
9.99369E-05 9.99369E-05 9.99369E-05 0.659212 0.340089 9.99369E-05 9.99369E-05 9.99369E-05 9.99369E-05
9.9946E-05 9.9946E-05 9.9946E-05 0.449672 0.22892 9.9946E-05 9.9946E-05 9.9946E-05 0.320808
0.018056 9.99549E-05 0.516225 0.463326 9.99549E-05 0.00189371 9.99549E-05 9.99549E-05 9.99549E-05
9.99639E-05 0.0436253 0.0822327 0.168245 9.99639E-05 9.99639E-05 9.99639E-05 0.0385277 0.666969
9.99549E-05 9.99549E-05 0.240372 0.728805 9.99549E-05 0.0111615 9.99549E-05 0.0191618 9.99549E-05
0.00257594 9.9946E-05 9.9946E-05 0.888493 0.108331 9.9946E-05 9.9946E-05 9.9946E-05 9.9946E-05
0.00770058 9.9955E-05 0.0176738 0.972324 9.9955E-05 9.9955E-05 9.9955E-05 9.9955E-05 0.00180238
0.00675356 9.9964E-05 0.0122264 0.674274 0.210797 9.9964E-05 9.9964E-05 9.9964E-05 0.0955494
9.99459E-05 9.99459E-05 9.99459E-05 0.707067 0.199246 9.99459E-05 9.99459E-05 9.99459E-05 0.0930871
9.9955E-05 9.9955E-05 9.9955E-05 0.974676 0.00215274 9.9955E-05 0.00778798 9.9955E-05 0.0148831
9.99551E-05 9.99551E-05 0.0978664 9.99551E-05 9.99551E-05 0.00916495 0.0622588 0.83021 9.99551E-05
9.9964E-05 9.9964E-05 9.9964E-05 0.949911 9.9964E-05 0.00294747 0.0248531 0.0047814 0.0171068
9.9973E-05 9.9973E-05 0.223668 0.155153 0.461892 0.00904727 9.9973E-05 0.0135379 0.136402
0.00764887 9.9946E-05 9.9946E-05 0.968299 9.9946E-05 9.9946E-05 9.9946E-05 9.9946E-05 0.0234526
9.9946E-05 0.0114826 9.9946E-05 0.9782 9.9946E-05 0.00971759 9.9946E-05 9.9946E-05 9.9946E-05
0.000516429 9.9955E-05 9.9955E-05 0.604816 0.208049 9.9955E-05 9.9955E-05 9.9955E-05 0.186119
9.9955E-05 9.9955E-05 9.9955E-05 0.637873 0.253462 9.9955E-05 0.0327945 9.9955E-05 0.0753702
9.9946E-05 9.9946E-05 9.9946E-05 0.0374366 9.9946E-05 9.9946E-05 0.501923 9.9946E-05 0.460041
0.999201 9.993E-05 9.993E-05 9.993E-05 9.993E-05 9.993E-05 9.993E-05 9.993E-05 9.993E-05
9.9964E-05 0.216597 0.0823097 0.0983583 0.593633 9.9964E-05 9.9964E-05 0.0087014 9.9964E-05
0.0026031 9.99639E-05 0.159016 0.804697 9.99639E-05 0.0157423 9.99639E-05 0.0175421 9.99639E-05
0.0103985 9.9964E-05 9.9964E-05 0.749856 0.212222 0.0106248 9.9964E-05 0.0164987 9.9964E-05
9.9946E-05 9.9946E-05 0.0221341 0.947816 9.9946E-05 9.9946E-05 9.9946E-05 0.0294504 9.9946E-05
9.9955E-05 9.9955E-05 0.0082125 0.989783 9.9955E-05 0.00135954 0.000144714 9.9955E-05 9.9955E-05
0.0314719 0.0119871 0.0382839 0.910269 9.9964E-05 9.9964E-05 0.007588 9.9964E-05 9.9964E-05
9.9955E-05 9.9955E-05 9.9955E-05 0.967277 0.00167613 0.00387642 9.9955E-05 9.9955E-05 0.0266711
9.9973E-05 9.9973E-05 0.170365 0.0782467 0.104968 9.9973E-05 0.293618 0.00606964 0.346433
9.9946E-05 9.9946E-05 9.9946E-05 0.942179 0.0389809 9.9946E-05 0.0182405 9.9946E-05 9.9946E-05
9.99461E-05 9.99461E-05 0.256981 9.99461E-05 9.99461E-05 9.99461E-05 0.0762538 0.666165 9.99461E-05
0.00802681 9.9964E-05 9.9964E-05 0.484229 0.27929 9.9964E-05 9.9964E-05 0.0124384 0.215617
0.00536279 9.9955E-05 9.9955E-05 0.91123 0.0230455 9.9955E-05 9.9955E-05 9.9955E-05 0.0598619
0.384506 9.9964E-05 0.478372 0.0452802 9.9964E-05 0.0480293 9.9964E-05 0.0434126 9.9964E-05
0.0253383 9.9946E-05 0.596405 0.377657 9.9946E-05 9.9946E-05 9.9946E-05 9.9946E-05 9.9946E-05
9.9955E-05 0.203172 0.112229 0.317093 0.367006 9.9955E-05 9.9955E-05 9.9955E-05 9.9955E-05
9.9964E-05 9.9964E-05 0.0228652 0.762175 0.146344 0.00765013 9.9964E-05 9.9964E-05 0.0605657
9.9946E-05 9.9946E-05 0.0311665 0.957698 9.9946E-05 9.9946E-05 9.9946E-05 0.0105356 9.9946E-05
9.993E-05 9.993E-05 9.993E-05 9.993E-05 9.993E-05 0.999201 9.993E-05 9.993E-05 9.993E-05
9.99459E-05 9.99459E-05 9.99459E-05 0.462621 0.249736 9.99459E-05 9.99459E-05 9.99459E-05 0.287043
9.99459E-05 9.99459E-05 9.99459E-05 0.469328 0.165777 9.99459E-05 9.99459E-05 9.99459E-05 0.364296
9.9964E-05 0.0442783 9.9964E-05 0.110041 0.056449 9.9964E-05 0.119283 9.9964E-05 0.669549
9.9973E-05 0.0134318 9.9973E-05 0.0687558 0.656322 0.00670162 0.231004 0.023485 9.9973E-05
9.9946E-05 9.9946E-05 9.9946E-05 0.063714 0.496351 9.9946E-05 0.439335 9.9946E-05 9.9946E-05
9.9946E-05 9.9946E-05 0.0365033 0.955554 9.9946E-05 9.9946E-05 9.9946E-05 0.0073427 9.9946E-05
9.9946E-05 9.9946E-05 9.9946E-05 0.499182 0.453017 9.9946E-05 9.9946E-05 9.9946E-05 0.0472013
9.9937E-05 9.9937E-05 9.9937E-05 0.86108 0.138221 9.9937E-05 9.9937E-05 9.9937E-05 9.9937E-05
9.9946E-05 9.9946E-05 9.9946E-05 0.300427 0.288168 9.9946E-05 9.9946E-05 9.9946E-05 0.410806
0.0020722 0.515714 0.282306 0.172664 9.9964E-05 9.9964E-05 0.0268437 9.9964E-05 9.9964E-05
9.9955E-05 0.0138286 0.0501216 0.934364 9.9955E-05 0.00118597 9.9955E-05 9.9955E-05 9.9955E-05
9.9973E-05 0.0219043 0.0129747 0.0882366 9.9973E-05 9.9973E-05 0.0202301 0.0502028 0.806152
0.00762709 0.159263 9.9964E-05 0.215923 0.61154 0.00524762 9.9964E-05 9.9964E-05 9.9964E-05
0.0217987 0.107345 9.99551E-05 9.99551E-05 9.99551E-05 9.99551E-05 0.0404348 0.829921 9.99551E-05
9.99459E-05 9.99459E-05 9.99459E-05 0.517936 0.368329 9.99459E-05 9.99459E-05 9.99459E-05 0.113135
9.9946E-05 9.9946E-05 9.9946E-05 0.932853 9.9946E-05 9.9946E-05 0.0058196 9.9946E-05 0.0607282
9.993E-05 9.993E-05 9.993E-05 0.999201 9.993E-05 9.993E-05 9.993E-05 9.993E-05 9.993E-05
0.0115969 0.099555 9.9964E-05 9.9964E-05 0.504747 9.9964E-05 0.340086 9.9964E-05 0.0436152
0.999201 9.993E-05 9.993E-05 9.993E-05 9.993E-05 9.993E-05 9.993E-05 9.993E-05 9.993E-05
0.0021909 9.99549E-05 9.99549E-05 0.00526571 0.314051 9.99549E-05 0.677993 9.99549E-05 9.99549E-05
9.9946E-05 9.9946E-05 9.9946E-05 0.70812 9.9946E-05 9.9946E-05 9.9946E-05 0.0177952 0.273485
9.9955E-05 9.9955E-05 0.0426811 0.922619 9.9955E-05 0.0103034 9.9955E-05 0.0238964 9.9955E-05
9.9955E-05 9.9955E-05 9.9955E-05 0.0434334 0.238532 9.9955E-05 0.281747 9.9955E-05 0.435788
0.999201 9.993E-05 9.993E-05 9.993E-05 9.993E-05 9.993E-05 9.993E-05 9.993E-05 9.993E-05
0.0257084 0.000286078 0.31608 9.9955E-05 9.9955E-05 9.9955E-05 9.9955E-05 0.657426 9.9955E-05
9.9955E-05 9.9955E-05 9.9955E-05 0.627629 0.0867682 9.9955E-05 0.052886 9.9955E-05 0.232217
9.9937E-05 9.9937E-05 9.9937E-05 0.738953 0.260348 9.9937E-05 9.9937E-05 9.9937E-05 9.9937E-05
9.9955E-05 0.00893613 9.9955E-05 0.121952 0.661449 9.9955E-05 0.207163 9.9955E-05 9.9955E-05
9.9964E-05 0.00142767 0.0105452 0.956338 0.00923302 9.9964E-05 9.9964E-05 0.0220567 9.9964E-05
0.0420964 0.209048 0.17946 0.055707 0.0469542 9.9982E-05 0.400215 9.9982E-05 0.0663182
0.503133 9.9973E-05 0.244616 9.9973E-05 0.0242025 0.0930647 0.00423605 0.130448 9.9973E-05
9.9955E-05 9.9955E-05 9.9955E-05 0.867247 0.0639254 9.9955E-05 9.9955E-05 0.0382782 0.0300501
9.9955E-05 9.9955E-05 9.9955E-05 0.484596 0.324111 9.9955E-05 0.00484653 9.9955E-05 0.185946
9.9937E-05 9.9937E-05 9.9937E-05 9.9937E-05 9.9937E-05 9.9937E-05 0.00357448 0.995726 9.9937E-05
0.00354798 9.9964E-05 9.9964E-05 0.836391 0.0920497 9.9964E-05 0.0422075 9.9964E-05 0.0254044
9.9946E-05 9.9946E-05 9.9946E-05 0.348964 0.160296 9.9946E-05 9.9946E-05 9.9946E-05 0.490141
9.9946E-05 9.9946E-05 9.9946E-05 0.806484 0.13938 9.9946E-05 9.9946E-05 9.9946E-05 0.0535359
9.9946E-05 9.9946E-05 9.9946E-05 0.244961 0.0737701 9.9946E-05 0.680669 9.9946E-05 9.9946E-05
0.00815728 0.171653 9.9973E-05 0.133894 0.257881 9.9973E-05 0.153221 9.9973E-05 0.274893
9.9973E-05 0.207093 0.148259 0.0474331 0.290494 9.9973E-05 0.0818849 9.9973E-05 0.224536
9.99459E-05 9.99459E-05 0.504887 9.99459E-05 9.99459E-05 9.99459E-05 0.386989 9.99459E-05 0.107524
9.9964E-05 0.00924285 9.9964E-05 0.553271 0.344117 9.9964E-05 9.9964E-05 0.00300401 0.0899655
0.0017449 9.9955E-05 9.9955E-05 0.848844 0.141273 9.9955E-05 9.9955E-05 0.00763837 9.9955E-05
0.0216424 9.99639E-05 9.99639E-05 0.61939 0.285018 9.99639E-05 9.99639E-05 0.013692 0.0598584
0.846375 9.9955E-05 0.0622216 9.9955E-05 9.9955E-05 0.0559996 0.0349044 9.9955E-05 9.9955E-05
9.9955E-05 9.9955E-05 0.0627068 0.872213 9.9955E-05 9.9955E-05 9.9955E-05 0.0192559 0.0453242
0.941358 9.9955E-05 9.9955E-05 9.9955E-05 9.9955E-05 0.0199364 9.9955E-05 0.0273339 0.0108718
9.9955E-05 9.9955E-05 9.9955E-05 0.626452 0.256891 9.9955E-05 9.9955E-05 0.0251201 0.0910371
9.99369E-05 9.99369E-05 9.99369E-05 0.0694207 9.99369E-05 9.99369E-05 9.99369E-05 0.92988 9.99369E-05
9.99459E-05 9.99459E-05 9.99459E-05 9.99459E-05 0.382156 9.99459E-05 0.421642 9.99459E-05 0.195602
9.9955E-05 9.9955E-05 0.0605138 0.126229 9.9955E-05 9.9955E-05 0.738746 9.9955E-05 0.0740113
9.9991E-05 0.00551413 0.0178152 0.0298589 0.210789 0.0338117 0.395121 0.0338825 0.273107
9.9946E-05 9.9946E-05 9.9946E-05 0.465011 0.523561 9.9946E-05 9.9946E-05 0.0108286 9.9946E-05
0.0125732 0.314863 0.00673745 0.175322 0.38285 0.00644793 0.0937662 0.00734044 9.9991E-05
0.000300289 9.9955E-05 9.9955E-05 0.958036 0.023582 9.9955E-05 9.9955E-05 9.9955E-05 0.0175821
0.00117991 9.9991E-05 0.00320701 0.361892 0.309199 0.0005083 0.0719775 0.00317942 0.248757
9.99369E-05 9.99369E-05 0.777532 0.221769 9.99369E-05 9.99369E-05 9.99369E-05 9.99369E-05 9.99369E-05
0.00735832 0.114694 0.0127368 0.692987 0.16418 0.00774336 9.9973E-05 9.9973E-05 9.9973E-05
9.9964E-05 9.9964E-05 0.0100213 0.78783 0.090874 0.0141289 9.9964E-05 9.9964E-05 0.0967465
0.0046143 9.99459E-05 9.99459E-05 0.0334342 9.99459E-05 9.99459E-05 9.99459E-05 0.961352 9.99459E-05
0.00142801 0.58854 0.147083 0.124672 9.9973E-05 9.9973E-05 9.9973E-05 0.0440227 0.0939553
9.99371E-05 9.99371E-05 9.99371E-05 9.99371E-05 9.99371E-05 9.99371E-05 0.0202106 0.97909 9.99371E-05
9.99459E-05 9.99459E-05 9.99459E-05 0.590203 0.180377 9.99459E-05 9.99459E-05 9.99459E-05 0.22882
9.9964E-05 9.9964E-05 0.728333 0.0669276 0.168399 9.9964E-05 9.9964E-05 0.0226887 0.0132517
0.000985162 0.309794 0.430103 0.22524 9.9964E-05 9.9964E-05 9.9964E-05 0.0334778 9.9964E-05
0.0151474 9.9955E-05 9.9955E-05 0.716247 0.261384 9.9955E-05 9.9955E-05 9.9955E-05 0.00672169
9.9946E-05 9.9946E-05 9.9946E-05 0.968368 0.0150789 9.9946E-05 0.0159533 9.9946E-05 9.9946E-05
0.986432 9.9946E-05 0.00705629 9.9946E-05 9.9946E-05 9.9946E-05 9.9946E-05 0.00591225 9.9946E-05
9.99549E-05 0.0895413 0.53066 9.99549E-05 9.99549E-05 9.99549E-05 0.354349 0.0249494 9.99549E-05
9.99459E-05 9.99459E-05 9.99459E-05 0.665994 0.30411 9.99459E-05 9.99459E-05 9.99459E-05 0.0292967
0.0327925 9.99549E-05 0.528945 0.0519286 9.99549E-05 9.99549E-05 9.99549E-05 0.385834 9.99549E-05
0.00295843 9.9946E-05 0.0415083 0.954934 9.9946E-05 9.9946E-05 9.9946E-05 9.9946E-05 9.9946E-05
9.993E-05 9.993E-05 9.993E-05 9.993E-05 9.993E-05 0.999201 9.993E-05 9.993E-05 9.993E-05
0.0109897 9.9973E-05 0.0654702 0.811668 0.035115 0.00321901 9.9973E-05 9.9973E-05 0.0732386
0.0130793 9.9955E-05 0.288203 0.0987191 9.9955E-05 0.599499 9.9955E-05 9.9955E-05 9.9955E-05
0.0231076 9.9964E-05 9.9964E-05 0.00604372 0.163946 9.9964E-05 0.275304 9.9964E-05 0.531199
9.9964E-05 9.9964E-05 0.0194999 0.956299 9.9964E-05 0.00306405 0.0188019 0.00193538 9.9964E-05
9.9946E-05 0.0143655 9.9946E-05 0.984897 9.9946E-05 0.000138254 9.9946E-05 9.9946E-05 9.9946E-05
9.9973E-05 0.377461 0.115252 0.109934 9.9973E-05 0.0193992 0.359996 0.0176579 9.9973E-05
0.00293827 0.0410755 0.0541462 0.896669 9.9973E-05 0.000761084 9.9973E-05 0.00411045 9.9973E-05
9.99461E-05 9.99461E-05 9.99461E-05 9.99461E-05 9.99461E-05 9.99461E-05 0.0237703 0.968182 0.00744776
9.9937E-05 9.9937E-05 9.9937E-05 0.991887 9.9937E-05 9.9937E-05 9.9937E-05 0.00741374 9.9937E-05
9.993E-05 9.993E-05 9.993E-05 9.993E-05 9.993E-05 0.999201 9.993E-05 9.993E-05 9.993E-05
9.9937E-05 9.9937E-05 9.9937E-05 0.996984 9.9937E-05 9.9937E-05 9.9937E-05 9.9937E-05 0.00231657
9.9982E-05 0.0343792 0.0629249 0.0286964 0.314648 9.9982E-05 0.057911 0.0182586 0.482982
0.0132944 0.0867604 9.9982E-05 0.240401 0.161487 0.0151901 0.0176609 9.9982E-05 0.465006
9.9964E-05 0.356102 0.305824 9.9964E-05 0.0166537 9.9964E-05 0.0768946 9.9964E-05 0.244125
0.0132305 0.479047 9.9964E-05 0.306876 0.18524 0.0152075 9.9964E-05 9.9964E-05 9.9964E-05
0.0510671 0.521025 0.187073 0.157822 9.9973E-05 9.9973E-05 9.9973E-05 0.0139572 0.0687558
0.00340348 9.9946E-05 9.9946E-05 0.995719 9.9946E-05 9.9946E-05 0.000277419 9.9946E-05 9.9946E-05
9.9964E-05 9.9964E-05 9.9964E-05 0.259316 0.396878 9.9964E-05 0.0973151 0.0376246 0.208467
9.9955E-05 9.9955E-05 9.9955E-05 0.87129 0.0798859 9.9955E-05 9.9955E-05 0.00349546 0.0448288
0.0243671 0.109666 0.128562 0.110353 9.9973E-05 9.9973E-05 9.9973E-05 0.0561582 0.570594
9.9982E-05 9.9982E-05 0.133055 0.061925 0.0609521 0.00343874 0.705 0.00542311 0.030007
9.9964E-05 9.9964E-05 0.0246036 0.816378 9.9964E-05 0.0131485 9.9964E-05 0.00756815 0.137902
0.00488865 9.99549E-05 9.99549E-05 0.371869 0.377829 9.99549E-05 9.99549E-05 9.99549E-05 0.244914
0.0102833 9.99549E-05 9.99549E-05 0.667446 0.298158 9.99549E-05 9.99549E-05 9.99549E-05 0.0236131
9.9946E-05 9.9946E-05 0.030283 0.919531 9.9946E-05 9.9946E-05 0.0495864 9.9946E-05 9.9946E-05
0.00379203 9.9964E-05 0.628355 0.320029 9.9964E-05 0.00335801 9.9964E-05 0.044067 9.9964E-05
0.00615116 0.167357 9.9973E-05 0.248242 0.172488 0.00223681 9.9973E-05 9.9973E-05 0.403225
9.9973E-05 0.0379926 0.220438 0.290839 0.070194 0.0163565 9.9973E-05 9.9973E-05 0.363881
0.0109443 0.0107463 0.00810295 9.9982E-05 9.9982E-05 0.890838 0.0266151 0.0360645 0.016489
9.9955E-05 0.0514569 0.0265033 0.909691 9.9955E-05 9.9955E-05 9.9955E-05 0.0118487 9.9955E-05
9.9946E-05 0.0093132 0.00678156 0.983306 9.9946E-05 9.9946E-05 9.9946E-05 9.9946E-05 9.9946E-05
9.9946E-05 9.9946E-05 9.9946E-05 0.839033 9.9946E-05 0.00820592 9.9946E-05 9.9946E-05 0.152162
9.99369E-05 9.99369E-05 9.99369E-05 0.0496357 9.99369E-05 9.99369E-05 9.99369E-05 0.949665 9.99369E-05
9.99638E-05 9.99638E-05 0.0104034 0.657301 9.99638E-05 0.00813211 9.99638E-05 9.99638E-05 0.323664
9.9946E-05 0.815111 9.9946E-05 0.163898 9.9946E-05 9.9946E-05 9.9946E-05 9.9946E-05 0.020392
0.00362856 0.0173718 9.9982E-05 0.314065 0.321311 9.9982E-05 0.132534 0.0141463 0.196743
0.00548374 9.9955E-05 0.0206718 0.970984 9.9955E-05 0.00236034 9.9955E-05 9.9955E-05 9.9955E-05
9.9973E-05 0.0328984 0.0399846 0.840098 0.0573759 9.9973E-05 0.0228347 0.00650886 9.9973E-05
9.9937E-05 9.9937E-05 9.9937E-05 0.997946 9.9937E-05 9.9937E-05 0.00135402 9.9937E-05 9.9937E-05
0.00741315 0.811718 9.9955E-05 0.164512 9.9955E-05 9.9955E-05 0.0158579 9.9955E-05 9.9955E-05
0.0361842 0.0387166 0.121334 0.0121512 9.9973E-05 0.770221 9.9973E-05 0.0210939 9.9973E-05
9.9955E-05 0.75238 0.0711647 0.0594312 9.9955E-05 9.9955E-05 0.116524 9.9955E-05 9.9955E-05
0.0202262 9.9964E-05 9.9964E-05 0.494042 0.301464 9.9964E-05 0.075581 9.9964E-05 0.108286
0.0138501 9.9946E-05 0.0407381 9.9946E-05 9.9946E-05 0.944812 9.9946E-05 9.9946E-05 9.9946E-05
9.9973E-05 0.0124367 0.0237378 0.524969 9.9973E-05 0.0113583 9.9973E-05 0.02548 0.401718
9.99549E-05 9.99549E-05 9.99549E-05 0.214737 0.169169 9.99549E-05 0.234414 9.99549E-05 0.38118
0.00382046 0.0179445 0.0563776 0.894205 9.9973E-05 9.9973E-05 0.00763394 0.0197185 9.9973E-05
9.9946E-05 0.0184333 9.9946E-05 0.955641 9.9946E-05 9.9946E-05 9.9946E-05 9.9946E-05 0.0253265
0.01375 0.050101 9.9946E-05 0.935549 9.9946E-05 9.9946E-05 9.9946E-05 9.9946E-05 9.9946E-05
9.9955E-05 0.189368 0.0492831 0.422446 9.9955E-05 9.9955E-05 9.9955E-05 9.9955E-05 0.338404
9.99369E-05 9.99369E-05 9.99369E-05 0.0514936 9.99369E-05 9.99369E-05 9.99369E-05 0.947807 9.99369E-05
0.0024657 9.9955E-05 9.9955E-05 0.96223 0.0046394 9.9955E-05 9.9955E-05 9.9955E-05 0.0301652
9.9964E-05 9.9964E-05 0.0460414 0.0830804 0.0917687 9.9964E-05 0.766219 0.0124903 9.9964E-05
9.9955E-05 0.0217675 9.9955E-05 0.358 0.499407 9.9955E-05 9.9955E-05 9.9955E-05 0.120326
9.99459E-05 9.99459E-05 9.99459E-05 0.0302854 9.99459E-05 0.0159731 9.99459E-05 0.953142 9.99459E-05
9.9964E-05 0.396367 9.9964E-05 0.118601 0.00758788 9.9964E-05 0.467513 0.00953055 9.9964E-05
9.9946E-05 9.9946E-05 0.879204 0.034346 9.9946E-05 9.9946E-05 9.9946E-05 9.9946E-05 0.0858499
9.9973E-05 9.9973E-05 0.268943 0.0328593 0.311127 9.9973E-05 0.0866944 0.0263471 0.273729
9.9946E-05 9.9946E-05 9.9946E-05 0.0819468 0.00952004 9.9946E-05 9.9946E-05 0.907934 9.9946E-05
9.995E-05 9.995E-05 9.995E-05 0.416501 0.459907 9.995E-05 0.0469774 9.995E-05 0.0761143
9.993E-05 9.993E-05 9.993E-05 9.993E-05 9.993E-05 0.999201 9.993E-05 9.993E-05 9.993E-05
0.00502442 9.99639E-05 9.99639E-05 0.497412 0.405873 0.00512401 9.99639E-05 9.99639E-05 0.0861672
0.00727527 9.9955E-05 9.9955E-05 0.868318 0.0409 9.9955E-05 9.9955E-05 9.9955E-05 0.0830067
9.993E-05 9.993E-05 9.993E-05 9.993E-05 9.993E-05 0.999201 9.993E-05 9.993E-05 9.993E-05
9.9937E-05 9.9937E-05 9.9937E-05 0.84919 0.15011 9.9937E-05 9.9937E-05 9.9937E-05 9.9937E-05
0.894874 0.0286661 9.9982E-05 0.000719355 9.9982E-05 0.0123076 0.0163279 0.0273576 0.0195474
0.00178731 9.9964E-05 0.0582298 0.0328209 0.0653042 9.9964E-05 9.9964E-05 9.9964E-05 0.841458
9.9955E-05 9.9955E-05 0.0321135 0.914153 0.0250295 9.9955E-05 9.9955E-05 0.0282044 9.9955E-05
9.9964E-05 0.270104 0.308303 0.111336 9.9964E-05 9.9964E-05 0.252983 0.056874 9.9964E-05
9.9982E-05 0.0143047 0.0271372 0.683325 0.177843 0.00995881 0.0342273 9.9982E-05 0.0530044
0.0198812 9.9946E-05 0.0703408 9.9946E-05 9.9946E-05 0.909178 9.9946E-05 9.9946E-05 9.9946E-05
9.9973E-05 0.0919577 9.9973E-05 0.17133 0.102642 0.0101408 0.0327808 9.9973E-05 0.590849
