9.9982E-05 9.9982E-05 0.19117 0.80863
9.9982E-05 0.00820169 9.9982E-05 0.991598
0.0145539 9.9982E-05 9.9982E-05 0.985246
9.999E-05 0.00998402 0.211002 0.778914
0.0832285 0.0198531 0.502876 0.394042
0.132248 0.129666 0.293209 0.444877
0.0796777 0.01311 0.561845 0.345368
0.038565 0.04214 0.621825 0.29747
0.00900792 0.0212114 9.9991E-05 0.969681
9.9982E-05 9.9982E-05 0.105885 0.893915
9.9982E-05 9.9982E-05 0.558575 0.441225
0.011204 9.9991E-05 0.679003 0.309693
9.9982E-05 9.9982E-05 0.563384 0.436416
0.136989 0.158399 0.299609 0.405004
9.9982E-05 9.9982E-05 0.252968 0.746832
0.0354168 0.0446907 0.279407 0.640486
9.9982E-05 9.9982E-05 0.628714 0.371086
0.166408 0.469559 9.9991E-05 0.363933
9.9982E-05 0.0179452 9.9982E-05 0.981855
0.0588887 0.0779156 0.556555 0.306641
0.0073367 9.9991E-05 0.0114861 0.981077
9.9982E-05 9.9982E-05 0.592698 0.407102
9.9982E-05 9.9982E-05 0.518733 0.481067
0.908911 9.9982E-05 0.0908894 9.9982E-05
0.0871533 0.0792305 0.421276 0.41234
9.9982E-05 9.9982E-05 0.484306 0.515494
0.00264206 0.0305697 0.571609 0.39518
0.00134282 0.00086202 0.0103756 0.98742
9.9982E-05 9.9982E-05 0.0957189 0.904081
9.998E-05 9.998E-05 9.998E-05 0.9997
0.121505 0.1067 0.356136 0.41566
9.9982E-05 0.0138932 9.9982E-05 0.985907
0.00633909 9.9982E-05 9.9982E-05 0.993461
0.0967334 0.118698 0.367595 0.416973
0.010005 9.9982E-05 9.9982E-05 0.989795
9.9991E-05 0.0658848 0.53682 0.397195
9.9982E-05 9.9982E-05 0.235039 0.764761
0.0269977 0.0337335 0.682409 0.25686
0.0927751 0.0855794 0.622279 0.199366
0.0450148 9.9991E-05 0.557254 0.397631
0.120314 0.119218 0.383731 0.376737
0.019105 0.0142678 9.9991E-05 0.966527
9.9982E-05 9.9982E-05 0.0934587 0.906341
9.9982E-05 9.9982E-05 0.0892805 0.91052
0.0101014 0.0233842 0.111644 0.85487
0.124583 0.839664 9.9991E-05 0.0356531
9.9991E-05 0.00514565 0.0624161 0.932338
9.9982E-05 9.9982E-05 0.019544 0.980256
0.11736 0.856792 9.9991E-05 0.0257481
9.9982E-05 9.9982E-05 0.184568 0.815232
9.9982E-05 9.9982E-05 0.408995 0.590805
9.9982E-05 9.9982E-05 0.146992 0.852808
9.9982E-05 9.9982E-05 0.27654 0.723261
0.118331 0.132386 0.0198122 0.729471
0.0636453 9.9991E-05 0.433716 0.502538
0.081771 0.0567643 9.9991E-05 0.861365
9.9982E-05 9.9982E-05 0.0110537 0.988746
9.9982E-05 0.0105679 9.9982E-05 0.989232
0.00166874 0.00466826 0.128285 0.865378
9.9982E-05 9.9982E-05 0.113794 0.886006
9.998E-05 9.998E-05 9.998E-05 0.9997
0.885995 0.000391938 0.102635 0.0109783
0.00712272 0.00440275 9.9991E-05 0.988375
0.0381381 0.0327203 0.423397 0.505744
0.00388289 0.00357714 0.0035922 0.988948
0.00130637 0.0107819 9.9991E-05 0.987812
9.9982E-05 9.9982E-05 0.197703 0.802097
9.9982E-05 9.9982E-05 0.218164 0.781636
0.0140594 9.9991E-05 0.645546 0.340295
0.126251 0.864 9.9991E-05 0.00964959
0.028434 0.00511273 0.514924 0.451529
0.057843 0.0570678 9.9991E-05 0.884989
0.0021811 0.00866461 0.0713195 0.917835
0.050452 9.9982E-05 9.9982E-05 0.949348
0.00191506 0.00648671 9.9991E-05 0.991498
9.9982E-05 0.0459254 9.9982E-05 0.953875
9.9982E-05 0.0040271 9.9982E-05 0.995773
0.0290182 9.9991E-05 0.578096 0.392786
9.9982E-05 9.9982E-05 0.00555922 0.994241
0.734491 0.0446809 0.149812 0.0710162
9.9982E-05 9.9982E-05 0.266303 0.733497
0.00343683 0.00872924 0.0112682 0.976566
0.197145 0.480841 0.077507 0.244507
0.130134 0.159629 0.027449 0.682788
0.00448016 0.0438037 0.385941 0.565775
9.9991E-05 0.013488 0.0771928 0.909219
0.0323298 9.9982E-05 9.9982E-05 0.96747
9.998E-05 0.9997 9.998E-05 9.998E-05
9.9982E-05 9.9982E-05 0.271845 0.727955
9.9982E-05 9.9982E-05 0.250297 0.749504
9.9982E-05 9.9982E-05 0.594551 0.405249
9.9982E-05 9.9982E-05 0.626883 0.372917
9.9982E-05 9.9982E-05 0.673588 0.326212
0.00594343 9.9982E-05 9.9982E-05 0.993857
9.9982E-05 9.9982E-05 0.249254 0.750546
9.9982E-05 9.9982E-05 0.0370657 0.962734
9.9982E-05 9.9982E-05 0.40598 0.59382
0.122499 0.142714 0.337753 0.397033
0.0167971 0.00723961 9.9991E-05 0.975863
0.0705527 9.9991E-05 0.508483 0.420864
9.9991E-05 0.0152197 0.470662 0.514018
0.899857 0.000753432 0.0992897 9.9991E-05
9.9982E-05 9.9982E-05 0.233823 0.765977
9.9982E-05 9.9982E-05 0.00270379 0.997096
9.998E-05 9.998E-05 9.998E-05 0.9997
9.9982E-05 9.9982E-05 0.706745 0.293055
0.123158 0.835431 9.9991E-05 0.0413113
9.9982E-05 9.9982E-05 0.746834 0.252966
0.0209952 9.9991E-05 0.0816348 0.89727
0.0244621 0.00672676 9.9991E-05 0.968711
9.9982E-05 9.9982E-05 0.652214 0.347586
0.115477 0.865144 9.9991E-05 0.019279
0.745371 0.0855215 0.0676793 0.101428
9.9982E-05 9.9982E-05 0.229265 0.770535
9.9982E-05 9.9982E-05 0.095823 0.903977
9.9982E-05 9.9982E-05 0.56999 0.42981
0.0352362 0.00244654 9.9991E-05 0.962217
0.0678525 0.0922464 0.568465 0.271436
0.252178 0.564652 0.0444301 0.138741
0.0393863 9.9991E-05 0.0206588 0.939855
9.9982E-05 9.9982E-05 0.311149 0.688651
0.9997 9.998E-05 9.998E-05 9.998E-05
9.9982E-05 9.9982E-05 0.0577009 0.942099
9.9982E-05 9.9982E-05 0.364391 0.635409
9.9982E-05 9.9982E-05 0.0586873 0.941113
9.9991E-05 0.0153181 0.577854 0.406728
9.9991E-05 0.00570483 0.571259 0.422936
0.0376293 0.0172556 0.54984 0.395275
0.0462645 0.100437 0.528032 0.325266
9.9982E-05 9.9982E-05 0.232348 0.767452
0.00398586 9.9991E-05 0.0210615 0.974853
0.0106941 0.00231431 0.150293 0.836699
0.149 0.794367 9.9991E-05 0.056533
0.0492342 9.9991E-05 0.00759464 0.943071
0.145892 0.832096 0.00546123 0.0165517
9.9982E-05 9.9982E-05 0.185317 0.814483
0.961023 9.99819E-05 9.99819E-05 0.0387769
9.9982E-05 9.9982E-05 0.739149 0.260652
0.00930154 0.0231175 0.663117 0.304464
0.0330676 0.0183418 0.651724 0.296866
9.9982E-05 9.9982E-05 0.281002 0.718798
0.0312817 0.047648 0.497295 0.423775
0.00782929 9.9982E-05 9.9982E-05 0.991971
9.9982E-05 9.9982E-05 0.389066 0.610734
0.145256 0.151812 0.119642 0.58329
0.00693453 0.0155059 0.133771 0.843788
0.000540266 0.0158853 0.0671553 0.916419
0.993854 9.9982E-05 9.9982E-05 0.00594604
0.166608 0.109529 0.365167 0.358697
0.994567 9.9982E-05 0.00523306 9.9982E-05
9.9982E-05 9.9982E-05 0.172575 0.827225
0.172481 0.112293 0.249027 0.466199
0.160838 0.129068 0.212059 0.498035
9.9991E-05 0.00402914 0.133112 0.862759
9.998E-05 9.998E-05 9.998E-05 0.9997
0.165239 0.82133 9.9991E-05 0.0133304
0.16569 0.103406 0.450249 0.280656
9.9982E-05 9.9982E-05 0.163277 0.836523
0.514051 0.127594 0.0156919 0.342663
0.00843101 0.0110111 9.9991E-05 0.980458
9.998E-05 0.9997 9.998E-05 9.998E-05
9.9991E-05 0.0200202 0.0447334 0.935146
0.00828512 0.716913 0.0220924 0.25271
0.00161896 9.9991E-05 0.647969 0.350312
0.0163283 0.00505654 9.9991E-05 0.978515
9.998E-05 9.998E-05 9.998E-05 0.9997
0.0891167 0.110816 0.509853 0.290214
0.0259385 0.0209855 9.9991E-05 0.952976
0.970123 9.9982E-05 0.029677 9.9982E-05
0.00452139 9.9982E-05 9.9982E-05 0.995279
9.998E-05 0.9997 9.998E-05 9.998E-05
9.998E-05 9.998E-05 9.998E-05 0.9997
0.0271466 9.9991E-05 0.598957 0.373797
9.9991E-05 0.0273844 0.458512 0.514004
0.105456 0.0741522 0.510348 0.310044
0.0711078 0.0945191 0.366029 0.468345
0.117037 0.146955 0.349502 0.386506
9.998E-05 9.998E-05 9.998E-05 0.9997
0.0145717 9.9991E-05 0.448506 0.536822
9.9982E-05 9.9982E-05 0.0167727 0.983027
0.0932984 0.0456106 0.419375 0.441716
0.0407314 0.0304028 0.656911 0.271955
0.0281763 0.00671669 0.0321215 0.932985
9.9982E-05 9.9982E-05 0.326415 0.673385
0.00571272 9.9991E-05 0.134819 0.859369
0.0197709 0.000687608 0.00488262 0.974659
0.173476 0.131894 0.0776399 0.616991
0.0128998 0.0198072 0.443562 0.523731
0.0397471 0.0529286 0.327107 0.580217
9.9982E-05 0.950804 0.0489963 9.9982E-05
0.0311094 0.00758844 9.9991E-05 0.961202
9.998E-05 9.998E-05 9.998E-05 0.9997
9.9991E-05 0.0165318 0.050048 0.93332
0.986184 9.99819E-05 9.99819E-05 0.0136159
0.00883538 9.9991E-05 0.154701 0.836364
0.113761 0.0987818 0.437976 0.349481
0.0030427 9.9991E-05 0.414372 0.582485
0.00463672 0.0123793 9.9991E-05 0.982884
0.0199856 0.00912514 0.0623907 0.908498
0.00243214 9.9982E-05 9.9982E-05 0.997368
0.0955845 0.0991547 0.46126 0.344001
0.0138069 0.867218 0.0367677 0.0822073
0.100284 0.116792 0.510568 0.272356
9.9982E-05 9.9982E-05 0.309393 0.690407
9.998E-05 0.9997 9.998E-05 9.998E-05
0.0392405 0.00420483 0.213134 0.743421
9.9982E-05 9.9982E-05 0.519363 0.480437
0.0393972 0.0227693 9.9991E-05 0.937734
9.9982E-05 0.00937885 9.9982E-05 0.990421
0.00724439 0.0230024 9.9991E-05 0.969653
0.0332085 0.0193532 0.290287 0.657151
0.967974 9.9982E-05 9.9982E-05 0.0318259
9.998E-05 9.998E-05 9.998E-05 0.9997
0.0324736 9.9991E-05 0.671287 0.29614
9.9982E-05 9.9982E-05 0.363194 0.636606
0.992079 9.9982E-05 9.9982E-05 0.00772148
0.068743 0.0456937 0.607106 0.278457
0.126683 0.177371 0.217749 0.478196
0.0650447 0.012089 0.519652 0.403215
0.932394 9.9982E-05 9.9982E-05 0.0674057
9.9982E-05 9.9982E-05 0.333969 0.665831
9.998E-05 0.9997 9.998E-05 9.998E-05
9.9982E-05 9.9982E-05 0.28171 0.71809
9.9991E-05 0.00702236 0.0117164 0.981161
9.998E-05 0.9997 9.998E-05 9.998E-05
9.9982E-05 9.9982E-05 0.0403513 0.959449
0.163764 0.773406 9.9991E-05 0.06273
9.9982E-05 9.9982E-05 0.566064 0.433736
0.0287878 9.9982E-05 9.9982E-05 0.971012
0.167272 0.0916512 0.414902 0.326175
9.9991E-05 0.0060906 0.169835 0.823974
9.9982E-05 0.990043 9.9982E-05 0.00975693
0.0040353 0.000642658 0.522154 0.473168
