0.316574 9.9946E-05 9.9946E-05 9.9946E-05 9.9946E-05 0.0764822 9.9946E-05 0.594218 0.0121259 9.9946E-05
9.9937E-05 9.9937E-05 9.9937E-05 9.9937E-05 9.9937E-05 9.9937E-05 0.0437837 0.954478 0.00103917 9.9937E-05
0.0594682 0.00646003 9.9937E-05 9.9937E-05 9.9937E-05 9.9937E-05 9.9937E-05 0.933372 9.9937E-05 9.9937E-05
0.355587 9.9973E-05 9.9973E-05 0.0478401 0.00635344 9.9973E-05 0.0324443 0.530888 0.014109 0.0124792
0.410135 0.0274874 0.0216972 0.444062 9.9955E-05 9.9955E-05 9.9955E-05 0.0961178 9.9955E-05 9.9955E-05
0.0692909 9.9946E-05 9.9946E-05 0.21848 9.9946E-05 9.9946E-05 0.585694 0.125935 9.9946E-05 9.9946E-05
9.9955E-05 9.9955E-05 0.122175 0.379864 9.9955E-05 0.283296 9.9955E-05 0.137673 9.9955E-05 0.0764922
0.386026 9.9955E-05 0.044141 0.120055 9.9955E-05 9.9955E-05 0.205007 9.9955E-05 9.9955E-05 0.244272
0.0619646 0.00162801 9.9973E-05 9.9973E-05 0.00959126 9.9973E-05 0.010268 0.892459 0.015474 0.00831501
0.295846 9.9928E-05 9.9928E-05 9.9928E-05 9.9928E-05 9.9928E-05 9.9928E-05 0.703354 9.9928E-05 9.9928E-05
0.412665 0.00347984 0.112738 9.9973E-05 9.9973E-05 0.132497 9.9973E-05 0.132154 0.0180306 0.188136
0.280993 9.9946E-05 0.035878 9.9946E-05 9.9946E-05 0.675938 9.9946E-05 9.9946E-05 0.00659142 9.9946E-05
0.469227 9.9955E-05 9.9955E-05 0.0610853 9.9955E-05 0.167132 9.9955E-05 0.142259 9.9955E-05 0.159796
0.031793 9.99459E-05 9.99459E-05 0.0669632 9.99459E-05 9.99459E-05 0.850888 9.99459E-05 9.99459E-05 0.0497558
0.567873 9.9946E-05 9.9946E-05 9.9946E-05 0.00158275 9.9946E-05 9.9946E-05 0.418966 0.0109787 9.9946E-05
0.0606398 9.9982E-05 0.0268395 0.108888 0.00849849 0.166065 0.168232 0.45846 0.00217715 9.9982E-05
0.112584 9.9946E-05 0.784384 9.9946E-05 9.9946E-05 9.9946E-05 9.9946E-05 0.0833535 9.9946E-05 0.0190786
9.9946E-05 9.9946E-05 9.9946E-05 9.9946E-05 0.00534047 9.9946E-05 0.431352 0.126954 0.435754 9.9946E-05
9.9937E-05 9.9937E-05 9.9937E-05 0.0187547 0.000431887 9.9937E-05 9.9937E-05 0.980114 9.9937E-05 9.9937E-05
9.9955E-05 0.0421295 9.9955E-05 0.362313 0.0216197 9.9955E-05 9.9955E-05 0.107215 9.9955E-05 0.466222
0.102743 0.00017152 0.0150033 0.0152557 9.9955E-05 9.9955E-05 9.9955E-05 0.866327 9.9955E-05 9.9955E-05
0.317785 9.9946E-05 9.9946E-05 9.9946E-05 9.9946E-05 0.491691 9.9946E-05 0.0981288 9.9946E-05 0.0917957
0.442009 0.0187519 9.9964E-05 9.9964E-05 0.00105463 0.353311 0.00765019 0.176823 9.9964E-05 9.9964E-05
0.0537314 0.880158 9.9955E-05 9.9955E-05 9.9955E-05 9.9955E-05 0.0135959 9.9955E-05 0.00737506 0.0446397
0.402973 0.0207454 9.9955E-05 9.9955E-05 9.9955E-05 0.0662591 9.9955E-05 0.220347 9.9955E-05 0.289176
0.0937903 9.9973E-05 9.9973E-05 0.19085 0.00284558 0.0728918 0.0088628 0.175914 9.9973E-05 0.454546
0.145137 9.9937E-05 9.9937E-05 9.9937E-05 9.9937E-05 9.9937E-05 9.9937E-05 0.84886 0.00530374 9.9937E-05
0.275308 9.9928E-05 9.9928E-05 9.9928E-05 9.9928E-05 9.9928E-05 9.9928E-05 0.723893 9.9928E-05 9.9928E-05
0.0387986 9.9928E-05 9.9928E-05 9.9928E-05 9.9928E-05 9.9928E-05 9.9928E-05 0.960402 9.9928E-05 9.9928E-05
0.0238057 9.9937E-05 9.9937E-05 9.9937E-05 9.9937E-05 0.28394 0.691555 9.9937E-05 9.9937E-05 9.9937E-05
9.9946E-05 9.9946E-05 9.9946E-05 0.00502672 9.9946E-05 0.0232707 0.0155631 0.95554 9.9946E-05 9.9946E-05
9.9946E-05 9.9946E-05 9.9946E-05 0.0068406 9.9946E-05 0.00806427 9.9946E-05 0.980534 9.9946E-05 0.00396158
9.9955E-05 9.9955E-05 9.9955E-05 0.523197 0.00424473 9.9955E-05 0.196844 0.183648 9.9955E-05 0.0915664
9.9946E-05 0.00514238 0.00944976 9.9946E-05 9.9946E-05 9.9946E-05 0.0112655 0.973543 9.9946E-05 9.9946E-05
0.0873375 9.9973E-05 0.382276 0.177296 0.00767211 0.156653 0.00776251 0.180703 9.9973E-05 9.9973E-05
0.537129 9.9928E-05 9.9928E-05 9.9928E-05 9.9928E-05 9.9928E-05 9.9928E-05 0.462071 9.9928E-05 9.9928E-05
0.107647 9.99459E-05 0.76083 9.99459E-05 0.00857899 0.122345 9.99459E-05 9.99459E-05 9.99459E-05 9.99459E-05
9.99459E-05 0.0208645 9.99459E-05 0.512386 9.99459E-05 9.99459E-05 0.0645691 9.99459E-05 9.99459E-05 0.40158
0.519493 0.0493389 9.9973E-05 0.000106996 0.00110174 0.347215 0.0506281 0.0318163 9.9973E-05 9.9973E-05
0.0274703 0.0159042 9.9982E-05 0.52365 0.00706256 0.0681961 0.234907 0.118787 0.00382307 9.9982E-05
9.9955E-05 0.0140119 9.9955E-05 0.00822734 0.00754774 9.9955E-05 9.9955E-05 0.962167 9.9955E-05 0.00754668
0.183137 9.9937E-05 9.9937E-05 9.9937E-05 9.9937E-05 0.0574641 9.9937E-05 0.7587 9.9937E-05 9.9937E-05
0.297444 0.00319489 9.9964E-05 9.9964E-05 0.00545609 9.9964E-05 0.00447089 0.683746 0.00528905 9.9964E-05
0.223745 9.9964E-05 9.9964E-05 0.074533 9.9964E-05 0.0181289 0.00951666 0.645084 0.0285922 9.9964E-05
9.99201E-05 9.99201E-05 9.99201E-05 9.99201E-05 9.99201E-05 9.99201E-05 9.99201E-05 9.99201E-05 0.999101 9.99201E-05
9.9955E-05 9.9955E-05 0.0255204 0.0177897 9.9955E-05 0.0469824 9.9955E-05 0.865212 9.9955E-05 0.043996
0.175798 9.9946E-05 9.9946E-05 9.9946E-05 0.00483792 9.9946E-05 9.9946E-05 0.818309 0.000454857 9.9946E-05
9.99201E-05 9.99201E-05 9.99201E-05 9.99201E-05 9.99201E-05 9.99201E-05 9.99201E-05 9.99201E-05 0.999101 9.99201E-05
0.484826 9.99279E-05 9.99279E-05 9.99279E-05 9.99279E-05 9.99279E-05 9.99279E-05 0.514374 9.99279E-05 9.99279E-05
0.466346 9.9973E-05 0.0764126 9.9973E-05 0.00282926 0.0609049 0.0189213 0.286719 9.9973E-05 0.0875665
0.380372 9.9928E-05 9.9928E-05 9.9928E-05 9.9928E-05 9.9928E-05 9.9928E-05 0.618829 9.9928E-05 9.9928E-05
0.452018 9.9946E-05 9.9946E-05 0.0152688 9.9946E-05 0.0865801 9.9946E-05 0.445533 9.9946E-05 9.9946E-05
9.99459E-05 0.00418865 9.99459E-05 9.99459E-05 9.99459E-05 9.99459E-05 0.518837 0.456984 0.0193903 9.99459E-05
0.448014 0.0452134 0.000810482 0.101002 9.9973E-05 0.113511 0.126849 0.164301 9.9973E-05 9.9973E-05
9.99459E-05 0.0319526 9.99459E-05 9.99459E-05 0.00367016 9.99459E-05 0.235208 0.72857 9.99459E-05 9.99459E-05
0.11392 9.9937E-05 9.9937E-05 9.9937E-05 9.9937E-05 9.9937E-05 9.9937E-05 0.88141 0.00397077 9.9937E-05
9.9937E-05 9.9937E-05 9.9937E-05 9.9937E-05 9.9937E-05 0.039353 9.9937E-05 0.952971 0.00697614 9.9937E-05
0.276199 9.9946E-05 9.9946E-05 9.9946E-05 9.9946E-05 0.0491027 9.9946E-05 0.659631 0.0144676 9.9946E-05
0.31511 9.9928E-05 9.9928E-05 9.9928E-05 9.9928E-05 9.9928E-05 9.9928E-05 0.68409 9.9928E-05 9.9928E-05
0.0650394 9.9937E-05 9.9937E-05 9.9937E-05 9.9937E-05 9.9937E-05 0.00523654 0.929024 9.9937E-05 9.9937E-05
9.99461E-05 0.858613 0.100723 9.99461E-05 0.00912887 9.99461E-05 0.0309354 9.99461E-05 9.99461E-05 9.99461E-05
9.9955E-05 0.00674498 9.9955E-05 9.9955E-05 0.0144818 0.00542579 9.9955E-05 0.949785 9.9955E-05 0.0230627
0.494181 0.0190229 0.0878002 9.9973E-05 0.0127502 0.0532129 0.199879 0.132853 9.9973E-05 9.9973E-05
0.017304 9.9946E-05 0.0253001 9.9946E-05 9.9946E-05 9.9946E-05 9.9946E-05 0.946251 0.010545 9.9946E-05
9.9946E-05 9.9946E-05 9.9946E-05 0.00458606 0.0026096 9.9946E-05 9.9946E-05 0.983886 9.9946E-05 0.00831884
0.409833 9.9955E-05 0.0127008 0.00247569 9.9955E-05 9.9955E-05 9.9955E-05 0.569138 0.00535264 9.9955E-05
0.411821 9.9946E-05 9.9946E-05 9.9946E-05 9.9946E-05 0.00580836 9.9946E-05 0.560871 9.9946E-05 0.0209006
9.99369E-05 9.99369E-05 9.99369E-05 9.99369E-05 9.99369E-05 0.911052 9.99369E-05 0.0599959 9.99369E-05 0.0282524
9.99201E-05 9.99201E-05 9.99201E-05 9.99201E-05 9.99201E-05 9.99201E-05 9.99201E-05 9.99201E-05 0.999101 9.99201E-05
0.496586 0.0136372 9.9964E-05 0.285079 9.9964E-05 9.9964E-05 0.0114081 0.098496 9.9964E-05 0.0943941
9.99549E-05 0.0203564 9.99549E-05 9.99549E-05 0.0152779 9.99549E-05 0.174032 0.780322 0.00951218 9.99549E-05
0.227873 0.014171 9.9955E-05 9.9955E-05 0.00314082 9.9955E-05 9.9955E-05 0.747519 0.0067966 9.9955E-05
9.9946E-05 0.0276517 9.9946E-05 9.9946E-05 9.9946E-05 0.00473459 0.03058 0.936434 9.9946E-05 9.9946E-05
9.9955E-05 0.00831502 9.9955E-05 9.9955E-05 0.0055633 0.0110902 9.9955E-05 0.970924 9.9955E-05 0.00360794
9.9955E-05 9.9955E-05 9.9955E-05 0.0040455 9.9955E-05 0.0107458 0.0436824 0.906129 0.0348973 9.9955E-05
0.0449776 9.9946E-05 9.9946E-05 9.9946E-05 0.0002534 9.9946E-05 9.9946E-05 0.943518 9.9946E-05 0.0106518
0.139205 9.9964E-05 9.9964E-05 0.106607 9.9964E-05 0.14827 0.116582 0.101899 9.9964E-05 0.387038
0.038399 9.9937E-05 9.9937E-05 9.9937E-05 9.9937E-05 9.9937E-05 9.9937E-05 0.92029 9.9937E-05 0.0406115
9.9955E-05 0.673823 0.107444 9.9955E-05 9.9955E-05 0.0131272 0.196577 9.9955E-05 0.00852893 9.9955E-05
0.506207 0.010727 9.9964E-05 9.9964E-05 9.9964E-05 9.9964E-05 0.0148444 0.464432 0.00076099 0.00262837
0.111824 9.9937E-05 9.9937E-05 9.9937E-05 9.9937E-05 9.9937E-05 9.9937E-05 0.885315 0.00216165 9.9937E-05
9.9964E-05 0.0566417 9.9964E-05 9.9964E-05 0.0490586 9.9964E-05 0.475644 0.0228254 0.371255 0.0241757
9.9946E-05 0.000295349 9.9946E-05 9.9946E-05 9.9946E-05 9.9946E-05 0.630545 0.342079 0.0264811 9.9946E-05
0.388848 9.9946E-05 9.9946E-05 0.231688 9.9946E-05 9.9946E-05 0.127631 0.251234 9.9946E-05 9.9946E-05
0.218544 9.9955E-05 9.9955E-05 9.9955E-05 0.0020346 9.9955E-05 0.0481263 0.726037 0.00475837 9.9955E-05
9.9946E-05 0.0175531 9.9946E-05 9.9946E-05 9.9946E-05 0.0322009 0.0256607 0.923986 9.9946E-05 9.9946E-05
9.99201E-05 9.99201E-05 9.99201E-05 9.99201E-05 0.999101 9.99201E-05 9.99201E-05 9.99201E-05 9.99201E-05 9.99201E-05
0.499193 9.99549E-05 9.99549E-05 9.99549E-05 9.99549E-05 0.0466925 9.99549E-05 0.443651 0.00305182 0.00691122
0.521785 9.99369E-05 9.99369E-05 9.99369E-05 9.99369E-05 0.0201174 9.99369E-05 0.457398 9.99369E-05 9.99369E-05
0.328562 9.9955E-05 9.9955E-05 0.00204521 9.9955E-05 0.448586 9.9955E-05 0.115152 9.9955E-05 0.105155
0.504526 0.00519881 0.155978 9.9973E-05 0.00916223 0.126638 9.9973E-05 0.0292797 9.9973E-05 0.168919
0.140953 9.9946E-05 9.9946E-05 9.9946E-05 9.9946E-05 0.0816348 9.9946E-05 0.0247856 9.9946E-05 0.752027
9.99547E-05 0.00446189 0.00542585 9.99547E-05 9.99547E-05 9.99547E-05 0.00541411 0.984098 9.99547E-05 9.99547E-05
0.520776 9.9937E-05 0.032153 9.9937E-05 9.9937E-05 9.9937E-05 9.9937E-05 0.446371 9.9937E-05 9.9937E-05
0.154517 9.9928E-05 9.9928E-05 9.9928E-05 9.9928E-05 9.9928E-05 9.9928E-05 0.844683 9.9928E-05 9.9928E-05
0.70589 9.99461E-05 9.99461E-05 9.99461E-05 9.99461E-05 0.0136605 0.0670824 0.212768 9.99461E-05 9.99461E-05
0.0125782 9.9964E-05 9.9964E-05 0.295195 9.9964E-05 0.0519513 0.534884 0.0837512 9.9964E-05 0.02124
9.9946E-05 0.00957034 9.9946E-05 0.0147814 9.9946E-05 9.9946E-05 0.0224625 0.952586 9.9946E-05 9.9946E-05
0.325103 0.044464 0.162707 0.109106 9.9964E-05 0.224978 9.9964E-05 0.133242 9.9964E-05 9.9964E-05
0.561643 9.9964E-05 9.9964E-05 0.155727 0.0126761 0.123531 9.9964E-05 0.129934 0.0160887 9.9964E-05
9.99461E-05 0.842515 9.99461E-05 0.11947 9.99461E-05 9.99461E-05 9.99461E-05 9.99461E-05 0.0153231 0.022092
0.0358318 9.9955E-05 0.0234005 9.9955E-05 9.9955E-05 0.0133673 9.9955E-05 0.925969 0.00093178 9.9955E-05
9.99201E-05 9.99201E-05 9.99201E-05 9.99201E-05 9.99201E-05 9.99201E-05 9.99201E-05 0.999101 9.99201E-05 9.99201E-05
0.298318 9.9964E-05 0.00580537 0.124989 9.9964E-05 0.0856479 9.9964E-05 9.9964E-05 0.00385603 0.480983
9.99201E-05 9.99201E-05 9.99201E-05 9.99201E-05 9.99201E-05 9.99201E-05 9.99201E-05 9.99201E-05 0.999101 9.99201E-05
0.0345947 9.99279E-05 9.99279E-05 9.99279E-05 9.99279E-05 9.99279E-05 9.99279E-05 9.99279E-05 9.99279E-05 0.964606
0.218376 0.0412567 9.9946E-05 9.9946E-05 9.9946E-05 0.0350162 9.9946E-05 0.704751 9.9946E-05 9.9946E-05
9.9955E-05 0.0285502 9.9955E-05 0.00421817 0.00197887 9.9955E-05 0.0324472 0.932306 9.9955E-05 9.9955E-05
0.291111 9.9946E-05 9.9946E-05 9.9946E-05 9.9946E-05 0.510235 9.9946E-05 0.0256682 9.9946E-05 0.172386
9.99201E-05 9.99201E-05 9.99201E-05 9.99201E-05 9.99201E-05 9.99201E-05 9.99201E-05 9.99201E-05 0.999101 9.99201E-05
9.9937E-05 0.611757 9.9937E-05 9.9937E-05 9.9937E-05 9.9937E-05 0.369605 9.9937E-05 0.017939 9.9937E-05
0.176288 9.9946E-05 9.9946E-05 9.9946E-05 9.9946E-05 0.212517 9.9946E-05 0.605546 0.00504926 9.9946E-05
0.339574 9.9928E-05 9.9928E-05 9.9928E-05 9.9928E-05 9.9928E-05 9.9928E-05 0.659627 9.9928E-05 9.9928E-05
0.460999 9.9946E-05 9.9946E-05 9.9946E-05 9.9946E-05 0.323553 9.9946E-05 0.0889243 9.9946E-05 0.125925
9.99281E-05 0.0224335 9.99281E-05 9.99281E-05 9.99281E-05 9.99281E-05 9.99281E-05 0.976767 9.99281E-05 9.99281E-05
0.0222013 9.9964E-05 9.9964E-05 0.224298 9.9964E-05 0.0917752 0.263996 9.9964E-05 0.0244282 0.372902
9.9964E-05 0.125223 0.0174357 9.9964E-05 0.076678 9.9964E-05 0.257331 9.9964E-05 0.500216 0.022717
0.156256 0.0293378 0.0111198 9.9946E-05 9.9946E-05 9.9946E-05 9.9946E-05 0.802687 9.9946E-05 9.9946E-05
0.417336 9.99459E-05 9.99459E-05 9.99459E-05 9.99459E-05 0.0754887 9.99459E-05 0.443472 9.99459E-05 0.0631043
9.9928E-05 0.98178 9.9928E-05 9.9928E-05 9.9928E-05 0.0174208 9.9928E-05 9.9928E-05 9.9928E-05 9.9928E-05
0.138637 9.9955E-05 0.0104359 9.9955E-05 9.9955E-05 9.9955E-05 9.9955E-05 0.806729 0.0108915 0.0328071
0.571391 9.9937E-05 9.9937E-05 9.9937E-05 9.9937E-05 0.148933 9.9937E-05 0.278977 9.9937E-05 9.9937E-05
0.267604 9.9928E-05 9.9928E-05 9.9928E-05 9.9928E-05 9.9928E-05 9.9928E-05 0.731597 9.9928E-05 9.9928E-05
9.99281E-05 9.99281E-05 9.99281E-05 9.99281E-05 9.99281E-05 9.99281E-05 9.99281E-05 0.183386 9.99281E-05 0.815815
0.28161 9.9973E-05 9.9973E-05 0.0790286 9.9973E-05 0.171488 0.0439539 0.147212 0.0093956 0.267011
0.359116 9.9946E-05 0.21326 0.352741 9.9946E-05 9.9946E-05 9.9946E-05 0.0742842 9.9946E-05 9.9946E-05
9.99369E-05 9.99369E-05 0.505916 9.99369E-05 9.99369E-05 9.99369E-05 0.391657 9.99369E-05 9.99369E-05 0.101727
0.489803 0.0237277 9.9937E-05 9.9937E-05 9.9937E-05 9.9937E-05 9.9937E-05 0.485769 9.9937E-05 9.9937E-05
0.168709 9.9937E-05 9.9937E-05 9.9937E-05 9.9937E-05 9.9937E-05 9.9937E-05 0.822525 0.00806674 9.9937E-05
0.406292 0.0113459 9.99459E-05 9.99459E-05 9.99459E-05 9.99459E-05 9.99459E-05 0.558799 0.0229635 9.99459E-05
9.9946E-05 9.9946E-05 9.9946E-05 9.9946E-05 0.0440567 9.9946E-05 0.0770493 9.9946E-05 0.86401 0.0142846
0.015326 0.0183133 9.9955E-05 9.9955E-05 9.9955E-05 0.0372455 0.0720131 0.856602 9.9955E-05 9.9955E-05
9.9946E-05 9.9946E-05 9.9946E-05 0.00730546 0.00992912 0.0250632 9.9946E-05 9.9946E-05 0.957103 9.9946E-05
0.393569 0.0025727 9.9955E-05 9.9955E-05 9.9955E-05 9.9955E-05 0.00231314 0.588624 9.9955E-05 0.0124213
9.99279E-05 0.96209 9.99279E-05 9.99279E-05 9.99279E-05 9.99279E-05 9.99279E-05 0.0371106 9.99279E-05 9.99279E-05
0.293662 9.99459E-05 0.261891 9.99459E-05 9.99459E-05 0.000602754 9.99459E-05 9.99459E-05 9.99459E-05 0.443245
9.9946E-05 9.9946E-05 9.9946E-05 9.9946E-05 9.9946E-05 0.27331 0.108141 0.0333646 9.9946E-05 0.584585
0.0933853 0.0332007 0.0917815 9.9973E-05 0.0249857 0.164427 9.9973E-05 0.0564412 9.9973E-05 0.535479
0.542507 0.0204607 0.0148098 9.9955E-05 9.9955E-05 9.9955E-05 9.9955E-05 0.419498 9.9955E-05 0.00222408
0.226212 0.00586673 0.251706 0.201774 9.9973E-05 0.0960121 9.9973E-05 0.196591 0.0215385 9.9973E-05
0.0729161 9.99281E-05 9.99281E-05 9.99281E-05 9.99281E-05 9.99281E-05 9.99281E-05 0.926284 9.99281E-05 9.99281E-05
0.575993 0.00436986 0.036067 9.9982E-05 9.9982E-05 0.0362334 0.0244717 0.272871 0.00500905 0.0447853
9.99279E-05 9.99279E-05 9.99279E-05 9.99279E-05 9.99279E-05 9.99279E-05 0.780637 0.218564 9.99279E-05 9.99279E-05
0.186281 9.9964E-05 0.0125802 0.113258 0.0092215 9.9964E-05 9.9964E-05 0.664949 0.0133099 9.9964E-05
0.199897 9.9946E-05 9.9946E-05 9.9946E-05 0.00994458 9.9946E-05 0.0498862 0.739673 9.9946E-05 9.9946E-05
9.994E-05 0.939763 9.994E-05 9.994E-05 9.994E-05 9.994E-05 0.0117472 0.0419127 0.00597731 9.994E-05
9.9946E-05 0.0500634 9.9946E-05 0.651969 9.9946E-05 9.9946E-05 0.139779 0.15759 9.9946E-05 9.9946E-05
9.99371E-05 0.984485 9.99371E-05 9.99371E-05 9.99371E-05 0.00644891 9.99371E-05 9.99371E-05 9.99371E-05 0.00836697
0.395907 9.9946E-05 0.000892314 9.9946E-05 9.9946E-05 9.9946E-05 9.9946E-05 0.600891 0.00171016 9.9946E-05
0.140914 0.0402474 0.0305678 0.020661 9.9964E-05 9.9964E-05 0.718331 0.0488794 9.9964E-05 9.9964E-05
9.9955E-05 0.0139139 9.9955E-05 0.156141 9.9955E-05 9.9955E-05 0.600784 0.176147 9.9955E-05 0.0525143
0.288089 9.9955E-05 0.00775487 9.9955E-05 9.9955E-05 9.9955E-05 9.9955E-05 0.668381 0.026182 0.00909358
0.0177631 9.9937E-05 9.9937E-05 9.9937E-05 9.9937E-05 0.0195568 9.9937E-05 0.96198 9.9937E-05 9.9937E-05
9.9928E-05 0.00680217 9.9928E-05 9.9928E-05 9.9928E-05 9.9928E-05 9.9928E-05 9.9928E-05 0.992398 9.9928E-05
9.99549E-05 0.0227331 0.363098 0.102795 9.99549E-05 0.0414237 0.46945 9.99549E-05 9.99549E-05 9.99549E-05
0.389297 9.9928E-05 9.9928E-05 9.9928E-05 9.9928E-05 9.9928E-05 9.9928E-05 0.609904 9.9928E-05 9.9928E-05
9.99459E-05 0.375894 9.99459E-05 9.99459E-05 9.99459E-05 9.99459E-05 0.525095 0.06241 0.0360018 9.99459E-05
9.9964E-05 0.00586321 9.9964E-05 0.0216086 0.00145668 9.9964E-05 0.00863917 0.955826 0.00620658 9.9964E-05
9.99201E-05 9.99201E-05 9.99201E-05 9.99201E-05 0.999101 9.99201E-05 9.99201E-05 9.99201E-05 9.99201E-05 9.99201E-05
0.119105 9.9955E-05 9.9955E-05 9.9955E-05 0.00102597 9.9955E-05 0.0634182 0.804571 0.0113802 9.9955E-05
9.9946E-05 9.9946E-05 9.9946E-05 9.9946E-05 0.5905 9.9946E-05 0.335953 0.0591189 0.0138285 9.9946E-05
0.323971 0.0117031 0.0666341 9.9955E-05 9.9955E-05 9.9955E-05 9.9955E-05 9.9955E-05 0.0171407 0.580052
9.9955E-05 9.9955E-05 0.0200969 9.9955E-05 0.000740008 0.0273429 0.0189484 0.932372 9.9955E-05 9.9955E-05
9.9937E-05 9.9937E-05 9.9937E-05 0.00955094 0.000314114 9.9937E-05 9.9937E-05 0.989435 9.9937E-05 9.9937E-05
9.99639E-05 9.99639E-05 0.406714 0.472331 0.00395668 0.00738006 9.99639E-05 0.0963897 0.0128289 9.99639E-05
9.9964E-05 0.00579483 9.9964E-05 9.9964E-05 0.00175446 0.0153769 0.0578447 0.909501 0.00932805 9.9964E-05
9.99371E-05 0.97855 0.0185827 9.99371E-05 9.99371E-05 9.99371E-05 9.99371E-05 9.99371E-05 9.99371E-05 0.00216781
0.0152775 0.00440423 9.9946E-05 0.0152604 9.9946E-05 9.9946E-05 9.9946E-05 0.964458 9.9946E-05 9.9946E-05
9.99201E-05 9.99201E-05 9.99201E-05 9.99201E-05 0.999101 9.99201E-05 9.99201E-05 9.99201E-05 9.99201E-05 9.99201E-05
0.0318425 0.0046946 9.9937E-05 9.9937E-05 9.9937E-05 9.9937E-05 9.9937E-05 0.962763 9.9937E-05 9.9937E-05
0.394129 0.019922 0.164267 9.9964E-05 9.9964E-05 0.311978 0.0773729 0.0319322 9.9964E-05 9.9964E-05
0.399504 9.9955E-05 9.9955E-05 0.171005 9.9955E-05 0.123355 9.9955E-05 0.240938 9.9955E-05 0.0646981
9.9946E-05 9.9946E-05 0.58243 0.074636 9.9946E-05 9.9946E-05 0.309719 0.0326155 9.9946E-05 9.9946E-05
0.202929 9.99639E-05 9.99639E-05 0.452415 0.0155926 9.99639E-05 0.0824395 0.237009 0.00921523 9.99639E-05
9.99549E-05 0.0109707 9.99549E-05 0.624254 9.99549E-05 9.99549E-05 0.1557 0.168419 0.0401572 9.99549E-05
9.99281E-05 9.99281E-05 9.99281E-05 9.99281E-05 9.99281E-05 9.99281E-05 9.99281E-05 0.997493 9.99281E-05 0.00170807
0.462125 0.0477482 9.99459E-05 9.99459E-05 9.99459E-05 0.298333 9.99459E-05 0.191194 9.99459E-05 9.99459E-05
0.128344 9.9928E-05 9.9928E-05 9.9928E-05 9.9928E-05 9.9928E-05 9.9928E-05 0.870857 9.9928E-05 9.9928E-05
0.369264 0.05413 0.0415823 0.341425 9.9973E-05 9.9973E-05 0.0202364 0.158267 0.0147953 9.9973E-05
9.99201E-05 9.99201E-05 0.999101 9.99201E-05 9.99201E-05 9.99201E-05 9.99201E-05 9.99201E-05 9.99201E-05 9.99201E-05
0.100618 0.0152008 9.9955E-05 9.9955E-05 0.0114296 9.9955E-05 0.0552526 0.816999 9.9955E-05 9.9955E-05
0.691775 9.9946E-05 9.9946E-05 9.9946E-05 9.9946E-05 9.9946E-05 9.9946E-05 0.281051 0.0142844 0.01229
0.365915 0.0169813 9.99459E-05 9.99459E-05 9.99459E-05 9.99459E-05 9.99459E-05 0.602205 0.0142987 9.99459E-05
9.9964E-05 0.00252944 0.00125673 0.0340485 9.9964E-05 9.9964E-05 0.0265598 0.902284 9.9964E-05 0.0329214
9.9955E-05 0.0306579 9.9955E-05 9.9955E-05 0.00581441 9.9955E-05 0.621779 0.333453 0.00779586 9.9955E-05
0.418269 9.9973E-05 9.9973E-05 0.209264 0.00133235 0.0993739 0.01213 0.240676 9.9973E-05 0.0186537
0.251185 9.9964E-05 9.9964E-05 0.0517497 0.0153275 0.195048 0.209359 0.27693 9.9964E-05 9.9964E-05
9.9955E-05 0.0226594 0.015993 0.062868 0.89623 9.9955E-05 9.9955E-05 9.9955E-05 0.0017497 9.9955E-05
9.9946E-05 0.0184123 9.9946E-05 0.0324152 9.9946E-05 9.9946E-05 0.044447 0.904126 9.9946E-05 9.9946E-05
9.99281E-05 9.99281E-05 9.99281E-05 9.99281E-05 9.99281E-05 9.99281E-05 0.0149794 0.984221 9.99281E-05 9.99281E-05
0.141196 9.9946E-05 9.9946E-05 9.9946E-05 0.00794607 0.0208048 9.9946E-05 0.829454 9.9946E-05 9.9946E-05
9.99279E-05 0.960935 9.99279E-05 9.99279E-05 9.99279E-05 9.99279E-05 9.99279E-05 0.0382653 9.99279E-05 9.99279E-05
0.283185 9.9964E-05 9.9964E-05 0.00402714 0.00182748 0.0327238 0.0569401 0.620897 9.9964E-05 9.9964E-05
9.9937E-05 9.9937E-05 9.9937E-05 0.833942 9.9937E-05 0.00624289 9.9937E-05 0.159115 9.9937E-05 9.9937E-05
0.457422 0.0130927 0.155407 0.00830762 9.9973E-05 9.9973E-05 9.9973E-05 0.247157 0.00772959 0.110585
9.9937E-05 9.9937E-05 9.9937E-05 9.9937E-05 9.9937E-05 9.9937E-05 0.0241374 0.972439 9.9937E-05 0.00272412
0.0535972 9.9973E-05 0.0211459 0.0168045 9.9973E-05 0.00111219 0.0574542 0.819106 9.9973E-05 0.0304802
9.9928E-05 9.9928E-05 9.9928E-05 9.9928E-05 9.9928E-05 0.00721677 9.9928E-05 0.991984 9.9928E-05 9.9928E-05
9.99459E-05 9.99459E-05 9.99459E-05 0.77438 9.99459E-05 0.0628021 9.99459E-05 0.151294 0.0109249 9.99459E-05
9.9946E-05 0.0354324 9.9946E-05 9.9946E-05 0.769401 9.9946E-05 0.160906 9.9946E-05 0.0336604 9.9946E-05
9.99459E-05 9.99459E-05 0.0907365 0.501227 9.99459E-05 9.99459E-05 0.273356 9.99459E-05 9.99459E-05 0.134081
0.391613 0.0013277 0.0421537 9.9973E-05 9.9973E-05 0.0133752 9.9973E-05 0.455001 0.0161108 0.0801182
9.9937E-05 9.9937E-05 9.9937E-05 9.9937E-05 0.949636 9.9937E-05 0.0352531 9.9937E-05 0.0144112 9.9937E-05
0.319859 0.0290037 0.0450769 0.0208837 0.00396963 0.014495 0.0664306 0.500082 9.9982E-05 9.9982E-05
0.2651 9.99459E-05 9.99459E-05 9.99459E-05 9.99459E-05 0.248819 9.99459E-05 0.196766 9.99459E-05 0.288716
9.9964E-05 0.0345581 9.9964E-05 9.9964E-05 0.00254267 9.9964E-05 0.0505708 0.876988 0.00384731 0.0310928
0.00153811 9.9937E-05 9.9937E-05 9.9937E-05 9.9937E-05 9.9937E-05 9.9937E-05 0.996351 0.00141172 9.9937E-05
9.9946E-05 0.00337794 9.9946E-05 0.0395432 9.9946E-05 9.9946E-05 9.9946E-05 0.950117 0.00636259 9.9946E-05
0.122748 9.9955E-05 9.9955E-05 0.175793 9.9955E-05 0.182726 0.085817 0.432416 9.9955E-05 9.9955E-05
9.99279E-05 0.928323 9.99279E-05 9.99279E-05 9.99279E-05 9.99279E-05 9.99279E-05 0.0708774 9.99279E-05 9.99279E-05
0.0595841 9.99349E-05 9.99349E-05 9.99349E-05 9.99349E-05 9.99349E-05 9.99349E-05 0.939616 9.99349E-05 9.99349E-05
9.99369E-05 9.99369E-05 0.00209444 9.99369E-05 9.99369E-05 0.933102 0.0641037 9.99369E-05 9.99369E-05 9.99369E-05
0.583985 9.9946E-05 9.9946E-05 0.0566697 9.9946E-05 9.9946E-05 9.9946E-05 0.299128 9.9946E-05 0.0596181
0.0061034 0.974046 9.99459E-05 9.99459E-05 0.0138939 9.99459E-05 9.99459E-05 0.00535717 9.99459E-05 9.99459E-05
9.99459E-05 9.99459E-05 0.0494177 0.474095 9.99459E-05 0.418413 9.99459E-05 0.0574747 9.99459E-05 9.99459E-05
0.0941753 9.9928E-05 9.9928E-05 9.9928E-05 9.9928E-05 9.9928E-05 0.905025 9.9928E-05 9.9928E-05 9.9928E-05
0.337414 0.0208888 0.255426 0.286891 9.9955E-05 9.9955E-05 9.9955E-05 0.0988802 9.9955E-05 9.9955E-05
9.9928E-05 0.904741 9.9928E-05 9.9928E-05 9.9928E-05 9.9928E-05 9.9928E-05 0.0944594 9.9928E-05 9.9928E-05
0.497612 9.9946E-05 0.0796992 9.9946E-05 9.9946E-05 9.9946E-05 9.9946E-05 0.364611 9.9946E-05 0.0574784
9.99279E-05 9.99279E-05 9.99279E-05 9.99279E-05 0.997051 9.99279E-05 9.99279E-05 0.00214962 9.99279E-05 9.99279E-05
0.483995 9.9964E-05 9.9964E-05 9.9964E-05 0.0072715 9.9964E-05 0.015527 0.468011 0.00810344 0.0166926
0.132288 9.9937E-05 9.9937E-05 9.9937E-05 9.9937E-05 9.9937E-05 9.9937E-05 0.859803 0.00720894 9.9937E-05
9.99281E-05 9.99281E-05 9.99281E-05 9.99281E-05 0.994882 9.99281E-05 9.99281E-05 9.99281E-05 9.99281E-05 0.00431904
0.226779 9.9928E-05 9.9928E-05 9.9928E-05 9.9928E-05 9.9928E-05 9.9928E-05 0.772422 9.9928E-05 9.9928E-05
9.9982E-05 0.015717 0.00980971 0.0265801 0.0150073 9.9982E-05 0.0240239 0.00284429 0.876927 0.0288909
0.454233 9.9955E-05 9.9955E-05 9.9955E-05 9.9955E-05 0.436508 0.0569013 0.0481473 0.00371052 9.9955E-05
0.0858345 0.0137213 0.00417121 9.9955E-05 9.9955E-05 9.9955E-05 0.0476249 0.848148 9.9955E-05 9.9955E-05
9.9964E-05 0.0463856 9.9964E-05 0.127961 0.000835519 0.360039 0.420483 0.043896 9.9964E-05 9.9964E-05
0.267684 9.9973E-05 0.0586373 9.9973E-05 0.00959488 9.9973E-05 0.0376171 0.595545 0.0079388 0.0226826
9.9946E-05 9.9946E-05 9.9946E-05 0.0131384 0.895973 9.9946E-05 0.0730428 9.9946E-05 0.017246 9.9946E-05
0.483847 9.9964E-05 0.193233 0.108142 0.00254818 9.9964E-05 9.9964E-05 0.160879 9.9964E-05 0.0509503
