0.158476 9.9991E-05 0.841424
9.999E-05 0.0129734 0.986927
9.999E-05 9.999E-05 0.9998
0.181099 9.9991E-05 0.818801
0.516122 0.0183432 0.465535
0.344634 0.166576 0.48879
0.584399 9.9991E-05 0.415501
0.593206 0.0265288 0.380266
9.9991E-05 0.0316731 0.968227
0.067485 9.9991E-05 0.932415
0.506231 9.9991E-05 0.493669
0.618052 9.9991E-05 0.381848
0.481498 9.9991E-05 0.518402
0.325446 0.199901 0.474653
0.224216 9.9991E-05 0.775684
0.254423 0.0579289 0.687648
0.594789 9.9991E-05 0.405111
9.9991E-05 0.600805 0.399095
9.9991E-05 0.0219421 0.977958
0.56153 0.0717607 0.366709
9.999E-05 9.999E-05 0.9998
0.547842 9.9991E-05 0.452058
0.45925 9.9991E-05 0.54065
0.518597 0.374882 0.106522
0.44299 0.094427 0.462583
0.435698 9.9991E-05 0.564202
0.547931 0.00337183 0.448698
0.0054876 9.9991E-05 0.994412
0.0708511 9.9991E-05 0.929049
9.999E-05 9.999E-05 0.9998
0.386679 0.141614 0.471707
9.9991E-05 0.0123193 0.987581
9.999E-05 9.999E-05 0.9998
0.411972 0.14146 0.446568
9.9991E-05 0.0043933 0.995507
0.497397 0.0337147 0.468889
0.182729 9.9991E-05 0.817171
0.663964 0.00462748 0.331409
0.636863 0.0877051 0.275432
0.53863 9.9991E-05 0.46127
0.439438 0.153156 0.407407
9.9991E-05 0.0166451 0.983255
0.0796142 9.9991E-05 0.920286
0.0984169 9.9991E-05 0.901483
0.106509 0.0176043 0.875887
9.9991E-05 0.983938 0.0159623
0.0480285 9.9991E-05 0.951872
0.00575533 9.9991E-05 0.994145
9.9991E-05 0.980448 0.0194518
0.164964 9.9991E-05 0.834936
0.358858 9.9991E-05 0.641042
0.104164 9.9991E-05 0.895736
0.254728 9.9991E-05 0.745172
0.055939 0.190502 0.753559
0.42815 0.00190838 0.569941
0.00300161 0.0973665 0.899632
9.999E-05 9.999E-05 0.9998
9.9991E-05 0.00660155 0.993298
0.121326 9.9991E-05 0.878574
0.0810068 9.9991E-05 0.918893
9.999E-05 9.999E-05 0.9998
0.506433 0.380457 0.11311
9.9991E-05 0.0136784 0.986222
0.434199 0.0162035 0.549598
9.9991E-05 0.00240127 0.997499
9.9991E-05 0.0109555 0.988945
0.159952 9.9991E-05 0.839948
0.167266 9.9991E-05 0.832634
0.616595 9.9991E-05 0.383305
9.9991E-05 0.994027 0.00587285
0.496398 9.9991E-05 0.503502
9.9991E-05 0.0908967 0.909003
0.0584437 0.00233927 0.939217
9.9991E-05 0.0280077 0.971892
9.9991E-05 0.0142144 0.985686
9.9991E-05 0.0605161 0.939384
9.999E-05 9.999E-05 0.9998
0.558554 9.9991E-05 0.441346
9.999E-05 9.999E-05 0.9998
0.475637 0.355638 0.168724
0.247037 9.9991E-05 0.752863
9.9991E-05 0.00358766 0.996312
0.119019 0.609071 0.27191
0.0726861 0.233822 0.693492
0.347299 0.0312406 0.62146
0.0704429 0.0111847 0.918372
9.9991E-05 0.0109184 0.988982
9.999E-05 0.9998 9.999E-05
0.233359 9.9991E-05 0.766541
0.219638 9.9991E-05 0.780262
0.529079 9.9991E-05 0.470821
0.56586 9.9991E-05 0.43404
0.598155 9.9991E-05 0.401745
9.9991E-05 0.0122003 0.9877
0.207109 9.9991E-05 0.792791
0.00237086 9.9991E-05 0.997529
0.343002 9.9991E-05 0.656898
0.37694 0.178777 0.444284
9.9991E-05 0.00710936 0.992791
0.501448 9.9991E-05 0.498452
0.429386 9.9991E-05 0.570514
0.560988 0.399044 0.0399677
0.19211 9.9991E-05 0.80779
0.00544571 0.00457271 0.989982
9.999E-05 9.999E-05 0.9998
0.65069 9.9991E-05 0.34921
9.9991E-05 0.96169 0.0382102
0.678056 9.9991E-05 0.321844
0.099099 9.9991E-05 0.900801
9.9991E-05 0.0260461 0.973854
0.589246 9.9991E-05 0.410654
9.9991E-05 0.978495 0.0214051
0.419923 0.399425 0.180652
0.192185 9.9991E-05 0.807715
0.0728698 9.9991E-05 0.92703
0.523104 9.9991E-05 0.476796
9.9991E-05 0.00759728 0.992303
0.563247 0.0969821 0.339771
0.126272 0.727826 0.145902
0.0450507 0.0142701 0.940679
0.252646 9.9991E-05 0.747254
0.488341 0.384341 0.127318
0.0410278 9.9991E-05 0.958872
0.325462 9.9991E-05 0.674438
0.0376126 9.9991E-05 0.962287
0.524605 9.9991E-05 0.475295
0.504471 9.9991E-05 0.495429
0.527457 0.0136795 0.458864
0.521099 0.0970974 0.381804
0.199951 9.9991E-05 0.799949
0.0104271 0.00452625 0.985047
0.146155 9.9991E-05 0.853745
0.00322442 0.939696 0.0570798
0.0215623 0.0194533 0.958984
0.0105926 0.958353 0.0310542
0.169857 9.9991E-05 0.830043
0.395959 0.400158 0.203884
0.666372 9.9991E-05 0.333528
0.62616 9.9991E-05 0.37374
0.625641 9.9991E-05 0.374259
0.259034 9.9991E-05 0.740866
0.478126 0.0414194 0.480455
9.9991E-05 0.00418401 0.995716
0.345932 9.9991E-05 0.653968
0.164756 0.218745 0.616499
0.114408 0.0303535 0.855239
0.0435752 0.0268638 0.929561
0.413116 0.419444 0.16744
0.427832 0.171761 0.400407
0.540938 0.411417 0.0476448
0.162661 9.9991E-05 0.837239
0.31219 0.18334 0.50447
0.281083 0.19051 0.528407
0.118262 0.00145311 0.880285
9.999E-05 9.999E-05 0.9998
9.9991E-05 0.987679 0.0122213
0.503619 0.152938 0.343443
0.133216 9.9991E-05 0.866684
0.243478 0.365472 0.39105
9.9991E-05 0.0191717 0.980728
9.999E-05 0.9998 9.999E-05
0.0275461 0.0238123 0.948642
9.9991E-05 0.770107 0.229793
0.615338 9.9991E-05 0.384562
9.9991E-05 0.0145727 0.985327
9.9991E-05 0.00278106 0.997119
0.513866 0.12554 0.360594
9.9991E-05 0.0417392 0.958161
0.538158 0.392056 0.0697858
9.999E-05 9.999E-05 0.9998
9.999E-05 0.9998 9.999E-05
9.9991E-05 0.00204407 0.997856
0.578304 9.9991E-05 0.421596
0.425842 9.9991E-05 0.574058
0.512446 0.101711 0.385843
0.345962 0.110144 0.543894
0.37513 0.192402 0.432469
9.999E-05 9.999E-05 0.9998
0.437364 9.9991E-05 0.562536
0.00205538 9.9991E-05 0.997845
0.439402 0.0625353 0.498062
0.627014 0.00135374 0.371633
0.0304791 0.0147303 0.954791
0.296641 9.9991E-05 0.703259
0.11214 9.9991E-05 0.88776
9.9991E-05 0.00121899 0.998681
0.134038 0.228499 0.637463
0.420154 9.9991E-05 0.579746
0.330362 0.0590614 0.610577
0.0271443 0.972756 9.9991E-05
9.9991E-05 0.0271675 0.972732
9.999E-05 9.999E-05 0.9998
0.0248675 0.00581769 0.969315
0.410587 0.424065 0.165349
0.140908 9.9991E-05 0.858992
0.466537 0.116462 0.417
0.402764 9.9991E-05 0.597136
9.9991E-05 0.010436 0.989464
0.0656672 0.0149275 0.919405
9.999E-05 9.999E-05 0.9998
0.465991 0.141924 0.392085
9.9991E-05 0.916776 0.0831236
0.528691 0.142187 0.329122
0.278973 9.9991E-05 0.720927
9.999E-05 0.9998 9.999E-05
0.213401 0.0150038 0.771596
0.463838 9.9991E-05 0.536062
0.00997566 0.0375746 0.95245
9.9991E-05 0.00305455 0.996845
9.9991E-05 0.0278183 0.972082
0.275305 0.027822 0.696873
0.383814 0.393459 0.222727
9.999E-05 9.999E-05 0.9998
0.666394 9.9991E-05 0.333506
0.330175 9.9991E-05 0.669725
0.428543 0.417909 0.153547
0.602341 0.0456781 0.351981
0.247877 0.235626 0.516496
0.538758 0.005053 0.456189
0.425947 0.368029 0.206024
0.269735 9.9991E-05 0.730165
9.999E-05 0.9998 9.999E-05
0.236166 9.9991E-05 0.763734
9.9991E-05 0.000616998 0.999283
9.999E-05 0.9998 9.999E-05
0.0229371 9.9991E-05 0.976963
0.0165574 0.914907 0.0685359
0.508931 9.9991E-05 0.490969
0.00607501 0.0103792 0.983546
0.4727 0.150236 0.377065
0.144044 0.00666898 0.849287
9.999E-05 0.9998 9.999E-05
0.465149 9.9991E-05 0.534751
