0.0214623 9.9973E-05 0.652115 0.324362 9.9973E-05 0.00176103 9.9973E-05
0.000343594 9.9964E-05 0.946123 9.9964E-05 9.9964E-05 9.9964E-05 0.0531336
9.9973E-05 0.00124812 0.955884 0.0383544 9.9973E-05 0.00421347 9.9973E-05
0.00782454 0.00116411 0.597389 0.326594 9.9982E-05 9.9982E-05 0.0668284
0.00688909 9.9991E-05 0.0890081 0.46843 0.0809318 0.0428493 0.311792
0.012036 9.9982E-05 0.195785 0.0633834 9.9982E-05 0.00174091 0.726854
9.997E-05 9.997E-05 0.135573 0.0589554 0.454923 9.997E-05 0.350249
9.9973E-05 0.00211685 9.9973E-05 0.556714 0.0847533 9.9973E-05 0.356116
0.00850986 0.0126935 0.93735 0.0144366 0.015552 0.00376849 0.00768927
9.9955E-05 9.9955E-05 0.779148 0.220352 9.9955E-05 9.9955E-05 9.9955E-05
0.0170127 9.9973E-05 0.200608 0.525914 0.256165 9.9973E-05 9.9973E-05
9.9982E-05 9.9982E-05 0.054909 0.52677 0.320064 0.0123407 0.0857166
9.9973E-05 9.9973E-05 0.199132 0.581607 0.159994 9.9973E-05 0.0589673
9.9964E-05 9.9964E-05 0.155619 9.9964E-05 0.0623657 9.9964E-05 0.781615
0.00145285 0.00258049 0.499167 0.496499 9.9973E-05 9.9973E-05 9.9973E-05
9.999E-05 0.00273704 0.468208 0.191947 0.0526249 0.00193813 0.282444
9.9973E-05 9.9973E-05 0.149677 0.22291 0.513013 9.9973E-05 0.1141
0.431406 0.032778 0.216022 9.9982E-05 9.9982E-05 0.01247 0.307124
9.9964E-05 0.00757607 0.978209 9.9964E-05 9.9964E-05 9.9964E-05 0.0138154
0.0046277 0.0275114 0.0744977 0.257187 0.310167 0.0152974 0.310712
9.9982E-05 0.00601834 0.917031 0.0691728 9.9982E-05 0.000476238 0.00710186
9.9973E-05 9.9973E-05 0.216676 0.446438 0.320651 0.0159345 9.9973E-05
9.9982E-05 9.9982E-05 0.243033 0.585035 0.0874781 0.0234508 0.0608036
0.00854816 9.9982E-05 9.9982E-05 0.0633207 0.0203443 0.896005 0.011582
9.9973E-05 9.9973E-05 0.298397 0.457881 0.223619 0.0198023 9.9973E-05
9.9982E-05 0.000729732 0.152828 0.317445 0.3095 9.9982E-05 0.219298
0.0083651 9.9964E-05 0.901784 0.0894509 9.9964E-05 9.9964E-05 9.9964E-05
9.9955E-05 9.9955E-05 0.780447 0.219053 9.9955E-05 9.9955E-05 9.9955E-05
9.9955E-05 9.9955E-05 0.988716 0.0107841 9.9955E-05 9.9955E-05 9.9955E-05
9.9982E-05 9.9982E-05 0.123919 0.142484 0.0343012 0.00297143 0.696124
9.9964E-05 9.9964E-05 0.950257 9.9964E-05 0.00260274 9.9964E-05 0.0467406
9.9964E-05 9.9964E-05 0.988794 9.9964E-05 0.00836038 9.9964E-05 0.00244534
9.9973E-05 9.9973E-05 0.162281 0.0235838 0.15348 9.9973E-05 0.660355
9.9973E-05 9.9973E-05 0.983312 9.9973E-05 0.00786706 0.00534324 0.00317797
9.9982E-05 0.00535888 0.164188 0.202301 0.303001 9.9982E-05 0.32495
9.9955E-05 9.9955E-05 0.563631 0.435869 9.9955E-05 9.9955E-05 9.9955E-05
9.9982E-05 0.0310889 9.9982E-05 0.275269 0.504354 0.0248342 0.164254
0.00698375 9.9982E-05 9.9982E-05 0.108222 0.394271 0.0042842 0.486039
9.9982E-05 9.9982E-05 0.130564 0.656433 0.0881547 0.0464459 0.0782028
9.9982E-05 0.0110356 0.0666294 0.143408 0.0738065 9.9982E-05 0.704921
9.9973E-05 0.0103166 0.972565 9.9973E-05 0.00589688 0.0109218 9.9973E-05
9.9955E-05 9.9955E-05 0.79459 0.204911 9.9955E-05 9.9955E-05 9.9955E-05
0.00397036 0.00360954 0.735019 0.257102 9.9973E-05 9.9973E-05 9.9973E-05
0.0221566 9.9973E-05 0.679609 0.221203 9.9973E-05 9.9973E-05 0.0767313
0.993566 0.00171361 0.00432035 9.9964E-05 9.9964E-05 9.9964E-05 9.9964E-05
9.9955E-05 9.9955E-05 0.905508 9.9955E-05 0.0939921 9.9955E-05 9.9955E-05
9.9955E-05 9.9955E-05 0.874663 0.124838 9.9955E-05 9.9955E-05 9.9955E-05
0.9994 9.995E-05 9.995E-05 9.995E-05 9.995E-05 9.995E-05 9.995E-05
9.99549E-05 9.99549E-05 0.571996 0.427504 9.99549E-05 9.99549E-05 9.99549E-05
9.9973E-05 0.00955522 0.412063 0.396789 0.181293 9.9973E-05 9.9973E-05
9.9955E-05 9.9955E-05 0.685051 0.314449 9.9955E-05 9.9955E-05 9.9955E-05
9.9964E-05 9.9964E-05 0.542915 0.447424 9.9964E-05 0.00926153 9.9964E-05
0.0335534 0.0110705 0.51304 9.998E-05 9.998E-05 0.0250439 0.417092
9.9982E-05 9.9982E-05 0.209975 0.505836 0.0248374 0.0535284 0.205623
9.997E-05 0.0271225 0.769892 9.997E-05 9.997E-05 0.0421295 0.160556
0.0040348 9.9964E-05 0.922995 0.0725708 9.9964E-05 9.9964E-05 9.9964E-05
0.0096845 9.9964E-05 0.970696 9.9964E-05 0.0192196 9.9964E-05 9.9964E-05
0.00796337 9.9982E-05 0.704377 0.255342 9.9982E-05 0.00766646 0.0244509
9.9955E-05 9.9955E-05 0.736803 0.262697 9.9955E-05 9.9955E-05 9.9955E-05
9.9964E-05 9.9964E-05 0.961673 0.0357305 9.9964E-05 9.9964E-05 0.00219645
9.9973E-05 0.0157853 9.9973E-05 9.9973E-05 0.0874187 0.86046 0.0360359
9.9973E-05 0.00408483 0.95243 9.9973E-05 0.0330321 0.0101529 9.9973E-05
9.9982E-05 0.0154399 0.216201 0.538719 9.9982E-05 0.035415 0.194025
0.0152003 9.9973E-05 0.954421 0.00826501 0.0218134 9.9973E-05 9.9973E-05
9.9955E-05 9.9955E-05 0.990371 9.9955E-05 9.9955E-05 9.9955E-05 0.00912967
0.00377977 9.9964E-05 0.658379 0.337442 9.9964E-05 9.9964E-05 9.9964E-05
9.9964E-05 9.9964E-05 0.642247 0.343995 0.0133576 9.9964E-05 9.9964E-05
9.9973E-05 9.9973E-05 0.184452 0.0703184 0.730338 0.0145918 9.9973E-05
0.9994 9.995E-05 9.995E-05 9.995E-05 9.995E-05 9.995E-05 9.995E-05
9.9964E-05 9.9964E-05 0.109985 0.613736 9.9964E-05 9.9964E-05 0.275879
9.9973E-05 0.031238 0.839558 9.9973E-05 9.9973E-05 0.0128649 0.116039
0.00613086 0.00109165 0.793186 0.19919 9.9982E-05 0.000201798 9.9982E-05
9.9964E-05 9.9964E-05 0.946292 9.9964E-05 9.9964E-05 0.0310315 0.0222761
9.9973E-05 0.00219254 0.991934 9.9973E-05 0.00139067 0.0041827 9.9973E-05
0.0194939 0.0127283 0.919945 9.9982E-05 0.00326497 9.9982E-05 0.0443676
9.9973E-05 0.00640817 0.968197 0.00296666 0.0221278 9.9973E-05 9.9973E-05
9.9973E-05 9.9973E-05 0.117468 0.323529 0.35 9.9973E-05 0.208703
9.9964E-05 9.9964E-05 0.935277 0.0546175 0.00970605 9.9964E-05 9.9964E-05
0.0147061 9.9973E-05 9.9973E-05 9.9973E-05 0.0875197 0.696928 0.200547
0.00213004 0.00319662 0.529695 0.455295 9.9982E-05 0.00948346 9.9982E-05
0.0042061 0.00467844 0.929992 0.0608232 9.9973E-05 9.9973E-05 9.9973E-05
0.398183 0.0781646 0.0913467 9.9982E-05 9.9982E-05 0.053229 0.378877
0.0404425 0.014542 0.450397 9.9973E-05 9.9973E-05 9.9973E-05 0.494319
9.9964E-05 9.9964E-05 0.288797 0.417531 9.9964E-05 9.9964E-05 0.293272
0.00518169 0.0086261 0.770051 0.193192 9.9982E-05 9.9982E-05 0.0227488
9.9973E-05 0.000849277 0.961839 9.9973E-05 9.9973E-05 0.0121286 0.0248831
9.995E-05 0.9994 9.995E-05 9.995E-05 9.995E-05 9.995E-05 9.995E-05
0.0109407 9.99639E-05 0.509992 0.478668 9.99639E-05 9.99639E-05 9.99639E-05
9.99549E-05 9.99549E-05 0.559956 0.439544 9.99549E-05 9.99549E-05 9.99549E-05
9.997E-05 9.997E-05 0.181511 0.481707 0.309462 9.997E-05 0.0270194
9.9973E-05 9.9973E-05 0.138247 0.508135 0.343054 0.0102632 9.9973E-05
9.996E-05 9.996E-05 0.101456 0.311016 0.587128 9.996E-05 9.996E-05
9.9964E-05 9.9964E-05 0.985039 9.9964E-05 9.9964E-05 0.000992212 0.0135688
9.9955E-05 9.9955E-05 0.521229 0.478271 9.9955E-05 9.9955E-05 9.9955E-05
9.9955E-05 9.9955E-05 0.898821 0.100679 9.9955E-05 9.9955E-05 9.9955E-05
9.9973E-05 9.9973E-05 0.349893 0.624123 9.9973E-05 0.00207897 0.0236059
0.0208073 9.9982E-05 0.156652 0.0100608 0.129085 9.9982E-05 0.683195
9.9964E-05 9.9964E-05 0.96455 9.9964E-05 9.9964E-05 0.00326698 0.0317835
9.9982E-05 9.9982E-05 0.188351 0.464905 0.164635 0.0645559 0.117353
0.0182024 9.9982E-05 0.21771 0.57694 0.0570679 9.9982E-05 0.129879
0.014236 9.9973E-05 9.9973E-05 9.9973E-05 0.0280503 0.87393 0.0834841
9.9964E-05 9.9964E-05 0.938635 0.019822 0.0411432 9.9964E-05 9.9964E-05
9.9955E-05 9.9955E-05 0.998267 9.9955E-05 9.9955E-05 0.00123289 9.9955E-05
0.0187977 9.9982E-05 0.0139838 0.502 0.391971 9.9982E-05 0.0730475
0.9994 9.995E-05 9.995E-05 9.995E-05 9.995E-05 9.995E-05 9.995E-05
0.00539325 9.9973E-05 0.0468861 0.14326 0.80416 9.9973E-05 9.9973E-05
9.9964E-05 9.9964E-05 0.759623 0.210501 9.9964E-05 0.0294763 9.9964E-05
9.9973E-05 0.00589698 0.931929 9.9973E-05 9.9973E-05 0.0161423 0.0457314
9.9973E-05 9.9973E-05 0.114992 0.512207 0.371484 0.00101708 9.9973E-05
0.9994 9.995E-05 9.995E-05 9.995E-05 9.995E-05 9.995E-05 9.995E-05
0.0324895 0.000107458 9.9973E-05 9.9973E-05 9.9973E-05 0.650287 0.316816
9.9964E-05 9.9964E-05 0.673144 0.224218 0.102238 9.9964E-05 9.9964E-05
9.9955E-05 9.9955E-05 0.765491 0.234009 9.9955E-05 9.9955E-05 9.9955E-05
9.9964E-05 9.9964E-05 0.186334 0.515034 0.298233 9.9964E-05 9.9964E-05
9.9964E-05 9.9964E-05 0.95607 9.9964E-05 9.9964E-05 0.0273597 0.0161705
0.0507628 9.9982E-05 0.02164 0.0801862 0.434952 9.9982E-05 0.412259
0.518816 0.0934557 0.0557276 0.0172434 9.9991E-05 0.13421 0.180448
9.9964E-05 9.9964E-05 0.863842 0.0994706 9.9964E-05 0.0362874 9.9964E-05
0.000294367 9.9973E-05 0.525035 0.414363 0.0600086 9.9973E-05 9.9973E-05
9.995E-05 9.995E-05 9.995E-05 9.995E-05 9.995E-05 0.9994 9.995E-05
9.9964E-05 9.9964E-05 0.856947 0.0923804 0.0502728 9.9964E-05 9.9964E-05
9.9955E-05 9.9955E-05 0.420378 0.579122 9.9955E-05 9.9955E-05 9.9955E-05
9.9955E-05 9.9955E-05 0.811237 0.188264 9.9955E-05 9.9955E-05 9.9955E-05
9.9955E-05 9.9955E-05 0.264333 9.9955E-05 0.735167 9.9955E-05 9.9955E-05
0.0111063 9.9982E-05 0.183821 0.391384 0.314963 9.9982E-05 0.0985257
9.9973E-05 9.9973E-05 0.0656155 0.508804 0.083823 9.9973E-05 0.341458
9.9982E-05 0.00799079 0.0739569 0.0453492 0.373441 9.9982E-05 0.499062
9.9964E-05 9.9964E-05 0.560457 0.434512 9.9964E-05 0.00463089 9.9964E-05
0.00802654 9.9973E-05 0.853492 0.129513 9.9973E-05 0.008668 9.9973E-05
0.0149455 9.9973E-05 0.666428 0.312366 9.9973E-05 0.00596055 9.9973E-05
0.858511 0.0540939 9.9973E-05 9.9973E-05 0.0366774 9.9973E-05 0.0504174
9.9982E-05 9.9982E-05 0.908991 0.00250582 0.0141571 0.0396798 0.0344659
0.957779 0.0141633 9.9973E-05 0.0155486 9.9973E-05 0.0122087 9.9973E-05
9.9964E-05 9.9964E-05 0.659664 0.336223 9.9964E-05 0.00371303 9.9964E-05
9.99549E-05 9.99549E-05 0.0392058 9.99549E-05 9.99549E-05 0.960294 9.99549E-05
9.99639E-05 9.99639E-05 0.0068923 0.505563 0.487145 9.99639E-05 9.99639E-05
9.9982E-05 0.00804902 0.138379 9.9982E-05 0.7607 0.00534913 0.0873231
9.9991E-05 0.0339793 0.115704 0.298265 0.477626 0.0313808 0.0429451
9.9964E-05 9.9964E-05 0.534861 0.462142 9.9964E-05 0.00259728 9.9964E-05
0.0215465 9.9982E-05 0.168261 0.359084 0.18364 9.9982E-05 0.267268
0.000418483 9.9973E-05 0.951142 0.0372288 9.9973E-05 9.9973E-05 0.0109106
9.9982E-05 0.00688288 0.390396 0.494969 0.088738 0.0188148 9.9982E-05
0.00923538 0.0198923 0.319748 9.9982E-05 9.9982E-05 0.0100502 0.640874
0.0122521 9.9973E-05 0.670895 0.207913 9.9973E-05 9.9973E-05 0.10864
0.000403912 0.00872222 0.803549 0.152016 9.9991E-05 0.00198653 0.0332225
0.00171635 9.99639E-05 0.0329185 9.99639E-05 9.99639E-05 0.964965 9.99639E-05
9.9973E-05 9.9973E-05 0.0669191 0.147547 9.9973E-05 0.0354865 0.749747
9.99551E-05 9.99551E-05 9.99551E-05 9.99551E-05 0.00648597 0.993014 9.99551E-05
0.00372938 9.9964E-05 0.667388 0.328483 9.9964E-05 9.9964E-05 9.9964E-05
9.9982E-05 0.00245486 0.226986 0.0909381 9.9982E-05 0.0569643 0.622457
9.9973E-05 9.9973E-05 0.258522 9.9973E-05 0.0161968 0.0333774 0.691604
0.025489 0.000350699 0.702305 0.271556 9.9973E-05 9.9973E-05 9.9973E-05
9.9955E-05 9.9955E-05 0.981213 9.9955E-05 0.018287 9.9955E-05 9.9955E-05
0.997647 9.9955E-05 9.9955E-05 9.9955E-05 9.9955E-05 0.00185279 9.9955E-05
9.99639E-05 9.99639E-05 9.99639E-05 9.99639E-05 0.307387 0.0454596 0.646754
9.99549E-05 9.99549E-05 0.679174 0.320326 9.99549E-05 9.99549E-05 9.99549E-05
0.0478922 0.0321329 0.171191 9.998E-05 9.998E-05 0.420641 0.327943
0.00429753 9.9973E-05 0.952822 9.9973E-05 9.9973E-05 0.000668789 0.0419121
9.995E-05 0.9994 9.995E-05 9.995E-05 9.995E-05 9.995E-05 9.995E-05
0.00843319 0.00129189 0.846306 0.0867104 9.9982E-05 9.9982E-05 0.0570589
0.0121178 0.611338 0.130291 9.9973E-05 9.9973E-05 9.9973E-05 0.245954
0.0301764 0.000701695 0.125373 0.359045 0.483832 0.000772356 9.9991E-05
9.9973E-05 9.9973E-05 0.961006 9.9973E-05 0.00558799 0.000743888 0.0323624
9.9955E-05 0.00721627 0.992284 9.9955E-05 9.9955E-05 9.9955E-05 9.9955E-05
0.00669182 0.00114139 0.045303 9.9991E-05 0.412297 0.0129431 0.521524
0.0058868 9.9973E-05 0.913596 9.9973E-05 9.9973E-05 0.0101702 0.0700475
9.9955E-05 9.9955E-05 9.9955E-05 9.9955E-05 0.0358003 0.9637 9.9955E-05
9.9964E-05 9.9964E-05 0.98613 9.9964E-05 9.9964E-05 0.00217831 0.0112914
9.995E-05 0.9994 9.995E-05 9.995E-05 9.995E-05 9.995E-05 9.995E-05
9.995E-05 9.995E-05 0.9994 9.995E-05 9.995E-05 9.995E-05 9.995E-05
9.9982E-05 9.9982E-05 0.0407341 0.695574 0.0340865 0.02246 0.206945
0.00829094 0.018623 0.293863 0.451446 0.126914 9.9991E-05 0.100763
9.9973E-05 9.9973E-05 0.0399467 0.120367 0.216336 9.9973E-05 0.623051
0.00857103 0.0069001 0.188063 0.31122 9.9982E-05 9.9982E-05 0.485047
0.0380149 9.9973E-05 0.0956111 0.161333 9.9973E-05 9.9973E-05 0.704741
0.00111377 9.9955E-05 0.998386 9.9955E-05 9.9955E-05 9.9955E-05 9.9955E-05
9.997E-05 9.997E-05 0.296523 0.488473 0.168412 0.0462918 9.997E-05
9.9955E-05 9.9955E-05 0.902082 0.0974187 9.9955E-05 9.9955E-05 9.9955E-05
0.0252393 9.9982E-05 0.156934 0.46724 9.9982E-05 0.0444524 0.305934
9.9991E-05 0.00538381 0.0889486 0.0220077 0.70429 0.00371997 0.175549
9.9982E-05 0.012534 0.866853 0.0799266 9.9982E-05 0.00271117 0.0377754
0.0147964 9.9964E-05 0.404907 0.579896 9.9964E-05 9.9964E-05 9.9964E-05
0.00508428 9.9973E-05 0.699665 0.287368 9.9973E-05 0.00758259 9.9973E-05
9.9964E-05 9.9964E-05 0.912584 9.9964E-05 0.0325883 9.9964E-05 0.0544283
0.0148792 0.027089 0.390161 9.998E-05 9.998E-05 0.045885 0.521786
0.0059503 9.9982E-05 0.265136 0.470707 0.0699719 9.9982E-05 0.188035
9.9982E-05 0.0160809 0.334946 0.367707 9.9982E-05 0.0211291 0.259937
0.00119146 0.895225 9.9991E-05 0.0140606 0.0251626 0.0353278 0.0289327
9.9964E-05 9.9964E-05 0.914625 9.9964E-05 9.9964E-05 0.0116536 0.0733219
9.9955E-05 9.9955E-05 0.966305 9.9955E-05 9.9955E-05 9.9955E-05 0.0331948
0.000676651 0.00852277 0.864497 0.123204 9.9982E-05 9.9982E-05 0.00289889
9.99549E-05 9.99549E-05 0.0294871 9.99549E-05 9.99549E-05 0.970013 9.99549E-05
9.9973E-05 0.00157812 0.675886 0.260017 9.9973E-05 9.9973E-05 0.0622194
9.9973E-05 9.9973E-05 0.0710804 0.125879 0.10756 9.9973E-05 0.69518
0.00561203 9.9991E-05 0.363399 0.403811 0.193556 0.0140226 0.0194991
0.00356971 9.9955E-05 0.995931 9.9955E-05 9.9955E-05 9.9955E-05 9.9955E-05
9.9982E-05 9.9982E-05 0.832966 0.065164 0.0177196 0.00641649 0.0775342
9.9955E-05 9.9955E-05 0.989912 9.9955E-05 0.00958865 9.9955E-05 9.9955E-05
0.0232582 9.9982E-05 0.0488839 0.119363 0.206007 9.9982E-05 0.602288
0.0390349 0.771748 9.9973E-05 9.9973E-05 9.9973E-05 0.0451911 0.143726
9.9964E-05 9.9964E-05 9.9964E-05 0.0254813 0.247614 9.9964E-05 0.726505
0.0179779 9.9982E-05 0.523504 0.337569 0.116649 0.00410049 9.9982E-05
0.00219045 0.965438 9.9973E-05 9.9973E-05 9.9973E-05 0.00469451 0.0273767
9.9982E-05 0.00976012 0.572789 0.306427 9.9982E-05 0.0275142 0.083309
9.99639E-05 9.99639E-05 0.281777 0.337089 0.380734 9.99639E-05 9.99639E-05
0.00811629 9.9982E-05 0.894674 9.9982E-05 0.00899834 0.0231261 0.0648856
0.00607556 9.9964E-05 0.976019 9.9964E-05 9.9964E-05 9.9964E-05 0.0175052
0.0106822 9.9964E-05 0.942783 9.9964E-05 9.9964E-05 9.9964E-05 0.0461351
9.9964E-05 9.9964E-05 0.413767 0.291591 9.9964E-05 9.9964E-05 0.294242
9.99549E-05 9.99549E-05 0.0444305 9.99549E-05 9.99549E-05 0.95507 9.99549E-05
0.0054512 9.9964E-05 0.970666 0.0234826 9.9964E-05 9.9964E-05 9.9964E-05
9.9973E-05 9.9973E-05 0.117175 9.9973E-05 0.777146 0.00958065 0.095798
9.9964E-05 9.9964E-05 0.394512 0.589678 9.9964E-05 9.9964E-05 0.0154108
9.9964E-05 9.9964E-05 0.0130925 0.00545371 9.9964E-05 0.981054 9.9964E-05
0.00247107 9.9982E-05 0.102837 0.00710671 0.555365 9.9982E-05 0.33202
9.9973E-05 0.042504 0.17901 0.0142976 9.9973E-05 9.9973E-05 0.763888
9.9982E-05 9.9982E-05 0.0741633 0.516535 0.0779269 0.0241293 0.307045
0.00663953 9.9964E-05 0.0889448 9.9964E-05 9.9964E-05 0.904016 9.9964E-05
9.9964E-05 9.9964E-05 0.484197 0.442949 0.0724537 9.9964E-05 9.9964E-05
9.995E-05 0.9994 9.995E-05 9.995E-05 9.995E-05 9.995E-05 9.995E-05
9.99639E-05 0.0126165 0.52318 0.463803 9.99639E-05 9.99639E-05 9.99639E-05
0.00726857 9.9964E-05 0.898769 0.0935623 9.9964E-05 9.9964E-05 9.9964E-05
9.99551E-05 0.995004 9.99551E-05 9.99551E-05 0.00449635 9.99551E-05 9.99551E-05
9.9955E-05 9.9955E-05 0.847505 0.151995 9.9955E-05 9.9955E-05 9.9955E-05
0.90778 0.0136973 0.0261139 9.9991E-05 0.0277723 0.00604321 0.0184936
9.9973E-05 9.9973E-05 0.13319 0.624983 0.11088 9.9973E-05 0.130647
9.9973E-05 9.9973E-05 0.90871 0.0394876 9.9973E-05 0.0287365 0.0227658
9.9982E-05 0.00437916 0.123235 9.9982E-05 0.245096 0.0661556 0.560934
9.9982E-05 0.0232885 0.678848 0.219911 0.0590658 9.9982E-05 0.0186875
0.0371145 0.923887 0.00715879 9.9973E-05 9.9973E-05 9.9973E-05 0.03154
9.9991E-05 0.0131076 0.230304 0.506195 0.121227 0.00984225 0.119224
