0.162674 0.837226 9.9991E-05
9.999E-05 0.988401 0.0114994
9.999E-05 0.997676 0.0022245
0.170141 0.829536 0.000322193
0.50717 0.48896 0.00386954
0.315618 0.516103 0.168279
0.548421 0.451479 9.9991E-05
0.57535 0.40778 0.0168695
9.9991E-05 0.964131 0.0357695
0.0492189 0.950681 9.9991E-05
0.513913 0.485987 9.9991E-05
0.614098 0.385802 9.9991E-05
0.479525 0.520375 9.9991E-05
0.336041 0.476899 0.18706
0.215524 0.784376 9.9991E-05
0.243862 0.689322 0.0668161
0.572762 0.427138 9.9991E-05
0.00775219 0.401832 0.590415
9.9991E-05 0.978691 0.021209
0.528183 0.405026 0.0667914
9.999E-05 0.9998 9.999E-05
0.521313 0.478587 9.9991E-05
0.449983 0.549917 9.9991E-05
0.557942 0.0974388 0.344619
0.433494 0.475972 0.0905342
0.429462 0.570438 9.9991E-05
0.523864 0.476036 9.9991E-05
9.9991E-05 0.994261 0.00563889
0.0573777 0.942522 9.9991E-05
9.999E-05 0.9998 9.999E-05
0.387547 0.47778 0.134674
9.9991E-05 0.996728 0.0031722
9.999E-05 0.9998 9.999E-05
0.397736 0.463805 0.138459
9.9991E-05 0.998797 0.00110266
0.458584 0.501441 0.0399743
0.151649 0.848251 9.9991E-05
0.65095 0.34895 9.9991E-05
0.622121 0.301115 0.0767647
0.523436 0.476464 9.9991E-05
0.42078 0.426864 0.152356
9.9991E-05 0.984843 0.0150566
0.0644676 0.935432 9.9991E-05
0.0794018 0.920498 9.9991E-05
0.101854 0.886672 0.0114739
9.9991E-05 0.0123608 0.987539
0.0585226 0.941377 9.9991E-05
9.999E-05 0.9998 9.999E-05
9.9991E-05 0.027614 0.972286
0.153644 0.846256 9.9991E-05
0.337567 0.662333 9.9991E-05
0.0972346 0.902665 9.9991E-05
0.230638 0.769262 9.9991E-05
0.0718863 0.748279 0.179835
0.434322 0.565578 9.9991E-05
9.9991E-05 0.89935 0.10055
9.999E-05 0.9998 9.999E-05
9.9991E-05 0.987021 0.0128793
0.125234 0.874666 9.9991E-05
0.069514 0.930386 9.9991E-05
9.999E-05 0.9998 9.999E-05
0.543526 0.100924 0.35555
9.9991E-05 0.979964 0.0199363
0.416297 0.567426 0.0162768
9.999E-05 0.9998 9.999E-05
9.9991E-05 0.981703 0.0181971
0.162022 0.837878 9.9991E-05
0.147554 0.852346 9.9991E-05
0.588073 0.411827 9.9991E-05
9.9991E-05 0.0203098 0.97959
0.48145 0.51845 9.9991E-05
9.9991E-05 0.906472 0.0934277
0.0520251 0.941821 0.00615434
9.9991E-05 0.972633 0.0272671
9.9991E-05 0.995295 0.00460467
9.9991E-05 0.952453 0.0474468
9.999E-05 0.9998 9.999E-05
0.550542 0.449358 9.9991E-05
9.999E-05 0.9998 9.999E-05
0.509644 0.163591 0.326765
0.226069 0.773831 9.9991E-05
9.9991E-05 0.995072 0.00482798
0.132852 0.258681 0.608468
0.0704557 0.715451 0.214093
0.341973 0.625731 0.0322964
0.0539806 0.941979 0.00404001
9.9991E-05 0.989432 0.0104677
9.999E-05 9.999E-05 0.9998
0.222582 0.777318 9.9991E-05
0.193834 0.806066 9.9991E-05
0.510399 0.489501 9.9991E-05
0.552689 0.447211 9.9991E-05
0.580156 0.419744 9.9991E-05
9.9991E-05 0.999398 0.000501872
0.19217 0.80773 9.9991E-05
9.999E-05 0.9998 9.999E-05
0.334845 0.665055 9.9991E-05
0.37322 0.445737 0.181043
9.9991E-05 0.982878 0.0170218
0.501971 0.497929 9.9991E-05
0.413181 0.586719 9.9991E-05
0.597785 0.0397613 0.362454
0.162965 0.836935 9.9991E-05
9.999E-05 0.9998 9.999E-05
9.999E-05 0.9998 9.999E-05
0.620624 0.379276 9.9991E-05
9.9991E-05 0.0364049 0.963495
0.655594 0.344306 9.9991E-05
0.0876268 0.91184 0.000533145
9.9991E-05 0.970292 0.0296079
0.574342 0.425558 9.9991E-05
9.9991E-05 0.0380845 0.961816
0.446417 0.164142 0.389441
0.176282 0.823618 9.9991E-05
0.0559685 0.943931 9.9991E-05
0.508587 0.491313 9.9991E-05
9.9991E-05 0.981079 0.018821
0.541935 0.367833 0.0902314
0.135586 0.169531 0.694883
0.0318476 0.955742 0.0124107
0.22498 0.77492 9.9991E-05
0.564301 0.0842055 0.351493
0.0269909 0.972909 9.9991E-05
0.308862 0.691038 9.9991E-05
0.0183064 0.981594 9.9991E-05
0.510904 0.488996 9.9991E-05
0.497039 0.502861 9.9991E-05
0.529374 0.466625 0.00400148
0.501645 0.411828 0.0865272
0.199308 0.800592 9.9991E-05
0.00861067 0.987751 0.00363806
0.147249 0.852651 9.9991E-05
0.0190033 0.0677914 0.913205
0.00867687 0.965713 0.0256097
0.00498888 0.0390009 0.95601
0.147281 0.852619 9.9991E-05
0.447782 0.191704 0.360514
0.669092 0.330808 9.9991E-05
0.599307 0.400593 9.9991E-05
0.614488 0.385412 9.9991E-05
0.226247 0.773653 9.9991E-05
0.464781 0.494393 0.0408257
9.9991E-05 0.995149 0.00475114
0.323559 0.676341 9.9991E-05
0.170896 0.612856 0.216248
0.107857 0.863913 0.0282298
0.0396869 0.939961 0.0203525
0.464096 0.149544 0.386359
0.418101 0.423099 0.158801
0.589495 0.0305171 0.379988
0.155938 0.843962 9.9991E-05
0.31989 0.50125 0.17886
0.278402 0.544992 0.176606
0.10028 0.89962 9.9991E-05
9.999E-05 0.9998 9.999E-05
9.9991E-05 0.0191333 0.980767
0.537998 0.324393 0.13761
0.118559 0.881341 9.9991E-05
0.273877 0.368049 0.358074
9.9991E-05 0.981342 0.0185577
9.999E-05 9.999E-05 0.9998
0.0209058 0.956896 0.0221982
9.9991E-05 0.241417 0.758483
0.565135 0.434765 9.9991E-05
9.9991E-05 0.993698 0.00620222
9.9991E-05 0.995772 0.00412828
0.516067 0.369178 0.114755
9.9991E-05 0.966588 0.0333119
0.580551 0.0768254 0.342624
9.9991E-05 0.990209 0.00969055
9.999E-05 9.999E-05 0.9998
9.999E-05 0.9998 9.999E-05
0.534506 0.465394 9.9991E-05
0.403541 0.596359 9.9991E-05
0.506433 0.395407 0.0981596
0.338305 0.555184 0.106511
0.379666 0.428188 0.192146
9.999E-05 0.9998 9.999E-05
0.413532 0.586368 9.9991E-05
0.00781249 0.992088 9.9991E-05
0.437761 0.50667 0.0555698
0.630156 0.364575 0.00526951
0.0254323 0.946625 0.0279424
0.281043 0.718857 9.9991E-05
0.106379 0.893521 9.9991E-05
0.0162909 0.983609 9.9991E-05
0.143652 0.636125 0.220223
0.401601 0.598299 9.9991E-05
0.30806 0.644932 0.047008
0.0193109 9.9991E-05 0.980589
9.9991E-05 0.969543 0.0303574
9.999E-05 0.9998 9.999E-05
0.0211338 0.97659 0.00227621
0.456489 0.161613 0.381897
0.138326 0.861574 9.9991E-05
0.448251 0.444872 0.106877
0.377744 0.622156 9.9991E-05
9.9991E-05 0.990767 0.00913272
0.0561811 0.939533 0.00428606
9.999E-05 0.9998 9.999E-05
0.458866 0.423677 0.117458
9.9991E-05 0.0649377 0.934962
0.509178 0.362311 0.128511
0.245985 0.753915 9.9991E-05
9.999E-05 9.999E-05 0.9998
0.215735 0.775679 0.00858572
0.452148 0.547752 9.9991E-05
0.0048153 0.948655 0.0465296
9.999E-05 0.9998 9.999E-05
9.9991E-05 0.967968 0.0319322
0.27251 0.706097 0.0213924
0.421112 0.21545 0.363438
9.999E-05 0.9998 9.999E-05
0.65324 0.34666 9.9991E-05
0.311913 0.687987 9.9991E-05
0.474791 0.137335 0.387874
0.605905 0.364778 0.0293164
0.259329 0.512976 0.227695
0.511521 0.488379 9.9991E-05
0.47185 0.178457 0.349693
0.254675 0.745225 9.9991E-05
9.999E-05 9.999E-05 0.9998
0.223173 0.776727 9.9991E-05
9.9991E-05 0.996629 0.00327095
9.999E-05 9.999E-05 0.9998
0.0214143 0.978486 9.9991E-05
0.0240588 0.0792979 0.896643
0.473522 0.526378 9.9991E-05
9.9991E-05 0.98563 0.0142696
0.478941 0.376787 0.144272
0.127447 0.872453 9.9991E-05
9.999E-05 9.999E-05 0.9998
0.458345 0.541555 9.9991E-05
