0.994589 9.9991E-05 0.00531118
0.978428 0.0214715 9.9991E-05
0.990038 0.00986234 9.9991E-05
0.971903 0.0160944 0.0120021
0.808652 0.00611448 0.185234
0.688723 0.113952 0.197325
0.793198 9.99911E-05 0.206702
0.794832 0.0120756 0.193093
0.960678 0.0392224 9.9991E-05
0.9998 9.999E-05 9.999E-05
0.892691 9.9991E-05 0.107209
0.832419 9.99911E-05 0.167481
0.932643 9.9991E-05 0.0672572
0.663642 0.144325 0.192033
0.9998 9.999E-05 9.999E-05
0.878882 0.0508864 0.0702313
0.845981 9.99911E-05 0.153919
0.364699 0.491171 0.14413
0.969499 0.0304007 9.9991E-05
0.746052 0.0422629 0.211685
0.991119 0.00878119 9.9991E-05
0.89102 9.9991E-05 0.10888
0.903607 9.9991E-05 0.0962926
0.115724 9.9991E-05 0.884176
0.912789 9.9991E-05 0.0871113
0.861022 9.99911E-05 0.138878
0.987778 0.012122 9.9991E-05
0.9998 9.999E-05 9.999E-05
0.9998 9.999E-05 9.999E-05
0.689624 0.0950179 0.215358
0.978794 0.0211059 9.9991E-05
0.985436 0.0144636 9.9991E-05
0.703097 0.10149 0.195413
0.984197 0.0157031 9.9991E-05
0.862009 0.0343682 0.103623
0.9998 9.999E-05 9.999E-05
0.77902 9.99911E-05 0.22088
0.686798 0.0637156 0.249487
0.847319 9.9991E-05 0.152581
0.670893 0.116324 0.212783
0.976499 0.0234013 9.9991E-05
0.9998 9.999E-05 9.999E-05
0.990952 0.00894766 9.9991E-05
0.966855 0.0330453 9.9991E-05
0.0179377 0.870857 0.111205
0.98926 0.0106401 9.9991E-05
0.997652 0.00224836 9.9991E-05
0.0249783 0.86423 0.110792
0.9998 9.999E-05 9.999E-05
0.969267 9.9991E-05 0.0306331
0.9998 9.999E-05 9.999E-05
0.970897 9.9991E-05 0.0290029
0.754296 0.1457 0.100005
0.846401 9.9991E-05 0.153499
0.871992 0.0897345 0.0382734
0.990221 0.00967949 9.9991E-05
0.976669 0.0232308 9.9991E-05
0.990961 0.00292987 0.00610873
0.9998 9.999E-05 9.999E-05
0.9998 9.999E-05 9.999E-05
0.119581 0.0417159 0.838703
0.971061 0.0288394 9.9991E-05
0.856187 0.0147812 0.129031
0.969445 0.0304546 9.9991E-05
0.979243 0.0206567 9.9991E-05
0.998624 9.9991E-05 0.00127638
0.9998 9.999E-05 9.999E-05
0.83656 9.99911E-05 0.16334
0.0168443 0.862348 0.120807
0.862254 9.9991E-05 0.137646
0.90841 0.0835082 0.00808171
0.975133 0.0247671 9.9991E-05
0.948885 0.0394218 0.0116935
0.978908 0.020992 9.9991E-05
0.938873 0.0610267 9.9991E-05
0.987439 0.0124615 9.9991E-05
0.828881 9.9991E-05 0.171019
0.9998 9.999E-05 9.999E-05
0.175798 0.0602607 0.763942
0.961101 9.9991E-05 0.038799
0.987211 0.0126885 9.9991E-05
0.29735 0.501862 0.200788
0.727704 0.170618 0.101677
0.896646 0.0359452 0.0674088
0.983413 0.0164868 9.9991E-05
0.983386 0.016514 9.9991E-05
9.999E-05 0.9998 9.999E-05
0.9998 9.999E-05 9.999E-05
0.990934 9.9991E-05 0.00896642
0.92506 9.99911E-05 0.0748402
0.874108 9.99911E-05 0.125792
0.912207 9.99911E-05 0.0876928
0.989105 0.0107947 9.9991E-05
0.9998 9.999E-05 9.999E-05
0.9998 9.999E-05 9.999E-05
0.955889 9.9991E-05 0.044011
0.670932 0.135498 0.193569
0.970682 0.0292182 9.9991E-05
0.832533 9.9991E-05 0.167367
0.920883 0.00412246 0.0749942
0.0555869 0.0342223 0.910191
0.996742 0.00315756 9.9991E-05
0.986818 0.0130816 9.9991E-05
0.893529 9.99911E-05 0.106371
0.0291316 0.870853 0.100016
0.858455 9.99911E-05 0.141445
0.97493 9.9991E-05 0.02497
0.963387 0.0365132 9.9991E-05
0.895976 9.99911E-05 0.103924
0.000522116 0.868207 0.131271
0.187232 0.100732 0.712036
0.985274 9.9991E-05 0.0146257
0.9998 9.999E-05 9.999E-05
0.924367 9.9991E-05 0.0755333
0.976857 0.0230428 9.9991E-05
0.714186 0.0693428 0.216471
0.16889 0.584853 0.246257
0.98297 0.0135332 0.00349684
0.9998 9.999E-05 9.999E-05
0.0526765 9.9991E-05 0.947223
0.994088 0.00581153 9.9991E-05
0.984857 9.9991E-05 0.0150426
0.9998 9.999E-05 9.999E-05
0.889894 9.99911E-05 0.110006
0.879558 9.9991E-05 0.120342
0.835552 9.99911E-05 0.164348
0.732515 0.0793677 0.188117
0.983059 9.9991E-05 0.0168413
0.990684 0.00921591 9.9991E-05
0.989412 0.00380638 0.00678184
0.0604222 0.808184 0.131394
0.974467 0.016856 0.00867664
0.0172753 0.822941 0.159783
0.9998 9.999E-05 9.999E-05
0.117051 9.99909E-05 0.882849
0.858606 9.99911E-05 0.141294
0.822928 9.99911E-05 0.176972
0.816901 9.99911E-05 0.182999
0.9812 9.9991E-05 0.0187002
0.835598 0.0306634 0.133739
0.989689 0.0102109 9.9991E-05
0.950153 9.9991E-05 0.0497468
0.674084 0.166576 0.15934
0.960976 0.0317731 0.00725088
0.96885 0.0310502 9.9991E-05
0.0931058 0.0188059 0.888088
0.649232 0.0939547 0.256813
0.0253032 9.9991E-05 0.974597
0.9998 9.999E-05 9.999E-05
0.674917 0.108404 0.216679
0.679032 0.128395 0.192573
0.98298 0.0169198 9.9991E-05
0.995599 0.00430113 9.9991E-05
0.00584303 0.845477 0.14868
0.624641 0.0794156 0.295944
0.9998 9.999E-05 9.999E-05
0.351661 0.149457 0.498882
0.968743 0.0311568 9.9991E-05
9.999E-05 0.9998 9.999E-05
0.965262 0.0346385 9.9991E-05
0.2731 0.7268 9.9991E-05
0.855569 9.99911E-05 0.144331
0.982978 0.0169223 9.9991E-05
0.979955 0.0199446 9.9991E-05
0.685987 0.0849379 0.229075
0.956334 0.0435658 9.9991E-05
0.0637203 9.9991E-05 0.93618
0.989141 0.010759 9.9991E-05
9.999E-05 0.9998 9.999E-05
0.990136 0.0097639 9.9991E-05
0.845962 9.9991E-05 0.153938
0.906306 0.00416194 0.0895321
0.715491 0.0552891 0.22922
0.769872 0.097399 0.132729
0.655938 0.12655 0.217512
0.984598 0.015302 9.9991E-05
0.895905 9.9991E-05 0.103995
0.994729 0.00517124 9.9991E-05
0.791595 0.0277242 0.180681
0.803589 9.99911E-05 0.196311
0.970467 0.0294327 9.9991E-05
0.982985 9.9991E-05 0.0169146
0.986364 0.00482706 0.00880911
0.995383 0.00451704 9.9991E-05
0.694718 0.150473 0.154809
0.90623 0.0064356 0.0873346
0.860806 0.0421372 0.097057
0.0285414 0.966837 0.00462197
0.963554 0.0363455 9.9991E-05
0.990331 0.00956946 9.9991E-05
0.983353 0.0165468 9.9991E-05
0.1002 0.00821506 0.891585
0.992011 0.00772233 0.000267015
0.706164 0.0829322 0.210903
0.929519 9.9991E-05 0.0703807
0.962249 0.0376506 9.9991E-05
0.96125 0.0234769 0.0152728
0.99146 0.00844043 9.9991E-05
0.709154 0.0889061 0.20194
0.0767692 0.899891 0.0233401
0.664162 0.0886335 0.247204
0.975423 9.9991E-05 0.0244772
9.999E-05 0.9998 9.999E-05
0.931127 0.0255038 0.0433694
0.955802 9.9991E-05 0.0440977
0.943399 0.0565015 9.9991E-05
0.987245 0.0126553 9.9991E-05
0.964768 0.0351321 9.9991E-05
0.914744 0.0153255 0.0699301
0.123778 0.00294829 0.873274
0.984562 0.0153383 9.9991E-05
0.807174 9.99911E-05 0.192726
0.967048 9.9991E-05 0.0328519
0.0895949 0.0253327 0.885072
0.756817 0.0134539 0.229729
0.646433 0.180872 0.172695
0.823337 9.9991E-05 0.176563
0.142409 0.00624233 0.851348
0.9998 9.999E-05 9.999E-05
9.999E-05 0.9998 9.999E-05
0.98298 9.9991E-05 0.0169199
0.981227 0.0186726 9.9991E-05
9.999E-05 0.9998 9.999E-05
0.9998 9.999E-05 9.999E-05
0.0745773 0.787607 0.137815
0.942878 9.99911E-05 0.0570219
0.986341 0.0135586 9.9991E-05
0.642991 0.0762515 0.280758
0.975935 0.0239647 9.9991E-05
9.999E-05 0.9998 9.999E-05
0.883355 9.9991E-05 0.116545
