9.9955E-05 0.594534 9.9955E-05 9.9955E-05 0.120975 0.0121642 9.9955E-05 9.9955E-05 0.271827
0.0411404 0.95816 9.9937E-05 9.9937E-05 9.9937E-05 9.9937E-05 9.9937E-05 9.9937E-05 9.9937E-05
9.9955E-05 0.93796 0.0108845 9.9955E-05 9.9955E-05 9.9955E-05 9.9955E-05 0.0196891 0.0309662
0.103993 0.474128 9.9964E-05 9.9964E-05 9.9964E-05 0.00327051 0.00392565 9.9964E-05 0.414283
0.178415 0.0395596 0.150717 9.9973E-05 0.163537 9.9973E-05 9.9973E-05 0.0398238 0.427647
0.68299 0.125371 0.0750732 9.9964E-05 0.0225001 9.9964E-05 9.9964E-05 9.9964E-05 0.093665
9.9964E-05 0.170669 0.535619 0.0186059 0.274289 9.9964E-05 9.9964E-05 9.9964E-05 0.000416994
0.284553 9.9946E-05 9.9946E-05 0.394789 9.9946E-05 9.9946E-05 9.9946E-05 9.9946E-05 0.320059
9.9973E-05 0.903671 9.9973E-05 0.0388994 9.9973E-05 0.00578131 0.0118474 0.00888735 0.0306133
9.9937E-05 0.689289 9.9937E-05 9.9937E-05 9.9937E-05 9.9937E-05 9.9937E-05 9.9937E-05 0.310012
9.998E-05 0.0887767 0.114091 0.15543 0.176883 0.00676934 9.998E-05 9.998E-05 0.45775
9.9955E-05 9.9955E-05 9.9955E-05 9.9955E-05 0.733445 0.0110485 9.9955E-05 0.0151982 0.239809
9.9955E-05 0.14617 9.9955E-05 0.117397 0.328127 9.9955E-05 9.9955E-05 9.9955E-05 0.407807
0.767662 0.107749 0.0644791 0.05961 9.9955E-05 9.9955E-05 9.9955E-05 9.9955E-05 9.9955E-05
9.9946E-05 0.387873 9.9946E-05 9.9946E-05 9.9946E-05 0.0118699 9.9946E-05 9.9946E-05 0.599658
0.238399 0.418616 0.0395903 9.9982E-05 0.220475 0.00104173 0.00507707 9.9982E-05 0.0766007
9.9964E-05 0.106002 0.399382 0.332198 0.0131038 9.9964E-05 9.9964E-05 9.9964E-05 0.148914
0.291749 0.230697 9.9964E-05 9.9964E-05 9.9964E-05 0.435005 0.0327768 0.00937208 9.9964E-05
0.0212638 0.971079 9.9946E-05 9.9946E-05 9.9946E-05 9.9946E-05 0.00705771 9.9946E-05 9.9946E-05
0.216569 0.130637 0.0720325 0.53156 9.9991E-05 0.00570217 0.00902087 0.0220395 0.012339
9.9955E-05 0.890818 9.9955E-05 9.9955E-05 0.0239728 9.9955E-05 9.9955E-05 0.00108377 0.0836259
9.9964E-05 0.114127 9.9964E-05 0.0439665 0.55261 9.9964E-05 9.9964E-05 0.00534536 0.283552
0.0562863 0.131428 9.9964E-05 9.9964E-05 0.326558 0.00478615 9.9964E-05 9.9964E-05 0.480542
0.00976311 9.9964E-05 9.9964E-05 0.0182 9.9964E-05 0.0220673 9.9964E-05 0.869028 0.0805414
9.9964E-05 0.241408 9.9964E-05 0.20656 0.132271 9.9964E-05 9.9964E-05 0.0102749 0.409086
0.150816 0.144681 0.0676387 0.482237 9.9964E-05 9.9964E-05 9.9964E-05 9.9964E-05 0.154227
9.9946E-05 0.829236 9.9946E-05 9.9946E-05 9.9946E-05 0.008905 9.9946E-05 9.9946E-05 0.161259
9.9937E-05 0.71936 9.9937E-05 9.9937E-05 9.9937E-05 9.9937E-05 9.9937E-05 9.9937E-05 0.27994
9.9937E-05 0.968081 9.9937E-05 9.9937E-05 9.9937E-05 9.9937E-05 9.9937E-05 9.9937E-05 0.0312198
0.66461 0.0617231 9.9946E-05 9.9946E-05 0.273067 9.9946E-05 9.9946E-05 9.9946E-05 9.9946E-05
0.0365252 0.939097 9.9946E-05 9.9946E-05 0.0237784 9.9946E-05 9.9946E-05 9.9946E-05 9.9946E-05
0.00778712 0.955836 0.0164824 9.9955E-05 0.0193942 9.9955E-05 9.9955E-05 9.9955E-05 9.9955E-05
0.652139 0.0733199 9.9946E-05 0.273941 9.9946E-05 9.9946E-05 9.9946E-05 9.9946E-05 9.9946E-05
9.9946E-05 0.980489 9.9946E-05 9.9946E-05 0.00805797 9.9946E-05 9.9946E-05 0.0108532 9.9946E-05
0.0985221 0.119338 0.303244 9.9973E-05 0.245396 9.9973E-05 0.0203353 9.9973E-05 0.212865
9.9937E-05 0.442703 9.9937E-05 9.9937E-05 9.9937E-05 9.9937E-05 9.9937E-05 9.9937E-05 0.556597
9.9955E-05 9.9955E-05 0.447631 9.9955E-05 0.321721 9.9955E-05 0.0146983 9.9955E-05 0.21545
0.437553 9.99459E-05 9.99459E-05 0.47518 0.0866678 9.99459E-05 9.99459E-05 9.99459E-05 9.99459E-05
0.0567366 0.0331088 0.041037 0.0466253 0.227176 9.9982E-05 9.9982E-05 0.0395914 0.555525
0.435541 0.0920779 0.314429 9.9982E-05 0.116217 9.9982E-05 0.0102087 0.0199797 0.0113474
0.00906129 0.96993 0.00404969 0.0116089 9.9973E-05 9.9973E-05 0.00257924 0.00247133 9.9973E-05
9.9946E-05 0.738437 9.9946E-05 9.9946E-05 0.0628941 9.9946E-05 9.9946E-05 9.9946E-05 0.198069
9.9946E-05 0.663668 9.9946E-05 9.9946E-05 9.9946E-05 9.9946E-05 0.00942934 9.9946E-05 0.326303
0.0849124 0.622901 9.9964E-05 9.9964E-05 0.000949871 0.0223634 9.9964E-05 9.9964E-05 0.268473
0.00515262 9.9937E-05 9.9937E-05 9.9937E-05 9.9937E-05 0.994148 9.9937E-05 9.9937E-05 9.9937E-05
9.9955E-05 0.873225 0.0431404 0.0321686 0.050966 9.9955E-05 9.9955E-05 9.9955E-05 9.9955E-05
9.9946E-05 0.810356 9.9946E-05 9.9946E-05 9.9946E-05 0.000178254 9.9946E-05 9.9946E-05 0.188866
9.993E-05 9.993E-05 9.993E-05 9.993E-05 9.993E-05 0.999201 9.993E-05 9.993E-05 9.993E-05
9.99369E-05 0.515866 9.99369E-05 9.99369E-05 9.99369E-05 9.99369E-05 9.99369E-05 9.99369E-05 0.483435
9.9973E-05 0.301264 0.101335 0.0477198 0.0869621 9.9973E-05 0.00856214 9.9973E-05 0.453857
9.9937E-05 0.573585 9.9937E-05 9.9937E-05 9.9937E-05 9.9937E-05 9.9937E-05 9.9937E-05 0.425716
9.9955E-05 0.433738 9.9955E-05 9.9955E-05 0.116254 9.9955E-05 9.9955E-05 0.00172621 0.447782
0.471974 0.487379 9.9964E-05 9.9964E-05 9.9964E-05 0.0217296 0.00897391 0.00954415 9.9964E-05
0.148876 0.187173 0.0200026 0.0238446 0.14884 9.9982E-05 9.9982E-05 0.0610573 0.410006
0.165697 0.775105 9.99549E-05 9.99549E-05 9.99549E-05 9.99549E-05 0.0199523 0.0387456 9.99549E-05
9.9946E-05 0.870578 9.9946E-05 9.9946E-05 9.9946E-05 0.00553742 9.9946E-05 9.9946E-05 0.123285
0.000443825 0.958771 9.9973E-05 0.0116743 0.0205627 0.00807939 0.000168396 9.9973E-05 9.9973E-05
9.9973E-05 0.666822 0.0243084 9.9973E-05 0.0185555 0.00526065 9.9973E-05 0.0111186 0.273635
9.9937E-05 0.667333 9.9937E-05 9.9937E-05 9.9937E-05 9.9937E-05 9.9937E-05 9.9937E-05 0.331967
9.9946E-05 0.946061 9.9946E-05 9.9946E-05 0.0183742 9.9946E-05 9.9946E-05 9.9946E-05 0.0349655
9.99461E-05 9.99461E-05 0.15755 9.99461E-05 9.99461E-05 9.99461E-05 0.0147022 0.827148 9.99461E-05
9.9964E-05 0.960709 9.9964E-05 0.0205344 0.00485662 9.9964E-05 0.00857909 0.00492056 9.9964E-05
0.165358 0.092761 9.9982E-05 9.9982E-05 0.180242 0.000255099 0.0165025 0.0336912 0.51099
9.9955E-05 0.941452 0.014483 9.9955E-05 9.9955E-05 0.00142829 9.9955E-05 9.9955E-05 0.042137
0.000758264 0.99378 9.9946E-05 9.9946E-05 9.9946E-05 9.9946E-05 0.00486194 9.9946E-05 9.9946E-05
9.9964E-05 0.539498 9.9964E-05 9.9964E-05 0.0078237 0.002477 9.9964E-05 0.0115344 0.438267
9.9946E-05 0.580874 9.9946E-05 9.9946E-05 0.0182481 9.9946E-05 9.9946E-05 9.9946E-05 0.400279
9.99549E-05 0.0594169 9.99549E-05 0.0132224 0.926546 9.99549E-05 9.99549E-05 0.000315399 9.99549E-05
9.993E-05 9.993E-05 9.993E-05 9.993E-05 9.993E-05 0.999201 9.993E-05 9.993E-05 9.993E-05
0.239668 0.0119333 0.029208 0.134271 9.9973E-05 9.9973E-05 9.9973E-05 0.00235036 0.582269
0.134649 0.807118 9.99639E-05 9.99639E-05 9.99639E-05 0.00833986 0.0145451 0.0349479 9.99639E-05
9.9964E-05 0.723238 9.9964E-05 9.9964E-05 9.9964E-05 0.00114882 0.00482391 0.00537083 0.265018
9.9937E-05 0.965766 9.9937E-05 9.9937E-05 9.9937E-05 9.9937E-05 9.9937E-05 0.0335349 9.9937E-05
9.9946E-05 0.99283 0.00420592 9.9946E-05 9.9946E-05 9.9946E-05 9.9946E-05 0.00236435 9.9946E-05
0.015046 0.927114 0.0101342 9.9973E-05 0.013476 0.0288345 0.00509514 9.9973E-05 9.9973E-05
9.9955E-05 0.954027 9.9955E-05 0.0161166 9.9955E-05 9.9955E-05 0.00206382 9.9955E-05 0.0272928
9.9973E-05 0.143607 0.334535 0.106578 0.253055 9.9973E-05 9.9973E-05 0.0017167 0.160208
9.9946E-05 0.929086 9.9946E-05 0.0434319 9.9946E-05 9.9946E-05 9.9946E-05 9.9946E-05 0.0268828
0.0875864 9.9955E-05 0.210143 9.9955E-05 9.9955E-05 0.0310769 9.9955E-05 0.670694 9.9955E-05
9.9955E-05 0.463779 9.9955E-05 0.0766874 9.9955E-05 9.9955E-05 9.9955E-05 0.0189984 0.440035
9.9946E-05 0.883959 9.9946E-05 9.9946E-05 9.9946E-05 0.00943211 9.9946E-05 9.9946E-05 0.106009
0.328362 0.105032 0.0391541 9.9973E-05 9.9973E-05 0.39273 0.0767477 0.0576747 9.9973E-05
0.578229 0.385987 9.9964E-05 9.9964E-05 9.9964E-05 0.0277139 0.000406437 0.00726378 9.9964E-05
0.276044 0.166487 0.0692758 9.9955E-05 9.9955E-05 9.9955E-05 9.9955E-05 9.9955E-05 0.487693
0.0314412 0.742039 9.9964E-05 9.9964E-05 0.0155606 9.9964E-05 0.00295567 9.9964E-05 0.207604
0.0149501 0.940205 9.9955E-05 9.9955E-05 0.0328762 9.9955E-05 9.9955E-05 0.0114689 9.9955E-05
9.993E-05 9.993E-05 9.993E-05 9.993E-05 9.993E-05 9.993E-05 0.999201 9.993E-05 9.993E-05
9.99549E-05 0.415948 9.99549E-05 9.99549E-05 0.0689729 0.00171679 9.99549E-05 9.99549E-05 0.512862
9.99459E-05 0.448269 9.99459E-05 9.99459E-05 0.0509 9.99459E-05 9.99459E-05 9.99459E-05 0.500232
9.9955E-05 0.118132 9.9955E-05 0.0231968 0.564904 9.9955E-05 9.9955E-05 9.9955E-05 0.293267
0.000477729 0.0564993 0.0376911 0.28346 0.14751 9.9982E-05 9.9982E-05 0.0138673 0.460294
9.9955E-05 0.0429569 9.9955E-05 0.485973 0.253121 9.9955E-05 9.9955E-05 9.9955E-05 0.217449
9.9946E-05 0.984266 0.00602453 9.9946E-05 9.9946E-05 9.9946E-05 9.9946E-05 0.00910937 9.9946E-05
9.9937E-05 0.412257 9.9937E-05 9.9937E-05 9.9937E-05 9.9937E-05 9.9937E-05 9.9937E-05 0.587043
9.9937E-05 0.840414 9.9937E-05 9.9937E-05 9.9937E-05 9.9937E-05 9.9937E-05 9.9937E-05 0.158886
0.0120105 0.246853 0.0550305 9.9964E-05 0.0657951 9.9964E-05 9.9964E-05 9.9964E-05 0.619911
0.749831 0.0492301 9.9955E-05 0.0110759 0.189363 9.9955E-05 9.9955E-05 9.9955E-05 9.9955E-05
0.0295676 0.966659 9.9946E-05 9.9946E-05 9.9946E-05 9.9946E-05 9.9946E-05 0.00317334 9.9946E-05
9.9964E-05 0.119935 0.258966 9.9964E-05 0.219302 9.9964E-05 9.9964E-05 0.0383296 0.363067
0.150862 0.0933305 9.9973E-05 0.0907855 0.012721 0.00842347 9.9973E-05 9.9973E-05 0.643578
0.0126399 9.9964E-05 0.0780359 9.9964E-05 0.0242948 0.0223672 9.9964E-05 0.862262 9.9964E-05
9.9955E-05 0.919497 0.017277 9.9955E-05 9.9955E-05 0.000431818 9.9955E-05 9.9955E-05 0.0622947
9.993E-05 0.999201 9.993E-05 9.993E-05 9.993E-05 9.993E-05 9.993E-05 9.993E-05 9.993E-05
9.9973E-05 0.0121146 0.0827306 0.547244 0.0384671 0.0126999 9.9973E-05 9.9973E-05 0.306444
9.993E-05 9.993E-05 9.993E-05 9.993E-05 9.993E-05 0.999201 9.993E-05 9.993E-05 9.993E-05
9.99459E-05 0.0806844 9.99459E-05 0.910957 9.99459E-05 9.99459E-05 9.99459E-05 9.99459E-05 0.00775901
9.9964E-05 0.720372 9.9964E-05 9.9964E-05 0.037874 0.000855047 9.9964E-05 0.0273757 0.213124
0.0320232 0.940558 0.000948305 9.9964E-05 9.9964E-05 9.9964E-05 0.00242016 0.0236509 9.9964E-05
9.9955E-05 0.0405632 9.9955E-05 0.115702 0.628866 9.9955E-05 9.9955E-05 9.9955E-05 0.214369
9.993E-05 9.993E-05 9.993E-05 9.993E-05 9.993E-05 0.999201 9.993E-05 9.993E-05 9.993E-05
0.32456 9.9946E-05 9.9946E-05 9.9946E-05 9.9946E-05 0.0290302 9.9946E-05 0.645811 9.9946E-05
9.9955E-05 0.618269 9.9955E-05 9.9955E-05 0.179511 0.00212644 9.9955E-05 9.9955E-05 0.199594
9.9937E-05 0.655944 9.9937E-05 9.9937E-05 9.9937E-05 9.9937E-05 9.9937E-05 9.9937E-05 0.343356
9.9955E-05 0.0956003 9.9955E-05 0.157476 0.367517 9.9955E-05 9.9955E-05 9.9955E-05 0.378906
0.00477295 0.955824 9.9955E-05 0.0153583 9.9955E-05 9.9955E-05 9.9955E-05 0.0235449 9.9955E-05
0.324599 0.0303804 0.111529 0.338076 0.162999 0.0321178 9.9973E-05 9.9973E-05 9.9973E-05
0.126911 0.0338661 0.0918801 9.9973E-05 9.9973E-05 0.510037 0.107405 0.129601 9.9973E-05
9.9955E-05 0.826143 9.9955E-05 9.9955E-05 9.9955E-05 9.9955E-05 0.0029548 0.0416134 0.128789
9.9964E-05 0.414279 9.9964E-05 0.0599205 0.0828196 0.000505836 9.9964E-05 9.9964E-05 0.442075
9.9937E-05 9.9937E-05 9.9937E-05 9.9937E-05 0.0134851 9.9937E-05 9.9937E-05 0.985815 9.9937E-05
9.9955E-05 0.810504 9.9955E-05 0.0498599 9.9955E-05 0.00272964 9.9955E-05 9.9955E-05 0.136407
9.9946E-05 0.287873 9.9946E-05 9.9946E-05 0.172603 9.9946E-05 9.9946E-05 9.9946E-05 0.538925
9.9946E-05 0.733779 9.9946E-05 9.9946E-05 9.9946E-05 0.000959218 9.9946E-05 9.9946E-05 0.264662
9.9937E-05 0.238005 9.9937E-05 0.761295 9.9937E-05 9.9937E-05 9.9937E-05 9.9937E-05 9.9937E-05
0.123989 0.111383 9.9964E-05 0.252607 0.264604 9.9964E-05 9.9964E-05 9.9964E-05 0.247018
9.9946E-05 0.0265974 0.57493 9.9946E-05 9.9946E-05 9.9946E-05 9.9946E-05 9.9946E-05 0.397873
0.120301 0.128628 0.640336 0.0552986 9.9973E-05 9.9973E-05 0.0184374 9.9973E-05 0.0366994
9.9946E-05 0.486542 9.9946E-05 9.9946E-05 9.9946E-05 9.9946E-05 9.9946E-05 0.0103933 0.502465
9.9946E-05 0.812771 9.9946E-05 9.9946E-05 9.9946E-05 0.00614631 9.9946E-05 9.9946E-05 0.180483
9.9964E-05 0.567628 9.9964E-05 0.00970691 9.9964E-05 0.0305832 9.9964E-05 0.00706412 0.384618
0.0460178 9.9964E-05 9.9964E-05 0.0279357 9.9964E-05 0.865858 0.0579403 0.00184836 9.9964E-05
0.0302424 0.899717 0.0221562 9.9973E-05 0.023294 9.9973E-05 9.9973E-05 0.0241854 0.000105389
9.9955E-05 9.9955E-05 9.9955E-05 9.9955E-05 0.0224112 0.961207 0.00822379 0.00765845 9.9955E-05
9.9946E-05 0.586299 9.9946E-05 9.9946E-05 9.9946E-05 9.9946E-05 9.9946E-05 0.00391644 0.409185
9.99369E-05 0.0635403 9.99369E-05 9.99369E-05 9.99369E-05 9.99369E-05 9.99369E-05 0.93576 9.99369E-05
9.99549E-05 9.99549E-05 0.075183 0.44726 0.135989 9.99549E-05 9.99549E-05 9.99549E-05 0.341068
9.9964E-05 0.106039 0.245528 0.396017 0.246271 9.9964E-05 0.005745 9.9964E-05 9.9964E-05
0.0121991 0.08803 0.0101147 0.572816 0.117529 9.9991E-05 0.0292082 0.0358972 0.134106
9.9955E-05 0.401295 9.9955E-05 0.0300108 9.9955E-05 9.9955E-05 9.9955E-05 0.00581757 0.562376
0.227856 0.10966 0.0420728 0.00640463 0.292497 0.0218712 9.9982E-05 9.9982E-05 0.299438
0.0080341 0.909445 9.9946E-05 9.9946E-05 9.9946E-05 9.9946E-05 9.9946E-05 9.9946E-05 0.0819208
9.9982E-05 0.298765 0.00770617 0.0624679 0.0781907 9.9982E-05 0.00672041 0.0119799 0.53397
0.611484 0.312291 0.0459996 9.9973E-05 9.9973E-05 0.00365367 0.00991084 0.0163613 9.9973E-05
0.0842517 0.626282 0.0552037 9.9973E-05 9.9973E-05 0.0141584 0.000575643 9.9973E-05 0.219229
0.0356048 0.754719 9.9964E-05 9.9964E-05 9.9964E-05 9.9964E-05 0.00577966 0.0105022 0.192995
0.010119 0.026575 9.99549E-05 9.99549E-05 9.99549E-05 0.00642197 9.99549E-05 0.956384 9.99549E-05
0.649407 0.0335298 0.0199514 9.9973E-05 0.198223 9.9973E-05 9.9973E-05 0.0439436 0.0546452
9.99371E-05 9.99371E-05 9.99371E-05 0.0192311 9.99371E-05 9.99371E-05 9.99371E-05 0.980069 9.99371E-05
9.9946E-05 0.580323 9.9946E-05 9.9946E-05 0.023261 9.9946E-05 9.9946E-05 9.9946E-05 0.395817
0.466378 0.161685 0.237966 9.9973E-05 9.9973E-05 9.9973E-05 0.00719882 0.0525091 0.073964
0.708864 0.192775 9.9955E-05 0.0691145 9.9955E-05 9.9955E-05 9.9955E-05 0.028747 9.9955E-05
9.9955E-05 0.665943 9.9955E-05 0.02301 9.9955E-05 0.0235789 9.9955E-05 9.9955E-05 0.286969
9.9946E-05 0.962405 9.9946E-05 9.9946E-05 0.026946 9.9946E-05 9.9946E-05 9.9946E-05 0.010049
9.9946E-05 9.9946E-05 9.9946E-05 9.9946E-05 9.9946E-05 0.994249 9.9946E-05 0.00347519 0.00167647
0.262576 0.00896691 0.700615 9.99639E-05 9.99639E-05 0.00672949 9.99639E-05 0.0207135 9.99639E-05
9.9937E-05 0.61038 9.9937E-05 9.9937E-05 9.9937E-05 9.9937E-05 9.9937E-05 9.9937E-05 0.388921
0.377918 0.141326 9.9964E-05 9.9964E-05 9.9964E-05 0.051926 0.0180812 0.410348 9.9964E-05
0.0300847 0.964106 9.9946E-05 9.9946E-05 9.9946E-05 0.00520953 9.9946E-05 9.9946E-05 9.9946E-05
9.993E-05 9.993E-05 9.993E-05 9.993E-05 9.993E-05 9.993E-05 0.999201 9.993E-05 9.993E-05
0.0525699 0.800765 9.9964E-05 9.9964E-05 9.9964E-05 0.0108547 0.00156275 9.9964E-05 0.133848
0.253492 0.114506 9.9955E-05 9.9955E-05 9.9955E-05 0.031124 0.600378 9.9955E-05 9.9955E-05
9.9973E-05 0.0951016 9.9973E-05 0.622391 9.9973E-05 0.00624454 0.000166405 0.0158344 0.259962
0.00691011 0.952427 0.0194707 9.9973E-05 0.0100419 9.9973E-05 0.00563118 0.00521913 9.9973E-05
9.9937E-05 0.991465 9.9937E-05 0.00783521 9.9937E-05 9.9937E-05 9.9937E-05 9.9937E-05 9.9937E-05
9.99459E-05 0.101981 0.876072 9.99459E-05 9.99459E-05 0.021348 9.99459E-05 9.99459E-05 9.99459E-05
0.0998519 0.895968 9.9955E-05 9.9955E-05 0.00346732 0.000212697 9.9955E-05 9.9955E-05 9.9955E-05
9.99371E-05 9.99371E-05 9.99371E-05 0.0291204 9.99371E-05 9.99371E-05 9.99371E-05 0.97018 9.99371E-05
9.9955E-05 0.967351 9.9955E-05 9.9955E-05 9.9955E-05 0.00433762 9.9955E-05 0.00155963 0.0262522
9.993E-05 9.993E-05 9.993E-05 9.993E-05 9.993E-05 9.993E-05 0.999201 9.993E-05 9.993E-05
9.9937E-05 0.979683 9.9937E-05 9.9937E-05 9.9937E-05 9.9937E-05 9.9937E-05 9.9937E-05 0.0196171
0.0388402 0.0163383 0.148891 9.9973E-05 0.305231 9.9973E-05 9.9973E-05 0.0249192 0.465481
0.0732833 0.245615 9.9982E-05 0.0879551 0.194224 0.0114481 0.00570052 9.9982E-05 0.381574
0.620469 9.9955E-05 9.9955E-05 0.137654 0.154676 9.9955E-05 9.9955E-05 9.9955E-05 0.0867019
0.527274 0.0802547 9.9955E-05 9.9955E-05 9.9955E-05 9.9955E-05 0.002594 9.9955E-05 0.389378
0.502416 0.104005 0.217309 9.9973E-05 0.0838877 0.0483195 9.9973E-05 9.9973E-05 0.043763
9.99371E-05 0.99545 9.99371E-05 9.99371E-05 9.99371E-05 0.00385093 9.99371E-05 9.99371E-05 9.99371E-05
9.99639E-05 0.214296 0.0890634 9.99639E-05 0.187077 9.99639E-05 9.99639E-05 0.0294469 0.479717
9.9946E-05 0.856972 9.9946E-05 9.9946E-05 9.9946E-05 9.9946E-05 0.00124948 9.9946E-05 0.141178
0.108932 0.115566 0.302418 9.9973E-05 9.9973E-05 0.0244291 9.9973E-05 0.0533541 0.395001
9.9955E-05 0.0603472 0.535968 0.326549 9.9955E-05 9.9955E-05 9.9955E-05 9.9955E-05 0.0766356
0.0416244 0.844502 9.9973E-05 9.9973E-05 0.00467116 9.9973E-05 0.0086622 0.00524368 0.0949963
9.9955E-05 0.290774 9.9955E-05 0.0121594 9.9955E-05 0.00385318 9.9955E-05 9.9955E-05 0.692714
9.9964E-05 0.593808 9.9964E-05 9.9964E-05 9.9964E-05 0.0071844 0.000348657 0.00915143 0.389107
0.0212311 0.930963 0.0472067 9.9946E-05 9.9946E-05 9.9946E-05 9.9946E-05 9.9946E-05 9.9946E-05
0.476313 0.39563 0.0589525 9.9973E-05 9.9973E-05 0.00603619 0.0240154 0.0387534 9.9973E-05
0.159784 0.191224 9.9973E-05 0.0803484 0.16149 0.00334086 9.9973E-05 9.9973E-05 0.403512
0.246205 0.271293 0.0317976 9.9982E-05 0.138987 9.9982E-05 0.0144563 0.00341086 0.293651
0.0257413 9.9973E-05 0.0408334 0.0133265 9.9973E-05 0.0186912 0.886305 0.0148024 9.9973E-05
0.0964998 0.902801 9.9937E-05 9.9937E-05 9.9937E-05 9.9937E-05 9.9937E-05 9.9937E-05 9.9937E-05
0.0360369 0.963264 9.9937E-05 9.9937E-05 9.9937E-05 9.9937E-05 9.9937E-05 9.9937E-05 9.9937E-05
0.00348927 0.816816 9.9964E-05 9.9964E-05 0.00287175 9.9964E-05 0.0117301 9.9964E-05 0.164693
9.99369E-05 0.0040861 9.99369E-05 9.99369E-05 9.99369E-05 9.99369E-05 9.99369E-05 0.995214 9.99369E-05
0.0324392 0.631045 9.9964E-05 9.9964E-05 0.0857627 9.9964E-05 0.00334083 9.9964E-05 0.247012
0.625838 0.0031706 9.9946E-05 9.9946E-05 0.370391 9.9946E-05 9.9946E-05 9.9946E-05 9.9946E-05
0.0319879 0.285914 0.0186674 0.240649 9.9973E-05 9.9973E-05 9.9973E-05 0.0185786 0.403903
0.0125907 0.976876 9.9964E-05 9.9964E-05 9.9964E-05 0.00440094 0.00402009 9.9964E-05 0.00171278
0.0298703 0.820606 0.0731112 9.9964E-05 9.9964E-05 9.9964E-05 9.9964E-05 0.0150034 0.0610094
9.9937E-05 0.998588 9.9937E-05 0.000711951 9.9937E-05 9.9937E-05 9.9937E-05 9.9937E-05 9.9937E-05
0.565336 0.034276 9.9973E-05 0.100541 0.285639 0.00834625 9.9973E-05 9.9973E-05 0.00556191
0.152509 0.00522924 9.9964E-05 9.9964E-05 9.9964E-05 0.0366958 0.756869 0.0482968 9.9964E-05
0.432208 9.99459E-05 0.433114 0.134078 9.99459E-05 9.99459E-05 9.99459E-05 9.99459E-05 9.99459E-05
9.9964E-05 0.43947 0.0551578 0.104351 9.9964E-05 0.0140574 9.9964E-05 9.9964E-05 0.386564
0.0567748 9.9946E-05 9.9946E-05 9.9946E-05 9.9946E-05 0.0113944 0.931231 9.9946E-05 9.9946E-05
0.0768968 0.517631 0.00870573 9.9973E-05 0.06224 9.9973E-05 9.9973E-05 0.0337439 0.300482
9.99549E-05 0.243842 9.99549E-05 0.210948 0.333834 9.99549E-05 9.99549E-05 9.99549E-05 0.210875
0.0564112 0.873011 0.00665864 0.0228704 9.9982E-05 0.00789171 0.00158748 0.03137 9.9982E-05
0.0105748 0.988726 9.9937E-05 9.9937E-05 9.9937E-05 9.9937E-05 9.9937E-05 9.9937E-05 9.9937E-05
0.026082 0.939132 9.9964E-05 9.9964E-05 0.0250508 0.0090032 9.9964E-05 0.000332229 9.9964E-05
0.246479 0.381148 9.9955E-05 9.9955E-05 0.187246 9.9955E-05 9.9955E-05 9.9955E-05 0.184628
9.99369E-05 0.0518757 9.99369E-05 9.99369E-05 9.99369E-05 9.99369E-05 9.99369E-05 0.947425 9.99369E-05
9.9937E-05 0.93392 9.9937E-05 9.9937E-05 9.9937E-05 9.9937E-05 9.9937E-05 9.9937E-05 0.0653802
0.000785139 0.0248287 0.128842 9.9964E-05 0.842079 9.9964E-05 9.9964E-05 0.00306506 9.9964E-05
0.0381983 0.293111 9.9955E-05 0.115924 9.9955E-05 9.9955E-05 9.9955E-05 9.9955E-05 0.552267
9.99459E-05 9.99459E-05 9.99459E-05 9.99459E-05 9.99459E-05 9.99459E-05 0.0186854 0.948502 0.0322132
0.0629081 0.0618003 0.488724 9.9964E-05 0.381503 0.00466492 9.9964E-05 9.9964E-05 9.9964E-05
0.816698 0.0800516 9.9955E-05 9.9955E-05 9.9955E-05 9.9955E-05 0.022237 9.9955E-05 0.0805136
9.9955E-05 0.0649958 0.469111 9.9955E-05 9.9955E-05 9.9955E-05 9.9955E-05 0.019227 0.446167
9.9937E-05 0.0931596 9.9937E-05 9.9937E-05 9.9937E-05 9.9937E-05 9.9937E-05 0.906141 9.9937E-05
9.9946E-05 0.368712 9.9946E-05 0.094673 9.9946E-05 9.9946E-05 9.9946E-05 9.9946E-05 0.536016
9.993E-05 9.993E-05 9.993E-05 9.993E-05 9.993E-05 9.993E-05 0.999201 9.993E-05 9.993E-05
0.0122692 0.426091 9.9973E-05 0.0387015 9.9973E-05 0.000701028 0.00262145 9.9973E-05 0.519316
9.9946E-05 0.869048 9.9946E-05 9.9946E-05 9.9946E-05 0.0109835 9.9946E-05 9.9946E-05 0.119369
9.993E-05 9.993E-05 9.993E-05 9.993E-05 9.993E-05 9.993E-05 0.999201 9.993E-05 9.993E-05
9.9937E-05 0.777908 9.9937E-05 9.9937E-05 9.9937E-05 9.9937E-05 9.9937E-05 9.9937E-05 0.221393
9.9982E-05 0.00665521 0.0441332 0.0305053 9.9982E-05 0.89725 0.0159403 0.00418175 0.00113445
0.0306866 0.0878721 9.9964E-05 9.9964E-05 0.510097 0.0128949 9.9964E-05 9.9964E-05 0.358049
0.0247866 0.872247 9.9964E-05 9.9964E-05 9.9964E-05 9.9964E-05 0.00215593 0.0145149 0.085896
0.472797 0.0345526 0.0603005 9.9973E-05 0.370823 9.9973E-05 0.00926485 0.0519625 9.9973E-05
0.0314971 0.616418 9.9964E-05 0.0550392 9.9964E-05 9.9964E-05 0.0135742 9.9964E-05 0.283071
0.0657018 9.994E-05 9.994E-05 9.994E-05 9.994E-05 0.0258821 0.907816 9.994E-05 9.994E-05
9.9973E-05 0.195308 0.128119 0.246141 9.9973E-05 9.9973E-05 0.00186022 0.0215801 0.406691
