0.0158786 0.0123596 0.00136762 9.9982E-05 9.9982E-05 0.62789 0.342305
9.9955E-05 9.9955E-05 0.0447446 9.9955E-05 9.9955E-05 0.954756 9.9955E-05
9.9973E-05 9.9973E-05 0.0016474 0.0139325 9.9973E-05 0.942468 0.0416526
0.00487191 9.9982E-05 0.0685955 9.9982E-05 0.0111807 0.561242 0.35391
9.9982E-05 0.10037 0.312112 0.04003 9.9982E-05 0.0621069 0.485182
0.0138587 0.0119449 0.749405 9.9982E-05 9.9982E-05 0.172879 0.0517122
9.9973E-05 0.505908 0.301015 9.9973E-05 9.9973E-05 0.140183 0.0525946
9.9964E-05 0.185046 0.31946 9.9964E-05 9.9964E-05 9.9964E-05 0.495094
0.0109516 0.011988 0.0104756 9.9991E-05 0.0138036 0.927464 0.0252175
9.9955E-05 9.9955E-05 9.9955E-05 9.9955E-05 9.9955E-05 0.732377 0.267123
0.0191788 0.323947 9.9973E-05 9.9973E-05 9.9973E-05 0.183943 0.472631
9.9973E-05 0.457714 9.9973E-05 0.0244106 9.9973E-05 0.0491716 0.468403
9.9973E-05 0.230696 0.0538595 9.9973E-05 9.9973E-05 0.14974 0.565404
0.00175647 0.0270421 0.841951 9.9982E-05 9.9982E-05 0.119871 0.00917937
0.00391146 9.9973E-05 9.9973E-05 9.9973E-05 0.00259971 0.464977 0.528212
0.00246251 0.0871792 0.306376 9.9991E-05 0.00436546 0.421709 0.177808
9.9973E-05 0.609178 0.053291 9.9973E-05 9.9973E-05 0.184987 0.152244
0.430163 9.9982E-05 0.309542 0.0196127 0.0339549 0.206528 9.9982E-05
9.9964E-05 9.9964E-05 0.0451073 9.9964E-05 0.00119964 0.953293 9.9964E-05
0.00453655 0.370796 0.272915 0.0247466 0.0281919 0.0571312 0.241683
9.9955E-05 9.9955E-05 9.9955E-05 9.9955E-05 9.9955E-05 0.910247 0.0892535
9.9973E-05 0.435599 9.9973E-05 0.00220034 9.9973E-05 0.149094 0.412807
9.9982E-05 0.106478 0.0957412 0.00136523 9.9982E-05 0.158326 0.63789
0.0126692 9.9973E-05 0.0153871 0.886358 9.9973E-05 9.9973E-05 0.0852854
9.9964E-05 9.9964E-05 0.60294 9.9964E-05 9.9964E-05 0.048656 0.348004
9.9973E-05 0.218374 9.9973E-05 0.0140136 9.9973E-05 0.248158 0.519155
9.9982E-05 0.352855 0.175705 9.9982E-05 0.00774309 0.149958 0.313538
0.00507085 9.9964E-05 9.9964E-05 9.9964E-05 9.9964E-05 0.86807 0.126459
9.9955E-05 9.9955E-05 9.9955E-05 9.9955E-05 9.9955E-05 0.736297 0.263204
9.9955E-05 9.9955E-05 9.9955E-05 9.9955E-05 9.9955E-05 0.979822 0.0196781
9.9982E-05 0.0202484 0.735234 0.00152786 9.9982E-05 0.099675 0.143115
9.9955E-05 9.9955E-05 0.0451539 9.9955E-05 9.9955E-05 0.954346 9.9955E-05
9.9955E-05 0.0119213 9.9955E-05 9.9955E-05 9.9955E-05 0.987579 9.9955E-05
9.9973E-05 0.107698 0.696797 9.9973E-05 9.9973E-05 0.14203 0.0531755
9.9964E-05 9.9964E-05 0.0103957 0.00271316 9.9964E-05 0.986491 9.9964E-05
9.9982E-05 0.271333 0.325154 9.9982E-05 0.00487518 0.116066 0.282371
9.9955E-05 9.9955E-05 9.9955E-05 9.9955E-05 9.9955E-05 0.501189 0.498312
9.9982E-05 0.525771 0.161671 0.00911121 0.0285694 9.9982E-05 0.274678
0.0109754 0.449474 0.457487 9.9973E-05 9.9973E-05 9.9973E-05 0.0817633
9.9982E-05 0.146094 0.0926549 0.0504971 9.9982E-05 0.0686296 0.641925
9.9991E-05 0.0664644 0.679933 0.0101833 0.00590997 0.0727527 0.164657
9.9973E-05 0.0159916 9.9973E-05 0.0119926 0.0098393 0.961877 9.9973E-05
9.9964E-05 0.0117114 9.9964E-05 9.9964E-05 9.9964E-05 0.782107 0.205782
9.9955E-05 9.9955E-05 9.9955E-05 9.9955E-05 9.9955E-05 0.737877 0.261623
0.0288609 9.9973E-05 0.0639253 9.9973E-05 9.9973E-05 0.649739 0.257175
0.997425 9.9955E-05 9.9955E-05 9.9955E-05 0.00207524 9.9955E-05 9.9955E-05
0.000490295 0.103191 9.9964E-05 9.9964E-05 9.9964E-05 0.895919 9.9964E-05
9.9955E-05 9.9955E-05 9.9955E-05 9.9955E-05 9.9955E-05 0.84514 0.15436
0.9994 9.995E-05 9.995E-05 9.995E-05 9.995E-05 9.995E-05 9.995E-05
9.99549E-05 9.99549E-05 9.99549E-05 9.99549E-05 9.99549E-05 0.575592 0.423909
9.9973E-05 0.211664 9.9973E-05 9.9973E-05 0.00250486 0.376051 0.409481
9.9955E-05 9.9955E-05 9.9955E-05 9.9955E-05 9.9955E-05 0.65462 0.344881
9.9973E-05 0.00237651 9.9973E-05 0.00910977 9.9973E-05 0.488365 0.499849
0.0308197 9.9982E-05 0.432754 0.0176005 0.00904236 0.509583 9.9982E-05
9.9982E-05 0.0234861 0.225957 0.0464254 9.9982E-05 0.180232 0.5237
9.9973E-05 9.9973E-05 0.161004 0.0363536 0.0201852 0.782158 9.9973E-05
0.00444403 9.9964E-05 9.9964E-05 9.9964E-05 9.9964E-05 0.891971 0.103186
0.00560859 0.00241937 0.0176366 9.9973E-05 9.9973E-05 0.974035 9.9973E-05
0.0161277 9.9982E-05 0.0252544 0.00721414 9.9982E-05 0.667657 0.283547
9.9955E-05 9.9955E-05 9.9955E-05 9.9955E-05 9.9955E-05 0.71478 0.28472
9.9955E-05 9.9955E-05 9.9955E-05 9.9955E-05 9.9955E-05 0.953397 0.0461032
9.9973E-05 0.0621012 0.0879162 0.831264 0.0184188 9.9973E-05 9.9973E-05
9.9973E-05 0.0294033 9.9973E-05 0.00572974 0.00282453 0.961743 9.9973E-05
0.00102914 0.00907518 0.21971 0.0192553 0.0217141 0.168115 0.561102
0.00943463 0.0211969 9.9973E-05 9.9973E-05 9.9973E-05 0.950934 0.0181345
9.9964E-05 9.9964E-05 0.0117298 9.9964E-05 0.00379897 0.984071 9.9964E-05
0.0088124 9.9964E-05 9.9964E-05 9.9964E-05 9.9964E-05 0.615422 0.375365
9.9964E-05 0.02376 9.9964E-05 9.9964E-05 9.9964E-05 0.599756 0.376085
9.9973E-05 0.777384 9.9973E-05 0.010867 9.9973E-05 0.172652 0.0387976
0.9994 9.995E-05 9.995E-05 9.995E-05 9.995E-05 9.995E-05 9.995E-05
9.9973E-05 9.9973E-05 0.274026 0.00466052 9.9973E-05 0.0460639 0.67495
0.0106246 9.9982E-05 0.106354 0.0291382 0.0229393 0.830744 9.9982E-05
0.00374898 9.9982E-05 9.9982E-05 0.00672415 0.00361835 0.77096 0.214749
9.9964E-05 9.9964E-05 0.00721149 0.0341717 9.9964E-05 0.958217 9.9964E-05
9.9964E-05 9.9964E-05 9.9964E-05 0.00138699 0.00196939 0.996244 9.9964E-05
0.0276948 0.0211683 0.0446328 9.9982E-05 0.00249433 0.90381 9.9982E-05
9.9973E-05 0.0161179 9.9973E-05 9.9973E-05 0.00210644 0.969053 0.0124224
9.9982E-05 0.470872 0.1554 0.00359827 9.9982E-05 0.159171 0.21076
9.9964E-05 0.00181328 9.9964E-05 9.9964E-05 9.9964E-05 0.944234 0.0535528
0.0227005 0.0967437 0.225112 0.655144 9.9973E-05 9.9973E-05 9.9973E-05
9.9973E-05 9.9973E-05 0.00260575 0.0146605 9.9973E-05 0.493044 0.48939
0.00628317 9.9973E-05 9.9973E-05 9.9973E-05 0.000700157 0.909444 0.0832729
0.397185 9.9982E-05 0.365324 0.0588836 0.0777567 0.100651 9.9982E-05
0.0437206 9.9982E-05 0.519427 0.0027866 0.00863937 0.425226 9.9982E-05
9.9964E-05 9.9964E-05 0.322777 9.9964E-05 9.9964E-05 0.243379 0.433444
0.00766926 9.99769E-05 0.0277709 9.99769E-05 9.99769E-05 0.780537 0.183723
9.9964E-05 9.9964E-05 0.0389583 0.0182412 9.9964E-05 0.942401 9.9964E-05
9.995E-05 9.995E-05 9.995E-05 9.995E-05 0.9994 9.995E-05 9.995E-05
0.00676834 9.99639E-05 9.99639E-05 9.99639E-05 9.99639E-05 0.465002 0.52783
9.9955E-05 9.9955E-05 9.9955E-05 9.9955E-05 9.9955E-05 0.515958 0.483542
9.9973E-05 0.353087 0.0207411 9.9973E-05 9.9973E-05 0.159182 0.46669
9.9991E-05 0.313121 0.00920957 0.0149212 0.0129096 0.069988 0.579751
9.9964E-05 0.607567 9.9964E-05 9.9964E-05 9.9964E-05 0.0908703 0.301162
9.9964E-05 9.9964E-05 0.0290632 0.00106207 9.9964E-05 0.969475 9.9964E-05
9.9955E-05 9.9955E-05 9.9955E-05 9.9955E-05 9.9955E-05 0.487371 0.512129
9.9964E-05 9.9964E-05 9.9964E-05 9.9964E-05 0.000276895 0.864343 0.134981
9.9973E-05 9.9973E-05 0.0400272 0.0114454 9.9973E-05 0.296517 0.65171
9.99802E-05 0.087899 0.754393 9.99802E-05 9.99802E-05 0.117114 0.0402943
9.9964E-05 9.9964E-05 0.0163793 0.0249942 9.9964E-05 0.958227 9.9964E-05
9.9982E-05 0.229205 0.126521 0.0572553 9.9982E-05 0.146917 0.439902
0.0168621 0.063571 0.114827 9.9991E-05 0.0103473 0.182017 0.612276
0.0271336 0.0509465 0.055926 0.865694 9.9973E-05 9.9973E-05 9.9973E-05
9.9955E-05 9.9955E-05 9.9955E-05 9.9955E-05 9.9955E-05 0.503453 0.496047
9.9964E-05 0.0278855 9.9964E-05 9.9964E-05 9.9964E-05 0.935904 0.0358104
9.995E-05 9.995E-05 9.995E-05 9.995E-05 9.995E-05 0.9994 9.995E-05
0.0257459 0.499559 0.00187796 9.9982E-05 9.9982E-05 0.0306675 0.44195
0.9994 9.995E-05 9.995E-05 9.995E-05 9.995E-05 9.995E-05 9.995E-05
0.00449006 0.766812 9.9973E-05 9.9973E-05 9.9973E-05 0.0348849 0.193513
9.9964E-05 9.9964E-05 9.9964E-05 0.0343013 9.9964E-05 0.746483 0.218816
9.9973E-05 9.9973E-05 0.039158 0.0158885 0.00761918 0.937034 9.9973E-05
9.9964E-05 0.418163 9.9964E-05 9.9964E-05 9.9964E-05 0.0720325 0.509405
0.9994 9.995E-05 9.995E-05 9.995E-05 9.995E-05 9.995E-05 9.995E-05
0.0310796 9.9973E-05 0.326221 0.634878 0.00752159 9.9973E-05 9.9973E-05
0.00428941 0.129753 9.9982E-05 0.00936536 9.9982E-05 0.648024 0.208369
9.9955E-05 9.9955E-05 9.9955E-05 9.9955E-05 9.9955E-05 0.709372 0.290128
9.9964E-05 0.344534 9.9964E-05 9.9964E-05 9.9964E-05 0.167192 0.487874
9.9955E-05 9.9955E-05 9.9955E-05 0.03658 9.9955E-05 0.96292 9.9955E-05
0.0497261 0.426262 0.367414 9.9982E-05 9.9982E-05 0.0446615 0.111737
0.498044 0.01065 0.194498 0.145441 0.101141 0.0501262 9.9991E-05
9.9973E-05 9.9973E-05 9.9973E-05 0.0440354 0.00098653 0.845482 0.109196
9.9964E-05 0.0808663 9.9964E-05 9.9964E-05 9.9964E-05 0.451256 0.467478
9.995E-05 9.995E-05 9.995E-05 0.9994 9.995E-05 9.995E-05 9.995E-05
0.00193978 0.0312228 9.9973E-05 9.9973E-05 9.9973E-05 0.84257 0.123967
9.9964E-05 0.0291515 9.9964E-05 9.9964E-05 9.9964E-05 0.34938 0.621069
9.9955E-05 9.9955E-05 9.9955E-05 9.9955E-05 9.9955E-05 0.761942 0.237558
9.9973E-05 0.655325 9.9973E-05 9.9973E-05 0.00625319 0.255624 0.082498
0.00264201 0.36167 0.083484 9.9982E-05 9.9982E-05 0.195673 0.35633
9.9964E-05 0.0579997 0.375301 9.9964E-05 9.9964E-05 9.9964E-05 0.566299
9.9982E-05 0.3298 0.532366 9.9982E-05 0.00710362 0.0211469 0.109383
9.9964E-05 9.9964E-05 9.9964E-05 0.0210836 9.9964E-05 0.509214 0.469302
0.00947928 9.9964E-05 9.9964E-05 9.9964E-05 9.9964E-05 0.837291 0.15283
0.0185528 9.9973E-05 9.9973E-05 0.0147927 9.9973E-05 0.622166 0.344188
0.852236 0.0130863 0.063202 0.0023563 0.067665 0.00135405 9.9991E-05
9.9982E-05 0.0252798 0.039472 0.0294916 9.9982E-05 0.900862 0.00469492
0.968308 9.9973E-05 0.0116882 9.9973E-05 0.013973 9.9973E-05 0.00573048
9.9964E-05 9.9964E-05 9.9964E-05 0.00552115 9.9964E-05 0.611775 0.382304
9.99549E-05 9.99549E-05 9.99549E-05 0.943108 9.99549E-05 0.0563923 9.99549E-05
9.99549E-05 0.534908 9.99549E-05 9.99549E-05 9.99549E-05 9.99549E-05 0.464592
9.9973E-05 0.782496 0.0332 9.9973E-05 0.0158067 0.168197 9.9973E-05
9.9991E-05 0.533289 0.0219986 0.0426594 0.0244848 0.0678564 0.309612
9.9964E-05 9.9964E-05 9.9964E-05 0.00833132 9.9964E-05 0.463186 0.528083
0.0183862 0.271964 0.224701 9.9991E-05 0.0048925 0.161829 0.318126
9.9964E-05 9.9964E-05 0.0113731 9.9964E-05 9.9964E-05 0.939896 0.0483308
0.00676366 0.0985104 9.9991E-05 0.0215884 0.00365294 0.355903 0.513482
0.0064221 9.9982E-05 0.675467 0.00416354 0.0202494 0.293498 9.9982E-05
0.00493797 9.9973E-05 0.117666 9.9973E-05 9.9973E-05 0.67324 0.203856
9.9982E-05 9.9982E-05 0.0227517 0.0039671 0.0216493 0.77444 0.176992
0.00218841 9.99639E-05 9.99639E-05 0.976492 9.99639E-05 0.0209202 9.99639E-05
9.9982E-05 0.00483655 0.757018 0.036455 9.9982E-05 0.0336095 0.167881
9.9955E-05 0.00971055 9.9955E-05 0.98979 9.9955E-05 9.9955E-05 9.9955E-05
9.9964E-05 9.9964E-05 9.9964E-05 0.00127581 9.9964E-05 0.631732 0.366592
9.9982E-05 9.9982E-05 0.6379 0.0692565 0.0051347 0.174243 0.113266
0.00208544 0.00313684 0.724803 0.0173223 9.9991E-05 0.242276 0.0102764
0.0180835 9.9964E-05 9.9964E-05 9.9964E-05 9.9964E-05 0.706848 0.274669
9.9955E-05 0.00298068 9.9955E-05 9.9955E-05 9.9955E-05 0.99652 9.9955E-05
0.993469 9.9955E-05 9.9955E-05 0.00603151 9.9955E-05 9.9955E-05 9.9955E-05
9.9973E-05 0.305111 0.655093 0.0346118 9.9973E-05 0.0048841 9.9973E-05
9.9955E-05 9.9955E-05 9.9955E-05 9.9955E-05 9.9955E-05 0.64527 0.35423
0.0463972 9.9982E-05 0.355729 0.408768 0.0259339 0.162972 9.9982E-05
9.9964E-05 9.9964E-05 0.0335373 0.00909819 9.9964E-05 0.956965 9.9964E-05
9.995E-05 9.995E-05 9.995E-05 9.995E-05 0.9994 9.995E-05 9.995E-05
0.0125913 9.9982E-05 0.0362285 9.9982E-05 0.00786694 0.845712 0.0974014
0.0257528 9.9973E-05 0.242621 9.9973E-05 0.605763 0.125564 9.9973E-05
0.0134437 0.370953 0.0132307 0.00366942 0.0103263 0.0549899 0.533387
9.9973E-05 0.020003 0.0121916 9.9973E-05 0.00318963 0.964316 9.9973E-05
9.9955E-05 9.9955E-05 9.9955E-05 9.9955E-05 0.00431076 0.995189 9.9955E-05
0.00667317 0.404184 0.544672 0.00122312 0.00319765 0.0399506 9.9991E-05
0.00235982 9.9973E-05 0.0891872 0.00951953 9.9973E-05 0.898634 9.9973E-05
9.9964E-05 0.0257252 9.9964E-05 0.97314 9.9964E-05 9.9964E-05 0.000735457
9.9955E-05 9.9955E-05 9.9955E-05 0.00518887 9.9955E-05 0.994311 9.9955E-05
9.995E-05 9.995E-05 9.995E-05 9.995E-05 0.9994 9.995E-05 9.995E-05
9.9955E-05 9.9955E-05 9.9955E-05 9.9955E-05 9.9955E-05 0.996607 0.00289358
9.9982E-05 0.132967 0.193547 0.0153387 9.9982E-05 0.0237733 0.634174
0.0123285 0.185553 0.0855805 9.9991E-05 0.0143036 0.249739 0.452395
9.9964E-05 0.158566 0.64928 9.9964E-05 9.9964E-05 9.9964E-05 0.191755
0.0191691 9.9973E-05 0.48525 9.9973E-05 9.9973E-05 0.144744 0.350536
0.0451322 0.0649182 0.709447 9.9982E-05 9.9982E-05 0.0847889 0.0955133
9.9955E-05 0.00182779 9.9955E-05 9.9955E-05 9.9955E-05 0.997672 9.9955E-05
0.00243661 0.134306 9.9982E-05 0.0504024 9.9982E-05 0.263586 0.549069
9.9964E-05 9.9964E-05 9.9964E-05 9.9964E-05 0.0018953 0.882903 0.114802
0.0222691 0.0142816 0.34471 0.0446252 9.9991E-05 0.103835 0.470179
9.9991E-05 0.652878 0.165478 0.0017774 0.00933871 0.0816341 0.088794
9.9982E-05 9.9982E-05 0.0417049 0.0195317 0.00475164 0.845859 0.0879523
0.0135985 9.9964E-05 9.9964E-05 9.9964E-05 9.9964E-05 0.351276 0.634726
0.0159367 9.9973E-05 9.9973E-05 0.000822359 9.9973E-05 0.641731 0.34121
9.9964E-05 0.0293555 0.0344842 9.9964E-05 9.9964E-05 0.93576 9.9964E-05
0.0087162 9.9982E-05 0.524727 0.046245 0.0237614 0.39635 9.9982E-05
0.00314817 0.109865 0.186831 9.9982E-05 9.9982E-05 0.227015 0.472941
9.9991E-05 0.00187784 0.309012 0.0145048 0.0150405 0.308041 0.351423
0.0137735 0.0241985 0.0258699 0.041914 0.894044 9.9982E-05 9.9982E-05
9.9955E-05 9.9955E-05 0.0812722 9.9955E-05 9.9955E-05 0.918228 9.9955E-05
9.9955E-05 9.9955E-05 0.0260019 9.9955E-05 9.9955E-05 0.973498 9.9955E-05
9.9973E-05 9.9973E-05 0.00789201 9.9973E-05 0.0126842 0.836787 0.142336
0.00181322 9.99639E-05 9.99639E-05 0.971427 9.99639E-05 0.0263601 9.99639E-05
9.9982E-05 9.9982E-05 0.0711591 0.00245467 0.0097054 0.634525 0.281956
9.9973E-05 0.185148 0.642438 9.9973E-05 9.9973E-05 0.102857 0.0692562
0.0111406 0.201286 0.00340161 0.0171077 9.9991E-05 0.346416 0.420547
0.00496372 9.9964E-05 9.9964E-05 9.9964E-05 0.00317092 0.991466 9.9964E-05
9.9982E-05 0.0457334 0.0664489 0.0143628 9.9982E-05 0.824555 0.0487
9.9964E-05 0.0032284 0.000797181 9.9964E-05 9.9964E-05 0.995575 9.9964E-05
0.0189706 0.26694 0.563561 9.9982E-05 9.9982E-05 0.0754247 0.0749036
0.0291741 9.9982E-05 0.130438 0.0346368 0.782648 0.0229035 9.9982E-05
9.9964E-05 0.261533 0.719443 9.9964E-05 9.9964E-05 9.9964E-05 0.0186244
0.0214838 0.101404 9.9973E-05 9.9973E-05 9.9973E-05 0.500011 0.376801
0.0061901 9.9964E-05 0.0322424 9.9964E-05 0.961168 9.9964E-05 9.9964E-05
9.9982E-05 9.9982E-05 0.103166 0.0331745 0.00823947 0.530881 0.324338
9.99639E-05 0.346176 9.99639E-05 9.99639E-05 9.99639E-05 0.230762 0.422662
0.00412696 0.00509701 0.0835198 0.0286159 0.00202546 0.876515 9.9991E-05
0.00135296 9.9964E-05 0.0107072 9.9964E-05 9.9964E-05 0.98754 9.9964E-05
0.0162454 0.00894407 0.0259995 9.9982E-05 0.00470378 0.943907 9.9982E-05
9.9964E-05 9.9964E-05 0.293189 9.9964E-05 9.9964E-05 0.386431 0.31998
9.99549E-05 9.99549E-05 9.99549E-05 0.9504 9.99549E-05 0.0491006 9.99549E-05
9.9955E-05 9.9955E-05 9.9955E-05 9.9955E-05 9.9955E-05 0.955149 0.0443509
9.9973E-05 0.805218 0.0350908 0.00999987 9.9973E-05 0.149391 9.9973E-05
9.9964E-05 9.9964E-05 0.0178688 9.9964E-05 9.9964E-05 0.366193 0.615538
9.9973E-05 9.9973E-05 9.9973E-05 0.972384 0.0117856 0.000622235 0.014908
0.00462397 0.609354 0.307058 0.00407947 9.9982E-05 0.0746846 9.9982E-05
9.9973E-05 9.9973E-05 0.772144 9.9973E-05 0.0359014 0.168427 0.0232274
9.9982E-05 0.180003 0.257857 0.0301202 9.9982E-05 0.0875904 0.444229
0.0126584 9.9964E-05 9.9964E-05 0.910713 9.9964E-05 0.0762286 9.9964E-05
9.9964E-05 0.0223941 9.9964E-05 9.9964E-05 9.9964E-05 0.394757 0.582449
9.995E-05 9.995E-05 9.995E-05 9.995E-05 0.9994 9.995E-05 9.995E-05
0.00787713 9.9973E-05 9.9973E-05 9.9973E-05 0.00576224 0.491151 0.49491
0.0113897 9.9964E-05 9.9964E-05 9.9964E-05 9.9964E-05 0.87398 0.11423
9.99551E-05 0.00554099 9.99551E-05 9.99551E-05 0.993959 9.99551E-05 9.99551E-05
9.9955E-05 9.9955E-05 9.9955E-05 9.9955E-05 9.9955E-05 0.823369 0.176132
0.895968 0.0225697 0.0209967 0.0279894 0.00993665 0.00989505 0.0126442
9.9973E-05 0.125013 0.147471 9.9973E-05 9.9973E-05 0.0665914 0.660625
9.9973E-05 9.9973E-05 0.017824 0.0263309 9.9973E-05 0.899402 0.0561429
9.9973E-05 0.275606 0.574064 0.0634942 9.9973E-05 0.0865363 9.9973E-05
0.007538 0.0703564 9.9982E-05 9.9982E-05 0.0145685 0.687638 0.219699
0.0242665 9.9964E-05 0.0585415 9.9964E-05 0.916792 9.9964E-05 9.9964E-05
9.9991E-05 0.142215 0.119672 0.00584093 0.0134047 0.152003 0.566765
