9.9973E-05 0.326233 9.9973E-05 0.0237729 9.9973E-05 0.0143632 0.635331
9.9955E-05 9.9955E-05 0.0400521 9.9955E-05 9.9955E-05 9.9955E-05 0.959448
0.0189356 0.0131158 9.9973E-05 9.9973E-05 9.9973E-05 0.00257169 0.965077
9.9982E-05 0.322321 0.0496795 0.00872633 0.00911411 9.9982E-05 0.609959
0.0252326 0.57514 0.323296 9.9973E-05 9.9973E-05 9.9973E-05 0.0760318
9.9973E-05 0.103889 0.698371 0.0148628 9.9973E-05 9.9973E-05 0.182578
9.9973E-05 0.0402531 0.315925 9.9973E-05 9.9973E-05 0.496385 0.147137
9.9973E-05 0.437362 0.326641 9.9973E-05 0.00492617 0.230771 9.9973E-05
0.00304722 0.0175472 0.0137022 0.0169944 0.00200585 0.0250045 0.921699
9.9955E-05 0.235605 9.9955E-05 9.9955E-05 9.9955E-05 9.9955E-05 0.763895
9.9973E-05 0.352872 9.9973E-05 0.0191324 9.9973E-05 0.410824 0.216872
0.0150405 0.470224 0.0947018 9.9982E-05 9.9982E-05 0.38286 0.0369735
9.9973E-05 0.551075 0.0452337 9.9973E-05 9.9973E-05 0.213404 0.189988
9.9964E-05 9.9964E-05 0.843382 9.9964E-05 9.9964E-05 0.0259024 0.130316
0.000574649 0.480366 9.9973E-05 0.00314872 9.9973E-05 9.9973E-05 0.51561
9.9982E-05 0.197754 0.310821 9.9982E-05 0.00536455 0.0351786 0.450681
9.9973E-05 0.0697447 0.080202 9.9973E-05 9.9973E-05 0.660357 0.189396
0.0160173 9.9982E-05 0.299604 0.432447 0.0342491 9.9982E-05 0.217482
9.9964E-05 9.9964E-05 0.0134898 9.9964E-05 0.00261165 9.9964E-05 0.983499
0.0271673 0.121126 0.229301 0.0185003 0.0184729 0.464254 0.121179
9.9955E-05 0.0793667 9.9955E-05 9.9955E-05 9.9955E-05 9.9955E-05 0.920134
0.00834232 0.337607 9.9973E-05 9.9973E-05 9.9973E-05 0.464685 0.189066
0.00688613 0.606399 0.0978075 9.9982E-05 9.9982E-05 0.0660569 0.222651
0.887525 0.0753941 0.0205703 0.016211 9.9973E-05 9.9973E-05 9.9973E-05
0.00171297 0.347837 0.573976 9.9973E-05 9.9973E-05 9.9973E-05 0.0761741
0.0239654 0.353351 9.9982E-05 9.9982E-05 0.000989442 0.302886 0.318609
9.9982E-05 0.262255 0.159369 9.9982E-05 0.00757662 0.402797 0.167803
9.9964E-05 0.109686 9.9964E-05 0.00126403 9.9964E-05 9.9964E-05 0.88865
9.9955E-05 0.228571 9.9955E-05 9.9955E-05 9.9955E-05 9.9955E-05 0.770929
9.9955E-05 0.0352041 9.9955E-05 9.9955E-05 9.9955E-05 9.9955E-05 0.964296
0.0107042 0.157848 0.700894 9.9973E-05 9.9973E-05 9.9973E-05 0.130254
9.9955E-05 9.9955E-05 0.0460329 9.9955E-05 9.9955E-05 9.9955E-05 0.953467
9.9964E-05 9.9964E-05 0.0340918 9.9964E-05 9.9964E-05 0.0119825 0.953526
9.9964E-05 9.9964E-05 0.666696 9.9964E-05 9.9964E-05 0.181025 0.151879
0.00466955 9.9964E-05 0.0146523 9.9964E-05 9.9964E-05 9.9964E-05 0.980278
9.9982E-05 0.194666 0.291633 9.9982E-05 0.0110294 0.339137 0.163335
9.9955E-05 0.438629 9.9955E-05 9.9955E-05 9.9955E-05 9.9955E-05 0.560871
0.00145094 0.275819 0.218826 9.9982E-05 0.0162966 0.487407 9.9982E-05
0.000194479 0.130475 0.488523 0.00231241 9.9982E-05 0.378295 9.9982E-05
0.0442158 0.614058 0.105344 9.9982E-05 9.9982E-05 0.13447 0.101712
0.00157414 0.181244 0.723475 9.9991E-05 0.00839749 0.0309352 0.0542742
0.0138234 9.9982E-05 0.00657893 9.9982E-05 0.00706145 0.00333429 0.969002
9.9964E-05 0.18398 9.9964E-05 9.9964E-05 9.9964E-05 0.00778552 0.807835
9.9973E-05 0.253366 9.9973E-05 0.00392723 0.00967194 9.9973E-05 0.732735
9.9973E-05 0.223292 0.0487505 0.0212877 9.9973E-05 9.9973E-05 0.70637
9.995E-05 9.995E-05 9.995E-05 0.9994 9.995E-05 9.995E-05 9.995E-05
9.9964E-05 9.9964E-05 0.00259179 9.9964E-05 9.9964E-05 0.107727 0.889282
9.9955E-05 0.127897 9.9955E-05 9.9955E-05 9.9955E-05 9.9955E-05 0.871603
9.995E-05 9.995E-05 9.995E-05 0.9994 9.995E-05 9.995E-05 9.995E-05
9.99549E-05 0.419947 9.99549E-05 9.99549E-05 9.99549E-05 9.99549E-05 0.579553
9.9982E-05 0.421197 0.000381554 9.9982E-05 0.0156583 0.171315 0.391248
9.9955E-05 0.30971 9.9955E-05 9.9955E-05 9.9955E-05 9.9955E-05 0.68979
0.0159106 0.472901 9.9964E-05 9.9964E-05 9.9964E-05 9.9964E-05 0.510789
0.018583 9.9982E-05 0.40227 0.0282954 0.0196964 9.9982E-05 0.530955
0.0540927 0.536472 0.220549 9.9973E-05 9.9973E-05 9.9973E-05 0.188587
0.0509306 9.9973E-05 0.159208 9.9973E-05 0.0221765 9.9973E-05 0.767385
9.9964E-05 0.0741114 9.9964E-05 0.00231648 9.9964E-05 9.9964E-05 0.923172
9.9973E-05 9.9973E-05 9.9973E-05 0.0123267 0.00220475 0.00814188 0.977027
0.00834807 0.260369 0.0300534 9.9973E-05 9.9973E-05 9.9973E-05 0.70093
9.9955E-05 0.276993 9.9955E-05 9.9955E-05 9.9955E-05 9.9955E-05 0.722508
9.9955E-05 0.0336738 9.9955E-05 9.9955E-05 9.9955E-05 9.9955E-05 0.965826
0.846196 9.99731E-05 0.10572 9.99731E-05 0.00991579 0.0378689 9.99731E-05
0.0118638 9.9973E-05 9.9973E-05 9.9973E-05 0.00829538 0.0263736 0.953167
0.0296396 0.500876 0.167205 9.9991E-05 0.0170157 0.0658659 0.219299
9.9964E-05 9.9964E-05 9.9964E-05 0.00461536 9.9964E-05 0.0460297 0.948955
9.9964E-05 9.9964E-05 0.01686 9.9964E-05 0.00626914 9.9964E-05 0.976471
9.9955E-05 0.363004 9.9955E-05 9.9955E-05 9.9955E-05 9.9955E-05 0.636496
9.9964E-05 0.340381 9.9964E-05 9.9964E-05 9.9964E-05 0.019996 0.639223
0.0226716 0.0777684 9.9973E-05 9.9973E-05 9.9973E-05 0.7076 0.19166
9.995E-05 9.995E-05 9.995E-05 0.9994 9.995E-05 9.995E-05 9.995E-05
0.00453584 0.627223 0.27411 9.9973E-05 9.9973E-05 9.9973E-05 0.0938311
0.0373752 9.9982E-05 0.112313 0.0097364 0.0207253 9.9982E-05 0.81965
0.00571762 0.198784 9.9982E-05 0.00553855 0.00611434 9.9982E-05 0.783646
0.040787 9.9964E-05 0.02301 9.9964E-05 9.9964E-05 9.9964E-05 0.935803
9.9955E-05 9.9955E-05 9.9955E-05 9.9955E-05 0.00641061 9.9955E-05 0.99309
9.9982E-05 9.9982E-05 0.0448174 0.0268208 0.00886581 0.00180154 0.917495
9.9973E-05 0.0212232 9.9973E-05 9.9973E-05 0.000476245 0.0124036 0.965597
0.000955668 0.27558 0.198422 9.9982E-05 9.9982E-05 0.374825 0.150018
9.9964E-05 0.0400429 9.9964E-05 9.9964E-05 9.9964E-05 0.0184867 0.941071
0.691967 9.9973E-05 0.218799 0.0105172 9.9973E-05 0.0784169 9.9973E-05
0.0260388 0.451473 9.9964E-05 9.9964E-05 9.9964E-05 9.9964E-05 0.522089
0.000785059 0.075473 9.9973E-05 0.000626491 9.9973E-05 9.9973E-05 0.922816
0.0618122 9.9982E-05 0.376614 0.389791 0.0820012 9.9982E-05 0.0895815
0.00878377 9.9982E-05 0.476321 0.0495022 0.00727742 9.9982E-05 0.457916
9.9973E-05 0.422952 0.286731 0.00438494 9.9973E-05 9.9973E-05 0.285632
9.9982E-05 0.172216 0.0115343 0.00854369 0.00752553 9.9982E-05 0.79998
0.0103516 9.9964E-05 0.0340866 9.9964E-05 9.9964E-05 9.9964E-05 0.955162
9.995E-05 9.995E-05 9.995E-05 9.995E-05 0.9994 9.995E-05 9.995E-05
9.99639E-05 0.491733 9.99639E-05 0.00237292 9.99639E-05 9.99639E-05 0.505494
9.99549E-05 0.480874 9.99549E-05 9.99549E-05 9.99549E-05 9.99549E-05 0.518626
9.9973E-05 0.508443 0.0706922 9.9973E-05 9.9973E-05 0.278706 0.141859
0.0101852 0.617262 0.0448986 9.9991E-05 0.00846777 0.221294 0.0977931
9.9964E-05 0.256584 9.9964E-05 9.9964E-05 9.9964E-05 0.640116 0.1029
0.00408326 9.9964E-05 0.00477623 9.9964E-05 9.9964E-05 9.9964E-05 0.990741
9.9955E-05 0.486323 9.9955E-05 9.9955E-05 9.9955E-05 9.9955E-05 0.513177
9.9955E-05 0.118024 9.9955E-05 9.9955E-05 9.9955E-05 9.9955E-05 0.881477
0.00796391 0.627055 0.017574 9.9973E-05 9.9973E-05 9.9973E-05 0.347107
9.9973E-05 0.0294789 0.75213 9.9973E-05 9.9973E-05 0.106179 0.111912
0.00340795 9.9964E-05 0.0436726 9.9964E-05 9.9964E-05 9.9964E-05 0.95252
0.0718583 0.548876 0.14527 9.9982E-05 9.9982E-05 0.0974528 0.136343
9.9991E-05 0.627018 0.143424 0.00741458 0.00490223 0.0206525 0.196489
0.84324 9.9973E-05 0.0736107 0.0143803 9.9973E-05 0.0684694 9.9973E-05
9.9955E-05 0.43783 9.9955E-05 9.9955E-05 9.9955E-05 9.9955E-05 0.56167
9.9973E-05 0.0664545 9.9973E-05 0.00320439 9.9973E-05 0.00528187 0.924759
9.995E-05 9.995E-05 9.995E-05 9.995E-05 9.995E-05 9.995E-05 0.9994
9.9982E-05 0.43658 0.0376716 0.0203414 9.9982E-05 0.471184 0.0340223
9.995E-05 9.995E-05 9.995E-05 0.9994 9.995E-05 9.995E-05 9.995E-05
9.9973E-05 0.123114 9.9973E-05 0.00975055 9.9973E-05 0.827264 0.0395711
0.0325245 0.207566 9.9964E-05 9.9964E-05 9.9964E-05 9.9964E-05 0.759509
0.0264918 9.9973E-05 0.0271347 9.9973E-05 0.00703211 9.9973E-05 0.939042
9.9964E-05 0.365081 9.9964E-05 9.9964E-05 9.9964E-05 0.516857 0.117662
9.995E-05 9.995E-05 9.995E-05 0.9994 9.995E-05 9.995E-05 9.995E-05
0.651993 9.9973E-05 0.322108 0.0210176 0.00458185 9.9973E-05 9.9973E-05
9.9982E-05 0.268176 0.0107952 0.00400557 9.9982E-05 0.0857671 0.631057
9.9955E-05 0.254644 9.9955E-05 9.9955E-05 9.9955E-05 9.9955E-05 0.744856
0.00211774 0.493633 9.9973E-05 9.9973E-05 9.9973E-05 0.315522 0.188427
0.0307521 9.9973E-05 0.00469197 0.00152087 9.9973E-05 9.9973E-05 0.962735
9.9982E-05 0.119837 0.437584 0.0445856 9.9982E-05 0.376071 0.0217229
0.152225 0.0378449 0.187185 0.492862 0.0973764 9.9991E-05 0.0324069
0.0431834 0.0913994 9.9973E-05 9.9973E-05 0.0021253 9.9973E-05 0.862992
9.9964E-05 0.427768 9.9964E-05 9.9964E-05 9.9964E-05 0.0683902 0.503442
0.9994 9.995E-05 9.995E-05 9.995E-05 9.995E-05 9.995E-05 9.995E-05
9.9973E-05 0.0791461 9.9973E-05 0.00322391 9.9973E-05 0.0585994 0.858731
9.9964E-05 0.592733 9.9964E-05 9.9964E-05 9.9964E-05 0.00864134 0.398225
9.9955E-05 0.200741 9.9955E-05 9.9955E-05 9.9955E-05 9.9955E-05 0.798759
9.9964E-05 9.9964E-05 9.9964E-05 9.9964E-05 0.006028 0.72173 0.271842
9.9982E-05 0.351119 0.133962 0.00845049 9.9982E-05 0.319128 0.18714
9.9973E-05 0.503947 0.334013 9.9973E-05 9.9973E-05 0.103605 0.0581347
9.9982E-05 0.024525 0.508997 9.9982E-05 0.0129723 0.369577 0.0837282
0.0192389 0.417349 9.9964E-05 9.9964E-05 9.9964E-05 9.9964E-05 0.563012
0.00143251 0.103055 9.9973E-05 0.00741579 9.9973E-05 9.9973E-05 0.887797
0.0249261 0.305866 9.9973E-05 0.0192875 9.9973E-05 9.9973E-05 0.649621
9.9982E-05 9.9982E-05 0.0592928 0.84211 0.0632821 0.0289895 0.00612519
0.0365687 0.0203153 0.0447605 9.9973E-05 9.9973E-05 9.9973E-05 0.898056
9.9973E-05 0.0204649 0.000555333 0.964699 0.0139809 9.9973E-05 9.9973E-05
0.0131469 0.347848 9.9964E-05 9.9964E-05 9.9964E-05 9.9964E-05 0.638605
0.961667 9.99549E-05 9.99549E-05 9.99549E-05 9.99549E-05 9.99549E-05 0.0378335
9.99639E-05 0.441281 9.99639E-05 9.99639E-05 9.99639E-05 0.550649 0.00766996
0.00121123 9.9982E-05 0.0668602 9.9982E-05 0.0117643 0.751548 0.168416
0.0287818 0.198341 0.017854 9.9991E-05 0.0384466 0.605945 0.110531
0.00397454 0.478809 9.9964E-05 9.9964E-05 9.9964E-05 9.9964E-05 0.516817
0.000991934 0.290182 0.205679 0.0332152 0.00314744 0.289536 0.177249
9.9973E-05 0.039099 0.00818627 0.00454552 9.9973E-05 9.9973E-05 0.947869
0.00857567 0.51592 9.9991E-05 0.00455167 0.00363151 0.0802198 0.387001
0.0077589 9.9982E-05 0.639418 0.00332638 0.0148824 9.9982E-05 0.334414
9.9973E-05 0.18854 0.119697 0.00688159 9.9973E-05 9.9973E-05 0.684581
9.9973E-05 0.167694 0.0341847 9.9973E-05 0.0141715 9.9973E-05 0.78365
0.954218 9.99639E-05 9.99639E-05 0.00696093 9.99639E-05 9.99639E-05 0.0384215
0.0463749 0.179598 0.735094 9.9973E-05 9.9973E-05 9.9973E-05 0.0386324
0.995094 9.99551E-05 9.99551E-05 9.99551E-05 9.99551E-05 0.00440623 9.99551E-05
9.9964E-05 0.356837 9.9964E-05 0.000288577 9.9964E-05 9.9964E-05 0.642475
0.070636 0.0861205 0.624213 9.9991E-05 0.00318942 0.00138784 0.214353
0.0385704 0.0187569 0.696635 0.00258079 9.9982E-05 9.9982E-05 0.243257
9.9964E-05 0.253155 9.9964E-05 0.0158343 9.9964E-05 9.9964E-05 0.73061
9.9955E-05 9.9955E-05 9.9955E-05 9.9955E-05 9.9955E-05 0.0146921 0.984808
0.00574377 9.9955E-05 9.9955E-05 0.993756 9.9955E-05 9.9955E-05 9.9955E-05
0.0309572 9.9964E-05 0.694328 9.9964E-05 9.9964E-05 0.274314 9.9964E-05
9.9964E-05 0.325564 9.9964E-05 0.00257441 9.9964E-05 9.9964E-05 0.671461
0.410484 9.9982E-05 0.371916 0.0447155 0.0282761 9.9982E-05 0.144408
0.0112277 9.9973E-05 0.0259096 0.00215359 9.9973E-05 9.9973E-05 0.960409
9.995E-05 9.995E-05 9.995E-05 9.995E-05 0.9994 9.995E-05 9.995E-05
9.9982E-05 0.0851922 0.0292746 0.0121715 0.000311839 9.9982E-05 0.87285
9.9973E-05 9.9973E-05 0.230039 0.026978 0.613286 9.9973E-05 0.129397
0.0167852 0.425787 9.9991E-05 0.0209465 0.00490482 0.433716 0.0977599
9.9973E-05 9.9973E-05 0.0300681 9.9973E-05 0.00776048 0.00748208 0.954389
9.9955E-05 9.9955E-05 9.9955E-05 9.9955E-05 0.00502005 9.9955E-05 0.99448
0.00759323 9.9982E-05 0.556132 0.00196967 9.9982E-05 0.379632 0.0544727
0.00226984 9.9982E-05 0.0902279 0.000626709 0.00284379 9.9982E-05 0.903832
0.970805 9.99551E-05 9.99551E-05 9.99551E-05 9.99551E-05 0.0286957 9.99551E-05
0.00734358 9.9964E-05 9.9964E-05 0.00277824 9.9964E-05 9.9964E-05 0.989478
9.995E-05 9.995E-05 9.995E-05 9.995E-05 0.9994 9.995E-05 9.995E-05
9.995E-05 9.995E-05 9.995E-05 9.995E-05 9.995E-05 9.995E-05 0.9994
0.0199382 0.57128 0.175798 9.9982E-05 9.9982E-05 0.153072 0.0797116
9.9991E-05 0.518581 0.0908179 0.0034566 0.0120598 0.103801 0.271183
9.9964E-05 0.247981 0.6725 9.9964E-05 9.9964E-05 0.0791187 9.9964E-05
9.9982E-05 0.309921 0.448252 0.0142059 0.0106615 9.9982E-05 0.21676
9.9973E-05 0.170301 0.687604 0.0568465 9.9973E-05 9.9973E-05 0.0849487
9.9964E-05 9.9964E-05 9.9964E-05 0.000724858 9.9964E-05 0.00515362 0.993722
0.0560417 0.482893 9.9982E-05 0.000462595 9.9982E-05 0.181471 0.278932
9.9955E-05 0.109415 9.9955E-05 9.9955E-05 9.9955E-05 9.9955E-05 0.890086
0.0472291 0.52698 0.309624 0.0148393 9.9982E-05 9.9982E-05 0.101128
9.9982E-05 0.0224093 0.197466 9.9982E-05 0.00967416 0.672233 0.0980182
0.0195145 0.0929153 0.0358969 9.9982E-05 0.00945974 9.9982E-05 0.842014
9.9964E-05 0.60736 9.9964E-05 0.00654448 9.9964E-05 9.9964E-05 0.385696
9.9964E-05 0.298751 9.9964E-05 0.00653567 9.9964E-05 9.9964E-05 0.694314
0.0146714 9.9973E-05 0.0531072 9.9973E-05 9.9973E-05 0.0183826 0.913539
0.0488778 9.9982E-05 0.506469 0.0126294 0.0260901 9.9982E-05 0.405734
9.9964E-05 0.550437 0.245696 9.9964E-05 9.9964E-05 9.9964E-05 0.203468
0.00596569 0.329337 0.288559 9.9991E-05 0.0115773 0.0184941 0.345967
0.0180402 0.0212055 0.0160177 0.00720859 0.898818 0.0386102 9.9991E-05
0.00920691 9.9964E-05 0.0817048 9.9964E-05 9.9964E-05 9.9964E-05 0.908688
9.9955E-05 9.9955E-05 0.0308563 9.9955E-05 9.9955E-05 9.9955E-05 0.968644
9.9973E-05 0.11761 9.9973E-05 0.00161673 0.00457532 9.9973E-05 0.875898
0.984289 9.99549E-05 9.99549E-05 9.99549E-05 9.99549E-05 9.99549E-05 0.0152111
9.9973E-05 0.287799 0.0626514 9.9973E-05 0.00135141 9.9973E-05 0.647898
9.9973E-05 0.139787 0.689065 9.9973E-05 9.9973E-05 0.118267 0.0525813
0.0149426 0.431693 0.0363738 0.000362855 9.9991E-05 0.164741 0.351786
9.9955E-05 9.9955E-05 9.9955E-05 9.9955E-05 0.00277275 9.9955E-05 0.996727
0.00531075 0.029136 0.0683924 9.9982E-05 9.9982E-05 0.0427114 0.85425
9.9955E-05 9.9955E-05 9.9955E-05 9.9955E-05 9.9955E-05 0.00131494 0.998185
9.9982E-05 0.132423 0.599691 0.0214036 9.9982E-05 0.19365 0.0526331
0.0503113 9.9982E-05 0.0885972 0.0315933 0.796126 9.9982E-05 0.0331722
9.9955E-05 9.9955E-05 0.679102 9.9955E-05 9.9955E-05 0.320398 9.9955E-05
9.9973E-05 0.353857 9.9973E-05 0.0199466 9.9973E-05 0.115132 0.510764
0.00217249 9.9973E-05 0.0170699 0.0158233 0.964634 9.9973E-05 9.9973E-05
0.0395638 0.331117 0.0839516 9.9982E-05 0.0162151 9.9982E-05 0.528953
9.99639E-05 0.385446 9.99639E-05 9.99639E-05 9.99639E-05 0.359139 0.255015
0.0244588 9.9982E-05 0.0877826 0.00694283 0.00176494 9.9982E-05 0.878851
9.9955E-05 9.9955E-05 0.0122011 9.9955E-05 9.9955E-05 9.9955E-05 0.987299
9.9973E-05 9.9973E-05 0.0152018 0.0239659 9.9973E-05 0.0103994 0.950133
9.9964E-05 0.309656 0.271639 9.9964E-05 9.9964E-05 9.9964E-05 0.418305
0.92966 9.99549E-05 9.99549E-05 9.99549E-05 9.99549E-05 9.99549E-05 0.0698398
9.9955E-05 0.0284715 9.9955E-05 9.9955E-05 9.9955E-05 9.9955E-05 0.971029
9.9964E-05 9.9964E-05 0.0882151 9.9964E-05 9.9964E-05 0.800999 0.110386
9.9964E-05 0.529857 9.9964E-05 9.9964E-05 9.9964E-05 0.0705277 0.399216
0.980571 0.00893319 9.9973E-05 9.9973E-05 0.00771306 9.9973E-05 0.00248322
9.9973E-05 0.04307 0.364748 9.9973E-05 9.9973E-05 0.534249 0.0576334
0.000581158 0.0340204 0.760385 9.9982E-05 0.0339375 9.9982E-05 0.170876
0.0298914 0.463221 0.25585 9.9982E-05 9.9982E-05 0.145755 0.105082
0.912917 9.9964E-05 9.9964E-05 0.000848577 9.9964E-05 9.9964E-05 0.0858341
9.9964E-05 0.481162 9.9964E-05 9.9964E-05 9.9964E-05 0.0837844 0.434654
9.995E-05 9.995E-05 9.995E-05 9.995E-05 0.9994 9.995E-05 9.995E-05
9.9982E-05 0.454598 9.9982E-05 0.00869586 0.00289474 0.000702105 0.532909
9.9964E-05 0.0813243 9.9964E-05 0.0115402 9.9964E-05 9.9964E-05 0.906736
9.9955E-05 9.9955E-05 9.9955E-05 9.9955E-05 0.988441 0.0110594 9.9955E-05
9.9955E-05 0.154106 9.9955E-05 9.9955E-05 9.9955E-05 9.9955E-05 0.845394
0.0163291 9.9991E-05 0.0179548 0.899215 0.0180327 0.0283565 0.0200119
9.9982E-05 0.700134 0.16302 0.000422143 9.9982E-05 0.0501028 0.0861214
0.0219339 0.0392504 9.9964E-05 9.9964E-05 9.9964E-05 9.9964E-05 0.938416
0.0736013 9.9973E-05 0.570721 9.9973E-05 9.9973E-05 0.262163 0.0932148
9.9982E-05 0.219641 0.0182371 9.9982E-05 0.0177263 0.0434323 0.700763
9.9964E-05 9.9964E-05 0.0521 0.0230242 0.924476 9.9964E-05 9.9964E-05
9.9982E-05 0.592032 0.158456 9.9982E-05 0.00772533 0.0687489 0.172838
