0.808178 9.9982E-05 0.00620119 0.185421 9.9982E-05
0.992131 0.00482045 0.00284824 9.9982E-05 9.9982E-05
0.979852 9.9973E-05 9.9973E-05 9.9973E-05 0.0198484
0.781434 0.0052373 0.00768796 0.205541 9.9991E-05
0.416164 0.0146852 0.0132308 0.48488 0.0710403
0.450698 0.0634633 0.0674579 0.288932 0.129449
0.354596 0.00600196 9.9991E-05 0.574062 0.0652399
0.320645 0.0270359 0.0219701 0.610531 0.0198172
0.957227 0.0122999 0.0126217 9.9991E-05 0.0177516
0.903205 9.9973E-05 9.9973E-05 0.0964951 9.9973E-05
0.45142 9.9973E-05 9.9973E-05 0.54828 9.9973E-05
0.333238 9.9973E-05 9.9973E-05 0.666463 9.9973E-05
0.461681 9.9973E-05 9.9973E-05 0.538019 9.9973E-05
0.425255 0.084464 0.0738116 0.290179 0.12629
0.739855 9.9973E-05 9.9973E-05 0.259845 9.9973E-05
0.644827 0.0301749 0.0283638 0.262508 0.0341266
0.361448 0.00394526 9.9982E-05 0.634407 9.9982E-05
0.349842 0.0692634 0.477685 9.9991E-05 0.10311
0.986018 0.0126749 0.00110732 9.9982E-05 9.9982E-05
0.305395 0.0465638 0.0342654 0.547143 0.0666328
0.98958 0.00276737 9.9982E-05 0.00745289 9.9982E-05
0.402836 9.9973E-05 9.9973E-05 0.596864 9.9973E-05
0.501257 9.9982E-05 9.9982E-05 0.490495 0.00804874
9.9982E-05 9.9982E-05 0.0137618 0.0707244 0.915314
0.41218 0.0287136 0.046492 0.416387 0.0962277
0.518665 9.9973E-05 9.9973E-05 0.481035 9.9973E-05
0.406462 0.0154637 0.0150528 0.558838 0.00418427
0.977132 9.9991E-05 0.00430302 0.0180757 0.000389555
0.90513 9.9973E-05 9.9973E-05 0.0945705 9.9973E-05
0.9996 9.997E-05 9.997E-05 9.997E-05 9.997E-05
0.438112 0.0843862 0.0221371 0.335073 0.120292
0.978997 0.0081945 0.0126086 9.9982E-05 9.9982E-05
0.997824 0.00187587 9.9973E-05 9.9973E-05 9.9973E-05
0.424098 0.0665488 0.0523077 0.347633 0.109412
0.988853 0.00484465 9.9982E-05 9.9982E-05 0.00610267
0.40226 0.0538223 0.0180869 0.525731 9.9991E-05
0.783289 9.9973E-05 9.9973E-05 0.216411 9.9973E-05
0.261969 0.0416565 9.9991E-05 0.671788 0.024486
0.213783 0.0426614 0.0505241 0.610333 0.082699
0.426788 9.9982E-05 9.9982E-05 0.544309 0.0287034
0.357379 0.0754144 0.0418889 0.405203 0.120115
0.981812 0.0107077 9.9982E-05 9.9982E-05 0.00728023
0.902941 9.9973E-05 9.9973E-05 0.0967592 9.9973E-05
0.885428 0.00098284 9.9982E-05 0.113389 9.9982E-05
0.856779 9.9982E-05 0.0273857 0.115635 9.9982E-05
9.997E-05 9.997E-05 0.9996 9.997E-05 9.997E-05
0.929228 9.9991E-05 0.00774266 0.055356 0.00757349
0.977848 9.9973E-05 9.9973E-05 0.0218523 9.9973E-05
9.997E-05 9.997E-05 0.9996 9.997E-05 9.997E-05
0.808687 9.9973E-05 9.9973E-05 0.191013 9.9973E-05
0.594037 9.9973E-05 9.9973E-05 0.405664 9.9973E-05
0.871906 9.9973E-05 9.9973E-05 0.127794 9.9973E-05
0.718608 9.9973E-05 9.9973E-05 0.281092 9.9973E-05
0.730468 0.0646057 0.0733814 0.0204665 0.111078
0.510422 9.9991E-05 0.00299056 0.41639 0.0700977
0.873382 0.0456813 0.000694526 9.9991E-05 0.0801419
0.997448 9.9973E-05 0.00225237 9.9973E-05 9.9973E-05
0.988964 9.9973E-05 0.0107359 9.9973E-05 9.9973E-05
0.857817 9.9982E-05 0.000201221 0.141781 9.9982E-05
0.888434 9.9973E-05 9.9973E-05 0.111267 9.9973E-05
0.9996 9.997E-05 9.997E-05 9.997E-05 9.997E-05
0.000693763 0.0273744 9.9991E-05 0.0882606 0.883571
0.97488 0.0191332 9.9982E-05 9.9982E-05 0.00578651
0.500968 0.0313362 9.9991E-05 0.420547 0.047049
0.987836 9.9973E-05 0.0118639 9.9973E-05 9.9973E-05
0.990563 0.00913675 9.9973E-05 9.9973E-05 9.9973E-05
0.801815 9.9973E-05 9.9973E-05 0.197885 9.9973E-05
0.794078 9.9973E-05 9.9973E-05 0.205622 9.9973E-05
0.335854 9.9982E-05 9.9982E-05 0.65288 0.0110667
9.997E-05 9.997E-05 0.9996 9.997E-05 9.997E-05
0.459725 0.000665091 0.00234139 0.511591 0.0256774
0.882807 0.0418794 0.016749 9.9991E-05 0.0584645
0.915819 9.9982E-05 9.9982E-05 0.0777985 0.00618296
0.947894 9.9973E-05 9.9973E-05 9.9973E-05 0.0518058
0.986464 0.00994153 9.9982E-05 9.9982E-05 0.00339464
0.948702 0.0201474 0.0309506 9.9982E-05 9.9982E-05
0.996001 0.00369912 9.9973E-05 9.9973E-05 9.9973E-05
0.402855 0.00559724 9.9991E-05 0.55053 0.0409177
0.987436 9.9973E-05 9.9973E-05 0.0122641 9.9973E-05
0.0718955 0.0249827 0.0261569 0.125508 0.751456
0.7371 9.9973E-05 9.9973E-05 0.2626 9.9973E-05
0.997374 9.9982E-05 9.9982E-05 0.00104275 0.00138331
0.241304 0.117726 0.43915 0.0644816 0.137339
0.694293 0.0683915 0.0941341 0.0075414 0.13564
0.565038 0.0222243 0.0280214 0.371778 0.0129389
0.900144 0.00634316 0.00753698 0.0858761 9.9991E-05
0.966717 0.00473777 9.9982E-05 9.9982E-05 0.0283453
9.997E-05 0.9996 9.997E-05 9.997E-05 9.997E-05
0.726875 9.9973E-05 9.9973E-05 0.272825 9.9973E-05
0.745382 9.9973E-05 9.9973E-05 0.254318 9.9973E-05
0.433641 9.9973E-05 9.9973E-05 0.566059 9.9973E-05
0.400208 9.9973E-05 9.9973E-05 0.599492 9.9973E-05
0.325402 9.9973E-05 9.9973E-05 0.674298 9.9973E-05
0.984097 0.000280684 9.9982E-05 9.9982E-05 0.015422
0.754839 9.9973E-05 9.9973E-05 0.244861 9.9973E-05
0.970556 9.9973E-05 9.9973E-05 0.0291441 9.9973E-05
0.614638 9.9973E-05 9.9973E-05 0.385062 9.9973E-05
0.400421 0.0722334 0.0767468 0.337626 0.112973
0.968437 0.00738446 9.9982E-05 9.9982E-05 0.023979
0.44169 9.9982E-05 9.9982E-05 0.501973 0.0561375
0.526605 9.99897E-05 0.0214008 0.451794 9.99897E-05
9.9982E-05 9.9982E-05 0.0248253 0.114237 0.860738
0.761108 9.9973E-05 9.9973E-05 0.238592 9.9973E-05
0.998331 9.9973E-05 9.9973E-05 0.00136912 9.9973E-05
0.9996 9.997E-05 9.997E-05 9.997E-05 9.997E-05
0.291902 9.9982E-05 0.00437246 0.703526 9.9982E-05
9.997E-05 9.997E-05 0.9996 9.997E-05 9.997E-05
0.274838 9.9973E-05 9.9973E-05 0.724862 9.9973E-05
0.879551 9.9982E-05 9.9982E-05 0.0887081 0.0315407
0.950618 0.014271 9.9982E-05 9.9982E-05 0.034911
0.370083 9.9973E-05 9.9973E-05 0.629617 9.9973E-05
9.997E-05 9.997E-05 0.9996 9.997E-05 9.997E-05
0.0864953 0.0385092 0.0658316 0.07327 0.735894
0.790555 9.9973E-05 9.9973E-05 0.209145 9.9973E-05
0.899169 9.9973E-05 9.9973E-05 0.100531 9.9973E-05
0.437139 9.9973E-05 9.9973E-05 0.562561 9.9973E-05
0.97282 9.9973E-05 9.9973E-05 9.9973E-05 0.0268799
0.272096 0.0133374 0.0926273 0.564296 0.0576427
0.113367 0.135243 0.528599 0.0493646 0.173426
0.916709 9.9982E-05 9.9982E-05 0.0279738 0.0551173
0.705683 9.9973E-05 9.9973E-05 0.294017 9.9973E-05
9.997E-05 9.997E-05 9.997E-05 9.997E-05 0.9996
0.922808 9.9982E-05 0.00496737 0.0720242 9.9982E-05
0.628831 9.9973E-05 9.9973E-05 0.370869 9.9973E-05
0.945077 9.9973E-05 9.9973E-05 0.0546234 9.9973E-05
0.427388 0.0170721 9.9982E-05 0.55534 9.9982E-05
0.447062 0.00626313 0.0101206 0.536455 9.9991E-05
0.404321 9.9991E-05 0.0253537 0.546754 0.0234706
0.324256 0.0834099 0.0287434 0.513808 0.0497836
0.774304 9.9973E-05 9.9973E-05 0.225396 9.9973E-05
0.973446 9.9991E-05 0.00480098 0.0110205 0.0106327
0.828926 9.9982E-05 0.0193698 0.151504 9.9982E-05
0.0210315 0.0678583 0.892673 0.00142577 0.0170112
0.955823 9.9982E-05 9.9982E-05 0.00196563 0.0420118
9.9991E-05 0.012822 0.968449 0.0137027 0.00492664
0.803419 9.9973E-05 9.9973E-05 0.196282 9.9973E-05
0.0211675 9.99729E-05 9.99729E-05 9.99729E-05 0.978533
0.293338 9.9973E-05 9.9973E-05 0.706363 9.9973E-05
0.297787 0.0305279 9.9991E-05 0.655738 0.0158466
0.309957 0.0334674 9.9991E-05 0.638565 0.0179102
0.707177 9.9973E-05 9.9973E-05 0.292523 9.9973E-05
0.420325 0.0230341 0.0438102 0.482951 0.0298802
0.983373 9.9982E-05 0.00573733 9.9982E-05 0.0106893
0.620438 9.9973E-05 9.9973E-05 0.379262 9.9973E-05
0.583813 0.0919351 0.0700073 0.111214 0.143031
0.834313 0.0131614 0.016602 0.132604 0.00332008
0.923931 0.00847935 0.0028693 0.0601867 0.00453337
0.0190046 9.99729E-05 9.99729E-05 9.99729E-05 0.980695
0.358593 0.0587996 0.0556133 0.356872 0.170122
9.9973E-05 9.9973E-05 9.9973E-05 0.00914688 0.990553
0.811025 9.9973E-05 9.9973E-05 0.188676 9.9973E-05
0.466337 0.0800974 0.0365297 0.24672 0.170316
0.487598 0.0710295 0.0670866 0.219081 0.155204
0.856325 9.9982E-05 0.0180092 0.125465 9.9982E-05
0.9996 9.997E-05 9.997E-05 9.997E-05 9.997E-05
9.9973E-05 9.9973E-05 0.995854 9.9973E-05 0.00384623
0.284498 0.0412048 0.0610434 0.44956 0.163693
0.834853 9.9973E-05 9.9973E-05 0.164847 9.9973E-05
0.331153 0.0691046 0.0716445 9.9991E-05 0.527998
0.971821 9.9982E-05 0.0163535 9.9982E-05 0.0116256
9.997E-05 0.9996 9.997E-05 9.997E-05 9.997E-05
0.935833 0.0039589 0.0231111 0.0369969 9.9991E-05
0.241225 0.681145 0.0373631 0.00338474 0.0368826
0.327354 9.9982E-05 0.0103421 0.662104 9.9982E-05
0.970804 0.0159866 9.9982E-05 9.9982E-05 0.0130097
0.994796 0.00490376 9.9973E-05 9.9973E-05 9.9973E-05
0.288506 0.0692187 0.0497177 0.501825 0.0907321
0.954257 0.0115659 0.010594 9.9991E-05 0.0234834
9.9973E-05 9.9973E-05 9.9973E-05 0.0160478 0.983652
0.993875 9.9982E-05 0.00347903 9.9982E-05 0.00244616
9.997E-05 0.9996 9.997E-05 9.997E-05 9.997E-05
0.997176 9.9973E-05 9.9973E-05 9.9973E-05 0.00252415
0.374028 9.9982E-05 9.9982E-05 0.59427 0.0315017
0.5105 0.00909618 0.0095919 0.470712 9.9991E-05
0.325541 0.0442912 0.0460284 0.492706 0.0914341
0.491826 0.0456011 0.0579793 0.350219 0.054375
0.386434 0.0543402 0.114617 0.338726 0.105882
0.9996 9.997E-05 9.997E-05 9.997E-05 9.997E-05
0.528212 9.9982E-05 9.9982E-05 0.440824 0.0307643
0.981092 9.9982E-05 9.9982E-05 0.0151473 0.00356082
0.444749 9.9991E-05 0.0468911 0.42011 0.0881502
0.30299 0.0346552 9.9991E-05 0.625277 0.0369779
0.927661 0.0184803 9.9991E-05 0.0224509 0.0313076
0.661983 9.9973E-05 9.9973E-05 0.337717 9.9973E-05
0.867288 9.9991E-05 0.00829141 0.123882 0.000438514
0.976253 0.00334675 9.9991E-05 0.00571536 0.0145853
0.619624 0.0892227 0.0591018 0.0553531 0.176698
0.528764 0.00201707 0.0152368 0.440008 0.0139749
0.578534 0.041215 0.0107618 0.326324 0.043165
0.015388 0.900445 0.00793055 0.0382226 0.0380139
0.96894 0.00721796 9.9982E-05 9.9982E-05 0.0236423
0.9996 9.997E-05 9.997E-05 9.997E-05 9.997E-05
0.951277 0.00785676 9.9982E-05 0.0406663 9.9982E-05
9.997E-05 9.997E-05 9.997E-05 9.997E-05 0.9996
0.82936 0.009584 9.9982E-05 0.160856 9.9982E-05
0.380562 0.0377429 0.0602632 0.428133 0.0932988
0.571167 9.9982E-05 9.9982E-05 0.420656 0.0079773
0.989723 0.00718054 0.00289678 9.9982E-05 9.9982E-05
0.902937 0.00701943 0.00465429 0.0549766 0.0304124
0.9996 9.997E-05 9.997E-05 9.997E-05 9.997E-05
0.344187 0.0407663 0.0952219 0.448927 0.0708982
0.0911515 0.795948 0.0378404 0.00688296 0.0681771
0.262547 0.0846216 0.0526133 0.514806 0.0854125
0.68169 9.9982E-05 0.0150373 0.303073 9.9982E-05
0.00712342 0.965396 0.0265394 9.9991E-05 0.000840832
0.733111 0.0210876 9.9991E-05 0.213016 0.032686
0.498342 9.9973E-05 9.9973E-05 0.501358 9.9973E-05
0.939334 0.00198878 0.0118164 9.9991E-05 0.0467613
0.996024 9.9973E-05 0.00367565 9.9973E-05 9.9973E-05
0.974143 0.00516662 0.0150464 9.9991E-05 0.00554419
0.657628 0.00523095 0.0198781 0.27955 0.0377132
0.0431503 9.99729E-05 9.99729E-05 9.99729E-05 0.95655
0.9996 9.997E-05 9.997E-05 9.997E-05 9.997E-05
0.280159 9.9982E-05 9.9982E-05 0.684733 0.034908
0.642471 9.9973E-05 9.9973E-05 0.357229 9.9973E-05
0.0189011 0.0065094 9.9982E-05 9.9982E-05 0.97439
0.284103 0.0177227 0.0357503 0.596593 0.0658317
0.479777 0.126974 0.0670403 0.21182 0.114389
0.404006 9.9991E-05 0.0169235 0.52575 0.0532206
0.0746369 9.9973E-05 9.9973E-05 9.9973E-05 0.925063
0.680008 9.9973E-05 9.9973E-05 0.319692 9.9973E-05
9.997E-05 0.9996 9.997E-05 9.997E-05 9.997E-05
0.740793 9.9973E-05 9.9973E-05 0.258907 9.9973E-05
0.970682 0.00215413 0.0234211 0.00364293 9.9991E-05
9.997E-05 0.9996 9.997E-05 9.997E-05 9.997E-05
0.965765 9.9973E-05 9.9973E-05 0.0339353 9.9973E-05
0.0304965 0.0097561 0.926778 0.0150653 0.0179037
0.428186 9.9973E-05 9.9973E-05 0.571514 9.9973E-05
0.962463 0.0026487 9.9982E-05 9.9982E-05 0.0346886
0.343966 0.0736954 0.0172691 0.394781 0.170288
0.813116 0.0171644 0.00216801 0.167452 9.9991E-05
0.0290809 0.935213 0.0355061 9.9982E-05 9.9982E-05
0.491353 9.9982E-05 9.9982E-05 0.50332 0.0051273
