0.0169891 0.00965414 0.00251546 0.613392 9.9982E-05 9.9982E-05 0.0217237 0.335525
9.9946E-05 9.9946E-05 9.9946E-05 0.957734 0.0416661 9.9946E-05 9.9946E-05 9.9946E-05
9.9955E-05 9.9955E-05 0.0127993 0.94872 9.9955E-05 9.9955E-05 9.9955E-05 0.0379813
9.9982E-05 0.00275907 9.9982E-05 0.533177 0.0788106 0.00108907 0.0124382 0.371526
9.9973E-05 9.9973E-05 0.0432617 0.116737 0.0884457 9.9973E-05 0.354578 0.396677
0.0196214 9.9973E-05 9.9973E-05 0.125285 0.741272 9.9973E-05 0.0388175 0.0747047
0.0355835 9.9964E-05 9.9964E-05 0.1914 9.9964E-05 9.9964E-05 0.731878 0.0407387
0.242375 9.9955E-05 9.9955E-05 9.9955E-05 0.357592 9.9955E-05 9.9955E-05 0.399533
0.0258463 0.0103636 9.9982E-05 0.893397 0.0359671 0.0106932 9.9982E-05 0.0235331
9.9946E-05 9.9946E-05 9.9946E-05 0.711129 9.9946E-05 9.9946E-05 9.9946E-05 0.288272
0.37256 0.0195778 0.0016775 0.156018 9.9982E-05 9.9982E-05 0.0642174 0.385749
0.177488 9.9964E-05 9.9964E-05 0.0234988 9.9964E-05 9.9964E-05 0.347905 0.450708
0.147481 9.9964E-05 9.9964E-05 0.143405 9.9964E-05 9.9964E-05 0.181973 0.526741
0.0575931 9.99639E-05 9.99639E-05 0.0927703 0.818117 9.99639E-05 0.0311193 9.99639E-05
9.9964E-05 0.00580135 9.9964E-05 0.421949 9.9964E-05 0.00121944 9.9964E-05 0.570631
9.9973E-05 9.9973E-05 9.9973E-05 0.469308 0.182285 0.00284107 0.171272 0.173994
0.663392 9.9982E-05 0.000235059 0.167785 0.0745251 9.9982E-05 0.0663144 0.0275482
9.9973E-05 0.415423 0.0183243 0.181615 0.360533 0.0238048 9.9973E-05 9.9973E-05
9.9964E-05 9.9964E-05 9.9964E-05 0.970035 0.00535958 0.0102966 0.0139087 9.9964E-05
0.315894 0.00601952 0.0128021 0.0911261 0.205445 0.0243693 0.21061 0.133734
9.9964E-05 9.9964E-05 0.0114991 0.879695 9.9964E-05 9.9964E-05 0.00437189 0.104035
0.511047 9.9973E-05 0.0092593 0.165587 9.9973E-05 9.9973E-05 0.038759 0.275048
9.9973E-05 0.00117214 0.00723935 0.162249 9.9973E-05 9.9973E-05 0.208425 0.620615
0.00774761 0.0232139 0.881988 9.9973E-05 0.0052007 9.9973E-05 9.9973E-05 0.0815496
9.9982E-05 0.00525429 0.0149463 0.110901 0.340812 9.9982E-05 0.291473 0.236414
0.312712 9.9964E-05 0.0202512 0.271902 9.9964E-05 9.9964E-05 9.9964E-05 0.394735
0.313736 0.00698906 9.9982E-05 0.149991 0.0928639 9.9982E-05 0.193858 0.242363
9.9946E-05 9.9946E-05 9.9946E-05 0.863993 9.9946E-05 9.9946E-05 9.9946E-05 0.135407
9.9946E-05 9.9946E-05 9.9946E-05 0.696897 9.9946E-05 9.9946E-05 9.9946E-05 0.302503
0.013558 9.9955E-05 9.9955E-05 0.976472 9.9955E-05 9.9955E-05 9.9955E-05 0.00947022
9.9973E-05 9.9973E-05 0.00564234 0.138122 0.562771 9.9973E-05 0.180032 0.113133
9.9955E-05 9.9955E-05 9.9955E-05 0.933235 0.0295182 9.9955E-05 0.0367473 9.9955E-05
9.9946E-05 9.9946E-05 9.9946E-05 0.963991 9.9946E-05 9.9946E-05 0.0354092 9.9946E-05
0.186055 9.9964E-05 9.9964E-05 0.108299 0.693861 9.9964E-05 0.0113845 9.9964E-05
0.0129186 9.9955E-05 0.00325063 0.983331 9.9955E-05 9.9955E-05 9.9955E-05 9.9955E-05
0.103172 9.9982E-05 9.9982E-05 0.161855 0.159363 0.0132516 0.311306 0.250853
9.9946E-05 9.9946E-05 9.9946E-05 0.48054 9.9946E-05 9.9946E-05 9.9946E-05 0.51886
0.201916 9.9973E-05 0.000510906 9.9973E-05 9.9973E-05 0.0321253 0.484943 0.280205
0.430206 0.0031089 0.00133447 9.9982E-05 0.414091 9.9982E-05 0.139653 0.0114061
0.0329232 9.9973E-05 0.0533027 0.0834333 9.9973E-05 9.9973E-05 0.222932 0.607109
9.9982E-05 9.9982E-05 0.0184496 0.067879 0.554095 0.00210837 0.225749 0.131519
9.9973E-05 9.9973E-05 0.0099747 0.966899 0.00312385 0.002072 0.0176305 9.9973E-05
0.0155773 9.9955E-05 9.9955E-05 0.764154 9.9955E-05 9.9955E-05 9.9955E-05 0.219769
9.9955E-05 0.00101237 9.9955E-05 0.690166 9.9955E-05 9.9955E-05 9.9955E-05 0.308322
9.9973E-05 0.0346772 9.9973E-05 0.652732 0.0565143 9.9973E-05 0.0125463 0.24323
9.994E-05 0.9993 9.994E-05 9.994E-05 9.994E-05 9.994E-05 9.994E-05 9.994E-05
0.0501643 9.9955E-05 9.9955E-05 0.865295 9.9955E-05 9.9955E-05 0.0840411 9.9955E-05
9.9946E-05 9.9946E-05 9.9946E-05 0.834625 9.9946E-05 9.9946E-05 9.9946E-05 0.164775
9.994E-05 0.9993 9.994E-05 9.994E-05 9.994E-05 9.994E-05 9.994E-05 9.994E-05
9.9946E-05 9.9946E-05 9.9946E-05 0.529611 9.9946E-05 9.9946E-05 9.9946E-05 0.469789
0.199475 9.9973E-05 9.9973E-05 0.325193 0.0249174 0.00741245 9.9973E-05 0.442702
9.9946E-05 9.9946E-05 9.9946E-05 0.632163 9.9946E-05 9.9946E-05 9.9946E-05 0.367237
0.0449055 9.9973E-05 0.0143219 0.473185 9.9973E-05 9.9973E-05 0.0102982 0.456989
9.9973E-05 0.0237915 0.00308827 0.495514 0.468927 0.00837908 9.9973E-05 9.9973E-05
9.9973E-05 9.9973E-05 0.04849 0.188374 0.0974949 9.9973E-05 0.16939 0.495951
9.99639E-05 9.99639E-05 0.0334711 0.765579 0.186806 0.0137444 9.99639E-05 9.99639E-05
9.9946E-05 9.9946E-05 9.9946E-05 0.882115 9.9946E-05 9.9946E-05 9.9946E-05 0.117286
0.00441904 0.00448138 9.9973E-05 0.964851 0.019032 9.9973E-05 0.00691664 9.9973E-05
9.9964E-05 0.0111228 9.9964E-05 0.660346 0.0404886 9.9964E-05 9.9964E-05 0.287643
9.99468E-05 9.99468E-05 9.99468E-05 0.687783 9.99468E-05 9.99468E-05 9.99468E-05 0.311617
0.000913502 9.9955E-05 9.9955E-05 0.930396 9.9955E-05 9.9955E-05 9.9955E-05 0.0681907
9.9964E-05 9.9964E-05 0.813356 9.9964E-05 0.0323234 0.0287557 0.125165 9.9964E-05
0.0338815 9.9964E-05 0.00881363 0.948938 9.9964E-05 0.00796706 9.9964E-05 9.9964E-05
9.9982E-05 9.9982E-05 0.0298674 0.206464 0.0565287 0.0268494 0.183263 0.496828
0.0160353 0.00458084 9.9964E-05 0.957083 9.9964E-05 9.9964E-05 9.9964E-05 0.0219015
9.9964E-05 9.9964E-05 9.9964E-05 0.993268 0.00174009 0.00259775 0.00199398 9.9964E-05
9.9964E-05 0.00481594 9.9964E-05 0.594947 9.9964E-05 9.9964E-05 0.00114912 0.398688
0.0316218 9.9955E-05 9.9955E-05 0.577902 9.9955E-05 9.9955E-05 9.9955E-05 0.389977
0.559137 9.9973E-05 0.00759607 0.171146 9.9973E-05 9.9973E-05 0.230759 0.0310624
9.994E-05 0.9993 9.994E-05 9.994E-05 9.994E-05 9.994E-05 9.994E-05 9.994E-05
9.9973E-05 9.9973E-05 0.00658494 0.0960966 0.143003 9.9973E-05 0.170204 0.583811
9.99729E-05 0.000457211 0.0326838 0.813174 0.136374 0.0170111 9.99729E-05 9.99729E-05
9.9973E-05 0.00327629 0.0148659 0.739017 9.9973E-05 0.0013551 9.9973E-05 0.241185
9.9946E-05 9.9946E-05 0.038247 0.961153 9.9946E-05 9.9946E-05 9.9946E-05 9.9946E-05
0.0110148 9.9955E-05 9.9955E-05 0.983999 9.9955E-05 0.00448652 9.9955E-05 9.9955E-05
9.9973E-05 0.026768 9.9973E-05 0.926291 0.000196838 0.0110423 0.0354018 9.9973E-05
9.9946E-05 9.9946E-05 9.9946E-05 0.970277 9.9946E-05 9.9946E-05 9.9946E-05 0.029123
0.416868 9.9982E-05 0.0122669 0.16907 0.0983278 9.9982E-05 0.154947 0.148321
0.0419578 9.9955E-05 9.9955E-05 0.924779 9.9955E-05 9.9955E-05 9.9955E-05 0.0327637
9.9973E-05 0.0230326 0.663812 0.012189 0.138938 9.9973E-05 0.161728 9.9973E-05
9.9973E-05 9.9973E-05 0.021766 0.462811 0.0116817 0.000762092 9.9973E-05 0.502679
9.9964E-05 0.00405709 9.9964E-05 0.876715 9.9964E-05 0.0017392 9.9964E-05 0.117089
9.9973E-05 0.391571 0.0613037 0.105632 0.376604 0.0645891 9.9973E-05 9.9973E-05
9.9955E-05 0.0224364 9.9955E-05 0.4263 0.550764 9.9955E-05 9.9955E-05 9.9955E-05
9.99639E-05 9.99639E-05 9.99639E-05 0.228615 0.220361 9.99639E-05 0.163691 0.386933
9.9973E-05 0.00573272 9.9973E-05 0.71267 0.02351 0.00785953 9.9973E-05 0.249928
9.9964E-05 9.9964E-05 0.0140186 0.953766 0.0181284 9.9964E-05 0.0136874 9.9964E-05
9.994E-05 9.994E-05 9.994E-05 9.994E-05 9.994E-05 0.9993 9.994E-05 9.994E-05
0.0115821 0.00525363 9.99639E-05 0.464387 9.99639E-05 9.99639E-05 9.99639E-05 0.518377
9.9946E-05 9.9946E-05 9.9946E-05 0.467816 9.9946E-05 9.9946E-05 9.9946E-05 0.531584
0.362526 9.9964E-05 9.9964E-05 0.135223 9.9964E-05 9.9964E-05 0.104733 0.397118
0.159709 9.9964E-05 9.9964E-05 0.052837 9.9964E-05 9.9964E-05 0.236971 0.550084
0.703721 9.9955E-05 9.9955E-05 0.115598 9.9955E-05 9.9955E-05 9.9955E-05 0.180181
9.9955E-05 9.9955E-05 0.0115753 0.973757 0.0141679 9.9955E-05 9.9955E-05 9.9955E-05
9.9946E-05 9.9946E-05 9.9946E-05 0.424085 9.9946E-05 9.9946E-05 9.9946E-05 0.575316
9.9946E-05 9.9946E-05 9.9946E-05 0.861804 9.9946E-05 9.9946E-05 9.9946E-05 0.137596
0.00866279 9.9973E-05 0.00263263 0.264991 0.0452911 9.9973E-05 9.9973E-05 0.678123
0.0601494 9.9973E-05 9.9973E-05 0.0606724 0.747352 9.9973E-05 0.0558557 0.0756705
9.9946E-05 9.9946E-05 9.9946E-05 0.970117 0.0292834 9.9946E-05 9.9946E-05 9.9946E-05
9.9964E-05 9.9964E-05 0.0670684 0.137124 9.9964E-05 9.9964E-05 0.355519 0.439889
9.9982E-05 0.0152245 9.9982E-05 0.194905 0.0272822 0.00785252 0.164683 0.589853
9.9964E-05 0.0198787 0.838217 9.9964E-05 0.00935244 9.9964E-05 0.132152 9.9964E-05
0.00840599 9.9955E-05 9.9955E-05 0.472156 9.9955E-05 9.9955E-05 9.9955E-05 0.518939
0.0154081 9.9964E-05 9.9964E-05 0.932757 9.9964E-05 9.9964E-05 0.00884112 0.0425938
9.994E-05 9.994E-05 9.994E-05 0.9993 9.994E-05 9.994E-05 9.994E-05 9.994E-05
0.423473 0.022718 9.9973E-05 0.00107878 9.9973E-05 9.9973E-05 0.191309 0.361121
9.994E-05 0.9993 9.994E-05 9.994E-05 9.994E-05 9.994E-05 9.994E-05 9.994E-05
0.89846 0.0154271 9.99549E-05 0.0856129 9.99549E-05 9.99549E-05 9.99549E-05 9.99549E-05
9.9955E-05 9.9955E-05 0.0352052 0.705448 9.9955E-05 9.9955E-05 9.9955E-05 0.258847
9.99607E-05 9.99607E-05 0.0340678 0.914776 0.0506566 9.99607E-05 9.99607E-05 9.99607E-05
0.612811 9.9964E-05 0.0059541 0.107574 9.9964E-05 9.9964E-05 9.9964E-05 0.273261
9.994E-05 0.9993 9.994E-05 9.994E-05 9.994E-05 9.994E-05 9.994E-05 9.994E-05
9.9964E-05 0.0168558 0.641023 9.9964E-05 0.338637 0.00308423 9.9964E-05 9.9964E-05
0.0653927 0.00742527 9.9973E-05 0.634945 9.9973E-05 9.9973E-05 0.0767449 0.215192
9.9946E-05 9.9946E-05 9.9946E-05 0.702584 9.9946E-05 9.9946E-05 9.9946E-05 0.296816
0.21343 9.9973E-05 0.00235382 0.101029 9.9973E-05 9.9973E-05 0.142976 0.539911
9.9946E-05 9.9946E-05 0.0299288 0.969472 9.9946E-05 9.9946E-05 9.9946E-05 9.9946E-05
0.364013 0.0479187 9.9982E-05 0.0417681 0.317285 9.9982E-05 0.206101 0.0227138
0.0326914 0.518052 0.140595 0.00352568 0.217269 0.0876675 9.9982E-05 9.9982E-05
9.9964E-05 9.9964E-05 0.039692 0.805375 9.9964E-05 0.002391 9.9964E-05 0.152143
0.0865496 9.9964E-05 9.9964E-05 0.461734 9.9964E-05 9.9964E-05 0.00390368 0.447413
0.00819257 9.9946E-05 0.991208 9.9946E-05 9.9946E-05 9.9946E-05 9.9946E-05 9.9946E-05
0.0466066 0.00335487 9.9964E-05 0.824462 9.9964E-05 9.9964E-05 9.9964E-05 0.125177
0.03672 9.9964E-05 9.9964E-05 0.326872 9.9964E-05 9.9964E-05 0.0196653 0.616343
9.9946E-05 9.9946E-05 9.9946E-05 0.751812 9.9946E-05 9.9946E-05 9.9946E-05 0.247588
0.708588 0.0104128 9.9973E-05 0.255237 9.9973E-05 0.00420972 0.0212521 9.9973E-05
0.320726 0.0109301 9.9982E-05 0.1621 0.0861252 9.9982E-05 0.0893164 0.330603
0.13178 9.9973E-05 9.9973E-05 0.0158223 0.352827 9.9973E-05 0.028277 0.470994
0.426213 9.99549E-05 9.99549E-05 0.0226713 0.550616 9.99549E-05 9.99549E-05 9.99549E-05
9.9955E-05 9.9955E-05 0.0218203 0.49432 9.9955E-05 9.9955E-05 9.9955E-05 0.48336
9.9964E-05 0.0100468 0.00634251 0.825163 9.9964E-05 9.9964E-05 9.9964E-05 0.158048
9.9964E-05 0.0291615 0.00659792 0.585473 9.9964E-05 9.9964E-05 9.9964E-05 0.378367
0.0359801 0.85048 9.9964E-05 9.9964E-05 0.0556995 0.0574403 9.9964E-05 9.9964E-05
0.000457061 9.9982E-05 0.0349472 0.894694 0.054866 9.9982E-05 0.00308909 0.0117462
9.9973E-05 0.95209 0.00916734 9.9973E-05 9.9973E-05 0.0167744 0.00385688 0.0178111
9.9955E-05 9.9955E-05 0.00347029 0.5834 9.9955E-05 9.9955E-05 9.9955E-05 0.41263
9.99459E-05 9.99459E-05 0.946125 0.0532749 9.99459E-05 9.99459E-05 9.99459E-05 9.99459E-05
0.575514 9.9964E-05 0.00657289 9.9964E-05 0.0156222 9.9964E-05 9.9964E-05 0.401891
0.559767 9.9964E-05 9.9964E-05 0.157289 9.9964E-05 0.0172368 0.265308 9.9964E-05
0.594093 9.9991E-05 0.0306547 0.0544099 0.0864775 0.026348 0.0158374 0.192079
0.0115244 9.9964E-05 0.00828536 0.428964 9.9964E-05 9.9964E-05 9.9964E-05 0.550827
0.0914961 0.0352246 0.00984837 0.170856 0.0620999 0.000585846 0.324883 0.305006
9.9973E-05 0.00257215 0.00122227 0.927393 0.00209353 9.9973E-05 9.9973E-05 0.0664188
0.112467 9.9982E-05 0.0208836 0.333715 0.0207851 0.00176736 9.9982E-05 0.510182
9.9964E-05 9.9964E-05 0.00541698 0.305073 0.680466 0.00864454 9.9964E-05 9.9964E-05
9.9982E-05 0.0113871 9.9982E-05 0.668211 0.0407389 0.00343828 0.110171 0.165854
9.9973E-05 9.9973E-05 0.00302657 0.740499 0.0538634 0.0116404 9.9973E-05 0.190671
9.99459E-05 9.99459E-05 0.96874 0.0306598 9.99459E-05 9.99459E-05 9.99459E-05 9.99459E-05
9.9973E-05 9.9973E-05 0.0379524 0.0881876 0.535454 9.9973E-05 0.250319 0.0877874
0.0117871 9.99461E-05 0.987613 9.99461E-05 9.99461E-05 9.99461E-05 9.99461E-05 9.99461E-05
9.9955E-05 0.00136812 9.9955E-05 0.59206 9.9955E-05 9.9955E-05 9.9955E-05 0.406072
9.9964E-05 9.9964E-05 0.0351961 0.141195 0.689059 9.9964E-05 9.9964E-05 0.13415
9.9973E-05 9.9973E-05 0.0210431 0.234634 0.654576 9.9973E-05 0.0837461 0.00570069
0.00898905 0.0187433 9.9964E-05 0.682502 9.9964E-05 9.9964E-05 9.9964E-05 0.289366
0.00912209 9.9955E-05 9.9955E-05 0.976853 9.9955E-05 9.9955E-05 9.9955E-05 0.0135255
9.9946E-05 0.990565 0.0088352 9.9946E-05 9.9946E-05 9.9946E-05 9.9946E-05 9.9946E-05
0.0577461 9.9973E-05 0.0447587 0.0291081 0.434216 9.9973E-05 0.433871 9.9973E-05
9.9946E-05 9.9946E-05 9.9946E-05 0.635346 9.9946E-05 9.9946E-05 9.9946E-05 0.364054
9.9973E-05 0.0327357 0.40104 0.12245 0.422177 0.0212977 9.9973E-05 9.9973E-05
9.9973E-05 0.00929815 0.00445244 0.964693 0.020683 0.000573375 9.9973E-05 9.9973E-05
9.994E-05 9.994E-05 9.994E-05 9.994E-05 9.994E-05 0.9993 9.994E-05 9.994E-05
9.9964E-05 0.0148564 9.9964E-05 0.806934 0.0569733 9.9964E-05 9.9964E-05 0.120836
9.9964E-05 0.012901 9.9964E-05 0.113473 0.265141 0.608085 9.9964E-05 9.9964E-05
0.494957 0.0141899 0.00649572 0.0208352 0.0518321 0.00744253 9.9991E-05 0.404147
9.9955E-05 9.9955E-05 9.9955E-05 0.949676 9.9955E-05 0.00476629 0.0450579 9.9955E-05
9.9955E-05 9.9955E-05 9.9955E-05 0.992808 9.9955E-05 0.00249524 0.0041974 9.9955E-05
9.99729E-05 0.00139555 9.99729E-05 0.134223 0.0740721 0.0307488 0.75926 9.99729E-05
9.9955E-05 9.9955E-05 0.00610676 0.917056 0.0763372 9.9955E-05 9.9955E-05 9.9955E-05
0.0182143 9.99461E-05 0.981186 9.99461E-05 9.99461E-05 9.99461E-05 9.99461E-05 9.99461E-05
9.9973E-05 0.00369909 0.00618846 0.980472 9.9973E-05 9.9973E-05 0.00698787 0.00235258
9.994E-05 9.994E-05 9.994E-05 9.994E-05 9.994E-05 0.9993 9.994E-05 9.994E-05
9.9946E-05 9.9946E-05 9.9946E-05 0.986851 9.9946E-05 9.9946E-05 9.9946E-05 0.0125494
9.9973E-05 9.9973E-05 0.0113085 0.0159242 0.0583255 9.9973E-05 0.282515 0.631627
0.0332199 0.00287242 9.9982E-05 0.249029 9.9982E-05 0.0135663 0.225367 0.475745
0.221848 9.9955E-05 9.9955E-05 9.9955E-05 0.651737 9.9955E-05 9.9955E-05 0.125915
9.9982E-05 0.00843625 9.9982E-05 0.153768 0.410635 0.00406514 0.0923063 0.33059
9.99639E-05 0.0537028 9.99639E-05 0.153016 0.368174 9.99639E-05 0.424707 9.99639E-05
0.00410925 0.00320269 9.9955E-05 0.992188 9.9955E-05 9.9955E-05 9.9955E-05 9.9955E-05
0.16783 9.997E-05 0.0469241 0.238622 9.997E-05 9.997E-05 0.0631816 0.483142
9.9955E-05 9.9955E-05 9.9955E-05 0.857711 9.9955E-05 0.0143438 9.9955E-05 0.127446
9.9982E-05 0.0300737 0.0443344 0.144783 0.153334 9.9982E-05 0.21987 0.407405
0.70592 9.9955E-05 9.9955E-05 0.0462922 0.247288 9.9955E-05 9.9955E-05 9.9955E-05
9.9973E-05 9.9973E-05 0.0129651 0.81723 0.0481676 0.00883563 9.9973E-05 0.112501
9.9955E-05 0.0109848 9.9955E-05 0.307478 9.9955E-05 9.9955E-05 9.9955E-05 0.681038
9.9964E-05 0.00926349 0.0113045 0.62688 9.9964E-05 9.9964E-05 9.9964E-05 0.352152
9.9955E-05 9.9955E-05 9.9955E-05 0.929971 0.00732028 9.9955E-05 0.0622093 9.9955E-05
9.9973E-05 0.0127684 0.041531 0.367649 0.569032 0.0087191 9.9973E-05 9.9973E-05
9.9964E-05 9.9964E-05 9.9964E-05 0.232312 0.0735456 9.9964E-05 0.22058 0.473162
9.9982E-05 9.9982E-05 0.0141242 0.311929 0.195275 0.0155471 0.145411 0.317513
0.00318463 0.00647452 0.0176657 9.9982E-05 0.0134854 0.913507 0.0454827 9.9982E-05
9.9964E-05 9.9964E-05 0.000737799 0.91218 0.0478546 9.9964E-05 0.0388275 9.9964E-05
9.9946E-05 9.9946E-05 9.9946E-05 0.973985 0.0254153 9.9946E-05 9.9946E-05 9.9946E-05
9.9955E-05 9.9955E-05 9.9955E-05 0.835398 9.9955E-05 0.0140725 9.9955E-05 0.150029
9.99459E-05 9.99459E-05 0.969212 0.0301883 9.99459E-05 9.99459E-05 9.99459E-05 9.99459E-05
9.9964E-05 9.9964E-05 9.9964E-05 0.633276 0.0548979 0.00373961 9.9964E-05 0.307687
9.9955E-05 9.9955E-05 9.9955E-05 0.158919 0.310045 9.9955E-05 0.530537 9.9955E-05
0.210805 0.00507515 0.0199989 0.275923 0.039126 9.9982E-05 9.9982E-05 0.448873
9.9955E-05 0.000716585 9.9955E-05 0.982152 0.0166311 9.9955E-05 9.9955E-05 9.9955E-05
9.9973E-05 9.9973E-05 0.0063817 0.836426 0.00603096 9.9973E-05 0.112649 0.0382118
0.0107565 9.9946E-05 9.9946E-05 0.988644 9.9946E-05 9.9946E-05 9.9946E-05 9.9946E-05
9.9973E-05 0.03361 9.9973E-05 0.127967 0.28109 9.9973E-05 0.546848 0.0101854
9.9964E-05 0.0328444 0.0358125 9.9964E-05 0.159322 0.771621 9.9964E-05 9.9964E-05
0.238247 9.9955E-05 9.9955E-05 9.9955E-05 0.610978 9.9955E-05 0.150275 9.9955E-05
0.121606 0.0284155 9.9973E-05 0.467534 9.9973E-05 9.9973E-05 0.0370731 0.345071
9.9955E-05 0.00577673 9.9955E-05 9.9955E-05 0.0419809 0.951743 9.9955E-05 9.9955E-05
9.9973E-05 9.9973E-05 0.0286815 0.482118 0.13735 0.00419 9.9973E-05 0.34736
0.422093 9.99639E-05 9.99639E-05 0.251225 9.99639E-05 9.99639E-05 0.00822631 0.318056
0.000943185 0.00155026 0.0324287 0.891377 0.0563305 9.9982E-05 0.0171707 9.9982E-05
9.994E-05 9.994E-05 9.994E-05 0.9993 9.994E-05 9.994E-05 9.994E-05 9.994E-05
9.9964E-05 0.0122543 9.9964E-05 0.945996 9.9964E-05 0.00240345 0.0389467 9.9964E-05
9.9964E-05 9.9964E-05 9.9964E-05 0.390007 0.181441 9.9964E-05 0.154807 0.273346
9.99459E-05 9.99459E-05 0.939065 0.0603357 9.99459E-05 9.99459E-05 9.99459E-05 9.99459E-05
9.9955E-05 0.00306162 9.9955E-05 0.938387 9.9955E-05 9.9955E-05 9.9955E-05 0.0580514
0.567279 9.9955E-05 9.9955E-05 0.11668 9.9955E-05 9.9955E-05 0.315541 9.9955E-05
0.0462834 9.9964E-05 9.9964E-05 0.30246 0.0390095 9.9964E-05 9.9964E-05 0.611847
9.99549E-05 9.99549E-05 0.959436 9.99549E-05 9.99549E-05 0.0225477 9.99549E-05 0.0175164
9.99549E-05 9.99549E-05 9.99549E-05 0.101826 9.99549E-05 9.99549E-05 0.884667 0.0130072
9.9964E-05 9.9964E-05 9.9964E-05 0.0771151 0.833655 0.0133197 9.9964E-05 0.0755104
0.0843212 9.9982E-05 0.0304679 0.062229 0.166292 9.9982E-05 0.22127 0.435221
0.00554446 9.9955E-05 0.909258 0.0846981 9.9955E-05 9.9955E-05 9.9955E-05 9.9955E-05
0.0821643 9.9955E-05 9.9955E-05 0.388905 9.9955E-05 9.9955E-05 9.9955E-05 0.52843
9.994E-05 9.994E-05 9.994E-05 9.994E-05 9.994E-05 0.9993 9.994E-05 9.994E-05
9.9973E-05 0.00159064 9.9973E-05 0.454371 9.9973E-05 0.00952645 0.0203263 0.513885
9.9964E-05 0.0142454 9.9964E-05 0.869191 9.9964E-05 0.00074032 9.9964E-05 0.115423
9.994E-05 9.994E-05 9.994E-05 9.994E-05 9.994E-05 0.9993 9.994E-05 9.994E-05
9.9946E-05 9.9946E-05 9.9946E-05 0.819717 9.9946E-05 9.9946E-05 9.9946E-05 0.179684
0.031283 0.889673 0.0168393 0.00672809 0.0281457 0.0117284 9.9991E-05 0.0155023
0.032458 9.9964E-05 9.9964E-05 0.0913641 9.9964E-05 9.9964E-05 0.292548 0.58323
9.9964E-05 9.9964E-05 0.0205104 0.869625 0.0299724 9.9964E-05 9.9964E-05 0.079492
0.00737003 9.9982E-05 0.057789 0.157674 0.249553 0.0160196 0.511395 9.9982E-05
0.0209118 9.9973E-05 9.9973E-05 0.613999 0.0573392 0.0153113 9.9973E-05 0.292139
9.9955E-05 0.0145684 9.9955E-05 9.9955E-05 0.0643551 0.920577 9.9955E-05 9.9955E-05
0.0389276 9.9991E-05 0.00328928 0.156481 0.0644177 0.00929734 0.13924 0.588247
