9.9964E-05 0.023945 9.9964E-05 9.9964E-05 0.234203 9.9964E-05 0.741452
9.9955E-05 9.9955E-05 9.9955E-05 0.0504503 9.9955E-05 9.9955E-05 0.94905
9.9964E-05 9.9964E-05 9.9964E-05 0.0196602 9.9964E-05 0.0153825 0.964557
9.9973E-05 0.0133022 0.0900627 9.9973E-05 0.193303 9.9973E-05 0.703032
0.00209231 0.00131143 0.413678 9.9991E-05 0.257308 0.0411069 0.284403
9.9973E-05 0.0161675 0.247352 0.523511 9.9973E-05 9.9973E-05 0.21267
9.9964E-05 9.9964E-05 0.654896 9.9964E-05 0.117465 9.9964E-05 0.227239
9.999E-05 0.00329382 0.0302681 0.346442 0.564638 0.00486879 0.0503897
0.0116205 0.00935646 9.9982E-05 0.0349349 9.9982E-05 0.00501039 0.938878
9.9955E-05 9.9955E-05 9.9955E-05 9.9955E-05 0.152395 9.9955E-05 0.847106
9.9973E-05 0.0197393 9.9973E-05 0.0884515 0.604735 9.9973E-05 0.286775
9.9973E-05 9.9973E-05 0.254989 9.9973E-05 0.573927 0.00246696 0.168317
9.9964E-05 9.9964E-05 0.106654 9.9964E-05 0.550618 9.9964E-05 0.342329
9.9973E-05 9.9973E-05 0.00376126 0.881856 0.0620405 9.9973E-05 0.052042
9.9964E-05 0.00455825 9.9964E-05 9.9964E-05 0.347297 9.9964E-05 0.647745
0.00463018 9.9982E-05 0.277213 0.100287 0.0717398 9.9982E-05 0.54593
9.9973E-05 9.9973E-05 0.00327982 0.288809 0.616288 9.9973E-05 0.0913227
0.0105744 0.419794 9.9982E-05 0.461321 9.9982E-05 0.00573349 0.102377
0.00313934 9.9964E-05 9.9964E-05 0.0183177 9.9964E-05 9.9964E-05 0.978143
0.0214032 0.00290013 0.447618 0.0685119 0.266857 0.0143362 0.178373
9.9973E-05 9.9973E-05 0.00815372 9.9973E-05 0.0165261 0.00234186 0.972678
9.9982E-05 9.9982E-05 0.0273254 0.0460475 0.633187 0.0264517 0.266788
9.9973E-05 9.9973E-05 0.125521 9.9973E-05 0.470933 0.020775 0.382471
9.9973E-05 0.0139473 9.9973E-05 0.0235906 0.0726781 0.889484 9.9973E-05
0.00143756 0.00926647 0.661639 0.000752865 9.9991E-05 0.0244873 0.302316
0.00188258 9.9982E-05 9.9982E-05 0.02019 0.554839 0.0178772 0.405012
9.9973E-05 9.9973E-05 0.146776 0.197505 0.462944 9.9973E-05 0.192474
9.9973E-05 0.00369937 9.9973E-05 9.9973E-05 0.0339844 0.00853365 0.953483
9.9955E-05 9.9955E-05 9.9955E-05 9.9955E-05 0.15719 9.9955E-05 0.842311
9.995E-05 9.995E-05 9.995E-05 9.995E-05 9.995E-05 9.995E-05 0.9994
9.9973E-05 9.9973E-05 0.160079 0.609628 0.1075 9.9973E-05 0.122494
9.9964E-05 9.9964E-05 0.0399129 0.00914297 9.9964E-05 9.9964E-05 0.950544
9.9964E-05 9.9964E-05 0.00158482 0.00426337 9.9964E-05 9.9964E-05 0.993752
9.9973E-05 9.9973E-05 0.317833 0.459026 0.0463541 9.9973E-05 0.176486
9.9964E-05 9.9964E-05 9.9964E-05 0.0217498 9.9964E-05 0.00816968 0.969681
0.0143597 9.9982E-05 0.453009 0.0484656 0.210635 9.9982E-05 0.27333
9.9955E-05 9.9955E-05 9.9955E-05 9.9955E-05 0.289763 9.9955E-05 0.709737
0.0193917 9.9991E-05 0.278946 0.144843 0.49584 0.0198939 0.0409847
9.999E-05 0.0130972 0.682322 0.0738797 0.157719 0.0123659 0.0605157
9.9973E-05 9.9973E-05 0.118563 9.9973E-05 0.541177 0.0546041 0.285356
0.0155506 9.9982E-05 0.531006 0.251728 9.9982E-05 0.011663 0.189852
0.00595817 9.9973E-05 9.9973E-05 0.0309506 9.9973E-05 0.00616341 0.956628
9.9955E-05 9.9955E-05 9.9955E-05 9.9955E-05 0.149891 9.9955E-05 0.84961
9.9964E-05 0.00303609 9.9964E-05 9.9964E-05 0.154969 9.9964E-05 0.841595
9.9973E-05 0.0275669 0.0561143 9.9973E-05 0.114271 9.9973E-05 0.801748
9.995E-05 0.9994 9.995E-05 9.995E-05 9.995E-05 9.995E-05 9.995E-05
9.9973E-05 9.9973E-05 0.0783904 0.00366131 0.0384351 9.9973E-05 0.879213
9.9955E-05 9.9955E-05 9.9955E-05 9.9955E-05 0.0746571 9.9955E-05 0.924843
9.995E-05 0.9994 9.995E-05 9.995E-05 9.995E-05 9.995E-05 9.995E-05
9.9955E-05 9.9955E-05 9.9955E-05 9.9955E-05 0.282043 9.9955E-05 0.717457
0.00442265 9.9973E-05 9.9973E-05 0.0500458 0.452044 9.9973E-05 0.493188
9.9955E-05 9.9955E-05 9.9955E-05 9.9955E-05 0.215527 9.9955E-05 0.783973
9.9964E-05 9.9964E-05 9.9964E-05 9.9964E-05 0.343617 0.0177575 0.638226
9.9973E-05 0.0190282 9.9973E-05 0.518114 9.9973E-05 0.00201008 0.460548
9.9991E-05 0.000241051 0.207635 0.0482495 0.330252 0.0616382 0.351885
0.00601176 9.99729E-05 9.99729E-05 0.258195 9.99729E-05 0.0224377 0.713056
9.9964E-05 0.00478751 9.9964E-05 9.9964E-05 0.0239666 9.9964E-05 0.970846
0.00510683 0.00150136 9.9973E-05 0.0271419 9.9973E-05 9.9973E-05 0.96595
9.99762E-05 0.00163616 9.99762E-05 9.99762E-05 0.170327 0.0105839 0.817153
9.9955E-05 9.9955E-05 9.9955E-05 9.9955E-05 0.196215 9.9955E-05 0.803285
9.9955E-05 9.9955E-05 9.9955E-05 9.9955E-05 0.0036967 9.9955E-05 0.995804
0.00139476 9.99734E-05 0.0341343 0.11727 9.99734E-05 0.846901 9.99734E-05
0.0154513 9.9973E-05 9.9973E-05 0.00194773 9.9973E-05 0.00470239 0.977599
0.0216058 9.9982E-05 9.9982E-05 0.170259 0.438884 0.0330954 0.335956
9.9964E-05 0.00692797 9.9964E-05 9.9964E-05 0.0165788 9.9964E-05 0.976093
0.00528308 9.9964E-05 9.9964E-05 0.0268142 9.9964E-05 9.9964E-05 0.967503
9.9964E-05 0.00787834 9.9964E-05 9.9964E-05 0.249987 9.9964E-05 0.741734
9.9955E-05 9.9955E-05 9.9955E-05 9.9955E-05 0.276164 9.9955E-05 0.723336
9.9973E-05 9.9973E-05 0.258072 9.9973E-05 0.516385 0.0116129 0.21363
9.995E-05 0.9994 9.995E-05 9.995E-05 9.995E-05 9.995E-05 9.995E-05
0.00126111 0.00160028 0.283758 9.9991E-05 0.370696 0.01588 0.326705
0.0158536 9.99729E-05 9.99729E-05 0.189952 9.99729E-05 0.012344 0.781551
0.00530565 0.00015426 9.9982E-05 9.9982E-05 0.12315 0.0185456 0.852644
9.9964E-05 9.9964E-05 9.9964E-05 0.067748 9.9964E-05 0.0244774 0.907375
0.00648836 9.9955E-05 9.9955E-05 9.9955E-05 9.9955E-05 9.9955E-05 0.993012
0.00307896 0.0270577 0.000317718 0.0670807 9.9982E-05 9.9982E-05 0.902265
0.0025359 9.9964E-05 9.9964E-05 9.9964E-05 0.00915214 9.9964E-05 0.987912
9.9964E-05 9.9964E-05 9.9964E-05 0.311241 0.544537 9.9964E-05 0.143823
9.9955E-05 9.9955E-05 9.9955E-05 9.9955E-05 0.0318674 9.9955E-05 0.967633
9.9973E-05 9.9973E-05 0.00986085 0.27455 0.0252794 0.69001 9.9973E-05
9.9964E-05 9.9964E-05 9.9964E-05 9.9964E-05 0.340683 0.0123345 0.646583
0.00169637 0.000965019 9.9973E-05 9.9973E-05 0.0420511 9.9973E-05 0.954988
0.0570809 0.369286 9.9982E-05 0.452771 9.9982E-05 0.0610601 0.0596022
9.9973E-05 0.0336986 9.9973E-05 0.58497 9.9973E-05 0.00327144 0.37776
9.9982E-05 0.0099194 0.24716 0.091847 0.200342 9.9982E-05 0.450531
0.0119076 0.00485391 9.9982E-05 0.00266485 0.102335 9.9982E-05 0.878038
9.9964E-05 9.9964E-05 9.9964E-05 0.0571316 9.9964E-05 0.00496523 0.937503
0.9994 9.995E-05 9.995E-05 9.995E-05 9.995E-05 9.995E-05 9.995E-05
9.99549E-05 9.99549E-05 9.99549E-05 9.99549E-05 0.364187 9.99549E-05 0.635313
9.9964E-05 9.9964E-05 9.9964E-05 9.9964E-05 0.321013 0.00215966 0.676428
9.9964E-05 9.9964E-05 0.18024 9.9964E-05 0.524956 9.9964E-05 0.294404
0.00582707 9.9982E-05 0.147647 9.9982E-05 0.599821 0.0112625 0.235242
0.000608061 9.9973E-05 0.0700789 9.9973E-05 0.738165 9.9973E-05 0.190848
9.9955E-05 9.9955E-05 9.9955E-05 0.0381454 9.9955E-05 9.9955E-05 0.961355
9.9955E-05 9.9955E-05 9.9955E-05 9.9955E-05 0.325727 9.9955E-05 0.673773
9.9955E-05 9.9955E-05 9.9955E-05 9.9955E-05 0.0650947 9.9955E-05 0.934406
9.9964E-05 9.9964E-05 9.9964E-05 9.9964E-05 0.471593 0.00116923 0.526838
9.9973E-05 0.00636994 0.335608 0.510498 9.9973E-05 9.9973E-05 0.147224
9.9964E-05 0.000799555 9.9964E-05 0.0489035 9.9964E-05 9.9964E-05 0.949897
9.9973E-05 9.9973E-05 0.290814 9.9973E-05 0.345285 0.0526213 0.31098
0.00221466 0.0193569 0.206429 9.9982E-05 0.386593 9.9982E-05 0.385206
9.9964E-05 0.0198837 0.139042 9.9964E-05 9.9964E-05 0.840675 9.9964E-05
9.99549E-05 9.99549E-05 9.99549E-05 9.99549E-05 0.3319 9.99549E-05 0.6676
9.9955E-05 9.9955E-05 0.0276334 9.9955E-05 9.9955E-05 9.9955E-05 0.971867
9.995E-05 9.995E-05 9.995E-05 9.995E-05 9.995E-05 9.995E-05 0.9994
9.9973E-05 0.0134988 0.262149 9.9973E-05 0.621065 9.9973E-05 0.102988
9.9955E-05 0.994287 9.9955E-05 9.9955E-05 9.9955E-05 9.9955E-05 0.00521282
9.9973E-05 0.000377697 9.9973E-05 0.175362 0.786548 9.9973E-05 0.0374119
9.9964E-05 9.9964E-05 9.9964E-05 9.9964E-05 0.125318 0.0325808 0.841701
0.00414769 9.9973E-05 9.9973E-05 0.0286293 9.9973E-05 0.0277573 0.939166
9.9973E-05 0.00841434 9.9973E-05 9.9973E-05 0.736651 0.0146817 0.239953
9.995E-05 0.9994 9.995E-05 9.995E-05 9.995E-05 9.995E-05 9.995E-05
9.9964E-05 0.0267549 9.9964E-05 0.337674 9.9964E-05 0.635171 9.9964E-05
9.9964E-05 9.9964E-05 0.0467119 9.9964E-05 0.218028 9.9964E-05 0.73486
9.9955E-05 9.9955E-05 9.9955E-05 9.9955E-05 0.171169 9.9955E-05 0.828331
9.9973E-05 9.9973E-05 0.0387981 9.9973E-05 0.648143 0.00567579 0.307083
9.9964E-05 9.9964E-05 9.9964E-05 0.0238849 9.9964E-05 0.0249964 0.950719
9.9973E-05 0.0366368 0.0751404 0.483479 0.404444 9.9973E-05 9.9973E-05
0.0859166 0.502722 9.9991E-05 0.282599 0.0121919 0.113588 0.00288338
9.9964E-05 9.9964E-05 9.9964E-05 9.9964E-05 0.0507705 0.0433372 0.905492
9.9955E-05 9.9955E-05 9.9955E-05 9.9955E-05 0.369884 9.9955E-05 0.629616
9.9955E-05 9.9955E-05 9.9955E-05 9.9955E-05 0.00238225 0.997118 9.9955E-05
9.9964E-05 0.00138305 9.9964E-05 9.9964E-05 0.0991143 9.9964E-05 0.899103
9.9955E-05 9.9955E-05 9.9955E-05 9.9955E-05 0.462646 9.9955E-05 0.536854
9.9955E-05 9.9955E-05 9.9955E-05 9.9955E-05 0.108913 9.9955E-05 0.890587
0.0109173 9.9973E-05 9.9973E-05 0.203853 0.564473 9.9973E-05 0.220457
0.00790827 0.00767611 0.227438 0.0127482 0.455108 9.9991E-05 0.289021
9.9973E-05 9.9973E-05 0.0739017 0.302057 0.465659 9.9973E-05 0.158083
9.99549E-05 9.99549E-05 9.99549E-05 0.67179 0.327711 9.99549E-05 9.99549E-05
9.99569E-05 9.99569E-05 9.99569E-05 9.99569E-05 0.298905 9.99569E-05 0.700595
9.9973E-05 0.00785202 9.9973E-05 9.9973E-05 0.0555288 0.0109472 0.925372
9.9964E-05 0.0367127 9.9964E-05 9.9964E-05 0.22052 9.9964E-05 0.742368
0.0443808 0.844702 9.9973E-05 0.105857 0.00476035 9.9973E-05 9.9973E-05
9.9964E-05 9.9964E-05 9.9964E-05 0.0685415 9.9964E-05 0.0246922 0.906366
0.0170237 0.931107 0.0280123 0.0136686 9.9982E-05 0.00998812 9.9982E-05
9.9964E-05 9.9964E-05 9.9964E-05 9.9964E-05 0.237246 0.000611877 0.761742
9.99549E-05 9.99549E-05 9.99549E-05 9.99549E-05 9.99549E-05 0.954964 0.0445363
9.9973E-05 9.9973E-05 9.9973E-05 0.109395 0.797628 0.00633177 0.0863446
0.00339807 9.9982E-05 0.113399 0.267869 0.529051 9.9982E-05 0.0860823
0.0338861 9.9991E-05 0.00441489 0.165259 0.657504 0.0451591 0.093677
9.9964E-05 9.9964E-05 9.9964E-05 9.9964E-05 0.346874 0.00584308 0.646883
0.0055135 0.023684 0.412891 9.9991E-05 0.251556 0.00228297 0.303973
9.9964E-05 9.9964E-05 9.9964E-05 0.0103981 9.9964E-05 0.00246989 0.986732
0.000532637 0.00447823 9.9991E-05 0.0151313 0.458768 0.0142366 0.506753
0.00241493 0.00164605 9.9982E-05 0.747712 9.9982E-05 0.000144229 0.247883
0.00154055 0.0161787 0.146995 9.9982E-05 0.058213 9.9982E-05 0.776873
0.0149815 0.000845668 0.000255496 0.0132477 0.08003 0.00384329 0.886796
9.99639E-05 0.00450541 9.99639E-05 9.99639E-05 9.99639E-05 0.961284 0.0338111
0.00208698 0.00379988 0.549872 0.216283 9.9991E-05 0.0522608 0.175598
9.9955E-05 9.9955E-05 9.9955E-05 9.9955E-05 0.020151 0.979349 9.9955E-05
9.9955E-05 9.9955E-05 9.9955E-05 9.9955E-05 0.262528 9.9955E-05 0.736972
9.9982E-05 9.9982E-05 0.0952853 0.587442 0.0451211 0.0430432 0.228908
9.9973E-05 9.9973E-05 0.207915 0.559265 9.9973E-05 0.023572 0.208948
9.9964E-05 0.0153318 9.9964E-05 9.9964E-05 0.183279 9.9964E-05 0.80099
9.995E-05 9.995E-05 9.995E-05 9.995E-05 9.995E-05 9.995E-05 0.9994
9.9955E-05 0.984615 9.9955E-05 9.9955E-05 9.9955E-05 0.0148848 9.9955E-05
9.9973E-05 9.9973E-05 0.268827 0.598891 0.102972 0.0290092 9.9973E-05
9.9964E-05 0.00155319 9.9964E-05 9.9964E-05 0.216843 9.9964E-05 0.781204
9.99729E-05 0.0410649 9.99729E-05 0.539844 9.99729E-05 0.374513 0.0442782
9.9973E-05 0.0136094 9.9973E-05 0.0296058 9.9973E-05 0.00280557 0.953679
0.9994 9.995E-05 9.995E-05 9.995E-05 9.995E-05 9.995E-05 9.995E-05
9.9973E-05 0.00790029 9.9973E-05 0.072751 0.0474095 9.9973E-05 0.871639
0.59507 0.0308897 9.9973E-05 0.285741 9.9973E-05 9.9973E-05 0.088
0.00962272 0.0138989 9.9991E-05 0.113715 0.728812 0.00942001 0.124432
9.9955E-05 9.9955E-05 9.9955E-05 0.049093 9.9955E-05 9.9955E-05 0.950407
0.0066009 9.9955E-05 9.9955E-05 9.9955E-05 9.9955E-05 9.9955E-05 0.992899
9.9964E-05 9.9964E-05 0.730059 0.127893 9.9964E-05 9.9964E-05 0.141648
9.9973E-05 9.9973E-05 0.00737471 0.081805 9.9973E-05 0.00362721 0.906893
9.99551E-05 9.99551E-05 9.99551E-05 9.99551E-05 0.0110654 0.988435 9.99551E-05
9.9973E-05 0.00783254 0.00140706 9.9973E-05 9.9973E-05 0.00029636 0.990164
0.9994 9.995E-05 9.995E-05 9.995E-05 9.995E-05 9.995E-05 9.995E-05
0.00159561 9.9955E-05 9.9955E-05 9.9955E-05 9.9955E-05 9.9955E-05 0.997905
9.9973E-05 9.9973E-05 0.249208 9.9973E-05 0.443282 0.0294918 0.277718
0.011255 0.00491445 0.208157 9.9982E-05 0.378475 9.9982E-05 0.396999
9.9973E-05 9.9973E-05 0.310912 0.458697 0.184174 9.9973E-05 0.0459177
0.0205943 0.0237086 0.560627 9.9973E-05 9.9973E-05 9.9973E-05 0.39477
9.9973E-05 0.0659621 0.506898 0.221508 9.9973E-05 9.9973E-05 0.205331
9.9955E-05 0.00161097 9.9955E-05 9.9955E-05 9.9955E-05 9.9955E-05 0.997889
9.9982E-05 0.00538631 0.0441413 9.9982E-05 0.478438 0.0410852 0.430749
0.000569366 9.9964E-05 9.9964E-05 9.9964E-05 0.0426753 9.9964E-05 0.956355
9.9982E-05 0.032685 0.375924 9.9982E-05 0.193766 0.0580172 0.339407
9.9955E-05 9.9955E-05 9.9955E-05 0.443186 0.556314 9.9955E-05 9.9955E-05
0.00726007 9.9982E-05 9.9982E-05 0.0566022 0.0253302 0.0112181 0.89939
9.9964E-05 0.0100515 9.9964E-05 9.9964E-05 0.425478 9.9964E-05 0.564071
9.9973E-05 0.00911245 9.9973E-05 9.9973E-05 0.186518 0.0143804 0.789689
9.9964E-05 9.9964E-05 0.0174804 0.0579505 9.9964E-05 9.9964E-05 0.924169
0.0125207 0.00293581 9.9982E-05 0.620966 9.9982E-05 0.0398152 0.323563
0.00186933 0.0102208 0.245018 9.9982E-05 0.312502 9.9982E-05 0.43019
0.0176332 9.9991E-05 0.325412 0.0226386 0.12532 0.0124377 0.496458
0.900984 0.013206 0.00223445 0.0291542 0.0231549 0.0311668 9.9991E-05
0.00124194 9.9982E-05 0.0443433 0.024224 9.9982E-05 0.0153797 0.914611
9.9955E-05 9.9955E-05 9.9955E-05 0.0188134 9.9955E-05 9.9955E-05 0.980687
0.0052663 9.9973E-05 0.00989352 9.9973E-05 0.0665951 9.9973E-05 0.917945
9.99549E-05 9.99549E-05 9.99549E-05 9.99549E-05 9.99549E-05 0.983877 0.0156237
0.01107 9.9973E-05 0.0303635 9.9973E-05 0.168598 9.9973E-05 0.789669
9.9973E-05 9.9973E-05 0.55301 0.242882 9.9973E-05 0.00138682 0.202422
9.9991E-05 0.00612487 0.0276659 0.0548492 0.435319 0.016956 0.458986
9.9955E-05 9.9955E-05 9.9955E-05 0.0262196 9.9955E-05 9.9955E-05 0.973281
9.9982E-05 9.9982E-05 0.0966148 0.0231902 0.0104392 0.012634 0.856922
9.9955E-05 9.9955E-05 9.9955E-05 0.00912438 9.9955E-05 9.9955E-05 0.990376
9.9973E-05 0.0329992 0.752095 0.0420441 9.9973E-05 9.9973E-05 0.172562
0.763041 0.0370628 9.9982E-05 0.1502 9.9982E-05 0.0408397 0.00865686
9.9973E-05 9.9973E-05 0.549964 0.402361 0.0323342 9.9973E-05 0.0150409
9.9973E-05 0.0273961 0.0247002 9.9973E-05 0.346797 9.9973E-05 0.600807
0.952332 0.0155246 9.9964E-05 0.0317439 9.9964E-05 9.9964E-05 9.9964E-05
0.0138815 9.9982E-05 0.120803 9.9982E-05 0.17332 0.0344947 0.6573
9.9964E-05 9.9964E-05 0.0246834 9.9964E-05 0.586982 9.9964E-05 0.387935
0.000612995 0.00331709 9.9982E-05 0.0933863 9.9982E-05 0.0149782 0.887505
9.9955E-05 9.9955E-05 9.9955E-05 0.00530605 9.9955E-05 9.9955E-05 0.994194
9.9982E-05 0.024676 0.0270457 0.017716 9.9982E-05 0.00261619 0.927746
9.9964E-05 9.9964E-05 0.344917 9.9964E-05 0.0860897 9.9964E-05 0.568593
9.99549E-05 9.99549E-05 9.99549E-05 9.99549E-05 9.99549E-05 0.947543 0.0519572
9.9955E-05 0.00573724 9.9955E-05 9.9955E-05 9.9955E-05 9.9955E-05 0.993763
9.9973E-05 9.9973E-05 0.156322 0.247471 0.552666 9.9973E-05 0.0432407
0.00337121 9.9964E-05 9.9964E-05 9.9964E-05 0.449664 9.9964E-05 0.546565
0.00634529 9.9964E-05 9.9964E-05 9.9964E-05 9.9964E-05 0.972796 0.0204588
9.9964E-05 9.9964E-05 0.702173 9.9964E-05 0.139936 9.9964E-05 0.157491
0.016114 9.9973E-05 0.0359884 0.814784 9.9973E-05 9.9973E-05 0.132814
9.9982E-05 9.9982E-05 0.373923 0.00877849 0.301516 0.035755 0.279828
9.9964E-05 0.00885545 9.9964E-05 9.9964E-05 9.9964E-05 0.902612 0.0881326
9.9955E-05 9.9955E-05 9.9955E-05 9.9955E-05 0.416283 9.9955E-05 0.583218
0.986653 9.99549E-05 9.99549E-05 9.99549E-05 9.99549E-05 9.99549E-05 0.0128471
0.0125859 0.000617415 9.9973E-05 9.9973E-05 0.326025 9.9973E-05 0.660472
9.9964E-05 0.00907466 9.9964E-05 9.9964E-05 0.0365646 9.9964E-05 0.953961
0.9994 9.995E-05 9.995E-05 9.995E-05 9.995E-05 9.995E-05 9.995E-05
0.00265412 9.9964E-05 9.9964E-05 9.9964E-05 0.0845325 9.9964E-05 0.912414
0.00260512 0.872224 9.9991E-05 0.0692999 0.0175311 0.0243393 0.0139009
9.9973E-05 0.0107266 0.155263 9.9973E-05 0.532679 9.9973E-05 0.301031
9.9973E-05 9.9973E-05 0.00291273 0.019628 9.9973E-05 0.02774 0.949419
0.00156636 9.9982E-05 0.519747 0.263476 9.9982E-05 0.0658256 0.149184
0.0139906 9.9982E-05 0.0192435 0.0340535 0.189205 9.9982E-05 0.743308
0.920511 0.0266194 9.9964E-05 0.0524694 9.9964E-05 9.9964E-05 9.9964E-05
0.0136015 9.9982E-05 0.174007 9.9982E-05 0.439375 0.0119708 0.360846
