0.159313 9.9991E-05 0.840587
9.999E-05 0.0160144 0.983886
9.999E-05 0.00131783 0.998582
0.173677 0.010057 0.816266
0.492645 0.0353588 0.471996
0.319716 0.166717 0.513567
0.573877 9.9991E-05 0.426023
0.591804 0.0186931 0.389503
9.9991E-05 0.0297185 0.970182
0.0754275 9.9991E-05 0.924472
0.499241 9.9991E-05 0.500659
0.629923 9.9991E-05 0.369977
0.478358 9.9991E-05 0.521542
0.328896 0.193768 0.477336
0.213814 9.9991E-05 0.786086
0.253143 0.0557706 0.691087
0.589921 9.9991E-05 0.409979
0.0222447 0.580951 0.396804
9.9991E-05 0.0108423 0.989058
0.537564 0.0735509 0.388885
9.999E-05 9.999E-05 0.9998
0.519005 9.9991E-05 0.480895
0.437248 9.9991E-05 0.562652
0.551344 0.346754 0.101903
0.430203 9.9991E-05 0.569697
0.535553 0.00386491 0.460583
9.999E-05 9.999E-05 0.9998
0.0608181 9.9991E-05 0.939082
9.999E-05 9.999E-05 0.9998
0.397184 0.134034 0.468782
9.9991E-05 0.00818877 0.991711
9.999E-05 9.999E-05 0.9998
0.402114 0.125745 0.47214
9.999E-05 9.999E-05 0.9998
0.489294 0.0289061 0.4818
0.153823 9.9991E-05 0.846077
0.668092 0.00906476 0.322843
0.616089 0.0924214 0.29149
0.54121 9.9991E-05 0.45869
0.429062 0.157016 0.413922
9.9991E-05 0.0153349 0.984565
0.0682789 9.9991E-05 0.931621
0.0910854 9.9991E-05 0.908815
0.09085 0.0197539 0.889396
9.9991E-05 0.956719 0.043181
0.0494001 9.9991E-05 0.9505
9.999E-05 9.999E-05 0.9998
9.9991E-05 0.971633 0.028267
0.160519 9.9991E-05 0.839381
0.342424 9.9991E-05 0.657476
0.095725 9.9991E-05 0.904175
0.239569 9.9991E-05 0.760331
0.07472 0.180837 0.744443
0.442794 0.0100604 0.547145
9.9991E-05 0.0988545 0.901046
9.999E-05 9.999E-05 0.9998
9.9991E-05 0.0112128 0.988687
0.110158 9.9991E-05 0.889742
0.0787714 9.9991E-05 0.921129
9.999E-05 9.999E-05 0.9998
0.527776 0.36831 0.103914
9.9991E-05 0.0164889 0.983411
0.43599 0.0228778 0.541132
9.9991E-05 0.00145008 0.99845
9.9991E-05 0.0103415 0.989558
0.143103 9.9991E-05 0.856797
0.165343 9.9991E-05 0.834557
0.604747 9.9991E-05 0.395153
9.9991E-05 0.983682 0.0162177
0.48897 9.9991E-05 0.51093
9.9991E-05 0.087281 0.912619
0.0571153 9.9991E-05 0.942785
9.9991E-05 0.0305885 0.969312
9.9991E-05 0.00305349 0.996847
9.9991E-05 0.0512363 0.948664
9.999E-05 9.999E-05 0.9998
0.567322 9.9991E-05 0.432578
9.999E-05 9.999E-05 0.9998
0.497793 0.348294 0.153912
0.233294 9.9991E-05 0.766606
9.9991E-05 0.00665602 0.993244
0.13989 0.602671 0.257439
0.0739815 0.210731 0.715287
0.345899 0.0305961 0.623505
0.0646268 0.00715387 0.928219
9.9991E-05 0.00906109 0.990839
9.999E-05 0.9998 9.999E-05
0.226248 9.9991E-05 0.773652
0.201734 9.9991E-05 0.798166
0.521134 9.9991E-05 0.478766
0.566201 9.9991E-05 0.433699
0.594214 9.9991E-05 0.405686
9.9991E-05 0.000862631 0.999037
0.199541 9.9991E-05 0.800359
0.00768029 9.9991E-05 0.99222
0.342311 9.9991E-05 0.657589
0.370323 0.18113 0.448548
9.9991E-05 0.0075066 0.992393
0.508685 9.9991E-05 0.491215
0.4285 9.9991E-05 0.5714
0.596363 0.386945 0.0166926
9.999E-05 9.999E-05 0.9998
9.999E-05 9.999E-05 0.9998
0.645857 9.9991E-05 0.354043
9.9991E-05 0.960156 0.0397438
0.655064 9.9991E-05 0.344836
0.0867544 9.9991E-05 0.913146
9.9991E-05 0.035365 0.964535
0.586174 9.9991E-05 0.413726
9.9991E-05 0.969724 0.0301758
0.444685 0.391441 0.163874
0.171202 9.9991E-05 0.828698
0.0586717 9.9991E-05 0.941228
0.517456 9.9991E-05 0.482444
9.9991E-05 0.0131668 0.986733
0.53687 0.0987165 0.364414
0.140499 0.703077 0.156424
0.0409267 0.00631592 0.952757
0.231289 9.9991E-05 0.768611
0.526037 0.366178 0.107785
0.0333948 9.9991E-05 0.966505
0.296306 9.9991E-05 0.703594
0.0310209 9.9991E-05 0.968879
0.528371 9.9991E-05 0.471529
0.504642 9.9991E-05 0.495258
0.524499 0.00977198 0.465729
0.515076 0.0942947 0.390629
0.200198 9.9991E-05 0.799702
0.0164069 0.00337129 0.980222
0.143316 9.9991E-05 0.856584
0.00253868 0.914125 0.0833365
0.0155862 0.0208149 0.963599
0.0027935 0.954502 0.0427049
0.137874 9.9991E-05 0.862026
0.418869 0.375467 0.205663
0.670133 9.9991E-05 0.329767
0.623537 9.9991E-05 0.376363
0.607287 9.9991E-05 0.392613
0.242682 9.9991E-05 0.757218
0.463552 0.0282672 0.50818
9.9991E-05 0.00487115 0.995029
0.340158 9.9991E-05 0.659742
0.173443 0.216997 0.609561
0.113793 0.0281243 0.858083
0.0487907 0.0123047 0.938905
0.448077 0.386831 0.165092
0.425853 0.159972 0.414176
0.574631 0.385336 0.0400329
0.138336 9.9991E-05 0.861564
0.311303 0.174222 0.514475
0.29423 0.17271 0.53306
0.0999078 0.0086662 0.891426
9.999E-05 9.999E-05 0.9998
9.9991E-05 0.973636 0.0262644
0.54056 0.151709 0.307731
0.12474 9.9991E-05 0.87516
0.261601 0.360036 0.378363
9.9991E-05 0.0193828 0.980517
9.999E-05 0.9998 9.999E-05
0.017125 0.0236797 0.959195
9.9991E-05 0.752243 0.247657
0.581018 9.9991E-05 0.418882
9.9991E-05 0.00603032 0.99387
9.9991E-05 0.00845114 0.991449
0.538892 0.110843 0.350265
9.9991E-05 0.0291946 0.970705
0.554363 0.360303 0.0853341
9.999E-05 9.999E-05 0.9998
9.999E-05 0.9998 9.999E-05
9.999E-05 9.999E-05 0.9998
0.547247 9.9991E-05 0.452653
0.407323 9.9991E-05 0.592577
0.503316 0.108621 0.388063
0.344837 0.106979 0.548184
0.382023 0.187832 0.430146
9.999E-05 9.999E-05 0.9998
0.422776 9.9991E-05 0.577124
9.999E-05 9.999E-05 0.9998
0.438547 0.0551765 0.506276
0.635279 0.00155808 0.363163
0.0313376 0.0197282 0.948934
0.275748 9.9991E-05 0.724152
0.105069 9.9991E-05 0.894831
0.0118634 0.00824669 0.97989
0.14299 0.217546 0.639464
0.425376 9.9991E-05 0.574524
0.309019 0.0592481 0.631733
0.0112785 0.988622 9.9991E-05
9.9991E-05 0.0327414 0.967159
9.999E-05 9.999E-05 0.9998
0.0334483 0.00242692 0.964125
0.427533 0.386444 0.186023
0.139769 9.9991E-05 0.860131
0.476683 0.111448 0.411869
0.387234 9.9991E-05 0.612666
9.9991E-05 0.0128659 0.987034
0.0583014 0.00701944 0.934679
9.999E-05 9.999E-05 0.9998
0.484289 0.128457 0.387253
0.00653686 0.92234 0.0711235
0.5295 0.128996 0.341504
0.252592 9.9991E-05 0.747308
9.999E-05 0.9998 9.999E-05
0.202125 0.0089378 0.788938
0.465257 9.9991E-05 0.534643
0.00327892 0.0418069 0.954914
9.9991E-05 0.00657306 0.993327
9.9991E-05 0.0251132 0.974787
0.278602 0.0261553 0.695243
0.410386 0.387893 0.201721
9.999E-05 9.999E-05 0.9998
0.651133 9.9991E-05 0.348767
0.325066 9.9991E-05 0.674834
0.478234 0.38382 0.137946
0.603552 0.0286793 0.367768
0.256309 0.240817 0.502874
0.52885 0.00916394 0.461986
0.440039 0.356564 0.203397
0.260765 9.9991E-05 0.739136
9.999E-05 0.9998 9.999E-05
0.233627 9.9991E-05 0.766273
9.9991E-05 0.00229043 0.99761
9.999E-05 0.9998 9.999E-05
0.0182839 9.9991E-05 0.981616
0.0111515 0.896514 0.0923349
0.494169 9.9991E-05 0.505731
9.9991E-05 0.0189726 0.980927
0.45519 0.138139 0.406671
0.130528 0.00325211 0.86622
9.999E-05 0.9998 9.999E-05
0.451112 9.9991E-05 0.548788
