9.9955E-05 0.620835 9.9955E-05 9.9955E-05 9.9955E-05 0.273745 0.0138737 9.9955E-05 0.0910466
9.9937E-05 0.947787 9.9937E-05 9.9937E-05 0.051513 9.9937E-05 9.9937E-05 9.9937E-05 9.9937E-05
0.00189855 0.938077 9.9955E-05 9.9955E-05 9.9955E-05 0.0411334 9.9955E-05 0.0183911 9.9955E-05
9.9973E-05 0.522565 0.0315444 0.00780785 0.0670607 0.36996 0.000762141 9.9973E-05 9.9973E-05
9.9964E-05 0.12291 0.380129 9.9964E-05 9.9964E-05 0.361118 9.9964E-05 0.0441982 0.0912442
9.9964E-05 0.0928364 0.120288 9.9964E-05 0.69414 0.0623767 9.9964E-05 9.9964E-05 0.0299596
0.0367995 0.174662 0.418551 9.9964E-05 9.9964E-05 0.0361329 9.9964E-05 9.9964E-05 0.333454
0.0349529 9.9955E-05 0.36557 9.9955E-05 0.0652051 0.533772 9.9955E-05 9.9955E-05 9.9955E-05
0.0197273 0.910765 9.9982E-05 0.00973335 0.00236509 0.0360718 0.0159309 0.00520695 9.9982E-05
9.9937E-05 0.722318 9.9937E-05 9.9937E-05 9.9937E-05 0.276982 9.9937E-05 9.9937E-05 9.9937E-05
0.180886 0.16757 9.9973E-05 9.9973E-05 9.9973E-05 0.390265 0.0140043 0.00277437 0.244201
9.9955E-05 9.9955E-05 9.9955E-05 9.9955E-05 9.9955E-05 0.206485 0.010662 0.0012777 0.781076
0.0737694 0.176223 0.0231631 9.9964E-05 9.9964E-05 0.443676 9.9964E-05 9.9964E-05 0.282769
0.0416899 0.00437162 0.0901322 9.99639E-05 0.838072 0.0253342 9.99639E-05 9.99639E-05 9.99639E-05
9.9946E-05 0.442942 9.9946E-05 9.9946E-05 9.9946E-05 0.549951 0.00650771 9.9946E-05 9.9946E-05
9.9973E-05 0.459314 0.111751 9.9973E-05 0.163578 0.0454528 0.00368316 9.9973E-05 0.215922
0.823271 0.17603 9.9937E-05 9.9937E-05 9.9937E-05 9.9937E-05 9.9937E-05 9.9937E-05 9.9937E-05
9.9964E-05 0.113013 9.9964E-05 0.0111183 0.452821 9.9964E-05 0.413138 0.00951004 9.9964E-05
9.9946E-05 0.968487 0.0220371 0.0088762 9.9946E-05 9.9946E-05 9.9946E-05 9.9946E-05 9.9946E-05
0.0935526 0.0953173 0.407002 0.0215221 9.9991E-05 0.184109 0.00799404 0.00835837 0.182045
0.0270912 0.911591 9.9955E-05 9.9955E-05 9.9955E-05 0.0603091 9.9955E-05 0.000509341 9.9955E-05
0.106607 0.0992948 9.9955E-05 9.9955E-05 9.9955E-05 0.33649 9.9955E-05 9.9955E-05 0.457108
9.9964E-05 0.163709 0.0772594 9.9964E-05 9.9964E-05 0.48223 9.9964E-05 0.0210274 0.255374
9.995E-05 9.995E-05 9.995E-05 9.995E-05 0.0292001 0.0697017 0.00519973 0.895399 9.995E-05
0.00562069 0.192171 0.505206 9.9973E-05 0.0819035 0.183658 9.9973E-05 0.0311411 9.9973E-05
0.0444165 0.227341 9.9973E-05 0.000955985 9.9973E-05 0.455958 9.9973E-05 0.015561 0.255468
0.145608 0.151111 0.289622 9.9964E-05 9.9964E-05 0.236331 9.9964E-05 9.9964E-05 0.176929
9.9946E-05 0.864884 9.9946E-05 9.9946E-05 9.9946E-05 0.128631 0.00588531 9.9946E-05 9.9946E-05
9.9937E-05 0.70686 9.9937E-05 9.9937E-05 9.9937E-05 0.29244 9.9937E-05 9.9937E-05 9.9937E-05
9.9937E-05 0.988258 9.9937E-05 9.9937E-05 9.9937E-05 0.011042 9.9937E-05 9.9937E-05 9.9937E-05
9.9955E-05 0.00826458 9.9955E-05 9.9955E-05 0.71672 0.0447095 9.9955E-05 9.9955E-05 0.229806
9.9955E-05 0.944826 0.019441 9.9955E-05 0.0142995 9.9955E-05 9.9955E-05 9.9955E-05 0.0209336
9.9937E-05 0.972681 9.9937E-05 9.9937E-05 9.9937E-05 9.9937E-05 9.9937E-05 9.9937E-05 0.0266189
0.0248041 0.246175 0.641023 0.00133594 0.0862623 9.9964E-05 9.9964E-05 9.9964E-05 9.9964E-05
9.9937E-05 0.993509 9.9937E-05 9.9937E-05 9.9937E-05 9.9937E-05 9.9937E-05 0.00579152 9.9937E-05
0.123691 0.143081 0.192658 9.99755E-05 0.139996 0.162675 9.99755E-05 9.99755E-05 0.237599
9.9937E-05 0.476875 9.9937E-05 9.9937E-05 9.9937E-05 0.522425 9.9937E-05 9.9937E-05 9.9937E-05
0.177413 9.9973E-05 9.9973E-05 0.0334736 0.112944 0.0968288 9.9973E-05 0.00746763 0.571573
0.250056 0.062148 0.580537 9.9973E-05 9.9973E-05 9.9973E-05 0.00746641 0.0108943 0.0885983
9.9973E-05 0.0530996 0.0956642 9.9973E-05 0.0176223 0.576023 9.9973E-05 0.0439308 0.21336
9.9973E-05 0.221653 0.683688 0.0127192 0.0572856 9.9973E-05 0.0077746 0.0165796 9.9973E-05
9.9946E-05 0.978937 9.9946E-05 0.00530888 9.9946E-05 9.9946E-05 9.9946E-05 0.0151546 9.9946E-05
9.9946E-05 0.764684 9.9946E-05 9.9946E-05 9.9946E-05 0.201333 9.9946E-05 9.9946E-05 0.0333836
9.9955E-05 0.673241 9.9955E-05 0.0038347 0.0170001 0.305424 9.9955E-05 9.9955E-05 9.9955E-05
9.9964E-05 0.66121 0.0343914 9.9964E-05 0.0160069 0.25396 0.0340325 9.9964E-05 9.9964E-05
9.993E-05 9.993E-05 9.993E-05 9.993E-05 9.993E-05 9.993E-05 0.999201 9.993E-05 9.993E-05
0.00639239 0.865637 0.0495096 9.9955E-05 9.9955E-05 9.9955E-05 9.9955E-05 9.9955E-05 0.0779612
9.9937E-05 0.832872 9.9937E-05 9.9937E-05 9.9937E-05 0.166429 9.9937E-05 9.9937E-05 9.9937E-05
9.993E-05 9.993E-05 9.993E-05 9.993E-05 9.993E-05 9.993E-05 0.999201 9.993E-05 9.993E-05
9.9937E-05 0.550121 9.9937E-05 9.9937E-05 9.9937E-05 0.449179 9.9937E-05 9.9937E-05 9.9937E-05
0.136498 0.348943 9.9964E-05 9.9964E-05 0.0249567 0.393482 9.9964E-05 9.9964E-05 0.0957201
9.99369E-05 0.59853 9.99369E-05 9.99369E-05 9.99369E-05 0.40077 9.99369E-05 9.99369E-05 9.99369E-05
9.9955E-05 0.48466 9.9955E-05 9.9955E-05 9.9955E-05 0.448308 9.9955E-05 0.0104805 0.0560518
9.99459E-05 0.428213 9.99459E-05 9.99459E-05 0.560558 9.99459E-05 0.0106291 9.99459E-05 9.99459E-05
0.0466854 0.201976 0.130679 9.9982E-05 0.0924874 0.451879 9.9982E-05 0.0417763 0.0343172
9.995E-05 0.702105 9.995E-05 0.00904175 0.264181 9.995E-05 9.995E-05 0.0241719 9.995E-05
9.9937E-05 0.892608 9.9937E-05 9.9937E-05 9.9937E-05 0.106693 9.9937E-05 9.9937E-05 9.9937E-05
9.9955E-05 0.968187 0.00927375 9.9955E-05 9.9955E-05 9.9955E-05 0.00487385 9.9955E-05 0.0171652
9.997E-05 0.692848 9.997E-05 9.997E-05 0.0098753 0.244413 0.00968208 0.00407157 0.0388109
9.9937E-05 0.687344 9.9937E-05 9.9937E-05 9.9937E-05 0.311957 9.9937E-05 9.9937E-05 9.9937E-05
9.9946E-05 0.95019 9.9946E-05 9.9946E-05 9.9946E-05 0.0440053 9.9946E-05 9.9946E-05 0.00520493
0.0977338 9.99551E-05 9.99551E-05 0.0147091 0.0673044 9.99551E-05 9.99551E-05 0.819753 9.99551E-05
0.00543176 0.955746 9.9955E-05 0.0104504 9.9955E-05 9.9955E-05 9.9955E-05 9.9955E-05 0.027872
9.9973E-05 0.133774 9.9973E-05 0.0158345 0.183046 0.428264 9.9973E-05 0.0168627 0.221918
0.0169879 0.945229 9.9955E-05 9.9955E-05 9.9955E-05 0.0335958 0.00368709 9.9955E-05 9.9955E-05
9.9946E-05 0.970584 0.0253116 0.003505 9.9946E-05 9.9946E-05 9.9946E-05 9.9946E-05 9.9946E-05
9.9964E-05 0.628056 9.9964E-05 9.9964E-05 9.9964E-05 0.348947 0.00381872 0.00199014 0.0167883
9.9946E-05 0.573815 9.9946E-05 9.9946E-05 9.9946E-05 0.361332 9.9946E-05 9.9946E-05 0.0642534
0.0312749 0.0924924 9.9955E-05 9.9955E-05 9.9955E-05 9.9955E-05 9.9955E-05 0.00571669 0.870016
9.993E-05 9.993E-05 9.993E-05 9.993E-05 9.993E-05 9.993E-05 0.999201 9.993E-05 9.993E-05
9.9964E-05 0.0939429 0.327475 9.9964E-05 0.0129193 0.554376 9.9964E-05 0.0108876 9.9964E-05
9.99549E-05 0.791395 9.99549E-05 0.0130932 0.185636 9.99549E-05 9.99549E-05 0.00937595 9.99549E-05
9.9964E-05 0.737973 9.9964E-05 0.0106732 9.9964E-05 0.22952 0.00612676 0.0153077 9.9964E-05
9.9946E-05 0.945922 9.9946E-05 9.9946E-05 0.0198771 9.9946E-05 9.9946E-05 0.033601 9.9946E-05
9.9946E-05 0.993811 9.9946E-05 0.00205265 9.9946E-05 9.9946E-05 9.9946E-05 0.00353651 9.9946E-05
9.9973E-05 0.906128 0.0147456 0.00519333 0.0217132 9.9973E-05 0.0270839 9.9973E-05 0.0248364
9.9946E-05 0.953384 9.9946E-05 0.000794228 9.9946E-05 0.045222 9.9946E-05 9.9946E-05 9.9946E-05
0.129904 0.0872441 9.9973E-05 9.9973E-05 0.161347 0.130561 9.9973E-05 0.00441041 0.486234
0.0263983 0.928297 0.00553893 9.9955E-05 9.9955E-05 0.0392658 9.9955E-05 9.9955E-05 9.9955E-05
0.00855541 9.9964E-05 9.9964E-05 9.9964E-05 0.198894 9.9964E-05 0.00541585 0.683774 0.10296
9.99673E-05 0.473823 9.99673E-05 9.99673E-05 0.00297202 0.484325 9.99673E-05 0.0109893 0.0274904
9.9946E-05 0.88826 9.9946E-05 9.9946E-05 9.9946E-05 0.10517 0.00597012 9.9946E-05 9.9946E-05
9.9964E-05 0.0174686 9.9964E-05 0.0562923 0.525529 9.9964E-05 0.376327 0.0239833 9.9964E-05
9.9946E-05 0.358175 9.9946E-05 9.9946E-05 0.620195 9.9946E-05 0.0210303 9.9946E-05 9.9946E-05
9.9955E-05 0.261573 0.249137 9.9955E-05 0.114897 0.373893 9.9955E-05 9.9955E-05 9.9955E-05
9.9955E-05 0.744865 9.9955E-05 0.0075768 0.0415503 0.205509 9.9955E-05 9.9955E-05 9.9955E-05
9.9955E-05 0.94016 9.9955E-05 9.9955E-05 0.035918 9.9955E-05 9.9955E-05 0.0054544 0.0179683
9.993E-05 9.993E-05 9.993E-05 0.999201 9.993E-05 9.993E-05 9.993E-05 9.993E-05 9.993E-05
9.99549E-05 0.459823 9.99549E-05 9.99549E-05 9.99549E-05 0.476292 0.000516958 9.99549E-05 0.0628676
9.9946E-05 0.522265 9.9946E-05 9.9946E-05 9.9946E-05 0.4304 9.9946E-05 9.9946E-05 0.0467357
0.0968185 0.148099 9.9955E-05 9.9955E-05 9.9955E-05 0.257275 9.9955E-05 9.9955E-05 0.497307
0.123512 0.077315 0.0236413 9.9973E-05 9.9973E-05 0.49068 9.9973E-05 0.00521735 0.279334
0.0489972 0.0282921 9.9955E-05 9.9955E-05 9.9955E-05 0.292944 9.9955E-05 9.9955E-05 0.629267
9.9946E-05 0.988178 9.9946E-05 9.9946E-05 0.00709936 9.9946E-05 9.9946E-05 0.00412341 9.9946E-05
9.9937E-05 0.463613 9.9937E-05 9.9937E-05 9.9937E-05 0.535687 9.9937E-05 9.9937E-05 9.9937E-05
9.9937E-05 0.865633 9.9937E-05 9.9937E-05 9.9937E-05 0.133667 9.9937E-05 9.9937E-05 9.9937E-05
9.9964E-05 0.241335 9.9964E-05 9.9964E-05 0.0579744 0.661741 9.9964E-05 0.00673343 0.0318159
9.9955E-05 0.0844222 0.285411 9.9955E-05 0.514172 9.9955E-05 9.9955E-05 9.9955E-05 0.115495
9.9955E-05 0.967575 0.0103063 9.9955E-05 0.0186875 9.9955E-05 9.9955E-05 0.00293185 9.9955E-05
0.1123 0.150601 0.152633 9.9973E-05 9.9973E-05 0.329477 9.9973E-05 0.0685916 0.186097
9.9955E-05 0.140476 0.210812 9.9955E-05 9.9955E-05 0.642844 0.0053683 9.9955E-05 9.9955E-05
9.99461E-05 9.99461E-05 0.131018 9.99461E-05 9.99461E-05 9.99461E-05 9.99461E-05 0.848705 0.0196775
9.9946E-05 0.484926 9.9946E-05 9.9946E-05 9.9946E-05 0.490229 9.9946E-05 9.9946E-05 0.0242447
0.0147029 0.940791 9.9964E-05 9.9964E-05 9.9964E-05 0.0328899 0.00038029 9.9964E-05 0.0108362
9.993E-05 0.999201 9.993E-05 9.993E-05 9.993E-05 9.993E-05 9.993E-05 9.993E-05 9.993E-05
0.293204 9.9955E-05 0.169748 9.9955E-05 9.9955E-05 0.412235 9.9955E-05 9.9955E-05 0.124313
9.993E-05 9.993E-05 9.993E-05 9.993E-05 9.993E-05 9.993E-05 0.999201 9.993E-05 9.993E-05
0.877253 0.0166312 9.99459E-05 9.99459E-05 9.99459E-05 0.105516 9.99459E-05 9.99459E-05 9.99459E-05
9.9955E-05 0.732308 9.9955E-05 9.9955E-05 9.9955E-05 0.196402 9.9955E-05 0.0446119 0.0261787
9.9964E-05 0.938529 0.00107883 0.00449567 0.0296447 9.9964E-05 9.9964E-05 0.0258517 9.9964E-05
0.0175844 0.037907 9.9955E-05 9.9955E-05 9.9955E-05 0.296719 9.9955E-05 9.9955E-05 0.64729
9.993E-05 9.993E-05 9.993E-05 9.993E-05 9.993E-05 9.993E-05 0.999201 9.993E-05 9.993E-05
9.9955E-05 9.9955E-05 0.0692522 9.9955E-05 0.278241 9.9955E-05 0.0150283 0.636979 9.9955E-05
9.9955E-05 0.627781 9.9955E-05 9.9955E-05 9.9955E-05 0.1601 0.000205153 9.9955E-05 0.211413
9.9937E-05 0.687462 9.9937E-05 9.9937E-05 9.9937E-05 0.311839 9.9937E-05 9.9937E-05 9.9937E-05
9.9946E-05 0.0967671 9.9946E-05 9.9946E-05 9.9946E-05 0.454607 9.9946E-05 9.9946E-05 0.448026
9.9937E-05 0.972224 9.9937E-05 9.9937E-05 9.9937E-05 9.9937E-05 9.9937E-05 0.0270761 9.9937E-05
0.162103 9.9973E-05 0.24415 9.9973E-05 0.247393 0.159857 0.0309409 9.9973E-05 0.155256
9.9964E-05 9.9964E-05 9.9964E-05 0.0880803 0.289865 9.9964E-05 0.486785 0.127812 0.00705764
9.9946E-05 0.829565 9.9946E-05 9.9946E-05 9.9946E-05 0.131104 9.9946E-05 0.0387319 9.9946E-05
0.0166553 0.446008 9.9955E-05 9.9955E-05 9.9955E-05 0.452776 9.9955E-05 9.9955E-05 0.0840606
9.993E-05 9.993E-05 9.993E-05 9.993E-05 9.993E-05 9.993E-05 9.993E-05 0.999201 9.993E-05
0.0313927 0.820285 9.9964E-05 9.9964E-05 9.9964E-05 0.129944 0.00771436 9.9964E-05 0.0102635
9.9955E-05 0.315585 9.9955E-05 9.9955E-05 9.9955E-05 0.557177 9.9955E-05 0.00477615 0.121962
9.9937E-05 0.767164 9.9937E-05 9.9937E-05 9.9937E-05 0.232137 9.9937E-05 9.9937E-05 9.9937E-05
0.732578 0.244706 9.9946E-05 9.9946E-05 9.9946E-05 0.0221168 9.9946E-05 9.9946E-05 9.9946E-05
9.9964E-05 0.11311 0.198957 9.9964E-05 9.9964E-05 0.350464 0.00867804 9.9964E-05 0.328392
0.253984 0.0290896 0.160501 9.9964E-05 0.17476 0.381265 9.9964E-05 9.9964E-05 9.9964E-05
0.519638 9.99369E-05 9.99369E-05 9.99369E-05 0.479662 9.99369E-05 9.99369E-05 9.99369E-05 9.99369E-05
9.9946E-05 0.498066 9.9946E-05 9.9946E-05 9.9946E-05 0.480404 9.9946E-05 0.0209302 9.9946E-05
9.9946E-05 0.844502 9.9946E-05 9.9946E-05 9.9946E-05 0.149865 0.00503286 9.9946E-05 9.9946E-05
9.9955E-05 0.57517 9.9955E-05 9.9955E-05 9.9955E-05 0.393012 0.0234289 0.00788974 9.9955E-05
0.0314894 9.9955E-05 9.9955E-05 0.0625619 0.072869 9.9955E-05 0.83258 9.9955E-05 9.9955E-05
9.9964E-05 0.885842 9.9964E-05 9.9964E-05 0.068044 0.0214882 9.9964E-05 0.0226003 0.00162507
9.9964E-05 9.9964E-05 0.0109936 0.00981802 0.0175041 0.0140065 0.947278 9.9964E-05 9.9964E-05
9.9946E-05 0.574481 9.9946E-05 9.9946E-05 9.9946E-05 0.412234 9.9946E-05 0.0126858 9.9946E-05
9.99369E-05 0.0581208 9.99369E-05 9.99369E-05 9.99369E-05 9.99369E-05 9.99369E-05 0.94118 9.99369E-05
0.443557 9.99459E-05 9.99459E-05 9.99459E-05 9.99459E-05 0.323732 9.99459E-05 9.99459E-05 0.232111
0.274185 0.0725737 9.9964E-05 0.013212 0.0660456 9.9964E-05 9.9964E-05 9.9964E-05 0.573584
0.336545 0.0587019 9.998E-05 0.0342685 0.0308812 0.179944 9.998E-05 0.0341107 0.325348
0.0392406 0.444011 9.9955E-05 9.9955E-05 9.9955E-05 0.506308 9.9955E-05 0.00994065 9.9955E-05
9.9982E-05 0.199273 0.158218 9.9982E-05 0.0128408 0.154794 0.0405396 0.0154894 0.418646
9.9955E-05 0.929683 9.9955E-05 9.9955E-05 0.00201523 0.0666829 9.9955E-05 0.00111864 9.9955E-05
0.05208 0.33531 9.9991E-05 0.00414429 0.0209241 0.513062 0.00111768 0.0136924 0.0595702
9.99369E-05 0.231564 9.99369E-05 9.99369E-05 0.767736 9.99369E-05 9.99369E-05 9.99369E-05 9.99369E-05
9.9964E-05 0.69518 0.135614 0.00785013 9.9964E-05 0.158082 0.00287366 9.9964E-05 9.9964E-05
9.9955E-05 0.756141 9.9955E-05 0.0130558 0.0381346 0.192169 9.9955E-05 9.9955E-05 9.9955E-05
9.99459E-05 0.0469359 9.99459E-05 9.99459E-05 9.99459E-05 9.99459E-05 0.00401768 0.948447 9.99459E-05
9.9964E-05 0.178784 0.563061 9.9964E-05 0.190855 9.9964E-05 0.000434125 0.0664657 9.9964E-05
0.010842 9.99461E-05 9.99461E-05 9.99461E-05 9.99461E-05 9.99461E-05 9.99461E-05 0.982225 0.00633311
9.9946E-05 0.617193 9.9946E-05 9.9946E-05 9.9946E-05 0.358389 9.9946E-05 9.9946E-05 0.0238177
9.9964E-05 0.0529151 9.9964E-05 9.9964E-05 0.757643 0.121631 9.9964E-05 0.0290731 0.038338
9.9955E-05 0.209998 0.338783 9.9955E-05 0.429043 9.9955E-05 9.9955E-05 0.0216765 9.9955E-05
0.0411691 0.67103 9.9964E-05 9.9964E-05 9.9964E-05 0.267816 0.0183522 0.00123252 9.9964E-05
9.9946E-05 0.971582 9.9946E-05 9.9946E-05 9.9946E-05 0.00978279 9.9946E-05 9.9946E-05 0.0180352
9.9937E-05 9.9937E-05 9.9937E-05 9.9937E-05 9.9937E-05 9.9937E-05 0.9751 0.0242003 9.9937E-05
0.192488 9.99639E-05 0.254818 9.99639E-05 0.452847 9.99639E-05 9.99639E-05 0.0298424 0.0696047
9.9946E-05 0.618716 9.9946E-05 9.9946E-05 9.9946E-05 0.377033 0.00365085 9.9946E-05 9.9946E-05
9.99639E-05 0.047092 9.99639E-05 0.00571307 0.536692 9.99639E-05 0.02143 0.388674 9.99639E-05
9.9955E-05 0.955609 9.9955E-05 9.9955E-05 0.0394631 9.9955E-05 0.00390317 0.000525286 9.9955E-05
9.993E-05 9.993E-05 9.993E-05 0.999201 9.993E-05 9.993E-05 9.993E-05 9.993E-05 9.993E-05
0.0140117 0.805045 9.9973E-05 0.00493804 0.0570565 0.111181 0.00746692 9.9973E-05 9.9973E-05
9.9955E-05 0.0658923 9.9955E-05 0.588536 0.332566 9.9955E-05 0.012506 9.9955E-05 9.9955E-05
0.427959 0.0271176 9.9973E-05 9.9973E-05 9.9973E-05 0.41586 0.0162053 0.0179027 0.0946555
9.9946E-05 0.968959 9.9946E-05 9.9946E-05 0.00691338 9.9946E-05 9.9946E-05 9.9946E-05 0.0235277
9.9946E-05 0.99227 0.00682604 0.000303882 9.9946E-05 9.9946E-05 9.9946E-05 9.9946E-05 9.9946E-05
0.168925 0.158194 0.654636 0.00200421 9.9964E-05 9.9964E-05 9.9964E-05 0.0158405 9.9964E-05
9.9964E-05 0.913349 0.00542614 0.00151736 0.072918 9.9964E-05 9.9964E-05 0.00638963 9.9964E-05
0.0307477 9.99371E-05 9.99371E-05 9.99371E-05 9.99371E-05 9.99371E-05 9.99371E-05 0.968553 9.99371E-05
9.9955E-05 0.981312 9.9955E-05 9.9955E-05 9.9955E-05 0.0144634 0.00216189 9.9955E-05 0.00156294
9.993E-05 9.993E-05 9.993E-05 0.999201 9.993E-05 9.993E-05 9.993E-05 9.993E-05 9.993E-05
9.9937E-05 0.998776 9.9937E-05 9.9937E-05 9.9937E-05 0.000524586 9.9937E-05 9.9937E-05 9.9937E-05
9.9955E-05 9.9955E-05 9.9955E-05 9.9955E-05 0.14224 0.424249 9.9955E-05 0.0079049 0.425106
9.9973E-05 0.238519 0.176741 0.00247441 9.9973E-05 0.417795 0.016176 9.9973E-05 0.147995
0.242466 9.9964E-05 0.118116 9.9964E-05 0.513319 0.101993 9.9964E-05 9.9964E-05 0.0237068
9.9973E-05 0.250932 0.422737 0.00497705 0.0724121 0.230087 0.0185546 9.9973E-05 9.9973E-05
9.9973E-05 0.176126 0.429677 9.9973E-05 0.284267 0.000368585 0.0459929 9.9973E-05 0.0632685
9.993E-05 0.999201 9.993E-05 9.993E-05 9.993E-05 9.993E-05 9.993E-05 9.993E-05 9.993E-05
9.99639E-05 0.229384 9.99639E-05 9.99639E-05 9.99639E-05 0.437057 0.000514242 0.0455053 0.28714
9.9946E-05 0.847766 9.9946E-05 0.00577225 9.9946E-05 0.145863 9.9946E-05 9.9946E-05 9.9946E-05
9.9973E-05 0.136168 0.287674 9.9973E-05 0.0867328 0.429045 0.0135797 0.0465003 9.9973E-05
0.797227 0.0785173 0.0300584 9.9964E-05 0.0916385 9.9964E-05 9.9964E-05 0.00215922 9.9964E-05
9.9964E-05 0.841239 9.9964E-05 0.00863524 0.0503736 0.0943421 9.9964E-05 0.00501042 9.9964E-05
9.9946E-05 0.305075 9.9946E-05 9.9946E-05 9.9946E-05 0.693503 0.000822226 9.9946E-05 9.9946E-05
9.9955E-05 0.647769 9.9955E-05 9.9955E-05 9.9955E-05 0.327967 0.00840368 0.0153605 9.9955E-05
0.0113474 0.926229 0.0185113 9.9964E-05 0.0358006 9.9964E-05 9.9964E-05 9.9964E-05 0.00771166
0.00414598 0.325148 0.0151139 0.00939329 0.610779 9.9982E-05 0.0058344 0.0293856 9.9982E-05
0.0349476 0.260578 0.244621 9.9964E-05 9.9964E-05 0.396197 9.9964E-05 9.9964E-05 0.0632568
9.998E-05 0.318122 0.12129 0.0154214 0.161088 0.22518 9.998E-05 0.00553802 0.153159
0.0039821 9.9973E-05 0.0625146 0.89559 9.9973E-05 0.00416718 0.00346839 0.0299778 9.9973E-05
9.995E-05 0.912653 0.0548948 9.995E-05 0.0189347 9.995E-05 9.995E-05 0.0130174 9.995E-05
9.9937E-05 0.988463 9.9937E-05 9.9937E-05 0.0108373 9.9937E-05 9.9937E-05 9.9937E-05 9.9937E-05
9.9955E-05 0.834463 9.9955E-05 0.00452004 9.9955E-05 0.156054 0.00446305 9.9955E-05 9.9955E-05
9.99369E-05 0.0322312 9.99369E-05 9.99369E-05 9.99369E-05 9.99369E-05 9.99369E-05 0.967069 9.99369E-05
9.9964E-05 0.643155 9.9964E-05 0.000901343 0.0508847 0.254767 9.9964E-05 9.9964E-05 0.0498917
9.9946E-05 0.223183 0.771143 9.9946E-05 0.00507398 9.9946E-05 9.9946E-05 9.9946E-05 9.9946E-05
0.31554 0.347325 9.9955E-05 9.9955E-05 9.9955E-05 0.317081 9.9955E-05 0.0195545 9.9955E-05
9.9937E-05 0.981011 9.9937E-05 9.9937E-05 0.0182898 9.9937E-05 9.9937E-05 9.9937E-05 9.9937E-05
0.00380696 0.828764 0.0543599 9.9982E-05 0.0295299 0.0228006 9.9982E-05 0.00735054 0.0531877
9.9937E-05 0.998175 9.9937E-05 9.9937E-05 9.9937E-05 9.9937E-05 9.9937E-05 9.9937E-05 0.0011252
9.99549E-05 0.19886 0.660085 9.99549E-05 9.99549E-05 9.99549E-05 0.0207428 9.99549E-05 0.119812
9.9973E-05 9.9973E-05 0.0103001 0.771209 0.156782 0.0013793 0.0296872 0.0303423 9.9973E-05
0.0732604 0.0599945 0.752748 9.9955E-05 0.113498 9.9955E-05 9.9955E-05 9.9955E-05 9.9955E-05
0.15711 0.469693 9.9964E-05 9.9964E-05 9.9964E-05 0.345444 0.0265308 0.000823178 9.9964E-05
9.9946E-05 9.9946E-05 9.9946E-05 0.930854 0.0606447 9.9946E-05 0.0079012 9.9946E-05 9.9946E-05
9.9982E-05 0.490966 0.0221789 0.00695106 0.0982643 0.34127 9.9982E-05 0.0391403 0.00102959
0.0999023 0.202748 9.99549E-05 9.99549E-05 9.99549E-05 0.336863 9.99549E-05 9.99549E-05 0.359987
0.0105939 0.887625 0.00567021 9.9973E-05 0.0647392 9.9973E-05 0.00146746 0.0296047 9.9973E-05
0.000629191 0.985665 0.0113718 9.9955E-05 9.9955E-05 9.9955E-05 0.00183408 9.9955E-05 9.9955E-05
9.9964E-05 0.943056 0.0267999 9.9964E-05 9.9964E-05 9.9964E-05 0.013102 0.00545216 0.0111898
9.9964E-05 0.439288 0.111129 9.9964E-05 0.117669 0.152699 9.9964E-05 9.9964E-05 0.178815
9.99369E-05 0.0659685 9.99369E-05 9.99369E-05 9.99369E-05 9.99369E-05 9.99369E-05 0.933332 9.99369E-05
9.9937E-05 0.951767 9.9937E-05 9.9937E-05 9.9937E-05 0.0475332 9.9937E-05 9.9937E-05 9.9937E-05
9.9937E-05 9.9937E-05 9.9937E-05 9.9937E-05 0.0876358 9.9937E-05 9.9937E-05 9.9937E-05 0.911665
0.010127 0.327392 0.0399812 9.9964E-05 9.9964E-05 0.595631 9.9964E-05 9.9964E-05 0.0264692
9.99549E-05 0.0231115 9.99549E-05 0.010728 9.99549E-05 0.00832959 9.99549E-05 0.957331 9.99549E-05
0.0649059 0.0957562 0.426236 9.9964E-05 9.9964E-05 9.9964E-05 9.9964E-05 0.00460739 0.408095
9.9937E-05 9.9937E-05 9.9937E-05 9.9937E-05 0.923582 0.0757186 9.9937E-05 9.9937E-05 9.9937E-05
0.182568 0.0877521 0.0992294 9.9982E-05 0.153364 0.286453 9.9982E-05 0.0198303 0.170603
9.9937E-05 0.10197 9.9937E-05 9.9937E-05 9.9937E-05 9.9937E-05 9.9937E-05 0.897331 9.9937E-05
0.070101 0.393272 9.9946E-05 9.9946E-05 9.9946E-05 0.536027 9.9946E-05 9.9946E-05 9.9946E-05
9.99369E-05 0.00181218 9.99369E-05 0.997488 9.99369E-05 9.99369E-05 9.99369E-05 9.99369E-05 9.99369E-05
0.00867348 0.476539 0.0162578 0.00711304 9.9973E-05 0.488218 0.00289907 9.9973E-05 9.9973E-05
9.9946E-05 0.869915 9.9946E-05 9.9946E-05 9.9946E-05 0.120014 0.00947049 9.9946E-05 9.9946E-05
0.00532426 9.99371E-05 9.99371E-05 0.993976 9.99371E-05 9.99371E-05 9.99371E-05 9.99371E-05 9.99371E-05
9.9937E-05 0.798109 9.9937E-05 9.9937E-05 9.9937E-05 0.201192 9.9937E-05 9.9937E-05 9.9937E-05
0.0483783 0.0190729 9.9973E-05 0.0110922 0.0209304 9.9973E-05 0.890163 0.0100638 9.9973E-05
9.9964E-05 0.0876776 9.9964E-05 9.9964E-05 0.0670266 0.372702 0.00131545 9.9964E-05 0.470878
9.9955E-05 0.867398 9.9955E-05 9.9955E-05 0.0338594 0.0777943 9.9955E-05 0.0204483 9.9955E-05
9.9973E-05 0.0632621 0.326111 0.00189225 0.307591 9.9973E-05 9.9973E-05 0.0451227 0.255721
0.0366121 0.643018 9.9964E-05 0.0152019 0.0446197 0.260149 9.9964E-05 9.9964E-05 9.9964E-05
9.9946E-05 9.9946E-05 9.9946E-05 0.919815 0.0655287 9.9946E-05 0.0140562 9.9946E-05 9.9946E-05
0.0685451 0.14958 0.21411 9.9955E-05 9.9955E-05 0.567265 9.9955E-05 9.9955E-05 9.9955E-05
