0.833525 0.166375 9.9991E-05
0.988124 9.9991E-05 0.0117765
0.992293 9.9991E-05 0.00760746
0.806364 0.184986 0.00865052
0.468604 0.512887 0.0185096
0.495745 0.335413 0.168842
0.436974 0.562237 0.000789457
0.379054 0.59306 0.0278854
0.976781 9.9991E-05 0.0231192
0.934977 0.0649226 9.9991E-05
0.486904 0.512996 9.9991E-05
0.375151 0.624749 9.9991E-05
0.504827 0.495073 9.9991E-05
0.472687 0.328639 0.198674
0.784024 0.215876 9.9991E-05
0.703569 0.242939 0.0534927
0.409778 0.590122 9.9991E-05
0.396261 0.0187101 0.585029
0.988597 9.9991E-05 0.0113026
0.380442 0.546752 0.0728059
0.981424 0.0184759 9.9991E-05
0.448411 0.551489 9.9991E-05
0.551197 0.448703 9.9991E-05
0.0984184 0.539152 0.36243
0.463479 0.451634 0.0848866
0.557455 0.442445 9.9991E-05
0.465899 0.534001 9.9991E-05
0.993741 9.9991E-05 0.0061586
0.94621 0.0536898 9.9991E-05
0.9998 9.999E-05 9.999E-05
0.455254 0.402196 0.14255
0.994978 9.9991E-05 0.00492199
0.9998 9.999E-05 9.999E-05
0.473121 0.392815 0.134064
0.996376 9.9991E-05 0.00352389
0.500127 0.468621 0.0312519
0.851178 0.148722 9.9991E-05
0.317439 0.669454 0.0131065
0.286002 0.627677 0.0863219
0.471564 0.528336 9.9991E-05
0.411067 0.434419 0.154514
0.983065 9.9991E-05 0.0168347
0.935887 0.064013 9.9991E-05
0.909766 0.0901343 9.9991E-05
0.876423 0.0975315 0.0260457
0.0108171 9.9991E-05 0.989083
0.961447 0.0384534 9.9991E-05
0.9998 9.999E-05 9.999E-05
0.0212583 9.9991E-05 0.978642
0.847225 0.152675 9.9991E-05
0.647975 0.351925 9.9991E-05
0.877668 0.122232 9.9991E-05
0.755203 0.244697 9.9991E-05
0.764285 0.0544973 0.181217
0.559398 0.440502 9.9991E-05
0.898756 9.9991E-05 0.101144
0.9998 9.999E-05 9.999E-05
0.993182 9.9991E-05 0.00671792
0.885458 0.114442 9.9991E-05
0.920043 0.0798574 9.9991E-05
0.9998 9.999E-05 9.999E-05
0.105548 0.517511 0.376941
0.988501 9.9991E-05 0.0113986
0.544383 0.432084 0.0235324
0.997395 9.9991E-05 0.0025055
0.986785 9.9991E-05 0.013115
0.83932 0.16058 9.9991E-05
0.827135 0.172765 9.9991E-05
0.381467 0.618433 9.9991E-05
0.0075361 9.9991E-05 0.992364
0.506601 0.493299 9.9991E-05
0.907089 9.9991E-05 0.0928109
0.928393 0.0609866 0.0106207
0.969333 9.9991E-05 0.0305675
0.996306 9.9991E-05 0.00359385
0.954558 9.9991E-05 0.0453419
0.993414 9.9991E-05 0.00648573
0.427186 0.572714 9.9991E-05
0.9998 9.999E-05 9.999E-05
0.160406 0.48748 0.352113
0.758053 0.241847 9.9991E-05
0.9998 9.999E-05 9.999E-05
0.25475 0.142056 0.603193
0.703126 0.0738463 0.223028
0.627784 0.33302 0.0391958
0.931448 0.0597039 0.00884788
0.982947 9.9991E-05 0.0169534
9.999E-05 9.999E-05 0.9998
0.776234 0.223666 9.9991E-05
0.794683 0.205217 9.9991E-05
0.472857 0.527043 9.9991E-05
0.425965 0.573935 9.9991E-05
0.394799 0.605101 9.9991E-05
0.992237 9.9991E-05 0.0076635
0.803593 0.196307 9.9991E-05
0.98139 0.0117307 0.00687957
0.647535 0.352365 9.9991E-05
0.435009 0.393544 0.171447
0.985618 9.9991E-05 0.0142816
0.490778 0.509122 9.9991E-05
0.563152 0.436748 9.9991E-05
0.0213261 0.582067 0.396607
0.809739 0.190161 9.9991E-05
0.9998 9.999E-05 9.999E-05
0.9998 9.999E-05 9.999E-05
0.359622 0.640278 9.9991E-05
0.0440162 9.9991E-05 0.955884
0.330918 0.668983 9.9991E-05
0.903732 0.0961684 9.9991E-05
0.969736 9.9991E-05 0.0301645
0.413152 0.586748 9.9991E-05
0.0172703 9.9991E-05 0.98263
0.157659 0.44957 0.392771
0.812338 0.187562 9.9991E-05
0.922052 0.0778482 9.9991E-05
0.47696 0.52294 9.9991E-05
0.977817 9.9991E-05 0.0220831
0.365707 0.543768 0.0905255
0.133204 0.145841 0.720955
0.942854 0.0419535 0.0151922
0.762103 0.237797 9.9991E-05
0.118201 0.509907 0.371892
0.970439 0.0294607 9.9991E-05
0.674419 0.325481 9.9991E-05
0.970493 0.0294074 9.9991E-05
0.477706 0.522194 9.9991E-05
0.488183 0.511717 9.9991E-05
0.449902 0.542494 0.00760455
0.406584 0.496383 0.0970324
0.794163 0.205737 9.9991E-05
0.985439 0.0144614 9.9991E-05
0.856815 0.143085 9.9991E-05
0.0556114 0.0169073 0.927481
0.977511 0.00311613 0.0193727
0.0177633 0.0071971 0.97504
0.841481 0.158419 9.9991E-05
0.207165 0.407094 0.385741
0.332393 0.667507 9.9991E-05
0.369412 0.630488 9.9991E-05
0.402029 0.597871 9.9991E-05
0.745283 0.254617 9.9991E-05
0.481198 0.473358 0.045444
0.988104 9.9991E-05 0.0117963
0.653748 0.346152 9.9991E-05
0.603286 0.179636 0.217078
0.863403 0.107087 0.0295096
0.939126 0.0377497 0.0231244
0.15936 0.430106 0.410534
0.410495 0.425421 0.164084
0.0226968 0.580875 0.396428
0.852766 0.147134 9.9991E-05
0.513276 0.313358 0.173365
0.518152 0.291728 0.19012
0.892984 0.106916 9.9991E-05
0.9998 9.999E-05 9.999E-05
9.999E-05 9.999E-05 0.9998
0.334497 0.507538 0.157966
0.872942 0.126958 9.9991E-05
0.377884 0.265066 0.357051
0.982034 9.9991E-05 0.0178662
9.999E-05 9.999E-05 0.9998
0.954175 0.0226366 0.0231887
0.237399 9.9991E-05 0.762501
0.39149 0.60841 9.9991E-05
0.987086 9.9991E-05 0.0128137
0.99256 9.9991E-05 0.00733995
0.3632 0.52085 0.115951
0.958498 9.9991E-05 0.0414022
0.0757868 0.559992 0.364221
0.9998 9.999E-05 9.999E-05
9.999E-05 9.999E-05 0.9998
0.9998 9.999E-05 9.999E-05
0.453133 0.546767 9.9991E-05
0.568711 0.431189 9.9991E-05
0.38158 0.513036 0.105385
0.537525 0.343534 0.118941
0.436159 0.377715 0.186126
0.9998 9.999E-05 9.999E-05
0.57838 0.42152 9.9991E-05
0.9998 9.999E-05 9.999E-05
0.492405 0.454497 0.0530976
0.35746 0.636211 0.00632816
0.95565 0.019663 0.0246871
0.717229 0.282671 9.9991E-05
0.884104 0.115796 9.9991E-05
0.990687 0.00498797 0.00432487
0.640318 0.131785 0.227897
0.585361 0.414539 9.9991E-05
0.620557 0.324006 0.0554375
0.008126 0.0112924 0.980582
0.965992 9.9991E-05 0.0339081
0.9998 9.999E-05 9.999E-05
0.96866 0.028469 0.00287118
0.188244 0.411058 0.400699
0.861029 0.138871 9.9991E-05
0.430356 0.444322 0.125322
0.602538 0.397362 9.9991E-05
0.993509 9.9991E-05 0.00639144
0.925412 0.0669545 0.00763348
0.9998 9.999E-05 9.999E-05
0.418603 0.452854 0.128543
0.062587 0.0116861 0.925727
0.335895 0.519626 0.144479
0.731465 0.268435 9.9991E-05
9.999E-05 9.999E-05 0.9998
0.766371 0.221774 0.0118555
0.544667 0.455233 9.9991E-05
0.956228 9.9991E-05 0.0436716
0.996457 9.9991E-05 0.00344291
0.966061 9.9991E-05 0.033839
0.700328 0.276102 0.0235703
0.207516 0.391783 0.4007
0.9998 9.999E-05 9.999E-05
0.356269 0.643631 9.9991E-05
0.662969 0.336931 9.9991E-05
0.139759 0.46043 0.399811
0.358346 0.60437 0.0372844
0.493498 0.26845 0.238052
0.457876 0.542024 9.9991E-05
0.192459 0.451668 0.355874
0.722548 0.277352 9.9991E-05
9.999E-05 9.999E-05 0.9998
0.772634 0.227266 9.9991E-05
0.992624 9.9991E-05 0.00727607
9.999E-05 9.999E-05 0.9998
0.971585 0.0283153 9.9991E-05
0.0712848 0.00494057 0.923775
0.501195 0.498705 9.9991E-05
0.976452 0.0090594 0.0144884
0.37362 0.480042 0.146338
0.863504 0.132051 0.00444542
9.999E-05 9.999E-05 0.9998
0.539312 0.460588 9.9991E-05
