0.00355074 0.362335 9.9973E-05 0.00070759 9.9973E-05 0.609577 9.9973E-05 0.0235301
9.9946E-05 9.9946E-05 9.9946E-05 0.0377143 9.9946E-05 0.961686 9.9946E-05 9.9946E-05
9.9964E-05 0.0122179 9.9964E-05 9.9964E-05 0.0320316 0.952199 0.00315204 9.9964E-05
9.9973E-05 0.189023 0.00827026 9.9973E-05 0.196584 0.60478 9.9973E-05 0.00104321
0.0107544 0.447131 9.9982E-05 0.264728 0.186642 0.0642983 0.0262459 9.9982E-05
9.9973E-05 9.9973E-05 9.9973E-05 0.613725 0.158262 0.214937 0.0046129 0.00816406
0.353022 9.9964E-05 9.9964E-05 0.241508 0.25247 0.152601 9.9964E-05 9.9964E-05
9.99459E-05 9.99459E-05 9.99459E-05 9.99459E-05 0.951471 0.047929 9.99459E-05 9.99459E-05
0.00645097 0.0293348 0.00945099 9.9991E-05 0.002647 0.924547 0.00887114 0.0185979
9.9946E-05 0.263463 9.9946E-05 9.9946E-05 9.9946E-05 0.735937 9.9946E-05 9.9946E-05
0.253998 0.317459 9.9973E-05 9.9973E-05 0.231035 0.187174 9.9973E-05 0.0100337
0.322861 0.546478 9.9982E-05 0.109202 9.9982E-05 0.0050641 0.00460595 0.0115893
0.20793 0.46708 9.9973E-05 0.00423911 0.12689 0.193561 9.9973E-05 9.9973E-05
0.0141134 9.9964E-05 9.9964E-05 0.79337 0.0617055 0.130411 9.9964E-05 9.9964E-05
9.9955E-05 0.458292 9.9955E-05 9.9955E-05 0.0644296 0.476779 9.9955E-05 9.9955E-05
0.0725428 0.19409 0.00324954 0.308472 9.998E-05 0.420585 9.998E-05 0.000860719
0.54672 0.0327376 9.9973E-05 0.0288056 0.197665 0.193772 9.9973E-05 9.9973E-05
9.9973E-05 9.9973E-05 0.0229611 0.31794 9.9973E-05 0.217909 0.00999505 0.430895
9.9955E-05 9.9955E-05 0.0061533 0.0236734 9.9955E-05 0.969673 9.9955E-05 9.9955E-05
0.206291 9.9982E-05 0.024508 0.128118 0.481533 0.134862 0.0244887 9.9982E-05
9.9946E-05 0.0863825 9.9946E-05 9.9946E-05 9.9946E-05 0.913018 9.9946E-05 9.9946E-05
0.369052 0.366639 9.9973E-05 9.9973E-05 0.0795357 0.168029 0.0164442 9.9973E-05
0.0690853 0.644371 9.9973E-05 0.123356 9.9973E-05 0.151864 0.0110242 9.9973E-05
9.997E-05 0.0451895 9.997E-05 0.00161535 0.0453558 9.997E-05 0.893661 0.0138787
0.185409 0.345784 9.9964E-05 9.9964E-05 0.219008 0.249399 9.9964E-05 9.9964E-05
0.171922 9.9955E-05 9.9955E-05 9.9955E-05 0.586799 0.240779 9.9955E-05 9.9955E-05
9.9955E-05 0.136973 9.9955E-05 9.9955E-05 9.9955E-05 0.856311 9.9955E-05 0.00621677
9.9946E-05 0.269862 9.9946E-05 9.9946E-05 9.9946E-05 0.729538 9.9946E-05 9.9946E-05
9.9946E-05 9.9946E-05 9.9946E-05 9.9946E-05 0.0136925 0.985708 9.9946E-05 9.9946E-05
0.0350523 0.180121 9.9973E-05 0.707286 9.9973E-05 0.0707159 0.00652479 9.9973E-05
9.994E-05 9.994E-05 9.994E-05 0.046014 9.994E-05 0.953386 9.994E-05 9.994E-05
0.00243295 9.9973E-05 9.9973E-05 0.0102745 0.0107781 0.970672 0.00554286 9.9973E-05
9.9955E-05 9.9955E-05 9.9955E-05 0.551446 0.310843 0.137212 9.9955E-05 9.9955E-05
9.9955E-05 9.9955E-05 9.9955E-05 0.022246 9.9955E-05 0.963083 0.0141716 9.9955E-05
0.369378 0.0521083 0.0206643 0.197854 0.146375 0.21342 9.9982E-05 9.9982E-05
9.9946E-05 0.463677 9.9946E-05 9.9946E-05 9.9946E-05 0.535723 9.9946E-05 9.9946E-05
0.488979 0.273935 0.0200502 0.203114 9.997E-05 9.997E-05 0.0136224 9.997E-05
0.318611 9.9973E-05 9.9973E-05 0.421093 0.256212 9.9973E-05 0.00264276 0.0011419
0.0314613 0.414604 9.9973E-05 9.9973E-05 0.392434 0.112065 0.0491354 9.9973E-05
9.9964E-05 0.247121 0.00139977 0.748827 9.9964E-05 9.9964E-05 0.0022528 9.9964E-05
9.9964E-05 9.9964E-05 0.000521927 9.9964E-05 0.00344359 0.981404 0.0142305 9.9964E-05
0.0178547 0.178948 9.9964E-05 9.9964E-05 0.0219531 0.780844 9.9964E-05 9.9964E-05
9.997E-05 0.237737 0.00462404 9.997E-05 0.0280502 0.727101 0.00218735 9.997E-05
9.997E-05 0.229129 9.997E-05 0.0531979 0.030601 0.662361 9.997E-05 0.0244111
9.994E-05 9.994E-05 9.994E-05 9.994E-05 9.994E-05 9.994E-05 9.994E-05 0.9993
0.0778273 9.9955E-05 9.9955E-05 9.9955E-05 0.0403811 0.881292 9.9955E-05 9.9955E-05
9.9946E-05 0.177225 9.9946E-05 9.9946E-05 9.9946E-05 0.822176 9.9946E-05 9.9946E-05
9.994E-05 9.994E-05 9.994E-05 9.994E-05 9.994E-05 9.994E-05 9.994E-05 0.9993
9.9946E-05 0.426123 9.9946E-05 9.9946E-05 9.9946E-05 0.573277 9.9946E-05 9.9946E-05
0.183604 0.43556 0.0193914 9.9973E-05 0.00094438 0.3602 9.9973E-05 9.9973E-05
9.9955E-05 0.311511 9.9955E-05 9.9955E-05 0.0429834 0.645006 9.9955E-05 9.9955E-05
9.9964E-05 0.497392 9.9964E-05 9.9964E-05 0.00923831 0.488165 0.00480531 9.9964E-05
9.9973E-05 9.9973E-05 0.0183108 0.425189 9.9973E-05 0.520896 0.00537108 0.0299328
9.9964E-05 0.583215 9.9964E-05 0.252172 9.9964E-05 0.117671 0.0465431 9.9964E-05
9.9964E-05 9.9964E-05 0.027519 0.150774 9.9964E-05 0.781499 0.0398087 9.9964E-05
9.9955E-05 0.0903782 9.9955E-05 9.9955E-05 9.9955E-05 0.901359 9.9955E-05 0.00776261
0.00796425 9.9973E-05 0.000285747 0.0214824 9.9973E-05 0.968595 9.9973E-05 0.00137234
9.9982E-05 0.280445 9.9982E-05 0.00202167 0.00925166 0.694812 0.00819652 0.00507377
9.99459E-05 0.318385 9.99459E-05 9.99459E-05 9.99459E-05 0.681015 9.99459E-05 9.99459E-05
9.9946E-05 0.0550074 9.9946E-05 9.9946E-05 9.9946E-05 0.944393 9.9946E-05 9.9946E-05
0.0640471 9.996E-05 0.015156 0.0791919 9.996E-05 9.996E-05 0.841205 9.996E-05
0.0128731 9.9964E-05 0.00602689 9.9964E-05 9.9964E-05 0.973034 0.0076658 9.9964E-05
0.0433067 0.554276 0.0183004 0.196486 9.9982E-05 0.165997 0.0214344 9.9982E-05
0.0149872 0.0299134 9.996E-05 9.996E-05 9.996E-05 0.941718 9.996E-05 0.0129816
9.9955E-05 9.9955E-05 0.000634014 0.0187512 9.9955E-05 0.980115 9.9955E-05 9.9955E-05
9.9964E-05 0.360834 9.9964E-05 9.9964E-05 0.0249394 0.613693 9.9964E-05 0.000133891
0.0222248 0.375581 9.9955E-05 9.9955E-05 9.9955E-05 0.601694 9.9955E-05 9.9955E-05
0.736607 0.0540185 9.9964E-05 9.9964E-05 9.9964E-05 0.194262 0.0147124 9.9964E-05
9.994E-05 9.994E-05 9.994E-05 9.994E-05 9.994E-05 9.994E-05 9.994E-05 0.9993
9.9973E-05 0.208873 9.9973E-05 0.0223341 0.545343 0.208428 0.0147221 9.9973E-05
9.997E-05 9.997E-05 0.0211837 0.11345 9.997E-05 0.821181 0.02777 0.0161158
9.997E-05 0.210843 0.0112278 9.997E-05 9.997E-05 0.766312 0.00603851 0.00527789
9.9955E-05 9.9955E-05 9.9955E-05 0.0223634 9.9955E-05 0.940573 0.0365638 9.9955E-05
0.00344285 9.9955E-05 0.00233796 9.9955E-05 9.9955E-05 0.993719 9.9955E-05 9.9955E-05
0.0138874 9.9964E-05 9.9964E-05 0.0348097 9.9964E-05 0.921711 9.9964E-05 0.0291917
0.020091 0.024389 9.9955E-05 9.9955E-05 9.9955E-05 0.95502 9.9955E-05 9.9955E-05
0.337983 0.333991 9.9964E-05 0.254818 9.9964E-05 0.0728085 9.9964E-05 9.9964E-05
0.0162379 0.00727207 9.9964E-05 9.9964E-05 0.0376321 0.938458 9.9964E-05 9.9964E-05
0.0757223 9.9964E-05 9.9964E-05 0.236617 9.9964E-05 9.9964E-05 0.674171 0.0130896
9.9982E-05 0.469368 0.000479647 9.9982E-05 0.000812116 0.500366 0.0219226 0.00685186
9.9964E-05 0.0844655 0.00051949 9.9964E-05 9.9964E-05 0.906728 9.9964E-05 0.0078871
9.9973E-05 9.9973E-05 0.0736777 0.370558 9.9973E-05 0.109841 0.0574219 0.388202
9.9973E-05 9.9973E-05 0.00820753 0.509806 9.9973E-05 0.436443 0.00108365 0.0441598
9.9964E-05 0.174023 9.9964E-05 0.131402 0.34837 0.345804 9.9964E-05 9.9964E-05
9.9973E-05 0.1989 0.0113006 9.9973E-05 0.00716366 0.778257 9.9973E-05 0.00407876
0.004911 9.9964E-05 9.9964E-05 0.0192035 9.9964E-05 0.966855 0.00863031 9.9964E-05
9.994E-05 9.994E-05 0.9993 9.994E-05 9.994E-05 9.994E-05 9.994E-05 9.994E-05
9.99549E-05 0.517065 9.99549E-05 9.99549E-05 9.99549E-05 0.4679 9.99549E-05 0.0145356
9.9955E-05 0.52793 9.9955E-05 9.9955E-05 9.9955E-05 0.469417 0.00215293 9.9955E-05
0.243292 0.547796 9.996E-05 0.131007 9.996E-05 0.0775049 9.996E-05 9.996E-05
0.361082 0.456971 0.00532732 0.0155568 0.025443 0.118476 0.0170447 9.9991E-05
0.567172 0.335181 9.9955E-05 9.9955E-05 9.9955E-05 0.0971466 9.9955E-05 9.9955E-05
9.9955E-05 9.9955E-05 9.9955E-05 0.0263541 9.9955E-05 0.966233 0.00691295 9.9955E-05
9.9955E-05 0.466498 9.9955E-05 9.9955E-05 0.0365093 0.496493 9.9955E-05 9.9955E-05
9.9955E-05 0.105646 9.9955E-05 9.9955E-05 9.9955E-05 0.889593 9.9955E-05 0.00426193
9.9964E-05 0.657644 9.9964E-05 0.0599893 9.9964E-05 0.281271 0.000696047 9.9964E-05
0.104977 0.0576168 9.9973E-05 0.70898 9.9973E-05 0.115611 9.9973E-05 0.0125158
9.9946E-05 9.9946E-05 9.9946E-05 0.0438587 9.9946E-05 0.955542 9.9946E-05 9.9946E-05
0.0523819 0.631235 9.997E-05 0.209327 9.997E-05 0.04346 0.0632962 9.997E-05
9.9973E-05 0.378012 0.00525354 9.9973E-05 0.373352 0.236611 9.9973E-05 0.00647108
0.0554422 9.9964E-05 9.9964E-05 0.0640226 9.9964E-05 9.9964E-05 0.860155 0.0199802
0.0231032 0.0359783 9.9955E-05 9.9955E-05 9.9955E-05 0.940419 9.9955E-05 9.9955E-05
9.994E-05 9.994E-05 9.994E-05 9.994E-05 9.994E-05 0.9993 9.994E-05 9.994E-05
0.258432 0.145402 9.99639E-05 9.99639E-05 0.565478 0.030288 9.99639E-05 9.99639E-05
9.994E-05 9.994E-05 9.994E-05 9.994E-05 9.994E-05 9.994E-05 9.994E-05 0.9993
0.742501 9.99639E-05 9.99639E-05 9.99639E-05 0.179542 0.0767852 9.99639E-05 0.000771538
9.9964E-05 0.266399 9.9964E-05 9.9964E-05 9.9964E-05 0.703681 0.0283834 0.00113674
9.9964E-05 9.9964E-05 0.0044841 0.0505168 9.9964E-05 0.927877 0.0167221 9.9964E-05
0.38982 0.441133 9.9964E-05 9.9964E-05 0.0910022 0.0776448 9.9964E-05 9.9964E-05
9.994E-05 9.994E-05 9.994E-05 9.994E-05 9.994E-05 9.994E-05 9.994E-05 0.9993
9.997E-05 9.997E-05 0.0054581 0.297129 0.0372871 9.997E-05 0.634755 0.0250709
0.0882872 0.275065 9.9964E-05 9.9964E-05 9.9964E-05 0.634936 9.9964E-05 0.0013121
9.9955E-05 0.241068 9.9955E-05 9.9955E-05 0.0306311 0.727801 9.9955E-05 9.9955E-05
0.347531 0.442016 9.9964E-05 9.9964E-05 0.0428522 0.167201 9.9964E-05 9.9964E-05
9.9955E-05 9.9955E-05 9.9955E-05 9.9955E-05 0.0226385 0.951967 0.0248945 9.9955E-05
0.398514 9.9973E-05 9.9973E-05 0.301605 0.167295 0.0871871 9.9973E-05 0.0450991
9.998E-05 0.0443327 0.105698 0.185196 9.998E-05 0.017143 0.135631 0.511799
9.9955E-05 0.107508 9.9955E-05 9.9955E-05 9.9955E-05 0.857258 0.0347345 9.9955E-05
0.0679074 0.433163 9.9964E-05 9.9964E-05 0.0290343 0.469496 9.9964E-05 9.9964E-05
0.000902599 9.9946E-05 9.9946E-05 9.9946E-05 9.9946E-05 9.9946E-05 0.998498 9.9946E-05
0.0600994 0.0892276 9.9955E-05 9.9955E-05 9.9955E-05 0.850173 9.9955E-05 9.9955E-05
9.9946E-05 0.670302 9.9946E-05 9.9946E-05 9.9946E-05 0.329098 9.9946E-05 9.9946E-05
9.9946E-05 0.23795 9.9946E-05 9.9946E-05 9.9946E-05 0.76145 9.9946E-05 9.9946E-05
0.709908 9.9955E-05 0.00642503 9.9955E-05 9.9955E-05 0.283167 9.9955E-05 9.9955E-05
0.22878 0.244558 0.00168358 0.0223948 0.286268 0.216116 9.9982E-05 9.9982E-05
0.0444281 0.298229 9.9973E-05 0.20819 0.345085 0.103767 9.9973E-05 9.9973E-05
0.403016 0.0066876 0.0164292 0.488013 9.997E-05 0.0855545 9.997E-05 9.997E-05
9.9955E-05 0.491892 9.9955E-05 9.9955E-05 9.9955E-05 0.50065 0.00695868 9.9955E-05
9.9955E-05 0.135342 9.9955E-05 9.9955E-05 9.9955E-05 0.859603 0.0045554 9.9955E-05
9.9964E-05 0.361901 9.9964E-05 9.9964E-05 9.9964E-05 0.595953 0.0156246 0.0261218
0.0473905 9.997E-05 0.0573533 0.0192948 9.997E-05 0.00755254 9.997E-05 0.868109
0.0169727 0.0107963 9.9973E-05 0.0455845 9.9973E-05 0.892476 0.0338707 9.9973E-05
9.997E-05 0.0221673 0.00571017 0.00249891 9.997E-05 9.997E-05 0.00576258 0.963561
9.9955E-05 0.385537 9.9955E-05 9.9955E-05 9.9955E-05 0.608195 0.00576816 9.9955E-05
9.994E-05 9.994E-05 9.994E-05 9.994E-05 9.994E-05 0.0624943 0.936906 9.994E-05
0.560141 0.435737 9.99549E-05 9.99549E-05 9.99549E-05 9.99549E-05 0.00362243 9.99549E-05
0.73847 9.9964E-05 0.0024967 0.119745 9.9964E-05 0.138889 9.9964E-05 9.9964E-05
0.320332 0.138373 0.0167282 9.998E-05 0.3863 0.101616 0.0364501 9.998E-05
9.9955E-05 0.373986 9.9955E-05 9.9955E-05 0.146839 0.478675 9.9955E-05 9.9955E-05
0.146444 0.0457153 0.00089119 0.0767309 0.432885 0.265487 0.00976018 0.0220871
9.995E-05 0.0566856 9.995E-05 0.0223529 9.995E-05 0.920462 9.995E-05 9.995E-05
0.0824424 0.584724 0.00277386 9.9982E-05 9.9982E-05 0.311423 0.00851591 0.00992131
9.99639E-05 9.99639E-05 0.0215556 0.664193 9.99639E-05 0.305725 9.99639E-05 0.0081267
9.998E-05 0.119255 0.00602379 0.0719853 0.102665 0.693072 9.998E-05 0.00679932
9.9982E-05 0.1565 0.00735323 0.0172006 0.00709801 0.808047 0.00360087 9.9982E-05
9.99639E-05 9.99639E-05 0.00172258 9.99639E-05 9.99639E-05 0.0348626 0.961015 0.0019997
9.9973E-05 0.0975447 9.9973E-05 0.682527 0.12064 0.0625675 0.036421 9.9973E-05
0.00700206 9.99461E-05 9.99461E-05 9.99461E-05 9.99461E-05 9.99461E-05 0.992398 9.99461E-05
9.9964E-05 0.386864 9.9964E-05 9.9964E-05 9.9964E-05 0.605449 0.00512594 0.00216127
9.9982E-05 0.0820986 0.00825601 0.602326 0.0432196 0.20276 0.0611394 9.9982E-05
9.9973E-05 0.0159479 9.9973E-05 0.734966 0.014404 0.224642 0.00974017 9.9973E-05
9.9964E-05 0.2338 9.9964E-05 9.9964E-05 0.0405947 0.706409 9.9964E-05 0.0187966
0.0314611 9.9946E-05 9.9946E-05 9.9946E-05 9.9946E-05 0.967939 9.9946E-05 9.9946E-05
9.9946E-05 9.9946E-05 9.9946E-05 9.9946E-05 9.9946E-05 9.9946E-05 0.0109857 0.988415
0.270507 9.995E-05 9.995E-05 0.718594 9.995E-05 9.995E-05 0.0103996 9.995E-05
9.996E-05 0.297885 9.996E-05 9.996E-05 0.0588586 0.638149 9.996E-05 0.00470758
9.9973E-05 9.9973E-05 0.0271734 0.373208 9.9973E-05 0.149276 0.406246 0.043797
9.9964E-05 9.9964E-05 9.9964E-05 0.0227838 9.9964E-05 0.961248 0.0028061 0.0127627
9.994E-05 9.994E-05 0.9993 9.994E-05 9.994E-05 9.994E-05 9.994E-05 9.994E-05
9.997E-05 0.102719 0.00852001 0.034559 9.997E-05 0.840832 9.997E-05 0.0130709
9.9964E-05 9.9964E-05 0.606489 0.236515 9.9964E-05 0.125778 9.9964E-05 0.0308183
0.466401 0.432965 0.0103402 9.9982E-05 9.9982E-05 0.0644555 0.00592611 0.0197127
0.0077544 9.9964E-05 0.00524524 0.0313682 9.9964E-05 0.955232 9.9964E-05 9.9964E-05
9.9955E-05 9.9955E-05 0.00412083 9.9955E-05 0.00472561 0.990654 9.9955E-05 9.9955E-05
0.309327 9.9982E-05 9.9982E-05 0.469804 0.141982 0.0535242 0.0215931 0.00356929
9.9955E-05 9.9955E-05 9.9955E-05 0.0783177 9.9955E-05 0.902636 0.0185468 9.9955E-05
0.0219906 9.99461E-05 9.99461E-05 9.99461E-05 9.99461E-05 9.99461E-05 0.97741 9.99461E-05
9.9955E-05 9.9955E-05 9.9955E-05 9.9955E-05 9.9955E-05 0.996241 0.00263187 0.000627529
9.994E-05 9.994E-05 0.9993 9.994E-05 9.994E-05 9.994E-05 9.994E-05 9.994E-05
9.9946E-05 0.00244546 9.9946E-05 9.9946E-05 9.9946E-05 0.996955 9.9946E-05 9.9946E-05
0.0798723 0.695471 9.9964E-05 0.213685 9.9964E-05 9.9964E-05 0.0105717 9.9964E-05
0.0838308 0.441324 0.017176 0.0493504 0.159161 0.243059 9.9991E-05 0.00599865
0.180604 0.192565 9.9955E-05 0.626332 9.9955E-05 9.9955E-05 9.9955E-05 9.9955E-05
9.997E-05 9.997E-05 0.0146197 0.232999 0.467372 0.267822 9.997E-05 0.0168881
9.9973E-05 0.205658 9.9973E-05 0.703837 0.0131202 0.0353605 9.9973E-05 0.041725
0.00109233 9.9946E-05 9.9946E-05 9.9946E-05 9.9946E-05 0.998308 9.9946E-05 9.9946E-05
0.160013 0.517116 9.9973E-05 9.9973E-05 0.00943549 0.259016 0.05412 9.9973E-05
9.9955E-05 0.12041 0.00526286 9.9955E-05 9.9955E-05 0.873827 9.9955E-05 9.9955E-05
9.998E-05 0.497387 9.998E-05 0.335914 0.0273087 0.0811081 0.030847 0.027235
0.700449 9.9973E-05 0.00111437 0.174341 0.00288456 0.120911 9.9973E-05 9.9973E-05
9.9973E-05 0.103948 0.00852094 0.046542 9.9973E-05 0.829498 0.0111913 9.9973E-05
9.9955E-05 0.663166 9.9955E-05 9.9955E-05 9.9955E-05 0.324807 9.9955E-05 0.0115278
9.9964E-05 0.33459 9.9964E-05 9.9964E-05 9.9964E-05 0.650163 0.00116459 0.0136825
0.0384304 9.9964E-05 9.9964E-05 0.0349848 0.0104325 0.915752 9.9964E-05 9.9964E-05
9.9973E-05 9.9973E-05 0.0221235 0.546536 9.9973E-05 0.378556 0.0429313 0.00955248
0.0437508 0.48588 9.9982E-05 0.196392 0.052692 0.216648 9.9982E-05 0.00443789
9.998E-05 0.181759 0.0256666 0.168336 0.248388 0.358369 0.0172804 9.998E-05
0.0283165 9.9982E-05 0.912599 0.0153441 0.00878384 9.9982E-05 0.0270149 0.00774221
9.9964E-05 9.9964E-05 9.9964E-05 0.0685494 9.9964E-05 0.926334 0.00458248 0.00013393
9.9946E-05 9.9946E-05 9.9946E-05 0.0200154 9.9946E-05 0.979385 9.9946E-05 9.9946E-05
9.9982E-05 0.124767 0.00770023 0.00165585 0.00983548 0.852859 9.9982E-05 0.00298223
9.99459E-05 9.99459E-05 9.99459E-05 9.99459E-05 9.99459E-05 0.0206016 0.978799 9.99459E-05
9.9964E-05 0.287592 0.00421641 0.0810057 9.9964E-05 0.626786 9.9964E-05 9.9964E-05
9.9955E-05 9.9955E-05 9.9955E-05 0.553451 0.348689 0.0973608 9.9955E-05 9.9955E-05
0.189598 0.378474 9.9991E-05 0.0228674 0.0517958 0.334388 0.0192329 0.00354447
9.994E-05 9.994E-05 9.994E-05 9.994E-05 9.994E-05 0.9993 9.994E-05 9.994E-05
0.0316624 9.9973E-05 9.9973E-05 0.0428135 0.0670462 0.844439 0.0137385 9.9973E-05
9.9946E-05 9.9946E-05 9.9946E-05 9.9946E-05 0.00563958 0.993761 9.9946E-05 9.9946E-05
0.169777 9.9973E-05 9.9973E-05 0.467631 0.257382 0.0774379 9.9973E-05 0.0274733
9.9973E-05 9.9973E-05 0.791126 0.114823 9.9973E-05 0.0116627 0.0577212 0.0243676
0.255402 9.995E-05 9.995E-05 0.695916 0.0481823 9.995E-05 9.995E-05 9.995E-05
0.0850553 0.250288 9.997E-05 9.997E-05 0.14094 0.513962 9.997E-05 0.00945397
9.9964E-05 9.9964E-05 0.961882 0.0193357 9.9964E-05 9.9964E-05 0.00896224 0.00942006
9.9973E-05 0.352159 0.00908925 0.116983 9.9973E-05 0.502253 0.0192157 9.9973E-05
0.356538 0.387121 9.99549E-05 9.99549E-05 9.99549E-05 0.255841 9.99549E-05 9.99549E-05
0.0133205 9.9982E-05 0.00456276 0.0604651 9.9982E-05 0.891919 0.0198292 0.00970347
9.9964E-05 9.9964E-05 0.00181127 0.00794943 9.9964E-05 0.989638 9.9964E-05 0.000201421
0.00386384 9.9982E-05 9.9982E-05 0.0113332 0.00841402 0.962988 0.00355594 0.00964453
9.9955E-05 0.348916 9.9955E-05 0.297029 9.9955E-05 0.353556 9.9955E-05 9.9955E-05
9.99459E-05 9.99459E-05 9.99459E-05 9.99459E-05 9.99459E-05 0.0560729 0.943327 9.99459E-05
9.9955E-05 0.0565064 9.9955E-05 9.9955E-05 9.9955E-05 0.940111 9.9955E-05 0.0028825
0.734155 9.9964E-05 9.9964E-05 0.118519 9.9964E-05 0.13857 0.00835574 9.9964E-05
9.995E-05 0.446809 9.995E-05 9.995E-05 0.184018 0.368673 9.995E-05 9.995E-05
9.9973E-05 0.00158525 0.0143704 9.9973E-05 0.0144881 0.00609808 0.963158 9.9973E-05
0.540295 9.9973E-05 9.9973E-05 0.315998 0.065205 0.0658297 0.0123716 9.9973E-05
9.996E-05 0.0889421 0.0356618 0.766672 9.996E-05 0.108324 9.996E-05 9.996E-05
0.0708002 0.184714 9.9982E-05 0.0947871 0.456145 0.154285 0.0390687 9.9982E-05
9.9946E-05 9.9946E-05 9.9946E-05 9.9946E-05 9.9946E-05 0.0978059 0.901594 9.9946E-05
0.0913046 0.49602 9.9955E-05 9.9955E-05 9.9955E-05 0.412176 9.9955E-05 9.9955E-05
9.994E-05 9.994E-05 0.9993 9.994E-05 9.994E-05 9.994E-05 9.994E-05 9.994E-05
9.99639E-05 0.362709 9.99639E-05 9.99639E-05 0.135716 0.499344 9.99639E-05 0.0018314
9.9955E-05 0.104637 9.9955E-05 9.9955E-05 9.9955E-05 0.881838 9.9955E-05 0.0130254
0.000652605 9.99461E-05 0.998748 9.99461E-05 9.99461E-05 9.99461E-05 9.99461E-05 9.99461E-05
9.9955E-05 0.175965 9.9955E-05 9.9955E-05 0.00172127 0.821814 9.9955E-05 9.9955E-05
0.0173666 9.9991E-05 0.0105034 0.000695476 0.0396666 0.00386848 0.0208537 0.906946
0.141626 0.66679 9.9964E-05 0.157305 9.9964E-05 0.0338795 9.9964E-05 9.9964E-05
9.996E-05 0.0634418 9.996E-05 0.0327122 9.996E-05 0.883024 0.0204225 9.996E-05
0.22923 0.0421522 9.9973E-05 0.602308 9.9973E-05 0.0731786 0.052832 9.9973E-05
0.073088 0.178152 0.0121596 0.00300229 0.0311797 0.702219 9.9982E-05 9.9982E-05
9.9955E-05 9.9955E-05 0.920693 0.0516101 9.9955E-05 9.9955E-05 9.9955E-05 0.0271967
0.111902 0.551862 0.00779771 0.0955055 0.0733607 0.159372 9.9982E-05 9.9982E-05
