0.164917 9.9991E-05 0.834983
9.999E-05 0.00885928 0.991041
9.999E-05 0.0102839 0.989616
0.174356 0.00140709 0.824236
0.505917 0.0289473 0.465135
0.319124 0.16404 0.516836
0.587996 9.9991E-05 0.411904
0.591093 0.0104097 0.398497
9.9991E-05 0.0288498 0.97105
0.0731666 9.9991E-05 0.926733
0.519343 9.9991E-05 0.480557
0.613745 9.9991E-05 0.386155
0.491623 9.9991E-05 0.508277
0.323663 0.195775 0.480563
0.214238 9.9991E-05 0.785662
0.272834 0.0522469 0.674919
0.596069 9.9991E-05 0.403831
0.00550808 0.594927 0.399564
9.9991E-05 0.016758 0.983142
0.556907 0.0703935 0.372699
0.014177 9.9991E-05 0.985723
0.541551 9.9991E-05 0.458349
0.460499 9.9991E-05 0.539401
0.541013 0.369298 0.0896884
0.446704 9.9991E-05 0.553196
0.528637 9.9991E-05 0.471263
9.9991E-05 0.00162307 0.998277
0.0647019 9.9991E-05 0.935198
9.999E-05 9.999E-05 0.9998
0.399816 0.132621 0.467564
9.9991E-05 0.00914583 0.990754
9.9991E-05 0.0077562 0.992144
0.402347 0.138793 0.458859
9.999E-05 9.999E-05 0.9998
0.49201 0.0322053 0.475785
0.164089 9.9991E-05 0.835811
0.680171 0.0062025 0.313626
0.632449 0.0839872 0.283564
0.524424 9.9991E-05 0.475476
0.431745 0.147531 0.420725
9.9991E-05 0.00814897 0.991751
0.0749214 9.9991E-05 0.924979
0.0958219 9.9991E-05 0.904078
0.090529 0.0221487 0.887322
9.9991E-05 0.987421 0.0124789
0.0499964 9.9991E-05 0.949904
9.999E-05 9.999E-05 0.9998
9.9991E-05 0.985858 0.014042
0.160932 9.9991E-05 0.838968
0.345307 9.9991E-05 0.654593
0.116206 9.9991E-05 0.883694
0.239938 9.9991E-05 0.759962
0.0644695 0.186306 0.749224
0.434745 9.9991E-05 0.565155
9.9991E-05 0.096712 0.903188
9.999E-05 9.999E-05 0.9998
9.9991E-05 0.00518023 0.99472
0.120067 9.9991E-05 0.879833
0.0840086 9.9991E-05 0.915891
9.999E-05 9.999E-05 0.9998
0.531717 0.378369 0.0899137
9.9991E-05 0.0133238 0.986576
0.428354 0.0355415 0.536104
9.999E-05 9.999E-05 0.9998
9.9991E-05 0.0209962 0.978904
0.157326 9.9991E-05 0.842574
0.157469 9.9991E-05 0.842431
0.6055 9.9991E-05 0.3944
9.9991E-05 0.996901 0.00299918
0.483398 9.9991E-05 0.516502
9.9991E-05 0.0844774 0.915423
0.0367776 0.00604142 0.957181
9.9991E-05 0.0282656 0.971634
9.9991E-05 0.00715604 0.992744
9.9991E-05 0.0419263 0.957974
9.999E-05 9.999E-05 0.9998
0.584562 9.9991E-05 0.415338
9.999E-05 9.999E-05 0.9998
0.482266 0.351668 0.166066
0.230997 9.9991E-05 0.768903
9.9991E-05 0.00862917 0.991271
0.127671 0.603579 0.26875
0.0626275 0.212961 0.724412
0.350279 0.0293151 0.620406
0.0560533 9.9991E-05 0.943847
9.9991E-05 0.00131041 0.99859
9.999E-05 0.9998 9.999E-05
0.223808 9.9991E-05 0.776092
0.216483 9.9991E-05 0.783417
0.527869 9.9991E-05 0.472031
0.566691 9.9991E-05 0.433209
0.595671 9.9991E-05 0.404229
9.9991E-05 0.00675982 0.99314
0.193508 9.9991E-05 0.806392
0.00523809 9.9991E-05 0.994662
0.3396 9.9991E-05 0.6603
0.393629 0.177427 0.428944
9.9991E-05 0.0208594 0.979041
0.508967 9.9991E-05 0.490933
0.421786 9.9991E-05 0.578114
0.575749 0.38581 0.0384407
9.999E-05 9.999E-05 0.9998
9.999E-05 9.999E-05 0.9998
0.640056 9.9991E-05 0.359844
9.9991E-05 0.970426 0.029474
0.68033 9.9991E-05 0.31957
0.0891719 9.9991E-05 0.910728
9.9991E-05 0.0318839 0.968016
0.590468 9.9991E-05 0.409432
9.9991E-05 0.995991 0.00390947
0.440279 0.390189 0.169532
0.175199 9.9991E-05 0.824701
0.074386 9.9991E-05 0.925514
0.522088 9.9991E-05 0.477812
9.9991E-05 0.0136143 0.986286
0.539242 0.0928091 0.367949
0.124949 0.727128 0.147923
0.0304929 0.0191746 0.950332
0.249463 9.9991E-05 0.750437
0.525922 0.369796 0.104282
0.0363261 9.9991E-05 0.963574
0.330813 9.9991E-05 0.669087
0.0185629 9.9991E-05 0.981337
0.525659 9.9991E-05 0.474241
0.520498 9.9991E-05 0.479402
0.529601 0.0206255 0.449773
0.508539 0.0993974 0.392064
0.196025 9.9991E-05 0.803875
0.00807507 0.000638258 0.991287
0.146116 9.9991E-05 0.853784
0.0025752 0.925272 0.0721527
0.021114 0.0213162 0.95757
9.9991E-05 0.96484 0.0350596
0.16218 9.9991E-05 0.83772
0.428689 0.376972 0.194339
0.678164 9.9991E-05 0.321736
0.624613 9.9991E-05 0.375287
0.616089 9.9991E-05 0.383811
0.260231 9.9991E-05 0.739669
0.470008 0.0442439 0.485748
9.9991E-05 0.000759885 0.99914
0.34349 9.9991E-05 0.65641
0.18076 0.215148 0.604092
0.114578 0.0254366 0.859985
0.0381397 0.0140494 0.947811
0.423642 0.403724 0.172634
0.42217 0.163421 0.414409
0.575805 0.395234 0.028961
0.163227 9.9991E-05 0.836673
0.308506 0.177151 0.514342
0.271031 0.188115 0.540854
0.109784 9.9991E-05 0.890116
9.999E-05 9.999E-05 0.9998
9.9991E-05 0.993838 0.00606216
0.522034 0.150083 0.327884
0.125793 9.9991E-05 0.874107
0.247084 0.372604 0.380312
9.9991E-05 0.0251758 0.974724
9.999E-05 0.9998 9.999E-05
0.0223994 0.0184338 0.959167
9.9991E-05 0.762866 0.237034
0.613077 9.9991E-05 0.386823
9.9991E-05 0.01339 0.98651
9.999E-05 9.999E-05 0.9998
0.524854 0.115842 0.359304
9.9991E-05 0.037086 0.962814
0.561419 0.360461 0.0781205
9.999E-05 9.999E-05 0.9998
9.999E-05 0.9998 9.999E-05
9.999E-05 9.999E-05 0.9998
0.556486 9.9991E-05 0.443414
0.41292 9.9991E-05 0.58698
0.507001 0.102376 0.390623
0.355207 0.105721 0.539072
0.370463 0.189479 0.440058
9.999E-05 9.999E-05 0.9998
0.435907 9.9991E-05 0.563993
0.00628399 0.00140001 0.992316
0.439197 0.0636599 0.497143
0.63592 0.00561974 0.358461
0.0266946 0.024438 0.948867
0.288522 9.9991E-05 0.711378
0.104035 9.9991E-05 0.895865
9.9991E-05 0.0107254 0.989175
0.132076 0.224303 0.643621
0.397199 9.9991E-05 0.602701
0.327353 0.0575649 0.615082
0.0136936 0.986206 9.9991E-05
9.9991E-05 0.0322258 0.967674
9.999E-05 9.999E-05 0.9998
0.0227476 0.0117372 0.965515
0.419439 0.413331 0.16723
0.132444 9.9991E-05 0.867456
0.466268 0.118915 0.414816
0.389827 9.9991E-05 0.610073
9.9991E-05 0.00318228 0.996718
0.0678162 0.000300483 0.931883
9.999E-05 9.999E-05 0.9998
0.481248 0.139243 0.379509
0.00562105 0.925788 0.0685907
0.533564 0.131639 0.334797
0.259288 9.9991E-05 0.740612
9.999E-05 0.9998 9.999E-05
0.215803 0.00987784 0.774319
0.476235 9.9991E-05 0.523665
0.00572025 0.0391677 0.955112
9.9991E-05 0.00228026 0.99762
9.9991E-05 0.0263245 0.973575
0.286943 0.0133082 0.699749
0.402032 0.39571 0.202259
9.999E-05 9.999E-05 0.9998
0.657133 9.9991E-05 0.342767
0.325826 9.9991E-05 0.674074
0.456929 0.401099 0.141972
0.615648 0.0340474 0.350305
0.263781 0.236704 0.499514
0.53385 9.9991E-05 0.46605
0.444309 0.358862 0.196829
0.272753 9.9991E-05 0.727147
9.999E-05 0.9998 9.999E-05
0.232225 9.9991E-05 0.767675
9.9991E-05 0.000453519 0.999446
9.999E-05 0.9998 9.999E-05
0.0253789 9.9991E-05 0.974521
0.0162868 0.916469 0.0672443
0.513409 9.9991E-05 0.486491
9.9991E-05 0.00895681 0.990943
0.482827 0.143701 0.373472
0.132325 9.9991E-05 0.867575
9.999E-05 0.9998 9.999E-05
0.477546 9.9991E-05 0.522354
