9.9982E-05 0.807743 9.9982E-05 0.192057
0.00761128 0.992189 9.9982E-05 9.9982E-05
9.9982E-05 0.976329 0.0234712 9.9982E-05
0.00770338 0.79249 9.9991E-05 0.199707
0.0328033 0.424886 0.0591165 0.483195
0.130515 0.457625 0.124306 0.287554
9.999E-05 0.366189 0.0692573 0.564454
0.0448773 0.306676 0.0212298 0.627217
0.030332 0.957677 0.0118908 9.9991E-05
9.9982E-05 0.910536 9.9982E-05 0.0892636
9.9982E-05 0.457379 9.9982E-05 0.542421
9.999E-05 0.344014 0.00057785 0.655308
9.9982E-05 0.463833 9.9982E-05 0.535967
0.135615 0.438753 0.138823 0.286809
9.9982E-05 0.734635 9.9982E-05 0.265165
0.0518339 0.645481 0.0338476 0.268838
9.9982E-05 0.366841 9.9982E-05 0.632959
0.466813 0.360794 0.172293 9.9991E-05
0.0121148 0.987685 9.9982E-05 9.9982E-05
0.0744994 0.332397 0.0550574 0.538046
9.9991E-05 0.980936 0.0104502 0.0085137
9.9982E-05 0.406 9.9982E-05 0.5938
9.9982E-05 0.51454 9.9982E-05 0.48526
9.9982E-05 9.9982E-05 0.919178 0.0806224
0.0757967 0.407984 0.0999313 0.416288
9.9982E-05 0.51839 9.9982E-05 0.48141
0.0278693 0.41153 0.00470847 0.555892
9.9991E-05 0.990259 0.00370849 0.00593242
9.9982E-05 0.905824 9.9982E-05 0.0939763
9.998E-05 0.9997 9.998E-05 9.998E-05
0.0975482 0.427915 0.122265 0.352272
0.0103563 0.989444 9.9982E-05 9.9982E-05
9.9982E-05 0.99559 0.00421043 9.9982E-05
0.134968 0.422291 0.0922821 0.350459
9.9982E-05 0.993223 0.00657713 9.9982E-05
0.0583758 0.411067 9.9991E-05 0.530457
9.9982E-05 0.798762 9.9982E-05 0.201038
0.0374312 0.262317 0.0377438 0.662508
0.0889121 0.21514 0.0848522 0.611096
9.9991E-05 0.409109 0.0390095 0.551781
0.121023 0.37387 0.105101 0.400007
0.0156444 0.976107 0.00814901 9.9991E-05
9.9982E-05 0.907396 9.9982E-05 0.0924042
9.9982E-05 0.89916 9.9982E-05 0.10064
0.0142135 0.869558 0.00656722 0.109661
0.841443 0.0209709 0.137486 9.9991E-05
9.9991E-05 0.933818 0.00197763 0.0641043
9.9982E-05 0.986116 9.9982E-05 0.0136843
0.839639 0.0354007 0.12486 9.9991E-05
9.9982E-05 0.804181 9.9982E-05 0.19562
9.9982E-05 0.608884 9.9982E-05 0.390916
9.9982E-05 0.859616 9.9982E-05 0.140184
9.9982E-05 0.73265 9.9982E-05 0.26715
0.124837 0.731489 0.116898 0.0267762
9.9991E-05 0.504135 0.0630144 0.432751
0.0554746 0.854056 0.0903696 9.9991E-05
9.9982E-05 0.994851 0.00494941 9.9982E-05
0.0186816 0.981118 9.9982E-05 9.9982E-05
9.9982E-05 0.859651 9.9982E-05 0.140149
9.9982E-05 0.8894 9.9982E-05 0.1104
9.998E-05 0.9997 9.998E-05 9.998E-05
9.9991E-05 0.00950476 0.909146 0.0812494
0.00321968 0.988013 0.00866734 9.9991E-05
0.021307 0.510725 0.0430433 0.424925
0.000702959 0.999097 9.9982E-05 9.9982E-05
0.0073914 0.989938 0.00257075 9.9991E-05
9.9982E-05 0.81464 9.9982E-05 0.18516
9.9982E-05 0.797812 9.9982E-05 0.201988
9.9991E-05 0.351124 0.0100242 0.638752
0.843664 0.0186845 0.137552 9.9991E-05
0.00873729 0.453883 0.0242669 0.513113
0.053608 0.892694 0.0535978 9.9991E-05
9.9991E-05 0.918972 0.0112277 0.0697005
9.9982E-05 0.94792 0.0518803 9.9982E-05
0.00406732 0.995733 9.9982E-05 9.9982E-05
0.0523931 0.943463 0.00404409 9.9991E-05
9.998E-05 0.9997 9.998E-05 9.998E-05
9.9991E-05 0.375188 0.0388149 0.585897
9.998E-05 0.9997 9.998E-05 9.998E-05
0.037215 0.0789087 0.760908 0.122968
9.9982E-05 0.740731 9.9982E-05 0.259069
9.9982E-05 0.994915 9.9982E-05 0.00488509
0.489842 0.237986 0.199799 0.0723725
0.151083 0.686579 0.138177 0.0241605
0.038818 0.579927 0.0119536 0.369301
0.0196206 0.894782 9.9991E-05 0.0854975
9.9982E-05 0.969432 0.0303681 9.9982E-05
0.9997 9.998E-05 9.998E-05 9.998E-05
9.9982E-05 0.724489 9.9982E-05 0.275311
9.9982E-05 0.780217 9.9982E-05 0.219583
9.9982E-05 0.44072 9.9982E-05 0.55908
9.9982E-05 0.396811 9.9982E-05 0.602989
9.9982E-05 0.325884 9.9982E-05 0.673916
0.00123165 0.991791 0.0068771 9.9991E-05
9.9982E-05 0.754826 9.9982E-05 0.244974
9.9982E-05 0.9684 9.9982E-05 0.0314002
9.9982E-05 0.621511 9.9982E-05 0.378289
0.146209 0.400074 0.111352 0.342365
0.00222427 0.982122 0.0155536 9.9991E-05
9.9991E-05 0.431749 0.0694002 0.498751
0.0154348 0.525353 9.9991E-05 0.459112
0.00354804 9.9991E-05 0.891158 0.105194
9.9982E-05 0.750008 9.9982E-05 0.249792
9.9982E-05 0.993009 9.9982E-05 0.00679101
9.998E-05 0.9997 9.998E-05 9.998E-05
9.9982E-05 0.299837 9.9982E-05 0.699963
0.829063 0.0449353 0.125901 9.9991E-05
9.9982E-05 0.277365 9.9982E-05 0.722435
9.9991E-05 0.878498 0.0334607 0.087941
0.00686743 0.954715 0.0383177 9.9991E-05
9.9982E-05 0.383555 9.9982E-05 0.616245
0.836468 0.0348943 0.128538 9.9991E-05
0.0821418 0.0875637 0.747257 0.0830379
9.9982E-05 0.79473 9.9982E-05 0.20507
9.9982E-05 0.887102 9.9982E-05 0.112698
9.9982E-05 0.456475 9.9982E-05 0.543325
9.9982E-05 0.970116 0.0296839 9.9982E-05
0.106463 0.281899 0.0696049 0.542033
0.559443 0.142148 0.266476 0.0319328
9.9991E-05 0.947376 0.0374205 0.0151031
9.9982E-05 0.722148 9.9982E-05 0.277652
9.998E-05 9.998E-05 0.9997 9.998E-05
9.9982E-05 0.937794 9.9982E-05 0.0620056
9.9982E-05 0.65792 9.9982E-05 0.34188
9.9982E-05 0.939765 9.9982E-05 0.0600355
0.0112292 0.435191 9.9991E-05 0.55348
0.0101184 0.441346 9.9991E-05 0.548435
0.0214954 0.408649 0.0472326 0.522623
0.0987838 0.342343 0.0469127 0.51196
9.9982E-05 0.780796 9.9982E-05 0.219004
9.9991E-05 0.985781 0.00667552 0.00744356
0.00217735 0.839785 0.00483506 0.153203
0.797184 0.0563215 0.146394 9.9991E-05
9.9982E-05 0.953403 0.046397 9.9982E-05
0.807344 0.0183336 0.174222 9.9991E-05
9.9982E-05 0.822469 9.9982E-05 0.177331
9.99819E-05 0.0276696 0.97213 9.99819E-05
9.9982E-05 0.272546 9.9982E-05 0.727254
0.0214645 0.321841 0.00329337 0.653402
0.0127176 0.322108 0.026591 0.638584
9.9982E-05 0.725911 9.9982E-05 0.273889
0.0447584 0.455514 0.0389567 0.460771
9.9982E-05 0.997482 0.00231761 9.9982E-05
9.9982E-05 0.621355 9.9982E-05 0.378445
0.158411 0.578785 0.143179 0.119626
0.0339062 0.836105 0.00861554 0.121373
0.00953755 0.928973 0.0071755 0.0543135
9.9982E-05 0.00410568 0.995694 9.9982E-05
0.102214 0.381019 0.167032 0.349735
9.998E-05 9.998E-05 0.9997 9.998E-05
9.9982E-05 0.831126 9.9982E-05 0.168674
0.116316 0.469011 0.167643 0.24703
0.117359 0.497774 0.164055 0.220812
0.00261335 0.869582 9.9991E-05 0.127705
9.998E-05 0.9997 9.998E-05 9.998E-05
0.827859 0.00985112 0.16219 9.9991E-05
0.0974363 0.266449 0.183534 0.452581
9.9982E-05 0.848295 9.9982E-05 0.151505
0.12952 0.328731 0.541649 9.9991E-05
0.00741597 0.969228 0.0232559 9.9991E-05
0.9997 9.998E-05 9.998E-05 9.998E-05
0.0278533 0.933095 9.9991E-05 0.0389519
0.722113 0.250079 0.0033652 0.0244423
9.99828E-05 0.362855 9.99828E-05 0.636945
0.00828137 0.980235 0.0113837 9.9991E-05
9.998E-05 0.9997 9.998E-05 9.998E-05
0.0955588 0.292529 0.102926 0.508987
0.0219504 0.947757 0.0301925 9.9991E-05
9.9982E-05 9.9982E-05 0.974544 0.0252561
9.9982E-05 0.996697 0.0031035 9.9982E-05
0.9997 9.998E-05 9.998E-05 9.998E-05
9.998E-05 0.9997 9.998E-05 9.998E-05
9.9991E-05 0.405504 0.0195003 0.574896
0.0116819 0.539631 9.9991E-05 0.448587
0.0884869 0.325908 0.100519 0.485086
0.0993335 0.490548 0.060679 0.34944
0.138566 0.385604 0.13304 0.34279
9.998E-05 0.9997 9.998E-05 9.998E-05
9.9991E-05 0.547577 0.0211305 0.431193
9.9991E-05 0.993577 0.003783 0.00253951
0.0461067 0.458882 0.0797152 0.415296
0.0335359 0.287358 0.0176334 0.661472
0.00755433 0.941373 0.0315066 0.0195657
9.9982E-05 0.686317 9.9982E-05 0.313483
9.9991E-05 0.861103 0.007085 0.131712
9.9991E-05 0.981927 0.0103517 0.00762108
0.138973 0.623689 0.163398 0.0739404
0.0129616 0.547138 0.00319169 0.436709
0.046339 0.593915 0.0416812 0.318065
0.957423 9.9982E-05 9.9982E-05 0.042377
0.0166925 0.952496 0.0307112 9.9991E-05
9.9982E-05 0.998423 0.00137678 9.9982E-05
0.00698574 0.951531 9.9991E-05 0.0413837
9.9982E-05 0.00706255 0.992737 9.9982E-05
9.9991E-05 0.836142 0.00780073 0.155957
0.0867072 0.388618 0.100583 0.424091
9.9991E-05 0.584415 0.000948872 0.414537
0.00250084 0.997299 9.9982E-05 9.9982E-05
0.00777079 0.911201 0.0267973 0.0542305
9.998E-05 0.9997 9.998E-05 9.998E-05
0.121815 0.339712 0.0838102 0.454663
0.88346 0.0654805 0.0137387 0.0373212
0.123869 0.253198 0.110388 0.512545
9.9982E-05 0.696876 9.9982E-05 0.302924
0.9997 9.998E-05 9.998E-05 9.998E-05
0.00456431 0.75338 0.0399827 0.202073
9.9982E-05 0.496806 9.9982E-05 0.502994
0.023463 0.930532 0.0459047 9.9991E-05
0.00424991 0.99555 9.9982E-05 9.9982E-05
0.0167984 0.964764 0.0183374 9.9991E-05
0.0113016 0.669855 0.0283047 0.290539
9.99819E-05 0.0369013 0.962899 9.99819E-05
9.998E-05 0.9997 9.998E-05 9.998E-05
9.9991E-05 0.297605 0.0312646 0.67103
9.9982E-05 0.634601 9.9982E-05 0.365199
9.9982E-05 0.00465473 0.995145 9.9982E-05
0.0437533 0.29536 0.0650519 0.595835
0.184723 0.46024 0.146832 0.208206
0.00832581 0.430618 0.0626719 0.498384
9.9982E-05 0.0711217 0.928678 9.9982E-05
9.9982E-05 0.683915 9.9982E-05 0.315885
0.9997 9.998E-05 9.998E-05 9.998E-05
9.9982E-05 0.724006 9.9982E-05 0.275794
0.0131347 0.97739 9.9991E-05 0.0093757
0.9997 9.998E-05 9.998E-05 9.998E-05
9.9982E-05 0.959278 9.9982E-05 0.040522
0.7682 0.0646242 0.167076 9.9991E-05
9.9982E-05 0.445395 9.9982E-05 0.554405
9.9982E-05 0.968336 0.0314637 9.9982E-05
0.0908545 0.340505 0.169624 0.399016
0.0163418 0.815248 9.9991E-05 0.16831
0.997861 0.0019389 9.9982E-05 9.9982E-05
9.99954E-05 0.504656 0.00125445 0.493989
