0.803517 0.00556595 9.9982E-05 0.190717 9.9982E-05
0.990806 0.00221928 0.00677452 9.9982E-05 9.9982E-05
0.986179 9.9973E-05 9.9973E-05 9.9973E-05 0.0135212
0.782744 0.0170366 9.9982E-05 0.200019 9.9982E-05
0.418282 0.0254708 0.0100682 0.486508 0.0596714
0.445323 0.078966 0.0566952 0.290154 0.128862
0.366182 9.9991E-05 0.0191352 0.548009 0.0665735
0.323586 0.0142146 0.0241312 0.609344 0.0287238
0.965275 0.00748583 0.0215316 9.9991E-05 0.00560753
0.894759 9.9973E-05 9.9973E-05 0.104941 9.9973E-05
0.455816 9.9973E-05 9.9973E-05 0.543884 9.9973E-05
0.334032 9.9982E-05 9.9982E-05 0.660678 0.00509016
0.462737 9.9973E-05 9.9973E-05 0.536963 9.9973E-05
0.435146 0.0738692 0.0901842 0.290525 0.110275
0.72875 9.9973E-05 9.9973E-05 0.27095 9.9973E-05
0.643886 0.0237 0.0308351 0.264182 0.0373973
0.361165 9.9982E-05 9.9982E-05 0.637861 0.000773846
0.355737 0.467987 0.0720103 9.9991E-05 0.104166
0.982891 0.00268231 0.0142268 9.9982E-05 9.9982E-05
0.330217 0.0200354 0.0556433 0.53705 0.0570545
0.989229 9.9973E-05 9.9973E-05 0.010471 9.9973E-05
0.409719 9.9973E-05 9.9973E-05 0.589981 9.9973E-05
0.49127 9.9973E-05 9.9973E-05 0.50843 9.9973E-05
9.9982E-05 0.0154833 9.9982E-05 0.079827 0.90449
0.525333 9.9973E-05 9.9973E-05 0.474367 9.9973E-05
0.407104 0.00765611 0.0227152 0.560715 0.00181008
0.987553 0.00509992 9.9982E-05 0.00714718 9.9982E-05
0.898092 9.9973E-05 9.9973E-05 0.101608 9.9973E-05
0.9996 9.997E-05 9.997E-05 9.997E-05 9.997E-05
0.422804 0.0175951 0.0824927 0.355166 0.121942
0.987409 0.00101035 0.0113803 9.9982E-05 9.9982E-05
0.996798 9.9973E-05 9.9973E-05 9.9973E-05 0.0029024
0.43702 0.0565734 0.0743791 0.351109 0.0809194
0.995524 9.9973E-05 9.9973E-05 9.9973E-05 0.00417652
0.421134 0.0120444 0.0515481 0.515173 9.9991E-05
0.791196 9.9973E-05 9.9973E-05 0.208504 9.9973E-05
0.26113 9.9991E-05 0.0398024 0.657425 0.0415429
0.244034 0.0538673 0.0288678 0.596801 0.0764297
0.422532 9.9982E-05 9.9982E-05 0.554904 0.0223645
0.369392 0.0415375 0.0826944 0.394609 0.111767
0.968834 9.9982E-05 0.00717546 9.9982E-05 0.0237903
0.908284 9.9973E-05 9.9973E-05 0.0914161 9.9973E-05
0.886996 9.9973E-05 9.9973E-05 0.112704 9.9973E-05
0.842821 0.035967 9.9991E-05 0.119051 0.00206048
9.997E-05 0.9996 9.997E-05 9.997E-05 9.997E-05
0.928402 0.0104935 9.9982E-05 0.0609042 9.9982E-05
0.975176 9.9973E-05 9.9973E-05 0.0245239 9.9973E-05
9.997E-05 0.9996 9.997E-05 9.997E-05 9.997E-05
0.801808 9.9973E-05 9.9973E-05 0.197893 9.9973E-05
0.602901 9.9973E-05 9.9973E-05 0.396799 9.9973E-05
0.855541 9.9973E-05 9.9973E-05 0.144159 9.9973E-05
0.722912 9.9973E-05 9.9973E-05 0.276788 9.9973E-05
0.719978 0.0776095 0.058905 0.0314206 0.112087
0.505416 0.00209253 9.9991E-05 0.414596 0.0777951
0.858446 0.004626 0.0542445 9.9991E-05 0.0825834
0.989829 0.00357087 9.9991E-05 0.00603525 0.000464584
0.989743 0.00636003 0.00369706 9.9982E-05 9.9982E-05
0.864614 0.00217643 9.9982E-05 0.133009 9.9982E-05
0.886373 9.9973E-05 9.9973E-05 0.113327 9.9973E-05
0.990523 9.9973E-05 9.9973E-05 0.00917681 9.9973E-05
9.9982E-05 9.9982E-05 0.0209218 0.0843662 0.894512
0.977511 9.9982E-05 0.0133032 9.9982E-05 0.00898554
0.497029 9.9991E-05 0.0340041 0.430016 0.0388518
0.992115 0.00506224 9.9982E-05 0.00262247 9.9982E-05
0.987221 9.9973E-05 0.0124793 9.9973E-05 9.9973E-05
0.807804 9.9973E-05 9.9973E-05 0.191896 9.9973E-05
0.793005 9.9973E-05 9.9973E-05 0.206695 9.9973E-05
0.354426 9.9982E-05 9.9982E-05 0.631157 0.0142166
9.997E-05 0.9996 9.997E-05 9.997E-05 9.997E-05
0.450062 9.9991E-05 0.00702543 0.505582 0.0372309
0.882179 0.0105704 0.0419638 9.9991E-05 0.0651873
0.914961 0.00252267 0.00280177 0.0656062 0.0141083
0.960181 9.9973E-05 9.9973E-05 9.9973E-05 0.0395193
0.992744 9.9973E-05 0.00695636 9.9973E-05 9.9973E-05
0.952996 0.0309261 0.015878 9.9982E-05 9.9982E-05
0.996874 0.00282573 9.9973E-05 9.9973E-05 9.9973E-05
0.394665 9.9991E-05 0.0075872 0.567916 0.0297323
0.986226 9.9973E-05 9.9973E-05 0.0134736 9.9973E-05
0.0603003 0.042166 0.0135593 0.118973 0.765002
0.733191 9.9982E-05 9.9982E-05 0.265636 0.000973147
0.981973 0.00459572 9.9982E-05 0.0132315 9.9982E-05
0.229025 0.436801 0.10889 0.0942697 0.131015
0.697617 0.0933467 0.0629773 0.0268576 0.119201
0.561808 0.0347697 0.0182564 0.374565 0.0106013
0.901275 0.000143599 0.00528022 0.0932011 9.9991E-05
0.976158 9.9982E-05 0.00508379 9.9982E-05 0.0185577
9.997E-05 9.997E-05 0.9996 9.997E-05 9.997E-05
0.741766 9.9973E-05 9.9973E-05 0.257934 9.9973E-05
0.75776 9.9973E-05 9.9973E-05 0.24194 9.9973E-05
0.430541 9.9973E-05 9.9973E-05 0.569159 9.9973E-05
0.397393 9.9973E-05 9.9973E-05 0.602307 9.9973E-05
0.347277 9.9973E-05 9.9973E-05 0.652423 9.9973E-05
0.987856 9.9982E-05 0.000271387 9.9982E-05 0.0116723
0.733231 9.9973E-05 9.9973E-05 0.266469 9.9973E-05
0.965027 9.9973E-05 9.9973E-05 0.0346728 9.9973E-05
0.602176 9.9973E-05 9.9973E-05 0.397524 9.9973E-05
0.401831 0.0705049 0.0695748 0.341524 0.116565
0.992332 9.9973E-05 9.9973E-05 9.9973E-05 0.00736794
0.428931 9.9982E-05 9.9982E-05 0.507681 0.0631883
0.508512 0.0255714 9.9982E-05 0.465717 9.9982E-05
9.9982E-05 0.0283052 9.9982E-05 0.0860656 0.885429
0.993068 9.9973E-05 9.9973E-05 0.00663191 9.9973E-05
0.9996 9.997E-05 9.997E-05 9.997E-05 9.997E-05
0.28699 0.0149556 9.9982E-05 0.697854 9.9982E-05
9.997E-05 0.9996 9.997E-05 9.997E-05 9.997E-05
0.277585 9.9973E-05 9.9973E-05 0.722115 9.9973E-05
0.875985 9.9982E-05 9.9982E-05 0.0938338 0.0299814
0.945916 9.9982E-05 0.0184115 9.9982E-05 0.0354721
0.366629 9.9973E-05 9.9973E-05 0.633071 9.9973E-05
9.997E-05 0.9996 9.997E-05 9.997E-05 9.997E-05
0.0843075 0.0613379 0.035903 0.072517 0.745935
0.788017 9.9973E-05 9.9973E-05 0.211684 9.9973E-05
0.905197 9.9973E-05 9.9973E-05 0.094503 9.9973E-05
0.422084 9.9973E-05 9.9973E-05 0.577616 9.9973E-05
0.961956 9.9973E-05 9.9973E-05 9.9973E-05 0.0377439
0.301054 0.0967793 0.0241503 0.531985 0.046031
0.111601 0.550325 0.121552 0.0441156 0.172406
0.926113 9.9991E-05 0.00856741 0.0259159 0.0393037
0.704716 9.9973E-05 9.9973E-05 0.294984 9.9973E-05
9.997E-05 9.997E-05 9.997E-05 9.997E-05 0.9996
0.934897 9.9973E-05 9.9973E-05 0.0648032 9.9973E-05
0.635632 9.9973E-05 9.9973E-05 0.364068 9.9973E-05
0.943657 9.9973E-05 9.9973E-05 0.056043 9.9973E-05
0.413912 9.9982E-05 0.0212731 0.564615 9.9982E-05
0.434932 0.0165078 9.9982E-05 0.54836 9.9982E-05
0.402199 0.0335598 9.9991E-05 0.529798 0.0343437
0.344616 0.0119975 0.096203 0.497763 0.04942
0.765683 9.9982E-05 9.9982E-05 0.228073 0.00604407
0.953452 0.00438565 9.9991E-05 0.0243951 0.0176676
0.818995 0.0170115 9.9991E-05 0.161 0.00289316
0.0425783 0.871289 0.0764743 0.00955855 9.9991E-05
0.94582 0.000450005 0.00205329 0.0119587 0.0397184
9.9991E-05 0.972667 0.0141751 0.00957126 0.00348685
0.815923 9.9973E-05 9.9973E-05 0.183777 9.9973E-05
0.0207245 9.99729E-05 9.99729E-05 9.99729E-05 0.978976
0.27476 9.99729E-05 9.99729E-05 0.72494 9.99729E-05
0.314784 9.9991E-05 0.0263558 0.65625 0.00250977
0.317026 9.9991E-05 0.0405021 0.628762 0.0136104
0.720528 9.9973E-05 9.9973E-05 0.279172 9.9973E-05
0.425157 0.0487785 0.0176439 0.476031 0.0323899
0.998694 9.9973E-05 9.9973E-05 9.9973E-05 0.0010058
0.627591 9.9973E-05 9.9973E-05 0.372109 9.9973E-05
0.58728 0.0595989 0.0964443 0.12412 0.132557
0.842576 0.0240962 0.00988405 0.123344 9.99917E-05
0.914806 9.9991E-05 0.0163898 0.0612358 0.00746855
0.00979783 0.000633894 9.9982E-05 9.9982E-05 0.989368
0.367016 0.0513953 0.0596851 0.362601 0.159302
9.9973E-05 9.9973E-05 9.9973E-05 0.013226 0.986474
0.81556 9.9973E-05 9.9973E-05 0.18414 9.9973E-05
0.469923 0.0390027 0.0735417 0.241327 0.176206
0.490715 0.0650294 0.068266 0.228391 0.147598
0.859903 0.00976638 9.9982E-05 0.13013 9.9982E-05
0.9996 9.997E-05 9.997E-05 9.997E-05 9.997E-05
9.9973E-05 0.995313 9.9973E-05 9.9973E-05 0.00438684
0.274804 0.0439138 0.0492395 0.452908 0.179135
0.833931 9.9973E-05 9.9973E-05 0.165769 9.9973E-05
0.31697 0.0763571 0.0634032 9.9991E-05 0.54317
0.97478 0.0074942 0.00432915 9.9991E-05 0.0132971
9.997E-05 9.997E-05 0.9996 9.997E-05 9.997E-05
0.930828 0.016993 0.00909925 0.0429797 9.9991E-05
0.251356 0.0481633 0.656821 0.00526033 0.0383992
0.338217 0.00176811 9.9982E-05 0.659815 9.9982E-05
0.971415 9.9982E-05 0.0143584 9.9982E-05 0.0140263
0.9901 9.9973E-05 0.00959977 9.9973E-05 9.9973E-05
0.305177 0.0408502 0.06494 0.500912 0.0881209
0.95991 0.00429678 0.0113159 9.9991E-05 0.0243778
9.9973E-05 9.9973E-05 9.9973E-05 0.0140898 0.98561
0.993492 0.00276486 9.9982E-05 9.9982E-05 0.00354364
9.997E-05 9.997E-05 0.9996 9.997E-05 9.997E-05
0.9996 9.997E-05 9.997E-05 9.997E-05 9.997E-05
0.410712 9.9982E-05 9.9982E-05 0.554512 0.0345764
0.535075 0.0138008 0.00761264 0.443412 9.9991E-05
0.319376 0.0360042 0.0502678 0.497084 0.0972681
0.491975 0.0495892 0.0529579 0.348529 0.0569485
0.393819 0.116357 0.057768 0.340305 0.0917508
0.994119 0.00558075 9.9973E-05 9.9973E-05 9.9973E-05
0.541803 9.9982E-05 9.9982E-05 0.440519 0.0174783
0.983333 9.9991E-05 0.000842155 0.0149317 0.000793456
0.426658 0.0441845 0.00922427 0.424355 0.095578
0.287366 9.9991E-05 0.0399585 0.646398 0.0261775
0.946134 9.9991E-05 0.014426 0.0190351 0.0203047
0.668059 9.9973E-05 9.9973E-05 0.331641 9.9973E-05
0.859621 0.000982601 9.9991E-05 0.137587 0.00170906
0.982239 9.9982E-05 9.9982E-05 0.00585252 0.0117084
0.619194 0.0585943 0.0900833 0.0777362 0.154392
0.533246 0.0116317 0.00523976 0.423889 0.0259939
0.572567 0.00602021 0.0398175 0.331662 0.0499336
9.9991E-05 0.0216035 0.896514 0.0515936 0.030189
0.9677 0.00375879 0.0107601 9.9991E-05 0.0176807
0.9996 9.997E-05 9.997E-05 9.997E-05 9.997E-05
0.949885 0.0024477 0.00859677 0.0389709 9.9991E-05
0.0186645 9.99729E-05 9.99729E-05 9.99729E-05 0.981036
0.833617 9.9991E-05 0.00549437 0.159105 0.00168361
0.360943 0.0616068 0.0438234 0.433703 0.0999238
0.579365 0.000570558 9.9991E-05 0.402427 0.0175378
0.995163 0.000169088 0.00446819 9.9982E-05 9.9982E-05
0.918725 9.9982E-05 9.9982E-05 0.0526222 0.0284525
0.9996 9.997E-05 9.997E-05 9.997E-05 9.997E-05
0.35565 0.100613 0.0315782 0.444083 0.0680757
0.0762005 0.0502953 0.790088 0.0180008 0.0654157
0.283991 0.0472379 0.078087 0.496189 0.0944959
0.691471 0.0150939 9.9982E-05 0.293235 9.9982E-05
0.017344 0.00662729 0.975829 9.9982E-05 9.9982E-05
0.738618 9.9991E-05 0.014923 0.211077 0.0352826
0.491951 9.9973E-05 9.9973E-05 0.50775 9.9973E-05
0.928392 0.0100795 0.0181484 9.9991E-05 0.0432802
0.99318 0.00651966 9.9973E-05 9.9973E-05 9.9973E-05
0.970552 0.0209381 0.00480844 9.9991E-05 0.00360124
0.647416 0.0130377 0.00572794 0.297589 0.0362292
0.0308197 9.99729E-05 9.99729E-05 9.99729E-05 0.96888
0.9996 9.997E-05 9.997E-05 9.997E-05 9.997E-05
0.297794 9.9982E-05 9.9982E-05 0.672716 0.0292903
0.627582 9.9973E-05 9.9973E-05 0.372118 9.9973E-05
0.00740441 9.9982E-05 0.00403175 9.9982E-05 0.988364
0.279216 0.0215086 0.0178311 0.605064 0.0763798
0.486467 0.0477359 0.130624 0.208487 0.126686
0.396486 0.0118768 9.9991E-05 0.535265 0.056272
0.0768702 9.9973E-05 9.9973E-05 9.9973E-05 0.92283
0.668536 9.9973E-05 9.9973E-05 0.331164 9.9973E-05
9.9972E-05 9.9972E-05 0.9996 9.9972E-05 9.9972E-05
0.728448 9.9973E-05 9.9973E-05 0.271252 9.9973E-05
0.968018 0.0198725 9.9982E-05 0.0119094 9.9982E-05
9.997E-05 9.997E-05 0.9996 9.997E-05 9.997E-05
0.960223 9.9973E-05 9.9973E-05 0.039477 9.9973E-05
0.0406975 0.908141 0.00549671 0.0217815 0.0238833
0.424519 9.9973E-05 9.9973E-05 0.575181 9.9973E-05
0.967107 9.9982E-05 0.000599397 9.9982E-05 0.0320935
0.343128 0.00770972 0.0799743 0.392655 0.176533
0.816114 9.9982E-05 0.0117955 0.171891 9.9982E-05
0.0255279 0.0238677 0.950404 9.9982E-05 9.9982E-05
0.488431 9.9991E-05 0.0109776 0.493789 0.00670203
