0.00168266 0.192092 9.9982E-05 9.9982E-05 0.806025
0.007573 9.9973E-05 9.9973E-05 9.9973E-05 0.992127
9.9973E-05 9.9973E-05 9.9973E-05 0.0107969 0.988903
0.0118669 0.206926 0.0017779 9.9991E-05 0.77933
0.0126192 0.490803 0.00806962 0.0728959 0.415612
0.0816559 0.276242 0.0631759 0.11178 0.467146
9.9991E-05 0.566569 0.00255383 0.0702484 0.360529
0.0180176 0.620202 0.0260488 0.0289427 0.306789
0.00808236 9.9991E-05 0.0190003 0.00340344 0.969414
9.9973E-05 0.095059 9.9973E-05 9.9973E-05 0.904641
0.00402273 0.577409 9.9982E-05 9.9982E-05 0.418369
9.9982E-05 0.656737 9.9982E-05 0.0143964 0.328667
9.9973E-05 0.556969 9.9973E-05 9.9973E-05 0.442731
0.0751663 0.277155 0.0844828 0.111738 0.451458
9.9973E-05 0.265023 9.9973E-05 9.9973E-05 0.734677
0.0287488 0.27318 0.0330403 0.0334514 0.63158
9.9982E-05 0.647296 0.00483124 9.9982E-05 0.347673
0.482522 9.9991E-05 0.0638261 0.0846916 0.368861
0.00233602 9.9982E-05 0.0116517 9.9982E-05 0.985812
0.0192053 0.549005 0.0491157 0.0599633 0.322711
9.999E-05 0.0087208 0.00344777 0.00121497 0.986516
9.9973E-05 0.581602 9.9973E-05 9.9973E-05 0.418098
9.9973E-05 0.509007 9.9973E-05 9.9973E-05 0.490693
0.0140124 0.0922373 9.9982E-05 0.89355 9.9982E-05
9.9973E-05 0.479743 9.9973E-05 9.9973E-05 0.519957
0.0113886 0.564883 0.0201789 0.0209354 0.382614
0.010078 0.00395788 9.9991E-05 0.00285346 0.983011
9.9973E-05 0.0959208 9.9973E-05 9.9973E-05 0.903779
9.997E-05 9.997E-05 9.997E-05 9.997E-05 0.9996
0.0350575 0.370443 0.0693826 0.135046 0.390071
0.00447813 9.9982E-05 0.00488965 9.9982E-05 0.990432
9.9973E-05 9.9973E-05 9.9973E-05 0.00100223 0.998698
0.0553073 0.368318 0.0652244 0.0968932 0.414257
9.9973E-05 9.9973E-05 9.9973E-05 0.0105351 0.989165
0.0153366 0.525066 0.054763 9.9991E-05 0.404734
9.9973E-05 0.223942 9.9973E-05 9.9973E-05 0.775758
9.9991E-05 0.674273 0.0392039 0.0365117 0.249912
0.0509403 0.619091 0.0458794 0.0809542 0.203135
9.9982E-05 0.550359 9.9982E-05 0.0347725 0.414669
0.060289 0.385435 0.072832 0.124487 0.356958
9.9982E-05 9.9982E-05 0.0116029 0.00711474 0.981082
9.9973E-05 0.0963282 9.9973E-05 9.9973E-05 0.903372
9.9973E-05 0.12253 9.9973E-05 9.9973E-05 0.87717
0.0304138 0.117036 9.9982E-05 9.9982E-05 0.85235
0.9996 9.997E-05 9.997E-05 9.997E-05 9.997E-05
9.9973E-05 0.0625765 9.9973E-05 9.9973E-05 0.937124
9.9973E-05 0.0220587 9.9973E-05 9.9973E-05 0.977641
0.9996 9.997E-05 9.997E-05 9.997E-05 9.997E-05
9.9973E-05 0.188247 9.9973E-05 9.9973E-05 0.811453
9.9973E-05 0.390778 9.9973E-05 9.9973E-05 0.608922
9.9973E-05 0.137392 9.9973E-05 9.9973E-05 0.862308
9.9973E-05 0.280181 9.9973E-05 9.9973E-05 0.719519
0.0702695 0.0256453 0.0639798 0.125548 0.714557
0.00252054 0.41316 9.9991E-05 0.0552973 0.528922
0.00788257 9.9991E-05 0.0480958 0.081629 0.862293
0.000223434 0.000736557 9.9982E-05 9.9982E-05 0.99884
0.00695071 9.9982E-05 0.00820623 9.9982E-05 0.984643
0.000849903 0.142619 9.9991E-05 0.00427637 0.852155
9.9973E-05 0.11634 9.9973E-05 9.9973E-05 0.883361
9.997E-05 9.997E-05 9.997E-05 9.997E-05 0.9996
9.9982E-05 0.0735274 0.0311659 0.895107 9.9982E-05
9.9982E-05 9.9982E-05 0.015271 0.00881412 0.975715
0.0142577 0.443071 0.0190112 0.0396881 0.483972
0.0106698 9.9973E-05 9.9973E-05 9.9973E-05 0.98903
9.9973E-05 9.9973E-05 0.0150319 9.9973E-05 0.984668
9.9973E-05 0.209667 9.9973E-05 9.9973E-05 0.790033
9.9973E-05 0.210167 9.9973E-05 9.9973E-05 0.789533
9.9982E-05 0.663125 9.9982E-05 0.0121355 0.324539
0.9996 9.997E-05 9.997E-05 9.997E-05 9.997E-05
0.00158352 0.511085 0.00368895 0.028173 0.45547
0.0192714 9.9991E-05 0.0404671 0.0594233 0.880738
9.9982E-05 0.0718315 0.00303241 9.9982E-05 0.924936
9.9973E-05 9.9973E-05 9.9973E-05 0.0462004 0.9535
9.9973E-05 9.9973E-05 0.00377856 9.9973E-05 0.995922
0.0317216 9.9982E-05 0.0131093 9.9982E-05 0.954969
9.9973E-05 9.9973E-05 0.00367304 9.9973E-05 0.996027
9.9991E-05 0.583808 0.00598379 0.0291158 0.380992
9.9973E-05 0.000355773 9.9973E-05 9.9973E-05 0.999344
0.0296607 0.119339 0.0243557 0.742707 0.0839382
9.9973E-05 0.271255 9.9973E-05 9.9973E-05 0.728445
0.00723335 0.00799632 0.00243909 0.000354654 0.981977
0.445223 0.0808704 0.119561 0.118484 0.235862
0.0875297 0.0135491 0.0759556 0.132107 0.690858
0.0276287 0.380596 0.0127282 0.0012436 0.577804
0.00548692 0.0834692 0.00419927 9.9991E-05 0.906745
9.9982E-05 9.9982E-05 0.00193155 0.0235023 0.974366
9.997E-05 9.997E-05 0.9996 9.997E-05 9.997E-05
9.9973E-05 0.290203 9.9973E-05 9.9973E-05 0.709497
9.9973E-05 0.248862 9.9973E-05 9.9973E-05 0.750838
9.9973E-05 0.575037 9.9973E-05 9.9973E-05 0.424663
9.9973E-05 0.618261 9.9973E-05 9.9973E-05 0.381439
9.9973E-05 0.681822 9.9973E-05 9.9973E-05 0.317878
9.9973E-05 9.9973E-05 9.9973E-05 0.0176929 0.982007
9.9973E-05 0.255829 9.9973E-05 9.9973E-05 0.743872
9.9973E-05 0.0368868 9.9973E-05 9.9973E-05 0.962813
9.9973E-05 0.401227 9.9973E-05 9.9973E-05 0.598473
0.0691952 0.345444 0.0686729 0.113066 0.403622
9.9982E-05 9.9982E-05 0.00200422 0.011908 0.985888
9.9982E-05 0.506338 9.9982E-05 0.0778687 0.415594
0.0232649 0.484619 9.9982E-05 9.9982E-05 0.491916
0.0250023 0.0807804 9.9982E-05 0.894017 9.9982E-05
0.00497405 9.9973E-05 9.9973E-05 9.9973E-05 0.994726
9.997E-05 9.997E-05 9.997E-05 9.997E-05 0.9996
0.0027115 0.725819 9.9982E-05 9.9982E-05 0.27127
0.9996 9.997E-05 9.997E-05 9.997E-05 9.997E-05
9.9973E-05 0.726824 9.9973E-05 9.9973E-05 0.272876
9.9982E-05 0.089939 9.9982E-05 0.0363178 0.873543
9.9982E-05 9.9982E-05 0.00909827 0.0408124 0.949889
9.9973E-05 0.653244 9.9973E-05 9.9973E-05 0.346456
0.9996 9.997E-05 9.997E-05 9.997E-05 9.997E-05
0.0540996 0.07115 0.0300782 0.752881 0.091791
9.9973E-05 0.212785 9.9973E-05 9.9973E-05 0.786915
9.9973E-05 0.108997 9.9973E-05 9.9973E-05 0.890703
9.9973E-05 0.585103 9.9973E-05 9.9973E-05 0.414597
9.9973E-05 9.9973E-05 9.9973E-05 0.0347026 0.964997
0.099775 0.563423 0.0139515 0.0426893 0.280161
0.538657 0.0443638 0.119883 0.17791 0.119186
9.9982E-05 0.0173563 9.9982E-05 0.0470432 0.935401
9.9973E-05 0.31865 9.9973E-05 9.9973E-05 0.68105
9.997E-05 9.997E-05 9.997E-05 0.9996 9.997E-05
0.00555328 0.0624563 9.9982E-05 9.9982E-05 0.93179
9.9973E-05 0.368367 9.9973E-05 9.9973E-05 0.631333
9.9973E-05 0.0612589 9.9973E-05 9.9973E-05 0.938441
9.9982E-05 0.584445 0.0126083 9.9982E-05 0.402747
0.0123846 0.565083 9.99858E-05 9.99858E-05 0.422332
0.0219373 0.55247 0.00496018 0.0387401 0.381892
0.0278046 0.505388 0.0781591 0.0571228 0.331525
9.9973E-05 0.231804 9.9973E-05 9.9973E-05 0.767896
0.00025049 0.0256085 9.9991E-05 0.000140705 0.9739
0.0177942 0.150528 9.9982E-05 9.9982E-05 0.831478
0.880325 0.00290619 0.0577974 0.0215579 0.0374139
0.00192492 0.00664889 0.00510845 0.0488475 0.93747
0.968847 0.00880514 0.0101945 0.0120529 9.9991E-05
9.9973E-05 0.154998 9.9973E-05 9.9973E-05 0.844702
9.99729E-05 9.99729E-05 9.99729E-05 0.968949 0.0307509
9.99729E-05 0.731836 9.99729E-05 9.99729E-05 0.267864
9.9991E-05 0.667815 0.0288303 0.000575559 0.302679
9.9991E-05 0.650761 0.0453918 0.0175715 0.286176
9.9973E-05 0.291773 9.9973E-05 9.9973E-05 0.707928
0.0509487 0.479721 0.0196384 0.023782 0.42591
0.00652331 9.9973E-05 9.9973E-05 9.9973E-05 0.993177
9.9973E-05 0.387145 9.9973E-05 9.9973E-05 0.612555
0.0617257 0.123896 0.0882164 0.147994 0.578168
0.0217099 0.137087 0.00579957 0.0159999 0.819404
9.9991E-05 0.0554485 0.00699242 0.0121878 0.925271
0.00104928 9.9982E-05 9.9982E-05 0.982762 0.0159892
0.0614387 0.353769 0.0581633 0.165721 0.360908
9.9973E-05 0.00563455 9.9973E-05 0.994066 9.9973E-05
9.9973E-05 0.176274 9.9973E-05 9.9973E-05 0.823427
0.0403574 0.257979 0.0754186 0.165789 0.460456
0.0624045 0.201438 0.0777986 0.162185 0.496174
0.010791 0.121846 9.9982E-05 9.9982E-05 0.867163
9.997E-05 9.997E-05 9.997E-05 9.997E-05 0.9996
0.9983 9.9973E-05 9.9973E-05 0.00139972 9.9973E-05
0.0636341 0.469119 0.0498023 0.163776 0.253668
9.9973E-05 0.152983 9.9973E-05 9.9973E-05 0.846718
0.0919551 9.9991E-05 0.056914 0.522946 0.328085
0.0141757 9.9991E-05 0.00869166 0.00483418 0.972198
9.997E-05 9.997E-05 0.9996 9.997E-05 9.997E-05
0.0204619 0.0485199 0.00680871 9.9991E-05 0.924109
0.0508301 0.00149537 0.65301 0.0389503 0.255714
0.0112699 0.65163 9.9982E-05 9.9982E-05 0.3369
9.9982E-05 9.9982E-05 0.0162663 0.0135401 0.969994
9.9973E-05 9.9973E-05 0.00369035 9.9973E-05 0.99601
0.0393976 0.496851 0.0581416 0.0961865 0.309423
0.00569944 9.9991E-05 0.0132 0.0244694 0.956531
9.9973E-05 0.0173303 9.9973E-05 0.98237 9.9973E-05
0.00568507 9.9982E-05 9.9982E-05 0.00363764 0.990477
9.997E-05 9.997E-05 0.9996 9.997E-05 9.997E-05
9.997E-05 9.997E-05 9.997E-05 9.997E-05 0.9996
9.9982E-05 0.575266 9.9982E-05 0.034063 0.390471
0.0127706 0.439394 0.0092543 9.9991E-05 0.538481
0.0489676 0.491638 0.0407112 0.103119 0.315564
0.0424421 0.338187 0.0528732 0.0594394 0.507058
0.119632 0.35262 0.0379699 0.108253 0.381524
9.997E-05 9.997E-05 9.997E-05 9.997E-05 0.9996
9.9982E-05 0.445111 9.9982E-05 0.0267492 0.52794
9.9982E-05 0.0143591 0.00715475 9.9982E-05 0.978286
0.0465448 0.419714 0.00546419 0.0866091 0.441668
9.9991E-05 0.638802 0.028438 0.0318888 0.300772
9.9991E-05 0.0323707 0.0168878 0.0164141 0.934227
9.9973E-05 0.31634 9.9973E-05 9.9973E-05 0.68336
0.00392469 0.140545 9.9991E-05 0.00453958 0.85089
9.9991E-05 0.0126341 0.00156566 0.00522506 0.980475
0.0557256 0.066112 0.0904942 0.165449 0.622219
0.0155367 0.445236 0.00118269 0.011838 0.526206
9.9991E-05 0.334633 0.0483736 0.0388772 0.578016
0.0304516 0.0444644 0.893963 0.0270385 0.00408266
0.0119558 9.9991E-05 0.00176395 0.023627 0.962553
9.9973E-05 9.9973E-05 9.9973E-05 0.00833121 0.991369
9.9982E-05 0.044172 0.0109051 9.9982E-05 0.944723
9.997E-05 9.997E-05 9.997E-05 0.9996 9.997E-05
9.9982E-05 0.152764 0.00544928 9.9982E-05 0.841587
0.0620969 0.444609 0.0438123 0.0924178 0.357064
0.00306684 0.418549 9.9991E-05 0.0113182 0.566966
0.000372126 9.9982E-05 0.00770296 9.9982E-05 0.991725
0.00449978 0.0547985 0.00137042 0.0200349 0.919296
9.997E-05 9.997E-05 9.997E-05 9.997E-05 0.9996
0.0823715 0.451101 0.040256 0.0724778 0.353794
0.0542825 0.0165325 0.788336 0.0637487 0.0771001
0.0395698 0.518619 0.0788902 0.101856 0.261065
0.00752476 0.295239 9.9982E-05 9.9982E-05 0.697036
0.0229753 9.9991E-05 0.95517 0.0073896 0.014365
9.9991E-05 0.204736 0.0075811 0.0351026 0.75248
9.9973E-05 0.519849 9.9973E-05 9.9973E-05 0.479851
0.0194198 9.9991E-05 0.0134844 0.0397714 0.927224
9.997E-05 9.997E-05 9.997E-05 9.997E-05 0.9996
0.0163428 9.9991E-05 0.00552208 0.00970804 0.968327
0.0166841 0.285349 0.0053257 0.0343894 0.658252
9.99729E-05 9.99729E-05 9.99729E-05 0.957586 0.0421138
0.00266196 9.9973E-05 9.9973E-05 9.9973E-05 0.997038
9.9982E-05 0.693979 9.9982E-05 0.035185 0.270636
9.9973E-05 0.365404 9.9973E-05 9.9973E-05 0.634296
9.9982E-05 9.9982E-05 0.0063367 0.97923 0.0142332
0.0233674 0.590195 0.0273478 0.0627729 0.296317
0.0668657 0.218715 0.11799 0.133755 0.462674
0.00329401 0.531543 9.9991E-05 0.0610703 0.403992
9.9973E-05 9.9973E-05 9.9973E-05 0.930289 0.0694109
9.9973E-05 0.338074 9.9973E-05 9.9973E-05 0.661626
9.997E-05 9.997E-05 0.9996 9.997E-05 9.997E-05
9.9973E-05 0.275139 9.9973E-05 9.9973E-05 0.724561
0.0142775 0.000596097 0.00121022 9.9991E-05 0.983816
9.997E-05 9.997E-05 0.9996 9.997E-05 9.997E-05
9.9973E-05 0.0530255 9.9973E-05 9.9973E-05 0.946675
0.908686 0.0286851 0.0188424 0.014668 0.0291189
0.00774127 0.569043 9.9982E-05 9.9982E-05 0.423015
9.9991E-05 0.00717255 0.00596133 0.0322947 0.954471
0.021418 0.40934 0.0727957 0.160005 0.336441
9.9982E-05 0.170344 0.0157191 9.9982E-05 0.813737
0.0286611 9.9982E-05 0.930138 9.9982E-05 0.0410006
9.9982E-05 0.502406 9.9982E-05 0.0149497 0.482445
