0.145757 9.9991E-05 0.854143
9.999E-05 0.0112924 0.988608
9.999E-05 0.00566479 0.994235
0.17142 0.00623826 0.822341
0.497758 0.0119874 0.490254
0.328144 0.169962 0.501894
0.562015 9.9991E-05 0.437885
0.57867 0.0158765 0.405453
9.9991E-05 0.0271582 0.972742
0.051509 9.9991E-05 0.948391
0.49721 9.9991E-05 0.50269
0.625743 9.9991E-05 0.374157
0.476184 9.9991E-05 0.523716
0.324448 0.177704 0.497848
0.212998 9.9991E-05 0.786902
0.246311 0.0489088 0.70478
0.581608 9.9991E-05 0.418292
0.0234749 0.581716 0.394809
9.9991E-05 0.0240661 0.975834
0.527597 0.0670382 0.405365
0.00976172 9.9991E-05 0.990138
0.521565 9.9991E-05 0.478335
0.449632 9.9991E-05 0.550268
0.574121 0.346053 0.0798259
0.42024 9.9991E-05 0.57966
0.528154 9.9991E-05 0.471746
9.9991E-05 0.00608917 0.993811
0.0512419 9.9991E-05 0.948658
9.999E-05 9.999E-05 0.9998
0.378557 0.128837 0.492606
9.9991E-05 0.0140377 0.985862
9.999E-05 9.999E-05 0.9998
0.383794 0.133971 0.482235
9.999E-05 9.999E-05 0.9998
0.471808 0.0229401 0.505252
0.151579 9.9991E-05 0.848321
0.651344 9.9991E-05 0.348556
0.60443 0.0717446 0.323826
0.509749 9.9991E-05 0.490151
0.424454 0.1523 0.423246
9.9991E-05 0.0220281 0.977872
0.061915 9.9991E-05 0.937985
0.0762444 9.9991E-05 0.923656
0.0951896 0.029062 0.875748
9.9991E-05 0.970662 0.0292379
0.0582239 9.9991E-05 0.941676
9.999E-05 9.999E-05 0.9998
9.9991E-05 0.98017 0.0197302
0.158974 9.9991E-05 0.840926
0.324051 9.9991E-05 0.675849
0.0983206 9.9991E-05 0.901579
0.230802 9.9991E-05 0.769098
0.0726844 0.179582 0.747733
0.412487 0.0154132 0.5721
9.9991E-05 0.105711 0.894189
9.999E-05 9.999E-05 0.9998
9.9991E-05 0.00606345 0.993837
0.119564 9.9991E-05 0.880336
0.0755441 9.9991E-05 0.924356
9.999E-05 9.999E-05 0.9998
0.553444 0.356025 0.090531
9.9991E-05 0.0226846 0.977215
0.419041 0.0197946 0.561164
9.999E-05 9.999E-05 0.9998
9.9991E-05 0.0122302 0.98767
0.154981 9.9991E-05 0.844919
0.154246 9.9991E-05 0.845654
0.593579 9.9991E-05 0.406321
9.9991E-05 0.985294 0.0146057
0.481604 9.9991E-05 0.518296
9.9991E-05 0.0984163 0.901484
0.0517623 0.0100443 0.938193
9.9991E-05 0.0271214 0.972779
9.9991E-05 0.012214 0.987686
9.9991E-05 0.0504161 0.949484
9.999E-05 9.999E-05 0.9998
0.537964 9.9991E-05 0.461936
9.999E-05 9.999E-05 0.9998
0.52418 0.33859 0.13723
0.231758 9.9991E-05 0.768142
9.9991E-05 0.004358 0.995542
0.142064 0.594685 0.263252
0.062754 0.214779 0.722467
0.341647 0.0269811 0.631371
0.0534836 0.00987235 0.936644
9.9991E-05 0.0148244 0.985076
9.999E-05 0.9998 9.999E-05
0.219431 9.9991E-05 0.780469
0.193629 9.9991E-05 0.806271
0.498401 9.9991E-05 0.501499
0.544047 9.9991E-05 0.455853
0.586919 9.9991E-05 0.412981
9.999E-05 9.999E-05 0.9998
0.199746 9.9991E-05 0.800154
0.00481506 9.9991E-05 0.995085
0.339982 9.9991E-05 0.659918
0.383314 0.163879 0.452807
9.9991E-05 0.00982585 0.990074
0.504024 9.9991E-05 0.495876
0.412176 9.9991E-05 0.587724
0.607237 0.373844 0.018919
9.999E-05 9.999E-05 0.9998
9.999E-05 9.999E-05 0.9998
0.616141 9.9991E-05 0.383759
9.9991E-05 0.950413 0.0494867
0.653106 9.9991E-05 0.346794
0.0975529 9.9991E-05 0.902347
9.9991E-05 0.0342483 0.965652
0.557177 9.9991E-05 0.442723
9.9991E-05 0.979014 0.0208857
0.46744 0.377164 0.155396
0.176427 9.9991E-05 0.823473
0.0606199 9.9991E-05 0.93928
0.507693 9.9991E-05 0.492207
9.9991E-05 0.0103907 0.989509
0.521523 0.102242 0.376235
0.128519 0.733312 0.138169
0.0397732 0.0167685 0.943458
0.23667 9.9991E-05 0.76323
0.549088 0.346304 0.104608
0.0345311 9.9991E-05 0.965369
0.31041 9.9991E-05 0.68949
0.0256578 9.9991E-05 0.974242
0.510907 9.9991E-05 0.488993
0.500335 9.9991E-05 0.499565
0.514434 0.00369671 0.48187
0.475485 0.102965 0.42155
0.198655 9.9991E-05 0.801245
0.0162914 0.00108054 0.982628
0.137294 9.9991E-05 0.862606
0.0113439 0.927151 0.0615054
0.011308 0.0203195 0.968372
0.0108829 0.951081 0.0380359
0.141402 9.9991E-05 0.858498
0.452589 0.357601 0.18981
0.655751 9.9991E-05 0.344149
0.611684 9.9991E-05 0.388216
0.602703 0.00304214 0.394255
0.237902 9.9991E-05 0.761998
0.455235 0.0387215 0.506043
9.9991E-05 0.00528744 0.994613
0.329537 9.9991E-05 0.670363
0.16414 0.209132 0.626728
0.0995597 0.02499 0.87545
0.0392648 0.0195692 0.941166
0.473712 0.384201 0.142087
0.418266 0.158005 0.423729
0.603437 0.37862 0.017943
0.152018 9.9991E-05 0.847882
0.316922 0.167047 0.516031
0.284036 0.169798 0.546167
0.0869177 9.9991E-05 0.912982
9.999E-05 9.999E-05 0.9998
9.9991E-05 0.979143 0.0207566
0.517509 0.129132 0.353359
0.132528 9.9991E-05 0.867372
0.270055 0.358698 0.371247
9.9991E-05 0.0203258 0.979574
9.999E-05 0.9998 9.999E-05
0.0140499 0.0191421 0.966808
9.9991E-05 0.761491 0.238409
0.59096 9.9991E-05 0.40894
9.9991E-05 0.0119152 0.987985
9.9991E-05 0.0083649 0.991535
0.518135 0.100935 0.38093
9.9991E-05 0.0321054 0.967795
0.594266 0.342548 0.0631865
9.999E-05 9.999E-05 0.9998
9.999E-05 0.9998 9.999E-05
9.999E-05 9.999E-05 0.9998
0.514684 9.9991E-05 0.485216
0.411784 9.9991E-05 0.588116
0.51937 0.101853 0.378777
0.339593 0.0963688 0.564038
0.355421 0.187524 0.457054
9.999E-05 9.999E-05 0.9998
0.413002 9.9991E-05 0.586898
0.00239972 0.00676291 0.990837
0.44069 0.0665435 0.492767
0.624894 9.9991E-05 0.375006
0.0132138 0.0255702 0.961216
0.276818 9.9991E-05 0.723082
0.117268 9.9991E-05 0.882632
9.9991E-05 0.00282532 0.997075
0.145952 0.217532 0.636516
0.398905 9.9991E-05 0.600995
0.315867 0.0533494 0.630784
0.0223291 0.977571 9.9991E-05
9.9991E-05 0.0271884 0.972712
9.999E-05 9.999E-05 0.9998
0.0160337 0.00753019 0.976436
0.479327 0.372567 0.148106
0.126066 9.9991E-05 0.873834
0.456769 0.115699 0.427531
0.367802 9.9991E-05 0.632098
9.9991E-05 0.0047259 0.995174
0.0489376 0.00894084 0.942122
9.999E-05 9.999E-05 0.9998
0.450392 0.130624 0.418985
0.00884469 0.915452 0.075703
0.516951 0.133321 0.349728
0.253593 9.9991E-05 0.746307
9.999E-05 0.9998 9.999E-05
0.20435 0.0170166 0.778633
0.444233 9.9991E-05 0.555667
0.00412456 0.0424112 0.953464
9.9991E-05 0.000416734 0.999483
9.9991E-05 0.0254319 0.974468
0.276175 0.0187981 0.705027
0.443794 0.366616 0.18959
9.999E-05 9.999E-05 0.9998
0.642501 9.9991E-05 0.357399
0.300312 9.9991E-05 0.699588
0.498497 0.3744 0.127103
0.59679 0.0297215 0.373489
0.249536 0.231062 0.519402
0.52712 9.9991E-05 0.47278
0.477723 0.331935 0.190342
0.256131 9.9991E-05 0.743769
9.999E-05 0.9998 9.999E-05
0.221193 9.9991E-05 0.778707
9.9991E-05 0.00191237 0.997988
9.999E-05 0.9998 9.999E-05
0.00247475 9.9991E-05 0.997425
0.0212892 0.890996 0.0877144
0.480275 9.9991E-05 0.519625
0.00275403 0.0150579 0.982188
0.455792 0.140527 0.403681
0.128218 9.9991E-05 0.871682
9.999E-05 0.9998 9.999E-05
0.45079 9.9991E-05 0.54911
