0.339423 0.0170797 9.9964E-05 0.0097768 9.9964E-05 9.9964E-05 0.605421 0.0278998 9.9964E-05
9.9937E-05 9.9937E-05 9.9937E-05 0.039635 9.9937E-05 9.9937E-05 0.959665 9.9937E-05 9.9937E-05
0.0437682 9.9946E-05 9.9946E-05 9.9946E-05 9.9946E-05 9.9946E-05 0.938631 9.9946E-05 0.017001
0.388994 0.00154461 0.00199408 0.0723004 9.9973E-05 0.008187 0.52668 9.9973E-05 9.9973E-05
0.398006 9.9973E-05 0.0359253 0.26948 0.0564891 9.9973E-05 0.102977 0.136823 9.9973E-05
0.0488771 0.00323724 0.019225 0.738176 9.9973E-05 9.9973E-05 0.168084 0.0221007 9.9973E-05
0.0011763 9.9964E-05 9.9964E-05 0.330861 9.9964E-05 9.9964E-05 0.11824 0.533451 0.0158719
0.451031 9.99461E-05 9.99461E-05 0.324994 9.99461E-05 9.99461E-05 9.99461E-05 0.223376 9.99461E-05
0.0188314 0.0215176 0.0125794 9.9982E-05 0.006878 0.00516565 0.910538 0.0242895 9.9982E-05
0.274773 9.9937E-05 9.9937E-05 9.9937E-05 9.9937E-05 9.9937E-05 0.724528 9.9937E-05 9.9937E-05
0.394216 0.0126966 9.9973E-05 9.9973E-05 0.0118663 9.9973E-05 0.180402 0.349066 0.051454
0.49422 9.9964E-05 9.9964E-05 9.9964E-05 0.298755 9.9964E-05 0.00330737 0.159439 0.043878
0.438862 9.9964E-05 9.9964E-05 0.0399139 9.9964E-05 9.9964E-05 0.187806 0.330938 0.00207991
9.9955E-05 9.9955E-05 9.9955E-05 0.821059 9.9955E-05 9.9955E-05 0.103709 0.0518805 0.022852
0.551666 0.00453701 9.9946E-05 9.9946E-05 9.9946E-05 9.9946E-05 0.443197 9.9946E-05 9.9946E-05
0.17081 0.000704155 9.9982E-05 0.28732 0.0620054 0.000167734 0.428565 0.050229 9.9982E-05
0.0488927 9.9964E-05 9.9964E-05 9.9964E-05 0.274558 9.9964E-05 0.173516 0.482209 0.0204238
9.9964E-05 0.425895 9.9964E-05 0.256944 9.9964E-05 0.0248968 0.219708 9.9964E-05 0.0721556
9.9946E-05 0.000265976 9.9946E-05 0.046422 9.9946E-05 9.9946E-05 0.952712 9.9946E-05 9.9946E-05
0.239747 9.9982E-05 9.9982E-05 0.318176 0.0161516 0.0254874 0.016274 0.333402 0.0505624
0.0926579 9.9955E-05 9.9955E-05 9.9955E-05 0.00586591 9.9955E-05 0.897329 9.9955E-05 0.00364725
0.293362 9.9964E-05 0.0191762 9.9964E-05 0.0939436 9.9964E-05 0.169181 0.423937 9.9964E-05
0.556492 9.9973E-05 0.0145837 0.0313437 0.165698 9.9973E-05 0.187387 0.0441953 9.9973E-05
0.0389604 9.9946E-05 0.529281 9.9946E-05 9.9946E-05 9.9946E-05 9.9946E-05 9.9946E-05 0.431159
0.401595 9.9955E-05 9.9955E-05 9.9955E-05 9.9955E-05 9.9955E-05 0.255656 0.323577 0.0186726
0.191098 9.9973E-05 9.9973E-05 0.19789 9.9973E-05 0.00496632 0.146097 0.447477 0.0121724
0.140559 0.0044233 0.00037861 9.9955E-05 9.9955E-05 9.9955E-05 0.85414 9.9955E-05 9.9955E-05
0.268363 9.9937E-05 9.9937E-05 9.9937E-05 9.9937E-05 9.9937E-05 0.730937 9.9937E-05 9.9937E-05
0.010999 9.9937E-05 9.9937E-05 9.9937E-05 9.9937E-05 9.9937E-05 0.988301 9.9937E-05 9.9937E-05
0.103081 9.9973E-05 9.9973E-05 0.640751 0.0553174 9.9973E-05 0.0978308 0.0397168 0.063003
9.9946E-05 9.9946E-05 9.9946E-05 0.0319685 0.00345738 9.9946E-05 0.963974 9.9946E-05 9.9946E-05
9.9946E-05 9.9946E-05 9.9946E-05 9.9946E-05 9.9946E-05 9.9946E-05 0.980612 0.00373756 0.0150509
9.9946E-05 9.9946E-05 9.9946E-05 0.693371 9.9946E-05 9.9946E-05 0.123298 0.182731 9.9946E-05
9.99496E-05 9.99496E-05 0.0151671 0.00158686 9.99496E-05 9.99496E-05 0.982646 9.99496E-05 9.99496E-05
0.081226 0.00599876 9.9973E-05 0.0561342 0.664066 0.00591692 0.186358 9.9973E-05 9.9973E-05
0.496967 9.9937E-05 9.9937E-05 9.9937E-05 9.9937E-05 9.9937E-05 0.502333 9.9937E-05 9.9937E-05
0.24876 9.9946E-05 9.9946E-05 9.9946E-05 0.712645 9.9946E-05 9.9946E-05 9.9946E-05 0.0379959
9.9955E-05 0.000634782 0.00588747 0.500094 9.9955E-05 9.9955E-05 9.9955E-05 0.492884 9.9955E-05
0.557031 9.9973E-05 0.0641616 0.0491112 0.0826694 9.9973E-05 0.101076 0.145652 9.9973E-05
0.178583 9.9964E-05 0.0131149 0.723433 0.0616937 9.9964E-05 0.0227762 9.9964E-05 9.9964E-05
9.9955E-05 9.9955E-05 0.00540132 9.9955E-05 9.9955E-05 9.9955E-05 0.961541 0.0129629 0.0195946
0.214212 9.9946E-05 9.9946E-05 9.9946E-05 9.9946E-05 9.9946E-05 0.763638 0.0215508 9.9946E-05
0.308738 9.9946E-05 9.9946E-05 9.9946E-05 9.9946E-05 0.00964386 0.681018 9.9946E-05 9.9946E-05
0.241403 0.0224282 9.9955E-05 0.0819522 9.9955E-05 9.9955E-05 0.653717 9.9955E-05 9.9955E-05
9.993E-05 0.999201 9.993E-05 9.993E-05 9.993E-05 9.993E-05 9.993E-05 9.993E-05 9.993E-05
9.9946E-05 9.9946E-05 9.9946E-05 9.9946E-05 0.0452364 9.9946E-05 0.874993 0.079171 9.9946E-05
0.174809 9.9937E-05 9.9937E-05 9.9937E-05 9.9937E-05 9.9937E-05 0.824491 9.9937E-05 9.9937E-05
9.993E-05 0.999201 9.993E-05 9.993E-05 9.993E-05 9.993E-05 9.993E-05 9.993E-05 9.993E-05
0.421328 9.99369E-05 9.99369E-05 9.99369E-05 9.99369E-05 9.99369E-05 0.577972 9.99369E-05 9.99369E-05
0.430653 9.9973E-05 9.9973E-05 9.9973E-05 0.0566893 0.0083498 0.357059 0.135273 0.0116755
0.361963 9.99369E-05 9.99369E-05 9.99369E-05 9.99369E-05 9.99369E-05 0.637337 9.99369E-05 9.99369E-05
0.482762 9.9955E-05 0.00544609 9.9955E-05 9.9955E-05 9.9955E-05 0.494947 0.0163452 9.9955E-05
9.9964E-05 0.0258536 9.9964E-05 0.418474 9.9964E-05 0.0190813 0.512815 9.9964E-05 0.0233764
0.515066 9.99639E-05 0.0550817 0.244691 9.99639E-05 9.99639E-05 0.131055 0.053706 9.99639E-05
9.995E-05 9.995E-05 0.0379527 0.145228 9.995E-05 0.0269961 0.789323 9.995E-05 9.995E-05
0.107828 0.00676799 9.9946E-05 9.9946E-05 9.9946E-05 9.9946E-05 0.884804 9.9946E-05 9.9946E-05
9.9946E-05 9.9946E-05 9.9946E-05 0.00489931 9.9946E-05 9.9946E-05 0.96421 0.0302905 9.9946E-05
0.271696 0.00360455 0.0063596 0.0010881 0.0237392 9.9973E-05 0.693213 9.9973E-05 9.9973E-05
0.298025 9.9937E-05 9.9937E-05 9.9937E-05 9.9937E-05 9.9937E-05 0.701275 9.9937E-05 9.9937E-05
0.0534678 9.9946E-05 9.9946E-05 9.9946E-05 0.00637714 9.9946E-05 0.939555 9.9946E-05 9.9946E-05
9.9937E-05 9.9937E-05 0.188184 9.9937E-05 9.9937E-05 9.9937E-05 9.9937E-05 9.9937E-05 0.811117
9.9955E-05 9.9955E-05 0.00793279 9.9955E-05 9.9955E-05 0.00870435 0.949092 0.0337706 9.9955E-05
0.498495 9.9973E-05 9.9973E-05 0.0571705 0.136205 0.0215253 0.196199 9.9973E-05 0.0901053
0.0107133 0.00258844 9.9955E-05 9.9955E-05 9.9955E-05 9.9955E-05 0.961389 0.0248091 9.9955E-05
9.9955E-05 9.9955E-05 9.9955E-05 0.0267773 9.9955E-05 0.00187715 0.970269 9.9955E-05 0.000576806
0.384978 9.9955E-05 9.9955E-05 9.9955E-05 9.9955E-05 9.9955E-05 0.599579 0.0036018 0.0113409
0.361355 9.9946E-05 9.9946E-05 9.9946E-05 9.9946E-05 9.9946E-05 0.596061 0.0419837 9.9946E-05
9.9955E-05 9.9955E-05 0.0312444 9.9955E-05 0.107644 9.9955E-05 0.161811 0.6988 9.9955E-05
9.993E-05 0.999201 9.993E-05 9.993E-05 9.993E-05 9.993E-05 9.993E-05 9.993E-05 9.993E-05
0.610937 9.996E-05 0.00985816 0.27814 9.996E-05 9.996E-05 0.0620231 0.0386419 9.996E-05
9.99639E-05 0.00494699 0.0328866 0.111472 9.99639E-05 0.0260633 0.824231 9.99639E-05 9.99639E-05
0.20198 9.9955E-05 0.0133567 9.9955E-05 9.9955E-05 0.0114963 0.772667 9.9955E-05 9.9955E-05
9.9937E-05 9.9937E-05 9.9937E-05 9.9937E-05 9.9937E-05 9.9937E-05 0.949301 9.9937E-05 0.0499999
9.9955E-05 0.00229996 0.00320825 9.9955E-05 0.00927846 9.9955E-05 0.984714 9.9955E-05 9.9955E-05
9.9973E-05 0.0206125 9.9973E-05 0.0466677 0.00358841 0.000469688 0.926438 0.00192424 9.9973E-05
0.0299841 9.9946E-05 9.9946E-05 9.9946E-05 9.9946E-05 9.9946E-05 0.959844 0.00957191 9.9946E-05
0.173121 9.9973E-05 0.0097332 0.210272 0.00709474 9.9973E-05 0.115779 0.483699 9.9973E-05
0.0306009 9.9946E-05 9.9946E-05 9.9946E-05 9.9946E-05 9.9946E-05 0.932089 0.0367105 9.9946E-05
9.9955E-05 9.9955E-05 0.104255 9.9955E-05 0.0482391 9.9955E-05 0.0690277 9.9955E-05 0.777978
0.45184 9.9955E-05 0.0314461 9.9955E-05 9.9955E-05 9.9955E-05 0.499305 0.0169095 9.9955E-05
0.100705 0.00351225 0.0187227 9.9955E-05 9.9955E-05 9.9955E-05 0.87656 9.9955E-05 9.9955E-05
9.9973E-05 0.363934 9.9973E-05 0.220459 9.9973E-05 0.0771264 0.0946685 0.0149699 0.228543
9.9964E-05 0.0438102 0.0176228 0.501641 9.9964E-05 0.00421078 0.432316 9.9964E-05 9.9964E-05
0.450352 0.00233471 9.9955E-05 0.314836 9.9955E-05 9.9955E-05 0.231978 9.9955E-05 9.9955E-05
0.221499 0.000231955 9.9955E-05 9.9955E-05 9.9955E-05 0.0120872 0.765682 9.9955E-05 9.9955E-05
9.9955E-05 9.9955E-05 9.9955E-05 0.0238146 0.00553474 9.9955E-05 0.949742 9.9955E-05 0.0204086
9.993E-05 9.993E-05 9.993E-05 9.993E-05 9.993E-05 0.999201 9.993E-05 9.993E-05 9.993E-05
0.510748 0.0109671 9.99549E-05 9.99549E-05 9.99549E-05 9.99549E-05 0.473767 0.00401795 9.99549E-05
0.510196 9.99459E-05 0.00437741 9.99459E-05 9.99459E-05 9.99459E-05 0.484827 9.99459E-05 9.99459E-05
0.352556 9.9955E-05 9.9955E-05 0.0617696 9.9955E-05 9.9955E-05 0.14604 0.439135 9.9955E-05
0.474288 9.9964E-05 9.9964E-05 9.9964E-05 0.167328 9.9964E-05 0.0805062 0.240473 0.037005
0.21465 9.9946E-05 9.9946E-05 9.9946E-05 9.9946E-05 9.9946E-05 0.0938315 0.690918 9.9946E-05
9.9946E-05 9.9946E-05 0.00366572 0.00160885 9.9946E-05 9.9946E-05 0.994126 9.9946E-05 9.9946E-05
0.52443 9.9937E-05 9.9937E-05 9.9937E-05 9.9937E-05 9.9937E-05 0.47487 9.9937E-05 9.9937E-05
0.119737 0.000493867 9.9946E-05 9.9946E-05 9.9946E-05 9.9946E-05 0.879169 9.9946E-05 9.9946E-05
0.644233 9.9955E-05 0.00139543 0.0613531 9.9955E-05 9.9955E-05 0.292519 9.9955E-05 9.9955E-05
0.0332906 0.00182081 0.0163938 0.753822 0.0201557 9.9982E-05 0.081444 0.0928736 9.9982E-05
9.9955E-05 9.9955E-05 0.00281803 0.0329183 9.9955E-05 9.9955E-05 0.960654 9.9955E-05 0.00311026
0.548654 9.9964E-05 0.063778 0.126645 0.179264 9.9964E-05 0.0812585 9.9964E-05 9.9964E-05
0.642596 0.0114253 9.9973E-05 0.104519 0.0781401 0.00644864 0.156572 9.9973E-05 9.9973E-05
9.9937E-05 9.9937E-05 0.264349 9.9937E-05 9.9937E-05 9.9937E-05 9.9937E-05 9.9937E-05 0.734952
0.0384506 0.00491731 9.9964E-05 9.9964E-05 0.00393599 9.9964E-05 0.937904 0.0143921 9.9964E-05
9.993E-05 9.993E-05 9.993E-05 9.993E-05 9.993E-05 9.993E-05 0.999201 9.993E-05 9.993E-05
0.350039 0.0337322 9.9964E-05 9.9964E-05 0.0844814 9.9964E-05 0.0142897 0.517058 9.9964E-05
9.993E-05 0.999201 9.993E-05 9.993E-05 9.993E-05 9.993E-05 9.993E-05 9.993E-05 9.993E-05
0.0161679 0.0123164 9.99639E-05 9.99639E-05 9.99639E-05 0.00554526 0.0538353 0.911735 9.99639E-05
0.250647 9.9946E-05 0.0268447 9.9946E-05 9.9946E-05 9.9946E-05 0.721909 9.9946E-05 9.9946E-05
9.9964E-05 9.9964E-05 0.00189282 0.0281809 9.9964E-05 0.00487287 0.931332 9.9964E-05 0.0333214
0.251964 9.9946E-05 9.9946E-05 9.9946E-05 9.9946E-05 9.9946E-05 0.116937 0.630499 9.9946E-05
9.993E-05 0.999201 9.993E-05 9.993E-05 9.993E-05 9.993E-05 9.993E-05 9.993E-05 9.993E-05
9.99549E-05 9.99549E-05 0.024178 0.0733999 9.99549E-05 9.99549E-05 0.0330272 9.99549E-05 0.868895
0.240239 0.00269156 9.9955E-05 9.9955E-05 9.9955E-05 9.9955E-05 0.642181 0.114389 9.9955E-05
0.304364 9.9937E-05 9.9937E-05 9.9937E-05 9.9937E-05 9.9937E-05 0.694937 9.9937E-05 9.9937E-05
0.42937 9.9964E-05 0.00632902 9.9964E-05 0.0407727 9.9964E-05 0.16089 0.362238 9.9964E-05
9.9946E-05 0.00435022 0.02925 9.9946E-05 9.9946E-05 9.9946E-05 0.9658 9.9946E-05 9.9946E-05
9.9964E-05 0.0505714 9.9964E-05 0.373401 9.9964E-05 9.9964E-05 0.0478299 0.525383 0.00241507
9.9982E-05 0.493925 9.9982E-05 0.0740637 0.000701798 0.102694 0.0755284 0.0254024 0.227485
0.101875 9.9964E-05 0.02968 9.9964E-05 0.0131886 9.9964E-05 0.835936 9.9964E-05 0.0189205
0.457979 0.0003854 9.99549E-05 9.99549E-05 9.99549E-05 9.99549E-05 0.453359 0.0877771 9.99549E-05
9.9946E-05 9.9946E-05 0.946851 9.9946E-05 9.9946E-05 9.9946E-05 9.9946E-05 0.00928562 0.0432639
0.111399 9.9955E-05 9.9955E-05 9.9955E-05 0.0283029 9.9955E-05 0.834044 0.0257541 9.9955E-05
0.674638 9.9946E-05 9.9946E-05 9.9946E-05 9.9946E-05 9.9946E-05 0.32059 9.9946E-05 0.00417169
0.249501 9.9937E-05 9.9937E-05 9.9937E-05 9.9937E-05 9.9937E-05 0.749799 9.9937E-05 9.9937E-05
9.9955E-05 9.9955E-05 9.9955E-05 9.9955E-05 9.9955E-05 0.000782936 0.247931 0.700242 0.0505435
0.228287 0.00485743 9.997E-05 0.116296 9.997E-05 0.00232308 0.17068 0.477257 9.997E-05
0.339233 0.000786319 9.9973E-05 0.0599079 0.451199 9.9973E-05 0.0952156 9.9973E-05 0.0533584
9.99639E-05 9.99639E-05 9.99639E-05 0.380445 0.383303 0.0102376 0.0813513 0.144263 9.99639E-05
0.477381 9.9946E-05 0.00883702 9.9946E-05 9.9946E-05 9.9946E-05 0.513182 9.9946E-05 9.9946E-05
0.137995 9.9946E-05 0.0140227 9.9946E-05 9.9946E-05 9.9946E-05 0.847383 9.9946E-05 9.9946E-05
0.368791 0.00912531 0.0221984 9.9955E-05 9.9955E-05 9.9955E-05 0.599386 9.9955E-05 9.9955E-05
9.9964E-05 0.847277 9.9964E-05 0.00632457 9.9964E-05 0.0616304 9.9964E-05 0.0402923 0.044076
0.00370263 9.9973E-05 0.0178554 0.0190731 0.0430293 9.9973E-05 0.894155 9.9973E-05 0.0218848
0.0160964 0.95975 0.0177236 9.9955E-05 9.9955E-05 0.00593041 9.9955E-05 9.9955E-05 9.9955E-05
0.389818 9.9955E-05 0.00856002 9.9955E-05 9.9955E-05 9.9955E-05 0.600121 9.9955E-05 0.00100117
9.99369E-05 9.99369E-05 0.943436 9.99369E-05 9.99369E-05 9.99369E-05 0.0558647 9.99369E-05 9.99369E-05
0.368864 9.99459E-05 9.99459E-05 9.99459E-05 0.180343 9.99459E-05 9.99459E-05 0.450194 9.99459E-05
9.9955E-05 9.9955E-05 9.9955E-05 0.148813 9.9955E-05 9.9955E-05 0.0833973 0.739227 0.0280631
0.242716 9.9991E-05 0.0418358 0.0499662 0.0711924 0.0281325 0.0722028 0.489556 0.00429812
0.53484 9.9955E-05 0.00498767 9.9955E-05 9.9955E-05 9.9955E-05 0.449458 9.9955E-05 0.0102148
0.186727 0.0356807 9.99836E-05 0.117725 0.31765 9.99836E-05 0.198133 0.137425 0.00645933
0.0687277 9.9946E-05 9.9946E-05 0.0173689 9.9946E-05 9.9946E-05 0.913304 9.9946E-05 9.9946E-05
0.530944 9.9955E-05 0.0120772 9.9955E-05 9.9955E-05 9.9955E-05 0.31734 0.139138 9.9955E-05
9.9973E-05 0.0104348 9.9973E-05 0.637467 0.00649911 0.0203679 0.286559 9.9973E-05 0.0383729
0.193026 0.00789694 9.9973E-05 0.100875 0.0291039 0.00637899 0.662419 9.9973E-05 9.9973E-05
0.171354 9.9955E-05 9.9955E-05 0.0126639 9.9955E-05 0.00720962 0.808273 9.9955E-05 9.9955E-05
9.99549E-05 0.0114157 0.951811 0.0243701 9.99549E-05 9.99549E-05 0.0119031 9.99549E-05 9.99549E-05
0.139447 9.9973E-05 0.0551814 0.726513 0.0409227 9.9973E-05 0.0300403 0.00759565 9.9973E-05
9.99461E-05 9.99461E-05 0.929892 9.99461E-05 9.99461E-05 9.99461E-05 9.99461E-05 0.0278726 0.0416355
0.389711 0.00579677 0.0101308 9.9955E-05 9.9955E-05 9.9955E-05 0.593861 9.9955E-05 9.9955E-05
0.114363 9.9964E-05 9.9964E-05 0.568985 9.9964E-05 0.00188314 0.185429 9.9964E-05 0.12894
0.0287659 9.9955E-05 0.0394231 0.746652 9.9955E-05 9.9955E-05 0.184659 9.9955E-05 9.9955E-05
0.265677 0.0227733 0.00139948 9.9964E-05 9.9964E-05 9.9964E-05 0.696581 0.013169 9.9964E-05
9.9937E-05 9.9937E-05 9.9937E-05 9.9937E-05 9.9937E-05 9.9937E-05 0.979332 0.0199687 9.9937E-05
9.9937E-05 0.990386 0.00891414 9.9937E-05 9.9937E-05 9.9937E-05 9.9937E-05 9.9937E-05 9.9937E-05
9.99549E-05 9.99549E-05 0.0335856 0.577475 0.355945 9.99549E-05 9.99549E-05 0.0324945 9.99549E-05
0.357679 0.00370311 9.9946E-05 9.9946E-05 9.9946E-05 9.9946E-05 0.638018 9.9946E-05 9.9946E-05
9.99639E-05 0.0240238 9.99639E-05 0.144815 9.99639E-05 0.023362 0.20236 9.99639E-05 0.60504
9.9955E-05 0.00891674 0.00914533 0.0156192 9.9955E-05 9.9955E-05 0.965819 9.9955E-05 9.9955E-05
9.993E-05 9.993E-05 9.993E-05 9.993E-05 9.993E-05 0.999201 9.993E-05 9.993E-05 9.993E-05
0.130549 0.00899804 9.996E-05 0.0258939 9.996E-05 0.00919403 0.824965 9.996E-05 9.996E-05
9.9955E-05 0.0331078 9.9955E-05 0.220248 9.9955E-05 0.612532 0.133613 9.9955E-05 9.9955E-05
0.338715 0.00482275 9.9973E-05 9.9973E-05 0.257234 9.9973E-05 0.0622796 0.332042 0.00460596
9.9964E-05 9.9964E-05 9.9964E-05 0.00970968 0.0113693 9.9964E-05 0.964919 0.0059643 0.00763821
9.993E-05 9.993E-05 9.993E-05 9.993E-05 9.993E-05 9.993E-05 0.999201 9.993E-05 9.993E-05
9.99639E-05 0.0144164 9.99639E-05 0.299441 0.599923 9.99639E-05 0.0647562 9.99639E-05 0.021063
9.9955E-05 9.9955E-05 0.0163013 0.0911382 9.9955E-05 0.000373555 0.891687 9.9955E-05 9.9955E-05
9.9946E-05 9.9946E-05 0.738344 9.9946E-05 0.00368215 9.9946E-05 9.9946E-05 9.9946E-05 0.257374
0.0118106 0.000989094 9.9955E-05 9.9955E-05 9.9955E-05 9.9955E-05 0.982365 9.9955E-05 0.00433504
9.993E-05 9.993E-05 9.993E-05 9.993E-05 9.993E-05 0.999201 9.993E-05 9.993E-05 9.993E-05
0.00372899 9.9937E-05 9.9937E-05 9.9937E-05 9.9937E-05 9.9937E-05 0.995571 9.9937E-05 9.9937E-05
0.660758 9.9964E-05 0.0230611 0.148913 0.155133 9.9964E-05 0.0117355 9.9964E-05 9.9964E-05
0.437204 0.00978953 9.9973E-05 0.105068 9.9973E-05 0.0112738 0.236655 0.199711 9.9973E-05
9.9955E-05 9.9955E-05 0.010265 0.307561 0.614116 9.9955E-05 0.0675582 9.9955E-05 9.9955E-05
0.329636 0.00559384 0.00518985 0.47519 0.0115702 0.00954028 0.16308 9.9982E-05 9.9982E-05
0.141445 0.0445493 0.00212132 0.729966 9.9973E-05 9.9973E-05 0.0542487 0.0273704 9.9973E-05
9.9937E-05 9.9937E-05 9.9937E-05 9.9937E-05 9.9937E-05 9.9937E-05 0.996839 0.00246118 9.9937E-05
0.506553 9.9964E-05 0.072537 9.9964E-05 0.0303302 9.9964E-05 0.248296 0.141884 9.9964E-05
0.135524 9.99387E-05 9.99387E-05 9.99387E-05 9.99387E-05 9.99387E-05 0.863776 9.99387E-05 9.99387E-05
0.520329 0.0160792 9.9964E-05 0.317948 9.9964E-05 9.9964E-05 0.0825261 9.9964E-05 0.0627178
9.99369E-05 9.99369E-05 9.99369E-05 9.99369E-05 0.970192 9.99369E-05 0.029108 9.99369E-05 9.99369E-05
0.10057 9.9964E-05 9.9964E-05 0.0246778 9.9964E-05 0.00795294 0.838494 9.9964E-05 0.0279051
0.670033 0.000890852 9.9946E-05 9.9946E-05 9.9946E-05 9.9946E-05 0.328476 9.9946E-05 9.9946E-05
0.329954 0.00724529 9.996E-05 9.996E-05 9.996E-05 0.000388228 0.63713 9.996E-05 0.024883
9.9955E-05 9.9955E-05 9.9955E-05 0.0489983 9.9955E-05 9.9955E-05 0.921252 0.0222381 0.00701209
9.9964E-05 0.00983947 0.0675007 0.532159 9.9964E-05 0.0244316 0.36567 9.9964E-05 9.9964E-05
0.472977 0.00424467 9.9964E-05 0.208785 9.9964E-05 9.9964E-05 0.212044 0.101549 9.9964E-05
0.392077 9.9964E-05 9.9964E-05 0.286949 9.9964E-05 0.0167833 0.267716 9.9964E-05 0.0360753
9.9964E-05 0.00974771 0.0249088 9.9964E-05 0.0454615 0.903621 9.9964E-05 9.9964E-05 0.0158613
9.9946E-05 9.9946E-05 9.9946E-05 0.0816125 9.9946E-05 9.9946E-05 0.904775 9.9946E-05 0.0130125
9.9937E-05 9.9937E-05 9.9937E-05 0.0143655 9.9937E-05 9.9937E-05 0.984935 9.9937E-05 9.9937E-05
0.144165 9.9955E-05 9.9955E-05 0.0234315 9.9955E-05 0.0109221 0.820981 9.9955E-05 9.9955E-05
9.9955E-05 0.00621792 0.966827 9.9955E-05 9.9955E-05 0.0066339 0.0198215 9.9955E-05 9.9955E-05
0.289163 9.9964E-05 9.9964E-05 0.0670507 9.9964E-05 0.00839873 0.634679 9.9964E-05 0.000308035
9.9955E-05 9.9955E-05 9.9955E-05 0.711942 9.9955E-05 9.9955E-05 0.0520778 0.230782 0.00469844
0.40451 9.9964E-05 0.0238425 9.9964E-05 0.110262 9.9964E-05 0.327991 0.132994 9.9964E-05
9.9946E-05 9.9946E-05 0.00554158 0.00456951 9.9946E-05 9.9946E-05 0.989289 9.9946E-05 9.9946E-05
0.0644896 9.996E-05 9.996E-05 0.078999 9.996E-05 9.996E-05 0.808892 0.0278931 0.0193269
0.0107514 9.9946E-05 9.9946E-05 0.0033682 9.9946E-05 9.9946E-05 0.985281 9.9946E-05 9.9946E-05
9.9955E-05 0.0290968 9.9955E-05 0.612612 9.9955E-05 9.9955E-05 0.0507613 0.30703 9.9955E-05
9.9964E-05 0.0225507 0.0684402 0.110763 9.9964E-05 0.789752 0.00809356 9.9964E-05 9.9964E-05
9.9946E-05 9.9946E-05 9.9946E-05 0.552091 0.443576 9.9946E-05 9.9946E-05 0.0037332 9.9946E-05
0.33467 0.0204062 9.9955E-05 9.9955E-05 9.9955E-05 9.9955E-05 0.509884 0.13454 9.9955E-05
9.9955E-05 0.000495939 9.9955E-05 0.0172232 9.9955E-05 0.961953 9.9955E-05 9.9955E-05 0.0198278
0.305182 9.997E-05 0.0311697 0.0941839 0.0492172 0.00601727 0.51393 9.997E-05 9.997E-05
0.388317 9.99549E-05 9.99549E-05 9.99549E-05 0.0294787 9.99549E-05 0.24056 0.341145 9.99549E-05
9.9982E-05 0.000893057 0.00553606 0.057958 9.9982E-05 0.00788024 0.889946 0.00860322 0.0289838
9.9937E-05 0.0113698 9.9937E-05 9.9937E-05 9.9937E-05 9.9937E-05 0.987931 9.9937E-05 9.9937E-05
9.9973E-05 0.00678626 0.000339128 0.0222058 9.9973E-05 9.9973E-05 0.947887 0.017165 0.00531682
0.335164 9.9946E-05 9.9946E-05 0.287161 9.9946E-05 9.9946E-05 0.377075 9.9946E-05 9.9946E-05
9.99459E-05 0.010459 0.95153 9.99459E-05 9.99459E-05 9.99459E-05 0.037411 9.99459E-05 9.99459E-05
0.046311 9.9937E-05 9.9937E-05 9.9937E-05 9.9937E-05 9.9937E-05 0.952989 9.9937E-05 9.9937E-05
9.9955E-05 9.9955E-05 0.00673988 9.9955E-05 0.519917 9.9955E-05 0.0882645 0.384579 9.9955E-05
0.588084 9.9955E-05 9.9955E-05 0.0436931 9.9955E-05 9.9955E-05 0.324114 0.0436092 9.9955E-05
0.0191426 9.9964E-05 0.946437 0.00148602 9.9964E-05 0.024526 0.00800808 9.9964E-05 9.9964E-05
9.9964E-05 9.9964E-05 0.0145957 0.350653 0.161688 9.9964E-05 0.0352609 0.437403 9.9964E-05
0.045793 9.9964E-05 9.9964E-05 0.769708 9.9964E-05 0.0358568 0.122426 9.9964E-05 0.0258164
0.416315 9.9973E-05 0.0111059 0.2502 9.9973E-05 9.9973E-05 0.0820814 0.206195 0.033802
0.00142503 9.9955E-05 0.900011 9.9955E-05 9.9955E-05 9.9955E-05 0.086396 0.0116681 9.9955E-05
0.514534 9.9946E-05 9.9946E-05 9.9946E-05 9.9946E-05 9.9946E-05 0.401685 0.0831809 9.9946E-05
9.993E-05 9.993E-05 9.993E-05 9.993E-05 9.993E-05 0.999201 9.993E-05 9.993E-05 9.993E-05
0.480123 0.0072073 9.997E-05 9.997E-05 9.997E-05 0.00269181 0.486793 0.0197801 0.00310541
0.100703 0.0125412 9.9946E-05 9.9946E-05 9.9946E-05 9.9946E-05 0.886156 9.9946E-05 9.9946E-05
9.993E-05 9.993E-05 9.993E-05 9.993E-05 9.993E-05 0.999201 9.993E-05 9.993E-05 9.993E-05
0.196229 9.9937E-05 9.9937E-05 9.9937E-05 9.9937E-05 9.9937E-05 0.803071 9.9937E-05 9.9937E-05
9.9964E-05 0.906658 0.0280663 9.9964E-05 0.0546846 0.00903894 0.00115203 9.9964E-05 9.9964E-05
0.529745 9.9964E-05 9.9964E-05 0.0928038 0.0190283 9.9964E-05 0.107295 0.250728 9.9964E-05
0.0631523 9.9964E-05 0.0224671 0.0116665 0.0217615 9.9964E-05 0.880553 9.9964E-05 9.9964E-05
9.9964E-05 9.9964E-05 0.06938 0.499456 0.264279 9.9964E-05 0.0768718 0.0896137 9.9964E-05
0.205944 9.9964E-05 9.9964E-05 9.9964E-05 0.0908832 0.00654422 0.683741 0.0124877 9.9964E-05
9.9946E-05 0.0224338 9.9946E-05 0.0537076 9.9946E-05 0.923259 9.9946E-05 9.9946E-05 9.9946E-05
0.515679 9.9973E-05 0.00946213 0.00803447 0.28753 0.00273183 0.176263 9.9973E-05 9.9973E-05
