0.805367 0.194433 9.9982E-05 9.9982E-05
0.990676 9.9982E-05 0.00912416 9.9982E-05
0.979179 9.9982E-05 9.9982E-05 0.0206211
0.761175 0.208337 0.026761 0.00372778
0.397305 0.501425 0.0326712 0.0685995
0.450608 0.271087 0.138363 0.139942
0.363996 0.566891 0.00881358 0.0602992
0.298943 0.627104 0.0502448 0.0237089
0.956001 9.9991E-05 0.0295538 0.0143456
0.90498 0.0948201 9.9982E-05 9.9982E-05
0.437421 0.562379 9.9982E-05 9.9982E-05
0.322959 0.669119 9.9991E-05 0.00782153
0.453827 0.545973 9.9982E-05 9.9982E-05
0.43703 0.279789 0.146734 0.136447
0.738342 0.261459 9.9982E-05 9.9982E-05
0.648262 0.266099 0.0450065 0.0406325
0.363331 0.636469 9.9982E-05 9.9982E-05
0.378636 9.9991E-05 0.474727 0.146537
0.98683 9.9982E-05 0.0129702 9.9982E-05
0.325327 0.543621 0.0716304 0.0594216
0.975526 0.0131274 0.00365199 0.00769454
0.411005 0.588795 9.9982E-05 9.9982E-05
0.489588 0.510212 9.9982E-05 9.9982E-05
9.9982E-05 0.0706085 9.9982E-05 0.929192
0.524117 0.475683 9.9982E-05 9.9982E-05
0.395994 0.574223 0.0296835 9.9991E-05
0.987268 0.0101919 9.9991E-05 0.00243976
0.911431 0.0883692 9.9982E-05 9.9982E-05
0.9997 9.998E-05 9.998E-05 9.998E-05
0.429085 0.360053 0.0949964 0.115866
0.98073 9.9991E-05 0.0187405 0.00042899
0.994792 9.9982E-05 9.9982E-05 0.00500842
0.413688 0.363854 0.113102 0.109356
0.984409 9.9982E-05 9.9982E-05 0.0153908
0.417135 0.522209 0.0605569 9.9991E-05
0.780315 0.219485 9.9982E-05 9.9982E-05
0.251372 0.666258 0.0320905 0.0502795
0.225357 0.604687 0.0867373 0.0832183
0.413506 0.547168 9.9991E-05 0.0392266
0.362964 0.394035 0.126652 0.116349
0.978124 9.9991E-05 0.00613737 0.0156391
0.90158 0.0982205 9.9982E-05 9.9982E-05
0.896668 0.103132 9.9982E-05 9.9982E-05
0.850767 0.128407 0.0171057 0.00372082
0.0268487 9.9991E-05 0.837558 0.135494
0.930847 0.0636177 0.00543499 9.9991E-05
0.986558 0.0132418 9.9982E-05 9.9982E-05
0.0324111 9.9991E-05 0.836752 0.130737
0.815934 0.183866 9.9982E-05 9.9982E-05
0.592574 0.407226 9.9982E-05 9.9982E-05
0.850672 0.149128 9.9982E-05 9.9982E-05
0.705616 0.294184 9.9982E-05 9.9982E-05
0.733367 0.0262559 0.124681 0.115696
0.486732 0.451694 9.9991E-05 0.061474
0.871953 9.9991E-05 0.0536683 0.0742785
0.993537 0.00626295 9.9982E-05 9.9982E-05
0.993599 9.9982E-05 0.00620103 9.9982E-05
0.866031 0.130826 9.9991E-05 0.00304249
0.872017 0.127783 9.9982E-05 9.9982E-05
0.9997 9.998E-05 9.998E-05 9.998E-05
9.9982E-05 0.0989761 9.9982E-05 0.900824
0.97705 9.9991E-05 0.00993502 0.0129148
0.502498 0.44522 0.0315384 0.0207432
0.9997 9.998E-05 9.998E-05 9.998E-05
0.990132 9.9982E-05 0.0096685 9.9982E-05
0.787398 0.212402 9.9982E-05 9.9982E-05
0.784015 0.215785 9.9982E-05 9.9982E-05
0.344181 0.642702 9.9991E-05 0.0130166
0.0060385 9.9991E-05 0.85941 0.134452
0.453411 0.504454 0.007018 0.0351165
0.884475 9.9991E-05 0.0523379 0.0630867
0.912103 0.0653715 0.00906009 0.0134659
0.956718 9.9982E-05 9.9982E-05 0.0430818
0.99106 9.9982E-05 0.00874035 9.9982E-05
0.9512 9.9982E-05 0.0486005 9.9982E-05
0.992366 9.9982E-05 0.00743452 9.9982E-05
0.384853 0.585624 9.9991E-05 0.0294224
0.990936 0.00886431 9.9982E-05 9.9982E-05
0.074715 0.130502 0.0430139 0.751769
0.729617 0.270183 9.9982E-05 9.9982E-05
0.988264 0.0115365 9.9982E-05 9.9982E-05
0.262077 0.0611898 0.492804 0.183929
0.688107 0.0336635 0.153663 0.124566
0.571491 0.377474 0.0449883 0.00604675
0.903974 0.0825985 0.0133274 9.9991E-05
0.979518 9.9982E-05 9.9982E-05 0.0202825
9.998E-05 9.998E-05 0.9997 9.998E-05
0.729572 0.270228 9.9982E-05 9.9982E-05
0.752452 0.247348 9.9982E-05 9.9982E-05
0.436628 0.563173 9.9982E-05 9.9982E-05
0.370605 0.629195 9.9982E-05 9.9982E-05
0.335001 0.664799 9.9982E-05 9.9982E-05
0.993903 9.9982E-05 9.9982E-05 0.00589674
0.740012 0.259788 9.9982E-05 9.9982E-05
0.967205 0.0325948 9.9982E-05 9.9982E-05
0.609046 0.390754 9.9982E-05 9.9982E-05
0.403127 0.335814 0.136092 0.124967
0.986757 9.9991E-05 0.00852398 0.004619
0.425021 0.517887 9.9991E-05 0.056992
0.511139 0.475171 0.0135899 9.9991E-05
9.9982E-05 0.094049 9.9982E-05 0.905751
0.995922 0.00387853 9.9982E-05 9.9982E-05
0.9997 9.998E-05 9.998E-05 9.998E-05
0.284546 0.710429 0.00492507 9.9991E-05
0.0554938 9.9991E-05 0.841074 0.103332
0.272075 0.727725 9.9982E-05 9.9982E-05
0.873607 0.0961613 9.9991E-05 0.0301314
0.961649 9.9991E-05 0.0130034 0.0252477
0.35369 0.64611 9.9982E-05 9.9982E-05
0.0365069 9.9991E-05 0.839372 0.124021
0.101983 0.074865 0.0751824 0.747969
0.781636 0.218164 9.9982E-05 9.9982E-05
0.907336 0.092464 9.9982E-05 9.9982E-05
0.421005 0.578795 9.9982E-05 9.9982E-05
0.963634 9.9982E-05 9.9982E-05 0.0361664
0.283549 0.565074 0.0946444 0.0567325
0.140818 0.0355094 0.567629 0.256044
0.936001 0.0290978 9.9991E-05 0.0348008
0.700474 0.299326 9.9982E-05 9.9982E-05
9.998E-05 9.998E-05 9.998E-05 0.9997
0.923989 0.0758115 9.9982E-05 9.9982E-05
0.628355 0.371445 9.9982E-05 9.9982E-05
0.944804 0.0549956 9.9982E-05 9.9982E-05
0.446743 0.544272 0.00888545 9.9991E-05
0.427442 0.559264 0.0131939 9.9991E-05
0.413715 0.518839 0.0217852 0.0456604
0.339239 0.505182 0.103869 0.0517094
0.758421 0.241379 9.9982E-05 9.9982E-05
0.957674 0.0301627 9.9991E-05 0.0120636
0.813199 0.163605 0.000781919 0.0224144
0.0692332 9.9991E-05 0.791994 0.138673
0.935932 0.0072698 9.9991E-05 0.0566983
0.0203519 9.9991E-05 0.818927 0.160621
0.834411 0.165389 9.9982E-05 9.9982E-05
0.0342348 9.99819E-05 9.99819E-05 0.965565
0.287088 0.712712 9.9982E-05 9.9982E-05
0.307598 0.656774 0.026239 0.00938906
0.285808 0.645983 0.0279345 0.0402748
0.708922 0.290878 9.9982E-05 9.9982E-05
0.422309 0.497797 0.0549278 0.0249662
0.996029 9.9982E-05 0.00377118 9.9982E-05
0.612366 0.387434 9.9982E-05 9.9982E-05
0.569793 0.141353 0.153527 0.135327
0.849704 0.125506 0.0246905 9.9991E-05
0.919022 0.0614765 0.0178307 0.00167066
0.0266104 9.9982E-05 9.9982E-05 0.97319
0.357567 0.357642 0.116983 0.167808
9.998E-05 9.998E-05 9.998E-05 0.9997
0.811922 0.187879 9.9982E-05 9.9982E-05
0.490404 0.247673 0.107821 0.154102
0.502364 0.222357 0.127353 0.147926
0.861805 0.132506 0.00558909 9.9991E-05
0.9997 9.998E-05 9.998E-05 9.998E-05
0.0144615 9.9991E-05 0.807777 0.177662
0.269618 0.454691 0.0939826 0.181708
0.827907 0.171893 9.9982E-05 9.9982E-05
0.316008 0.000879378 0.141936 0.541177
0.974943 9.9991E-05 0.013032 0.0119254
9.998E-05 9.998E-05 0.9997 9.998E-05
0.934916 0.0316065 0.0333775 9.9991E-05
0.23874 0.0285084 0.732651 9.9991E-05
0.345059 0.651027 0.00242102 0.00149233
0.988199 9.9991E-05 0.00160225 0.0100988
0.993823 9.9982E-05 0.0059767 9.9982E-05
0.297478 0.503667 0.109229 0.0896249
0.949856 9.9991E-05 0.0176712 0.0323725
9.9982E-05 0.0130413 9.9982E-05 0.986759
0.996576 9.9982E-05 9.9982E-05 0.00322357
9.998E-05 9.998E-05 0.9997 9.998E-05
0.9997 9.998E-05 9.998E-05 9.998E-05
0.399026 0.575943 9.9991E-05 0.024931
0.524421 0.461106 0.0143729 9.9991E-05
0.310205 0.49584 0.0917178 0.102237
0.496722 0.34898 0.0940676 0.0602306
0.37996 0.352306 0.152515 0.11522
0.9997 9.998E-05 9.998E-05 9.998E-05
0.517282 0.451235 9.9991E-05 0.0313836
0.983813 0.0159873 9.9982E-05 9.9982E-05
0.435559 0.431927 0.0439365 0.0885778
0.263876 0.65727 0.0328257 0.0460283
0.941958 0.028545 0.00452124 0.0249757
0.665987 0.333813 9.9982E-05 9.9982E-05
0.845791 0.137529 9.9991E-05 0.0165798
0.975371 9.9991E-05 0.00619966 0.018329
0.620423 0.0751211 0.13951 0.164947
0.534298 0.442345 0.0232573 9.9991E-05
0.58763 0.323084 0.0564665 0.0328196
9.9982E-05 0.0461348 0.953665 9.9982E-05
0.965839 9.9991E-05 0.0081443 0.0259165
0.9997 9.998E-05 9.998E-05 9.998E-05
0.93576 0.0493005 0.0148398 9.9991E-05
0.0162438 9.9982E-05 9.9982E-05 0.983556
0.8359 0.1639 9.9982E-05 9.9982E-05
0.384297 0.423535 0.0859624 0.106206
0.572143 0.427657 9.9982E-05 9.9982E-05
0.990598 9.9982E-05 0.00920181 9.9982E-05
0.899503 0.0749244 0.00855128 0.0170211
0.9997 9.998E-05 9.998E-05 9.998E-05
0.334482 0.466644 0.125147 0.0737278
0.0738548 0.0303596 0.869221 0.0265644
0.273677 0.517501 0.114182 0.0946402
0.682803 0.316997 9.9982E-05 9.9982E-05
0.00402609 9.9982E-05 0.995774 9.9982E-05
0.734427 0.206434 0.0105261 0.0486131
0.47894 0.52086 9.9982E-05 9.9982E-05
0.930427 9.9991E-05 0.0283041 0.0411685
0.9997 9.998E-05 9.998E-05 9.998E-05
0.96706 9.9991E-05 0.0185893 0.0142511
0.642296 0.307246 0.0193407 0.031118
0.0299744 9.9982E-05 9.9982E-05 0.969826
0.9997 9.998E-05 9.998E-05 9.998E-05
0.274752 0.701693 9.9991E-05 0.0234551
0.618617 0.381183 9.9982E-05 9.9982E-05
0.015599 9.9982E-05 9.9982E-05 0.984201
0.277906 0.605799 0.0396399 0.0766543
0.462424 0.220805 0.191193 0.125579
0.384581 0.541012 9.9991E-05 0.0743073
0.0614195 9.9982E-05 9.9982E-05 0.938381
0.659674 0.340126 9.9982E-05 9.9982E-05
9.998E-05 9.998E-05 0.9997 9.998E-05
0.722856 0.276944 9.9982E-05 9.9982E-05
0.980219 0.0175012 0.00217984 9.9991E-05
9.998E-05 9.998E-05 0.9997 9.998E-05
0.948463 0.0513369 9.9982E-05 9.9982E-05
0.0737634 9.9991E-05 0.764858 0.161279
0.419654 0.580146 9.9982E-05 9.9982E-05
0.969505 0.000368081 9.9991E-05 0.0300274
0.34888 0.395679 0.0971292 0.158312
0.825431 0.159225 0.0152435 9.9991E-05
0.0064066 9.9982E-05 0.993393 9.9982E-05
0.484521 0.507095 9.9991E-05 0.00828399
