0.0148553 0.149983 9.99459E-05 9.99459E-05 0.575833 0.258729 9.99459E-05 9.99459E-05 9.99459E-05 9.99459E-05
9.9937E-05 9.9937E-05 9.9937E-05 0.0242785 0.968161 9.9937E-05 9.9937E-05 9.9937E-05 9.9937E-05 0.00686127
9.9964E-05 0.00581531 0.0162619 9.9964E-05 0.933382 0.0324834 9.9964E-05 9.9964E-05 0.00192401 0.0097332
0.00181075 9.9964E-05 0.025621 0.084088 0.488963 0.391499 9.9964E-05 0.00761841 9.9964E-05 9.9964E-05
9.9973E-05 0.197205 0.138427 0.231842 0.0841693 0.294637 9.9973E-05 9.9973E-05 0.029179 0.0242416
0.00621434 9.9955E-05 9.9955E-05 0.673365 0.202044 0.0533305 0.0645473 9.9955E-05 9.9955E-05 9.9955E-05
9.996E-05 0.216595 0.096264 0.191302 0.157407 9.996E-05 0.319574 9.996E-05 9.996E-05 0.0184586
9.9946E-05 9.9946E-05 0.286359 0.269957 9.9946E-05 0.419897 0.0231876 9.9946E-05 9.9946E-05 9.9946E-05
0.00893609 0.0609413 9.9973E-05 9.9973E-05 0.906071 0.00874966 9.9973E-05 0.00321561 0.00251673 0.00927002
9.9928E-05 9.9928E-05 9.9928E-05 9.9928E-05 0.667605 0.331596 9.9928E-05 9.9928E-05 9.9928E-05 9.9928E-05
9.9955E-05 9.9955E-05 0.118321 9.9955E-05 0.0270943 0.491847 0.32451 9.9955E-05 9.9955E-05 0.0377271
9.9946E-05 0.473185 9.9946E-05 9.9946E-05 0.0142329 0.241051 0.270932 9.9946E-05 9.9946E-05 9.9946E-05
9.9946E-05 0.37035 0.155094 9.9946E-05 0.172037 0.301919 9.9946E-05 9.9946E-05 9.9946E-05 9.9946E-05
9.9955E-05 9.9955E-05 9.9955E-05 0.764458 0.163441 0.0252706 0.0179323 9.9955E-05 9.9955E-05 0.0283982
9.9946E-05 9.9946E-05 0.00775605 9.9946E-05 0.339023 0.645167 9.9946E-05 9.9946E-05 9.9946E-05 0.00745442
0.00910416 0.260986 9.9964E-05 0.201448 0.505395 0.019889 9.9964E-05 0.00277767 9.9964E-05 9.9964E-05
9.99369E-05 9.99369E-05 9.99369E-05 9.99369E-05 0.112871 0.00785325 0.878576 9.99369E-05 9.99369E-05 9.99369E-05
0.331676 9.9964E-05 9.9964E-05 0.23413 0.223379 9.9964E-05 9.9964E-05 0.0156457 0.00494663 0.189822
9.9955E-05 9.9955E-05 9.9955E-05 0.0239035 0.944382 0.012176 9.9955E-05 0.00331947 9.9955E-05 0.0157189
0.00542826 9.998E-05 0.389962 0.278074 0.0334025 0.189294 0.0641085 0.0148389 0.0246915 9.998E-05
9.9937E-05 0.0679124 9.9937E-05 9.9937E-05 0.885313 0.0460748 9.9937E-05 9.9937E-05 9.9937E-05 9.9937E-05
9.9964E-05 0.306099 0.190424 9.9964E-05 0.143265 0.219579 0.138859 9.9964E-05 0.00137311 9.9964E-05
9.9946E-05 0.478956 0.0689023 9.9946E-05 0.246055 0.205487 9.9946E-05 9.9946E-05 9.9946E-05 9.9946E-05
0.0115762 9.9946E-05 0.0845595 9.9946E-05 9.9946E-05 0.00559865 9.9946E-05 9.9946E-05 0.897666 9.9946E-05
9.9955E-05 9.9955E-05 0.296642 9.9955E-05 0.172779 0.49693 9.9955E-05 9.9955E-05 0.00872633 0.0244236
9.9964E-05 0.181345 0.410017 0.119996 0.182679 0.0893907 9.9964E-05 9.9964E-05 9.9964E-05 0.0161716
0.00349749 9.9937E-05 9.9937E-05 9.9937E-05 0.809035 0.186768 9.9937E-05 9.9937E-05 9.9937E-05 9.9937E-05
9.9946E-05 0.021718 9.9946E-05 9.9946E-05 0.69503 0.26896 0.0136926 9.9946E-05 9.9946E-05 9.9946E-05
9.99201E-05 9.99201E-05 9.99201E-05 9.99201E-05 0.956535 0.0426653 9.99201E-05 9.99201E-05 9.99201E-05 9.99201E-05
9.9946E-05 0.23579 9.9946E-05 0.549953 0.169542 9.9946E-05 9.9946E-05 9.9946E-05 9.9946E-05 0.0441149
9.9946E-05 0.0190311 9.9946E-05 0.0318787 0.9474 9.9946E-05 9.9946E-05 9.9946E-05 9.9946E-05 0.00109057
9.99295E-05 9.99295E-05 0.0377931 9.99295E-05 0.961407 9.99295E-05 9.99295E-05 9.99295E-05 9.99295E-05 9.99295E-05
9.9964E-05 0.0613195 0.00468686 0.6786 0.149641 0.0730504 0.0323027 9.9964E-05 9.9964E-05 9.9964E-05
9.9937E-05 0.0228777 0.00417028 9.9937E-05 0.972252 9.9937E-05 9.9937E-05 9.9937E-05 9.9937E-05 9.9937E-05
9.9982E-05 0.000559938 0.271169 0.230907 0.154672 0.169796 0.154601 0.00189092 9.9982E-05 0.0162049
9.9928E-05 9.9928E-05 9.9928E-05 9.9928E-05 0.40363 0.595571 9.9928E-05 9.9928E-05 9.9928E-05 9.9928E-05
9.9973E-05 0.136971 0.136886 9.9973E-05 0.0411685 0.0396566 0.598141 0.0358434 0.0110335 9.9973E-05
0.0067244 0.474084 0.116704 0.401888 9.99459E-05 9.99459E-05 9.99459E-05 9.99459E-05 9.99459E-05 9.99459E-05
9.9964E-05 0.250464 9.9964E-05 0.0733891 0.021163 0.50831 0.114302 9.9964E-05 0.0319723 9.9964E-05
9.9973E-05 0.0468451 0.0125743 0.643156 0.0772905 0.107477 0.0968704 9.9973E-05 0.0154868 9.9973E-05
9.9946E-05 9.9946E-05 9.9946E-05 9.9946E-05 0.963154 9.9946E-05 0.0183151 0.0086019 0.00932894 9.9946E-05
9.9946E-05 0.0526884 0.0128082 9.9946E-05 0.733095 0.200809 9.9946E-05 9.9946E-05 9.9946E-05 9.9946E-05
9.9937E-05 9.9937E-05 9.9937E-05 9.9937E-05 0.628846 0.340645 9.9937E-05 9.9937E-05 9.9937E-05 0.0298092
0.02547 0.0788318 9.9955E-05 0.0447767 0.639761 0.210661 9.9955E-05 9.9955E-05 9.9955E-05 9.9955E-05
0.997325 9.9928E-05 9.9928E-05 9.9928E-05 0.00187607 9.9928E-05 9.9928E-05 9.9928E-05 9.9928E-05 9.9928E-05
9.9955E-05 0.00589338 0.103839 9.9955E-05 0.878678 9.9955E-05 0.00634024 9.9955E-05 9.9955E-05 0.00474972
9.9928E-05 9.9928E-05 9.9928E-05 9.9928E-05 0.77592 0.22328 9.9928E-05 9.9928E-05 9.9928E-05 9.9928E-05
0.999101 9.99201E-05 9.99201E-05 9.99201E-05 9.99201E-05 9.99201E-05 9.99201E-05 9.99201E-05 9.99201E-05 9.99201E-05
9.9937E-05 0.0397902 9.9937E-05 9.9937E-05 0.504452 0.455058 9.9937E-05 9.9937E-05 9.9937E-05 9.9937E-05
9.9964E-05 0.0778943 0.0324486 9.9964E-05 0.247396 0.487162 0.122337 9.9964E-05 9.9964E-05 0.0323624
9.9928E-05 9.9928E-05 9.9928E-05 9.9928E-05 0.567407 0.431794 9.9928E-05 9.9928E-05 9.9928E-05 9.9928E-05
9.9937E-05 0.203787 9.9937E-05 9.9937E-05 0.461111 0.334402 9.9937E-05 9.9937E-05 9.9937E-05 9.9937E-05
0.0264627 9.99639E-05 9.99639E-05 0.392323 0.53237 9.99639E-05 9.99639E-05 0.00990708 0.0265539 0.0119831
9.99639E-05 0.485774 9.99639E-05 0.0696402 0.243711 0.144433 9.99639E-05 9.99639E-05 0.0336758 0.0223666
9.99549E-05 9.99549E-05 9.99549E-05 0.128705 0.801832 9.99549E-05 9.99549E-05 0.0179218 0.0424195 0.00862251
0.00117334 9.99369E-05 9.99369E-05 9.99369E-05 0.806927 0.1912 9.99369E-05 9.99369E-05 9.99369E-05 9.99369E-05
0.00779076 0.0187456 0.0283216 9.9946E-05 0.944542 9.9946E-05 9.9946E-05 9.9946E-05 9.9946E-05 9.9946E-05
9.9973E-05 0.0395024 9.9973E-05 0.0145483 0.654319 0.278431 0.000621076 9.9973E-05 0.00646414 0.00581456
9.9937E-05 0.0307166 9.9937E-05 9.9937E-05 0.666431 0.302153 9.9937E-05 9.9937E-05 9.9937E-05 9.9937E-05
9.9946E-05 0.000460775 0.00943673 9.9946E-05 0.919747 0.0697562 9.9946E-05 9.9946E-05 9.9946E-05 9.9946E-05
9.99551E-05 9.99551E-05 9.99551E-05 0.0275292 9.99551E-05 9.99551E-05 0.114428 0.0214469 0.834783 0.00131319
9.9946E-05 0.0182527 9.9946E-05 9.9946E-05 0.970761 9.9946E-05 9.9946E-05 0.00725131 0.00313563 9.9946E-05
9.9982E-05 0.0771515 0.115615 0.129073 0.125309 0.46634 0.0195951 0.0256448 0.0410712 9.9982E-05
0.00193449 9.9946E-05 9.9946E-05 9.9946E-05 0.89016 0.0532216 0.0540838 9.9946E-05 9.9946E-05 9.9946E-05
9.99371E-05 0.00548008 9.99371E-05 9.99371E-05 0.99251 9.99371E-05 9.99371E-05 0.00131004 9.99371E-05 9.99371E-05
9.9946E-05 0.062212 9.9946E-05 9.9946E-05 0.549704 0.3704 9.9946E-05 9.9946E-05 9.9946E-05 0.0170847
9.9946E-05 0.0392546 9.9946E-05 9.9946E-05 0.543679 0.408881 0.00758581 9.9946E-05 9.9946E-05 9.9946E-05
9.9955E-05 0.824331 0.011632 9.9955E-05 0.102579 9.9955E-05 0.0604475 9.9955E-05 0.000510762 9.9955E-05
0.999101 9.99201E-05 9.99201E-05 9.99201E-05 9.99201E-05 9.99201E-05 9.99201E-05 9.99201E-05 9.99201E-05 9.99201E-05
9.9955E-05 0.0689197 0.107459 0.263047 0.0182903 0.541784 9.9955E-05 9.9955E-05 9.9955E-05 9.9955E-05
0.00211847 9.99639E-05 9.99639E-05 0.0901216 0.843926 9.99639E-05 9.99639E-05 0.0223872 0.0238778 0.0171693
0.00202437 9.9955E-05 9.9955E-05 9.9955E-05 0.701578 0.275992 9.9955E-05 0.00785027 0.0120556 9.9955E-05
9.9937E-05 9.9937E-05 9.9937E-05 9.9937E-05 0.957718 9.9937E-05 9.9937E-05 9.9937E-05 0.0412846 0.000298269
9.99281E-05 9.99281E-05 0.00804488 9.99281E-05 0.991156 9.99281E-05 9.99281E-05 9.99281E-05 9.99281E-05 9.99281E-05
0.0222413 9.9946E-05 9.9946E-05 0.0200324 0.95161 9.9946E-05 9.9946E-05 0.00551607 9.9946E-05 9.9946E-05
9.9937E-05 0.0113637 9.9937E-05 9.9937E-05 0.94258 0.0453572 9.9937E-05 9.9937E-05 9.9937E-05 9.9937E-05
9.9973E-05 0.0593329 0.364963 0.03711 0.163421 0.098415 0.222153 9.9973E-05 9.9973E-05 0.0543055
9.9937E-05 9.9937E-05 0.0256562 9.9937E-05 0.91172 0.0619242 9.9937E-05 9.9937E-05 9.9937E-05 9.9937E-05
9.9946E-05 9.9946E-05 9.9946E-05 0.113388 9.9946E-05 9.9946E-05 0.137382 9.9946E-05 0.67959 0.0690395
9.99615E-05 0.112638 9.99615E-05 9.99615E-05 0.417311 0.441803 9.99615E-05 0.0015814 0.0261673 9.99615E-05
0.0163628 9.9946E-05 9.9946E-05 9.9946E-05 0.86392 0.118439 9.9946E-05 9.9946E-05 0.000679308 9.9946E-05
9.99279E-05 9.99279E-05 9.99279E-05 9.99279E-05 0.0189395 9.99279E-05 9.99279E-05 9.99279E-05 9.99279E-05 0.980261
0.0425727 9.9955E-05 9.9955E-05 0.489824 0.449227 9.9955E-05 9.9955E-05 0.00655657 0.0113201 9.9955E-05
9.9973E-05 0.0404078 0.00183915 0.283772 0.222778 0.417057 0.0317806 9.9973E-05 9.9973E-05 0.00206502
0.00338165 0.0313249 9.9964E-05 0.006815 0.719618 0.225456 9.9964E-05 0.0130045 9.9964E-05 9.9964E-05
9.9964E-05 0.0129314 9.9964E-05 0.0143576 0.957941 9.9964E-05 0.00101755 9.9964E-05 0.0028065 0.010546
9.99201E-05 9.99201E-05 9.99201E-05 9.99201E-05 9.99201E-05 9.99201E-05 9.99201E-05 0.999101 9.99201E-05 9.99201E-05
0.00431764 0.126864 9.99459E-05 9.99459E-05 0.409045 0.459173 9.99459E-05 9.99459E-05 9.99459E-05 9.99459E-05
9.99369E-05 0.149929 9.99369E-05 9.99369E-05 0.425007 0.424365 9.99369E-05 9.99369E-05 9.99369E-05 9.99369E-05
9.9937E-05 0.700345 9.9937E-05 9.9937E-05 0.176919 0.122036 9.9937E-05 9.9937E-05 9.9937E-05 9.9937E-05
9.9964E-05 0.0534234 0.43589 9.9964E-05 0.0350139 0.440924 9.9964E-05 0.00264977 0.0316997 9.9964E-05
9.9946E-05 0.00110708 0.715794 9.9946E-05 0.0643704 0.218128 9.9946E-05 9.9946E-05 9.9946E-05 9.9946E-05
9.9937E-05 9.9937E-05 9.9937E-05 9.9937E-05 0.988553 9.9937E-05 0.00383407 9.9937E-05 0.00691339 9.9937E-05
9.9946E-05 9.9946E-05 9.9946E-05 9.9946E-05 0.376563 0.620419 0.000855569 9.9946E-05 9.9946E-05 0.00156284
9.994E-05 9.994E-05 9.994E-05 9.994E-05 0.827846 0.167352 9.994E-05 0.00410234 9.994E-05 9.994E-05
9.9964E-05 0.0774556 9.9964E-05 0.0110126 0.186015 0.66032 0.0525754 9.9964E-05 9.9964E-05 0.0122217
0.000887135 9.9964E-05 0.08222 0.710491 0.0963348 0.0919403 9.9964E-05 9.9964E-05 9.9964E-05 0.0177266
0.00144991 9.9955E-05 0.0105788 0.0118796 0.970426 9.9955E-05 9.9955E-05 9.9955E-05 0.00516561 9.9955E-05
9.9955E-05 0.372485 9.9955E-05 9.9955E-05 0.213278 0.107628 0.247794 9.9955E-05 0.0583154 9.9955E-05
0.0134631 9.9964E-05 0.144121 0.160638 0.071273 0.607041 9.9964E-05 0.00306341 9.9964E-05 9.9964E-05
9.9955E-05 0.000175116 0.063574 0.037804 9.9955E-05 9.9955E-05 9.9955E-05 9.9955E-05 0.839153 0.0587945
0.00152487 0.00469215 9.9955E-05 9.9955E-05 0.933675 0.0409088 0.0186997 9.9955E-05 9.9955E-05 9.9955E-05
9.99201E-05 9.99201E-05 9.99201E-05 9.99201E-05 0.999101 9.99201E-05 9.99201E-05 9.99201E-05 9.99201E-05 9.99201E-05
0.0198376 0.263903 0.434632 0.0307149 0.00349676 0.247015 9.9964E-05 9.9964E-05 9.9964E-05 9.9964E-05
0.991838 9.9937E-05 9.9937E-05 9.9937E-05 9.9937E-05 0.00713586 9.9937E-05 9.9937E-05 9.9937E-05 0.000327067
0.00539176 9.99549E-05 0.661769 9.99549E-05 0.0164719 0.172028 0.143839 9.99549E-05 9.99549E-05 9.99549E-05
9.9955E-05 0.0867831 9.9955E-05 9.9955E-05 0.687729 0.185072 9.9955E-05 9.9955E-05 0.0322319 0.0076838
9.9946E-05 9.9946E-05 9.9946E-05 0.0226204 0.951128 9.9946E-05 9.9946E-05 0.00278824 0.0228639 9.9946E-05
9.9946E-05 0.573736 0.224631 9.9946E-05 0.111729 0.0893038 9.9946E-05 9.9946E-05 9.9946E-05 9.9946E-05
0.999101 9.99201E-05 9.99201E-05 9.99201E-05 9.99201E-05 9.99201E-05 9.99201E-05 9.99201E-05 9.99201E-05 9.99201E-05
0.00141894 9.9946E-05 9.9946E-05 0.290668 9.9946E-05 9.9946E-05 9.9946E-05 9.9946E-05 0.644923 0.0623898
9.9946E-05 0.156687 0.0761843 9.9946E-05 0.642168 0.124361 9.9946E-05 9.9946E-05 9.9946E-05 9.9946E-05
9.9937E-05 9.9937E-05 0.008683 9.9937E-05 0.642117 0.3485 9.9937E-05 9.9937E-05 9.9937E-05 9.9937E-05
9.99369E-05 9.99369E-05 0.490829 9.99369E-05 0.112669 0.395802 9.99369E-05 9.99369E-05 9.99369E-05 9.99369E-05
0.00653273 9.9946E-05 0.0177483 9.9946E-05 0.95509 9.9946E-05 9.9946E-05 9.9946E-05 0.020029 9.9946E-05
9.99549E-05 0.164055 0.364585 0.329048 0.0376594 9.99549E-05 9.99549E-05 9.99549E-05 9.99549E-05 0.104153
0.0575274 9.99279E-05 9.99279E-05 9.99279E-05 9.99279E-05 9.99279E-05 9.99279E-05 9.99279E-05 9.99279E-05 0.941673
9.9946E-05 9.9946E-05 9.9946E-05 9.9946E-05 0.779342 0.158729 0.0288062 9.9946E-05 0.0325231 9.9946E-05
9.99459E-05 0.0636599 0.0957761 9.99459E-05 0.400949 0.439015 9.99459E-05 9.99459E-05 9.99459E-05 9.99459E-05
9.99201E-05 9.99201E-05 9.99201E-05 9.99201E-05 9.99201E-05 9.99201E-05 9.99201E-05 9.99201E-05 0.999101 9.99201E-05
0.00123012 9.9946E-05 0.0364718 9.9946E-05 0.822411 0.139287 9.9946E-05 9.9946E-05 9.9946E-05 9.9946E-05
9.9937E-05 0.194987 9.9937E-05 9.9937E-05 0.269803 0.534511 9.9937E-05 9.9937E-05 9.9937E-05 9.9937E-05
9.9928E-05 9.9928E-05 9.9928E-05 9.9928E-05 0.726898 0.272302 9.9928E-05 9.9928E-05 9.9928E-05 9.9928E-05
9.9928E-05 9.9928E-05 0.750423 9.9928E-05 0.248777 9.9928E-05 9.9928E-05 9.9928E-05 9.9928E-05 9.9928E-05
0.00794652 0.435204 0.117404 0.102481 0.153179 0.183386 9.9964E-05 9.9964E-05 9.9964E-05 9.9964E-05
9.9946E-05 9.9946E-05 9.9946E-05 0.184608 9.9946E-05 0.387367 0.417608 9.9946E-05 9.9946E-05 0.00981741
9.99549E-05 9.99549E-05 0.00392578 0.325881 0.122081 9.99549E-05 0.524739 0.022874 9.99549E-05 9.99549E-05
9.9946E-05 0.0158746 9.9946E-05 9.9946E-05 0.455913 0.511725 9.9946E-05 9.9946E-05 0.0158882 9.9946E-05
0.00179086 9.9937E-05 9.9937E-05 9.9937E-05 0.785247 0.212262 9.9937E-05 9.9937E-05 9.9937E-05 9.9937E-05
0.0296095 9.9946E-05 9.9946E-05 9.9946E-05 0.547274 0.40513 9.9946E-05 9.9946E-05 0.0173873 9.9946E-05
0.770278 9.9946E-05 0.0143425 9.9946E-05 9.9946E-05 9.9946E-05 9.9946E-05 0.0386571 9.9946E-05 0.176123
9.9955E-05 9.9955E-05 0.0175648 0.0151456 0.904026 9.9955E-05 0.0268668 9.9955E-05 0.0358967 9.9955E-05
0.938101 0.0203909 9.9964E-05 0.00451181 9.9964E-05 9.9964E-05 9.9964E-05 0.0151086 0.0051935 0.0162947
9.9937E-05 9.9937E-05 9.9937E-05 9.9937E-05 0.498153 0.471755 9.9937E-05 9.9937E-05 9.9937E-05 0.0293922
9.99279E-05 9.99279E-05 9.99279E-05 9.99279E-05 0.056459 9.99279E-05 9.99279E-05 9.99279E-05 0.942742 9.99279E-05
9.99459E-05 0.266593 0.242902 9.99459E-05 9.99459E-05 0.261131 0.228774 9.99459E-05 9.99459E-05 9.99459E-05
9.9955E-05 9.9955E-05 0.797953 0.053386 0.126103 9.9955E-05 9.9955E-05 0.0147922 0.00726637 9.9955E-05
9.9982E-05 0.132603 0.360495 9.9982E-05 0.0900105 0.140583 0.225316 0.0329186 0.0133757 0.00449892
9.9946E-05 9.9946E-05 0.0375457 9.9946E-05 0.379877 0.567767 9.9946E-05 9.9946E-05 0.0142106 9.9946E-05
0.0129283 0.267688 0.0444353 0.165647 0.152646 0.187075 0.144115 9.9982E-05 9.9982E-05 0.0252657
0.00442456 9.9946E-05 9.9946E-05 0.0137771 0.897273 0.0839255 9.9946E-05 9.9946E-05 9.9946E-05 9.9946E-05
9.9964E-05 0.174213 0.0691248 9.9964E-05 0.29246 0.446792 9.9964E-05 0.00437365 0.0126377 9.9964E-05
9.995E-05 9.995E-05 9.995E-05 0.583466 0.353223 9.995E-05 9.995E-05 0.012005 0.00494917 0.0458579
0.0126195 9.9946E-05 9.9946E-05 0.127978 0.616811 0.241991 9.9946E-05 9.9946E-05 9.9946E-05 9.9946E-05
9.9964E-05 0.00934798 9.9964E-05 0.0239799 0.766304 0.177816 9.9964E-05 0.013978 0.00817399 9.9964E-05
9.99279E-05 9.99279E-05 9.99279E-05 9.99279E-05 0.0295551 9.99279E-05 9.99279E-05 9.99279E-05 0.969645 9.99279E-05
0.00526177 0.21945 9.9955E-05 0.616507 0.118101 9.9955E-05 9.9955E-05 9.9955E-05 0.040181 9.9955E-05
9.99281E-05 0.0134118 9.99281E-05 9.99281E-05 9.99281E-05 9.99281E-05 9.99281E-05 9.99281E-05 0.985789 9.99281E-05
0.000152044 0.0725728 9.9955E-05 9.9955E-05 0.560913 0.36142 9.9955E-05 9.9955E-05 0.00444247 9.9955E-05
9.9964E-05 9.9964E-05 9.9964E-05 0.547098 0.219074 0.105621 0.0496629 9.9964E-05 0.0533737 0.02477
9.9955E-05 0.00224494 9.9955E-05 0.696923 0.222837 0.0492234 9.9955E-05 9.9955E-05 0.0282725 9.9955E-05
0.0259088 9.99459E-05 9.99459E-05 9.99459E-05 0.609371 0.358599 0.00552212 9.99459E-05 9.99459E-05 9.99459E-05
9.9937E-05 9.9937E-05 9.9937E-05 9.9937E-05 0.961615 0.0348203 0.0028649 9.9937E-05 9.9937E-05 9.9937E-05
0.977307 9.9937E-05 9.9937E-05 9.9937E-05 9.9937E-05 9.9937E-05 9.9937E-05 9.9937E-05 0.0105422 0.0114512
9.99628E-05 9.99628E-05 0.182305 0.568848 0.0157231 9.99628E-05 0.178955 9.99628E-05 0.0536694 9.99628E-05
9.9937E-05 9.9937E-05 9.9937E-05 0.007162 0.583425 0.408714 9.9937E-05 9.9937E-05 9.9937E-05 9.9937E-05
0.0405997 9.99549E-05 9.99549E-05 0.325654 0.18112 9.99549E-05 9.99549E-05 0.0291317 0.422995 9.99549E-05
0.015249 9.9937E-05 9.9937E-05 0.010225 0.973826 9.9937E-05 9.9937E-05 9.9937E-05 9.9937E-05 9.9937E-05
9.99201E-05 9.99201E-05 9.99201E-05 9.99201E-05 9.99201E-05 9.99201E-05 9.99201E-05 0.999101 9.99201E-05 9.99201E-05
0.00213212 9.9973E-05 0.0162884 0.0210637 0.796286 0.123418 0.0155004 9.9973E-05 9.9973E-05 0.0250119
9.994E-05 9.994E-05 9.994E-05 0.131152 0.149874 9.994E-05 9.994E-05 0.576814 9.994E-05 0.14156
0.0180384 0.477392 0.0475555 9.9973E-05 0.0218534 0.250315 0.181673 9.9973E-05 0.0028728 9.9973E-05
9.9946E-05 9.9946E-05 0.00581184 9.9946E-05 0.961017 9.9946E-05 0.0225411 0.0100306 9.9946E-05 9.9946E-05
9.9928E-05 9.9928E-05 9.9928E-05 9.9928E-05 0.996948 9.9928E-05 9.9928E-05 0.00225255 9.9928E-05 9.9928E-05
0.0170258 9.9973E-05 0.010685 0.351916 0.0703875 9.9973E-05 0.537489 0.00319355 0.00900317 9.9973E-05
0.0079384 9.9946E-05 9.9946E-05 0.0624083 0.924375 9.9946E-05 9.9946E-05 9.9946E-05 0.0046788 9.9946E-05
9.99371E-05 0.0239101 0.0191803 9.99371E-05 9.99371E-05 9.99371E-05 9.99371E-05 9.99371E-05 0.95621 9.99371E-05
0.00474219 9.9937E-05 9.9937E-05 9.9937E-05 0.966006 0.0285527 9.9937E-05 9.9937E-05 9.9937E-05 9.9937E-05
9.99201E-05 9.99201E-05 9.99201E-05 9.99201E-05 9.99201E-05 9.99201E-05 9.99201E-05 0.999101 9.99201E-05 9.99201E-05
9.99514E-05 0.0123429 9.99514E-05 9.99514E-05 0.963101 0.0224147 9.99514E-05 0.0015416 9.99514E-05 9.99514E-05
9.9964E-05 0.200135 9.9964E-05 0.0158941 0.050477 0.362644 0.348602 9.9964E-05 0.0218489 9.9964E-05
0.0245995 0.360356 0.0176758 0.0110449 0.257083 0.248104 0.071869 0.00906813 9.9982E-05 9.9982E-05
9.993E-05 0.413024 9.993E-05 0.567577 0.0186995 9.993E-05 9.993E-05 9.993E-05 9.993E-05 9.993E-05
0.00316662 0.0881156 9.9973E-05 0.447606 0.164749 0.267509 9.9973E-05 0.00354317 9.9973E-05 0.0250102
0.0288964 0.00179087 0.110714 0.55715 0.135714 0.0877107 9.9982E-05 9.9982E-05 0.000924847 0.0768995
9.9928E-05 9.9928E-05 0.0169751 9.9928E-05 0.982225 9.9928E-05 9.9928E-05 9.9928E-05 9.9928E-05 9.9928E-05
9.9973E-05 0.138576 0.0188485 9.9973E-05 0.182607 0.445268 0.175493 9.9973E-05 0.0334117 0.00549614
9.9937E-05 9.9937E-05 9.9937E-05 9.9937E-05 0.843933 0.15335 9.9937E-05 0.00201768 9.9937E-05 9.9937E-05
0.030997 0.119748 9.998E-05 0.211276 0.105835 0.338236 0.144615 9.998E-05 0.0429955 0.00609705
9.99369E-05 9.99369E-05 9.99369E-05 9.99369E-05 0.0511756 9.99369E-05 0.937105 0.0110202 9.99369E-05 9.99369E-05
9.997E-05 0.0859258 9.997E-05 0.00553145 0.849033 0.0281703 9.997E-05 0.00854662 0.0173458 0.00514685
0.0163213 9.9937E-05 9.9937E-05 9.9937E-05 0.229369 0.75361 9.9937E-05 9.9937E-05 9.9937E-05 9.9937E-05
0.00497479 9.9964E-05 9.9964E-05 9.9964E-05 0.58135 0.40232 9.9964E-05 0.00145647 0.00559983 0.00389952
9.9946E-05 9.9946E-05 0.0215548 0.0291375 0.925302 9.9946E-05 0.0234064 9.9946E-05 9.9946E-05 9.9946E-05
0.0141285 9.9955E-05 9.9955E-05 0.487953 0.426275 9.9955E-05 9.9955E-05 0.018953 0.0521914 9.9955E-05
0.00248593 0.408058 9.996E-05 0.0978265 0.283325 0.200175 9.996E-05 0.00772833 9.996E-05 9.996E-05
9.9964E-05 0.315076 9.9964E-05 0.183507 0.370014 0.0896373 9.9964E-05 0.0187989 0.0225678 9.9964E-05
9.9955E-05 0.0100308 9.9955E-05 0.0176422 9.9955E-05 9.9955E-05 9.9955E-05 0.873361 0.0221151 0.0763515
9.9937E-05 9.9937E-05 9.9937E-05 0.0524198 0.935455 9.9937E-05 9.9937E-05 9.9937E-05 0.0114255 9.9937E-05
9.9928E-05 9.9928E-05 9.9928E-05 0.0300026 0.969198 9.9928E-05 9.9928E-05 9.9928E-05 9.9928E-05 9.9928E-05
9.9946E-05 0.0766726 9.9946E-05 9.9946E-05 0.818989 0.0924118 9.9946E-05 0.0113268 9.9946E-05 9.9946E-05
9.99279E-05 9.99279E-05 9.99279E-05 9.99279E-05 0.0291689 9.99279E-05 9.99279E-05 9.99279E-05 0.970032 9.99279E-05
9.9955E-05 0.169108 9.9955E-05 0.0219653 0.63811 0.167062 9.9955E-05 0.00325416 9.9955E-05 9.9955E-05
9.99461E-05 0.2567 9.99461E-05 0.593467 0.120107 9.99461E-05 0.0291259 9.99461E-05 9.99461E-05 9.99461E-05
0.0105773 0.172515 9.9973E-05 9.9973E-05 0.250248 0.382981 0.172862 9.9973E-05 0.00291405 0.00760218
0.000604499 9.9964E-05 9.9964E-05 9.9964E-05 0.959377 0.0141797 9.9964E-05 0.0051308 0.0138473 0.00646034
9.996E-05 9.996E-05 0.0426419 0.053643 0.820153 0.0357688 0.0335563 9.996E-05 0.0138367 9.996E-05
9.9928E-05 9.9928E-05 9.9928E-05 9.9928E-05 0.964533 0.0346674 9.9928E-05 9.9928E-05 9.9928E-05 9.9928E-05
0.0190364 0.228873 0.0777159 0.567307 0.106567 9.9955E-05 9.9955E-05 9.9955E-05 9.9955E-05 9.9955E-05
9.9964E-05 9.9964E-05 9.9964E-05 0.0723337 0.000624124 0.0289183 9.9964E-05 0.753442 0.00545112 0.138831
9.9946E-05 9.9946E-05 0.120743 0.705237 9.9946E-05 0.0145099 0.158911 9.9946E-05 9.9946E-05 9.9946E-05
0.021324 0.0938562 0.0815969 9.9964E-05 0.417005 0.353664 0.0321538 9.9964E-05 9.9964E-05 9.9964E-05
0.0235355 9.9937E-05 9.9937E-05 0.0343646 9.9937E-05 9.9937E-05 9.9937E-05 0.9414 9.9937E-05 9.9937E-05
9.998E-05 0.176569 9.998E-05 0.0369056 0.518454 0.212433 0.00659915 0.00484491 0.0286552 0.0153393
9.99459E-05 0.178841 0.373726 9.99459E-05 0.259735 0.187098 9.99459E-05 9.99459E-05 9.99459E-05 9.99459E-05
9.9964E-05 0.00223926 0.0273096 0.0241155 0.893477 9.9964E-05 9.9964E-05 9.9964E-05 0.0239449 0.0285137
0.00229507 0.0302654 9.9937E-05 9.9937E-05 0.96674 9.9937E-05 9.9937E-05 9.9937E-05 9.9937E-05 9.9937E-05
0.0204431 0.0256808 9.9964E-05 0.015768 0.935505 9.9964E-05 9.9964E-05 0.000988199 0.00121493 9.9964E-05
9.9946E-05 0.178929 9.9946E-05 0.230632 0.416903 0.172936 9.9946E-05 9.9946E-05 9.9946E-05 9.9946E-05
9.99279E-05 9.99279E-05 9.99279E-05 9.99279E-05 0.0414241 9.99279E-05 9.99279E-05 9.99279E-05 0.957776 9.99279E-05
9.9937E-05 9.9937E-05 9.9937E-05 9.9937E-05 0.903805 0.0875417 9.9937E-05 9.9937E-05 9.9937E-05 0.00795341
9.9955E-05 0.060359 0.593238 0.0849459 0.105702 9.9955E-05 0.155255 9.9955E-05 9.9955E-05 9.9955E-05
9.9946E-05 9.9946E-05 0.108687 0.0457627 0.240458 0.604492 9.9946E-05 9.9946E-05 9.9946E-05 9.9946E-05
9.99459E-05 9.99459E-05 9.99459E-05 9.99459E-05 0.0134791 0.023214 9.99459E-05 0.0103431 0.952364 9.99459E-05
0.011635 9.995E-05 0.21826 0.206802 0.0562503 9.995E-05 0.506553 9.995E-05 9.995E-05 9.995E-05
0.00666268 9.9955E-05 9.9955E-05 0.713862 0.218938 0.0231523 9.9955E-05 0.0368855 9.9955E-05 9.9955E-05
0.0132403 9.9964E-05 9.9964E-05 0.0636305 0.110799 0.249249 0.542663 9.9964E-05 0.0200194 9.9964E-05
0.0041444 9.9946E-05 9.9946E-05 9.9946E-05 0.0491222 0.0358561 9.9946E-05 9.9946E-05 0.910278 9.9946E-05
9.9946E-05 9.9946E-05 0.161448 9.9946E-05 0.33057 0.50716 0.000221459 9.9946E-05 9.9946E-05 9.9946E-05
0.00241313 9.99279E-05 9.99279E-05 9.99279E-05 9.99279E-05 9.99279E-05 9.99279E-05 0.996787 9.99279E-05 9.99279E-05
0.00820211 0.0712921 9.9973E-05 0.00578089 0.419484 0.486739 0.00405104 0.00415068 9.9973E-05 9.9973E-05
0.0059934 0.0291363 9.9955E-05 9.9955E-05 0.870739 0.0917499 9.9955E-05 9.9955E-05 9.9955E-05 0.00188202
9.99281E-05 9.99281E-05 0.0184555 9.99281E-05 9.99281E-05 9.99281E-05 9.99281E-05 0.980745 9.99281E-05 9.99281E-05
9.9928E-05 9.9928E-05 9.9928E-05 9.9928E-05 0.773509 0.225692 9.9928E-05 9.9928E-05 9.9928E-05 9.9928E-05
0.843486 9.997E-05 9.997E-05 0.0273436 9.997E-05 0.0102667 0.0382196 0.00195586 0.0366185 0.0418095
0.00703527 0.694834 9.9955E-05 0.000923708 0.167924 0.128784 9.9955E-05 9.9955E-05 9.9955E-05 9.9955E-05
9.9955E-05 9.9955E-05 9.9955E-05 9.9955E-05 0.862851 0.0951981 0.0243102 9.9955E-05 0.0161896 0.000951022
9.9973E-05 0.00774434 0.232424 0.493726 0.137315 9.9973E-05 0.0481091 0.00414016 0.0762415 9.9973E-05
9.9964E-05 9.9964E-05 0.0230059 0.0516488 0.591286 0.320562 9.9964E-05 0.0129369 9.9964E-05 0.000160281
0.0095956 9.9946E-05 9.9946E-05 0.0660924 9.9946E-05 9.9946E-05 9.9946E-05 0.906335 9.9946E-05 0.0173773
9.9973E-05 0.369309 0.0470932 0.0542818 0.181208 0.318735 0.017348 0.0117257 9.9973E-05 9.9973E-05
