9.9955E-05 0.0170033 9.9955E-05 0.110732 9.9955E-05 9.9955E-05 0.282006 9.9955E-05 0.589759
9.9937E-05 9.9937E-05 9.9937E-05 9.9937E-05 0.0336564 9.9937E-05 9.9937E-05 9.9937E-05 0.965644
0.0151819 9.9946E-05 9.9946E-05 9.9946E-05 9.9946E-05 9.9946E-05 0.0601771 9.9946E-05 0.924041
9.9973E-05 0.00757251 0.0719709 9.9973E-05 0.00441027 9.9973E-05 0.368448 0.00586886 0.54143
0.0305287 9.9964E-05 0.399521 0.0130755 9.9964E-05 9.9964E-05 0.436034 9.9964E-05 0.120441
9.9964E-05 9.9964E-05 0.0335501 0.0186472 0.769578 9.9964E-05 0.132889 9.9964E-05 0.0449355
9.9964E-05 9.9964E-05 0.350387 0.385438 0.0217977 0.0540425 9.9964E-05 9.9964E-05 0.187935
9.9955E-05 9.9955E-05 0.229374 9.9955E-05 0.160673 0.200712 0.408742 9.9955E-05 9.9955E-05
9.9982E-05 0.0158885 9.9982E-05 0.00482465 0.00314709 0.0147173 0.040497 0.0157366 0.904989
9.9937E-05 9.9937E-05 9.9937E-05 9.9937E-05 9.9937E-05 9.9937E-05 0.286666 9.9937E-05 0.712634
0.0120073 0.0119856 0.0470342 9.9973E-05 9.9973E-05 0.425238 0.364032 9.9973E-05 0.139404
9.9955E-05 0.0107939 9.9955E-05 0.814887 9.9955E-05 9.9955E-05 0.12176 9.9955E-05 0.0520588
9.9964E-05 9.9964E-05 0.153505 0.100588 9.9964E-05 0.13351 0.505054 9.9964E-05 0.106942
9.99639E-05 9.99639E-05 0.0199223 9.99639E-05 0.888401 0.0784082 0.0012615 9.99639E-05 0.011607
0.00387775 0.000511842 9.9964E-05 9.9964E-05 9.9964E-05 9.9964E-05 0.599573 0.00691486 0.388723
9.998E-05 0.00725004 0.0358388 0.291175 0.181907 9.998E-05 0.0305986 0.0104245 0.442606
0.00359149 9.9964E-05 9.9964E-05 9.9964E-05 0.106296 0.70148 0.087108 9.9964E-05 0.101124
0.00263375 0.403938 9.9964E-05 9.9964E-05 0.45297 9.9964E-05 9.9964E-05 0.0233579 0.1167
9.9955E-05 9.9955E-05 0.0149179 9.9955E-05 0.0118326 9.9955E-05 9.9955E-05 0.00300863 0.969741
0.0365155 0.00246632 0.342064 9.9982E-05 9.9982E-05 0.384248 0.0458442 0.0187194 0.169942
0.000152026 9.9964E-05 9.9964E-05 0.034709 9.9964E-05 9.9964E-05 0.0568918 0.000632262 0.907215
9.9955E-05 9.9955E-05 9.9955E-05 0.258958 9.9955E-05 0.331644 0.260115 9.9955E-05 0.148783
0.0045447 0.00551453 9.9973E-05 0.391501 0.000629779 9.9973E-05 0.419637 9.9973E-05 0.177873
0.875074 0.0189105 9.9964E-05 0.0482932 0.0178877 9.9964E-05 0.0394352 9.9964E-05 9.9964E-05
0.0125509 9.9964E-05 0.462211 9.9964E-05 0.17031 9.9964E-05 0.181087 9.9964E-05 0.173441
0.0140312 9.9973E-05 9.9973E-05 0.0764172 9.9973E-05 0.255055 0.431633 0.00116102 0.221402
9.9973E-05 9.9973E-05 0.268639 0.196372 9.9973E-05 0.157672 0.214075 0.000845116 0.162097
9.9946E-05 0.0056643 9.9946E-05 9.9946E-05 9.9946E-05 9.9946E-05 0.147855 9.9946E-05 0.845881
9.9937E-05 9.9937E-05 9.9937E-05 9.9937E-05 9.9937E-05 9.9937E-05 0.300558 9.9937E-05 0.698742
9.9937E-05 9.9937E-05 9.9937E-05 9.9937E-05 9.9937E-05 9.9937E-05 0.0535431 9.9937E-05 0.945757
9.9955E-05 9.9955E-05 0.0421311 0.261362 0.614393 9.9955E-05 9.9955E-05 9.9955E-05 0.0816143
9.9955E-05 9.9955E-05 0.0066281 0.0303613 0.00560962 9.9955E-05 9.9955E-05 9.9955E-05 0.956901
9.9946E-05 9.9946E-05 0.0309437 0.00356792 9.9946E-05 9.9946E-05 9.9946E-05 9.9946E-05 0.964889
9.995E-05 9.995E-05 0.490275 9.995E-05 0.277075 0.0421465 9.995E-05 9.995E-05 0.190004
0.00890205 9.9955E-05 0.00424974 0.00200099 9.9955E-05 9.9955E-05 9.9955E-05 9.9955E-05 0.984347
9.9973E-05 9.9973E-05 0.42394 0.0921563 9.9973E-05 0.109821 0.146458 0.0104459 0.216879
9.9937E-05 9.9937E-05 9.9937E-05 9.9937E-05 9.9937E-05 9.9937E-05 0.543335 9.9937E-05 0.455966
9.9964E-05 9.9964E-05 9.9964E-05 0.777235 0.093261 0.0406879 0.0607742 0.0276423 9.9964E-05
0.0234125 0.00993389 0.456592 0.167367 0.0675259 0.217735 9.9982E-05 9.9982E-05 0.0572334
0.0486798 9.9982E-05 0.150212 0.137574 0.0223757 0.00295402 0.624121 9.9982E-05 0.0138834
0.00734128 9.9964E-05 0.237635 0.203644 0.48033 9.9964E-05 9.9964E-05 9.9964E-05 0.0706498
0.0098416 9.9955E-05 0.0213261 9.9955E-05 9.9955E-05 9.9955E-05 9.9955E-05 0.00121346 0.967119
9.9946E-05 9.9946E-05 9.9946E-05 0.0289314 9.9946E-05 9.9946E-05 0.197221 9.9946E-05 0.773247
0.00211344 9.9955E-05 9.9955E-05 9.9955E-05 9.9955E-05 9.9955E-05 0.321032 0.0119727 0.664382
0.001035 0.0274021 0.036306 0.00521341 0.0341729 9.9982E-05 0.258586 9.9982E-05 0.637085
9.993E-05 0.999201 9.993E-05 9.993E-05 9.993E-05 9.993E-05 9.993E-05 9.993E-05 9.993E-05
9.9955E-05 9.9955E-05 0.0528674 0.0406726 9.9955E-05 0.0359242 9.9955E-05 9.9955E-05 0.870036
9.9937E-05 9.9937E-05 9.9937E-05 9.9937E-05 9.9937E-05 9.9937E-05 0.195731 9.9937E-05 0.803569
9.993E-05 0.999201 9.993E-05 9.993E-05 9.993E-05 9.993E-05 9.993E-05 9.993E-05 9.993E-05
9.99369E-05 9.99369E-05 9.99369E-05 9.99369E-05 9.99369E-05 9.99369E-05 0.507719 9.99369E-05 0.491581
9.9973E-05 9.9973E-05 9.9973E-05 0.149336 0.012567 0.147223 0.373563 0.0116138 0.305397
9.99369E-05 9.99369E-05 9.99369E-05 9.99369E-05 9.99369E-05 9.99369E-05 0.387935 9.99369E-05 0.611366
0.0087422 9.9955E-05 9.9955E-05 0.100821 9.9955E-05 9.9955E-05 0.421573 9.9955E-05 0.468365
0.00768732 0.0152329 9.99639E-05 9.99639E-05 0.532225 9.99639E-05 9.99639E-05 0.00739401 0.437061
0.0472217 9.9973E-05 0.0563009 0.208797 0.131208 9.9973E-05 0.381849 9.9973E-05 0.174324
0.0448829 9.99549E-05 9.99549E-05 9.99549E-05 0.20663 9.99549E-05 9.99549E-05 0.00394418 0.744043
9.9946E-05 0.00344402 9.9946E-05 9.9946E-05 9.9946E-05 9.9946E-05 0.11873 9.9946E-05 0.877226
9.9955E-05 0.0072056 9.9955E-05 0.0160262 9.9955E-05 9.9955E-05 9.9955E-05 0.00373493 0.972534
0.0134616 9.9973E-05 0.0017646 0.00994995 0.0238244 9.9973E-05 0.293204 9.9973E-05 0.657495
9.9937E-05 9.9937E-05 9.9937E-05 9.9937E-05 9.9937E-05 9.9937E-05 0.321042 9.9937E-05 0.678258
9.9937E-05 9.9937E-05 9.9937E-05 9.9937E-05 9.9937E-05 9.9937E-05 0.0672388 9.9937E-05 0.932062
0.833419 9.99641E-05 0.0171165 9.99641E-05 0.0788115 0.0545757 9.99641E-05 0.015677 9.99641E-05
0.00492 9.9964E-05 9.9964E-05 0.0273325 9.9964E-05 0.0113297 9.9964E-05 0.0148533 0.941165
0.0280049 9.9973E-05 9.9973E-05 0.288562 0.158551 9.9973E-05 0.382979 0.0131375 0.128465
9.9955E-05 0.00859823 9.9955E-05 9.9955E-05 9.9955E-05 0.0295361 0.0139132 9.9955E-05 0.947453
9.9946E-05 9.9946E-05 0.0266136 9.9946E-05 9.9946E-05 9.9946E-05 9.9946E-05 0.00670413 0.966083
9.9955E-05 0.00469952 9.9955E-05 0.021011 9.9955E-05 9.9955E-05 0.4129 9.9955E-05 0.56089
9.9955E-05 9.9955E-05 9.9955E-05 0.0234622 9.9955E-05 0.0159468 0.378927 9.9955E-05 0.581165
9.99459E-05 9.99459E-05 9.99459E-05 0.81294 9.99459E-05 0.0711012 9.99459E-05 9.99459E-05 0.11536
9.993E-05 0.999201 9.993E-05 9.993E-05 9.993E-05 9.993E-05 9.993E-05 9.993E-05 9.993E-05
0.00683169 9.9964E-05 0.302252 9.9964E-05 0.0248583 9.9964E-05 0.569115 9.9964E-05 0.0965425
0.0293207 9.99549E-05 9.99549E-05 9.99549E-05 0.153602 9.99549E-05 9.99549E-05 0.0184069 0.798171
0.00644594 0.00540405 9.9964E-05 9.9964E-05 9.9964E-05 9.9964E-05 0.259915 0.00424685 0.723589
0.0398304 9.9946E-05 9.9946E-05 9.9946E-05 0.00804975 9.9946E-05 9.9946E-05 9.9946E-05 0.95152
9.99371E-05 9.99371E-05 9.99371E-05 9.99371E-05 9.99371E-05 9.99371E-05 9.99371E-05 0.00586895 0.993431
9.9964E-05 0.0229733 0.0443446 9.9964E-05 0.00298345 9.9964E-05 9.9964E-05 0.00382859 0.92547
9.9955E-05 9.9955E-05 9.9955E-05 9.9955E-05 9.9955E-05 0.0044936 0.0438821 0.00152691 0.949598
0.00367993 9.99739E-05 9.99739E-05 0.310174 0.17047 0.253404 0.170817 9.99739E-05 0.0911559
9.9955E-05 9.9955E-05 9.9955E-05 0.00184605 9.9955E-05 0.01472 0.0582209 9.9955E-05 0.924713
0.672041 0.011726 9.9964E-05 0.0741564 0.216172 0.0255047 9.9964E-05 9.9964E-05 9.9964E-05
0.0287367 9.9964E-05 9.9964E-05 0.0198665 0.00725776 9.9964E-05 0.491521 9.9964E-05 0.452218
9.9946E-05 0.00136176 9.9946E-05 9.9946E-05 9.9946E-05 9.9946E-05 0.11106 9.9946E-05 0.886979
0.0538357 0.381488 9.9973E-05 9.9973E-05 0.462715 0.00456243 9.9973E-05 0.0695028 0.0275955
9.9946E-05 0.0301094 9.9946E-05 9.9946E-05 0.612595 9.9946E-05 9.9946E-05 9.9946E-05 0.356696
9.9964E-05 0.00114523 0.25051 9.9964E-05 0.107568 9.9964E-05 0.389443 9.9964E-05 0.250934
9.9964E-05 0.00209493 9.9964E-05 0.0170841 0.0529502 9.9964E-05 0.21788 9.9964E-05 0.709591
0.0173262 9.9955E-05 9.9955E-05 0.0327895 0.0217424 9.9955E-05 9.9955E-05 9.9955E-05 0.927642
9.993E-05 9.993E-05 9.993E-05 9.993E-05 9.993E-05 9.993E-05 9.993E-05 0.999201 9.993E-05
9.99549E-05 0.0023496 9.99549E-05 0.0896947 9.99549E-05 9.99549E-05 0.49276 9.99549E-05 0.414696
9.99459E-05 9.99459E-05 9.99459E-05 0.0784726 9.99459E-05 9.99459E-05 0.456574 9.99459E-05 0.464354
9.995E-05 9.995E-05 9.995E-05 0.587923 9.995E-05 0.0273025 0.261692 9.995E-05 0.122583
0.00283839 9.9982E-05 0.0955935 0.215672 9.9982E-05 0.094713 0.57311 0.00368067 0.0141923
9.9955E-05 9.9955E-05 9.9955E-05 0.144012 9.9955E-05 0.587574 0.206171 9.9955E-05 0.0617428
0.000310286 9.9946E-05 9.9946E-05 9.9946E-05 0.00662263 9.9946E-05 9.9946E-05 9.9946E-05 0.992467
9.9946E-05 9.9946E-05 9.9946E-05 9.9946E-05 0.0126 9.9946E-05 0.575159 9.9946E-05 0.411641
9.9937E-05 9.9937E-05 9.9937E-05 9.9937E-05 9.9937E-05 9.9937E-05 0.171865 9.9937E-05 0.827435
9.9955E-05 9.9955E-05 9.9955E-05 0.0484824 0.0610862 9.9955E-05 0.690629 9.9955E-05 0.199302
9.9964E-05 9.9964E-05 0.241841 0.0981503 0.566939 0.00265202 9.9964E-05 9.9964E-05 0.0900182
0.00652951 9.9955E-05 0.0196488 9.9955E-05 0.0200907 9.9955E-05 9.9955E-05 9.9955E-05 0.953231
0.0693694 9.9973E-05 0.0431013 0.412401 0.0250095 9.9973E-05 0.281374 9.9973E-05 0.168445
9.9955E-05 9.9955E-05 0.234365 9.9955E-05 9.9955E-05 9.9955E-05 0.625219 0.00515304 0.134763
0.824916 0.022868 0.114611 0.037105 9.9955E-05 9.9955E-05 9.9955E-05 9.9955E-05 9.9955E-05
9.9946E-05 9.9946E-05 9.9946E-05 0.0156618 9.9946E-05 9.9946E-05 0.509951 9.9946E-05 0.473787
9.9955E-05 0.00277617 9.9955E-05 0.0287627 9.9955E-05 9.9955E-05 0.0469226 9.9955E-05 0.921039
9.993E-05 9.993E-05 9.993E-05 9.993E-05 9.993E-05 9.993E-05 9.993E-05 9.993E-05 0.999201
9.9964E-05 0.000355497 0.167241 0.102274 9.9964E-05 0.407781 0.321949 9.9964E-05 9.9964E-05
9.993E-05 0.999201 9.993E-05 9.993E-05 9.993E-05 9.993E-05 9.993E-05 9.993E-05 9.993E-05
9.99369E-05 9.99369E-05 9.99369E-05 9.99369E-05 9.99369E-05 0.909505 0.0897955 9.99369E-05 9.99369E-05
0.0307207 9.9955E-05 9.9955E-05 0.0583348 9.9955E-05 9.9955E-05 0.187996 9.9955E-05 0.722448
0.0214587 9.9955E-05 9.9955E-05 9.9955E-05 0.0259664 9.9955E-05 9.9955E-05 0.00781549 0.94426
9.9955E-05 9.9955E-05 9.9955E-05 0.516919 9.9955E-05 0.207485 0.224294 9.9955E-05 0.0508016
9.993E-05 0.999201 9.993E-05 9.993E-05 9.993E-05 9.993E-05 9.993E-05 9.993E-05 9.993E-05
0.646539 0.0145844 0.00521264 9.9964E-05 0.328938 9.9964E-05 9.9964E-05 0.00432602 9.9964E-05
9.9955E-05 0.00150191 9.9955E-05 0.197999 9.9955E-05 9.9955E-05 0.197271 9.9955E-05 0.602728
9.9937E-05 9.9937E-05 9.9937E-05 9.9937E-05 9.9937E-05 9.9937E-05 0.337697 9.9937E-05 0.661603
0.00219225 9.9973E-05 0.0436764 0.204866 9.9973E-05 0.162537 0.497526 9.9973E-05 0.0889034
0.0218215 9.9946E-05 9.9946E-05 9.9946E-05 9.9946E-05 0.00563516 9.9946E-05 9.9946E-05 0.971944
9.9982E-05 0.0397985 0.214942 0.0504398 0.246994 0.372792 0.015726 9.9982E-05 0.0591068
0.134277 0.474114 9.9973E-05 9.9973E-05 0.275304 0.00366331 0.0192327 0.0931083 9.9973E-05
0.0321095 9.9946E-05 9.9946E-05 9.9946E-05 9.9946E-05 9.9946E-05 0.140831 9.9946E-05 0.82646
9.99549E-05 9.99549E-05 9.99549E-05 0.0311119 9.99549E-05 0.068207 0.486904 9.99549E-05 0.413278
0.999201 9.993E-05 9.993E-05 9.993E-05 9.993E-05 9.993E-05 9.993E-05 9.993E-05 9.993E-05
9.9964E-05 0.00408354 9.9964E-05 0.0198316 9.9964E-05 0.0337422 0.130896 9.9964E-05 0.811047
9.9946E-05 9.9946E-05 9.9946E-05 0.176751 9.9946E-05 9.9946E-05 0.506753 9.9946E-05 0.315896
9.9937E-05 9.9937E-05 9.9937E-05 9.9937E-05 9.9937E-05 9.9937E-05 0.251967 9.9937E-05 0.747334
9.994E-05 9.994E-05 9.994E-05 9.994E-05 9.994E-05 0.785707 9.994E-05 0.00552573 0.208168
9.9973E-05 0.00547155 0.171475 0.237076 9.9973E-05 0.149066 0.278102 9.9973E-05 0.15851
9.9964E-05 9.9964E-05 0.354104 9.9964E-05 0.0572505 0.121763 0.380156 9.9964E-05 0.086326
9.99369E-05 9.99369E-05 9.99369E-05 9.99369E-05 0.529335 0.469966 9.99369E-05 9.99369E-05 9.99369E-05
0.0268929 9.9964E-05 0.002947 9.9964E-05 0.000724239 9.9964E-05 0.496051 9.9964E-05 0.472985
0.00543793 0.0108161 9.9955E-05 9.9955E-05 9.9955E-05 9.9955E-05 0.18538 9.9955E-05 0.797866
0.0254557 0.0171442 9.9955E-05 9.9955E-05 9.9955E-05 9.9955E-05 0.387937 9.9955E-05 0.568963
9.9955E-05 0.833894 9.9955E-05 9.9955E-05 0.0794205 0.0264331 9.9955E-05 0.059753 9.9955E-05
0.0334895 9.9964E-05 9.9964E-05 0.00890411 0.061218 9.9964E-05 0.0293454 9.9964E-05 0.866643
9.9964E-05 0.957003 0.0125297 0.0172073 9.9964E-05 9.9964E-05 0.00148587 0.0113743 9.9964E-05
0.0113524 9.9955E-05 9.9955E-05 9.9955E-05 0.00594622 9.9955E-05 0.425942 9.9955E-05 0.55626
0.965294 9.99369E-05 9.99369E-05 9.99369E-05 9.99369E-05 9.99369E-05 9.99369E-05 9.99369E-05 0.034006
9.99459E-05 9.99459E-05 9.99459E-05 0.183408 9.99459E-05 0.539091 0.276902 9.99459E-05 9.99459E-05
9.9964E-05 9.9964E-05 9.9964E-05 0.452084 0.0512044 0.373474 9.9964E-05 0.0167527 0.106085
0.0272108 9.9982E-05 9.9982E-05 0.342106 0.0124615 0.411614 0.119643 0.0381893 0.0485756
0.0130973 9.9955E-05 0.0173268 9.9955E-05 9.9955E-05 9.9955E-05 0.556348 9.9955E-05 0.412728
9.9973E-05 0.027693 0.29732 0.291833 9.9973E-05 9.9973E-05 0.182514 0.00108677 0.199254
9.9955E-05 0.00295572 9.9955E-05 9.9955E-05 0.00239855 9.9955E-05 0.0682005 9.9955E-05 0.925945
0.0124147 9.9977E-05 9.9977E-05 0.00736877 0.0563657 0.0897751 0.563882 9.9977E-05 0.269894
9.99459E-05 9.99459E-05 9.99459E-05 9.99459E-05 0.782333 9.99459E-05 9.99459E-05 0.00364693 0.213421
9.9964E-05 0.0119108 0.129785 9.9964E-05 9.9964E-05 9.9964E-05 0.184059 0.00414149 0.669704
0.00386693 9.9973E-05 9.9973E-05 0.00403077 0.0556851 9.9973E-05 0.189944 0.00757859 0.738595
0.955709 0.00807943 9.99459E-05 9.99459E-05 9.99459E-05 9.99459E-05 9.99459E-05 9.99459E-05 0.0356123
0.0442882 9.9964E-05 0.333634 0.11835 0.37704 9.9964E-05 9.9964E-05 9.9964E-05 0.126288
0.996141 9.99371E-05 9.99371E-05 0.00315908 9.99371E-05 9.99371E-05 9.99371E-05 9.99371E-05 9.99371E-05
0.00597759 0.00106887 9.9964E-05 0.0384415 9.9964E-05 9.9964E-05 0.36356 9.9964E-05 0.590552
0.0378937 9.9964E-05 9.9964E-05 9.9964E-05 0.736285 0.0159921 0.142523 9.9964E-05 0.0669065
0.0135342 9.9955E-05 0.222078 9.9955E-05 0.536226 9.9955E-05 9.9955E-05 9.9955E-05 0.227662
9.9955E-05 0.0194805 9.9955E-05 9.9955E-05 9.9955E-05 0.0355787 0.276509 9.9955E-05 0.667932
9.9955E-05 9.9955E-05 9.9955E-05 0.0142435 9.9955E-05 0.00181696 0.000227301 9.9955E-05 0.983213
0.00540812 0.993892 9.9937E-05 9.9937E-05 9.9937E-05 9.9937E-05 9.9937E-05 9.9937E-05 9.9937E-05
0.0253351 9.99639E-05 0.243404 0.157233 0.493194 0.0804342 9.99639E-05 9.99639E-05 9.99639E-05
9.9946E-05 9.9946E-05 0.00316525 9.9946E-05 9.9946E-05 9.9946E-05 0.362241 9.9946E-05 0.633994
0.387215 0.0245481 9.99639E-05 9.99639E-05 0.506969 9.99639E-05 9.99639E-05 0.0123825 0.0684854
0.00449469 9.9946E-05 9.9946E-05 9.9946E-05 0.0455314 9.9946E-05 9.9946E-05 9.9946E-05 0.949374
9.993E-05 9.993E-05 9.993E-05 9.993E-05 9.993E-05 9.993E-05 9.993E-05 0.999201 9.993E-05
9.9982E-05 0.00709921 9.9982E-05 0.000130194 0.0522358 0.00777463 0.107828 0.000386433 0.824345
9.9955E-05 0.0158299 9.9955E-05 9.9955E-05 0.271457 9.9955E-05 9.9955E-05 0.616575 0.0956385
0.0174335 0.0217126 9.9982E-05 0.146327 9.9982E-05 0.397844 0.39066 0.000852518 0.0249704
9.9964E-05 9.9964E-05 0.0050168 0.0120765 0.00382779 9.9964E-05 9.9964E-05 0.00635726 0.972322
9.9946E-05 9.9946E-05 0.0125232 9.9946E-05 9.9946E-05 9.9946E-05 9.9946E-05 0.00121745 0.98566
0.0197834 9.9964E-05 0.733962 9.9964E-05 9.9964E-05 0.0657332 9.9964E-05 0.00201002 0.178112
0.00298953 0.0016595 0.0157491 9.996E-05 0.0688528 9.996E-05 9.996E-05 9.996E-05 0.910349
0.96346 9.99461E-05 9.99461E-05 0.00763863 9.99461E-05 0.0283017 9.99461E-05 9.99461E-05 9.99461E-05
0.00402483 0.00173978 9.9955E-05 9.9955E-05 9.9955E-05 9.9955E-05 0.0260598 9.9955E-05 0.967676
9.993E-05 9.993E-05 9.993E-05 9.993E-05 9.993E-05 9.993E-05 9.993E-05 0.999201 9.993E-05
9.9937E-05 9.9937E-05 9.9937E-05 9.9937E-05 9.9937E-05 9.9937E-05 0.0174379 9.9937E-05 0.981863
0.0129903 9.9964E-05 9.9964E-05 0.547416 0.0550008 9.9964E-05 0.294385 9.9964E-05 0.0898086
9.9964E-05 9.9964E-05 0.129559 0.232667 9.9964E-05 9.9964E-05 0.375919 0.00911896 0.252335
9.9955E-05 9.9955E-05 0.11101 0.303411 0.506912 9.9955E-05 0.0781667 9.9955E-05 9.9955E-05
9.997E-05 0.00744773 0.458211 9.997E-05 0.0614795 9.997E-05 0.168929 0.0196596 0.283974
0.00331827 0.052949 0.353754 0.0928894 0.35446 9.997E-05 9.997E-05 9.997E-05 0.142329
9.9937E-05 9.9937E-05 9.9937E-05 9.9937E-05 9.9937E-05 0.0129463 9.9937E-05 9.9937E-05 0.986354
0.0520815 9.99639E-05 9.99639E-05 0.218555 9.99639E-05 0.0604119 0.4649 9.99639E-05 0.203652
9.9946E-05 9.9946E-05 9.9946E-05 9.9946E-05 9.9946E-05 9.9946E-05 0.144063 0.00160547 0.853732
0.032491 0.0198517 0.0711718 0.185101 0.232868 9.998E-05 0.362483 9.998E-05 0.0958344
9.9964E-05 9.9964E-05 0.00811807 0.0242914 0.222266 0.697729 9.9964E-05 9.9964E-05 0.0471965
0.0132104 9.997E-05 9.997E-05 0.00260327 0.0633969 9.997E-05 0.110069 0.00951879 0.800901
9.9946E-05 0.0147088 9.9946E-05 9.9946E-05 9.9946E-05 9.9946E-05 0.710185 9.9946E-05 0.274506
0.0040893 0.0126704 9.9955E-05 9.9955E-05 9.9955E-05 9.9955E-05 0.356028 9.9955E-05 0.626713
9.9955E-05 9.9955E-05 0.029422 9.9955E-05 0.0196924 0.0225452 9.9955E-05 9.9955E-05 0.927841
0.0452111 9.9955E-05 9.9955E-05 9.9955E-05 0.586534 9.9955E-05 9.9955E-05 0.0223152 0.34544
9.9964E-05 9.9964E-05 0.228886 0.140635 9.9964E-05 9.9964E-05 0.387584 0.000172989 0.242321
0.00975167 9.9982E-05 0.198863 0.144011 0.0892147 9.9982E-05 0.174467 0.0135495 0.369943
0.019014 0.000296986 0.00642156 0.0145514 0.029166 0.00364406 0.0316042 0.895202 9.9991E-05
0.0112297 9.9955E-05 0.0498131 9.9955E-05 0.0247103 9.9955E-05 9.9955E-05 9.9955E-05 0.913747
9.9937E-05 9.9937E-05 9.9937E-05 9.9937E-05 0.00611822 9.9937E-05 9.9937E-05 9.9937E-05 0.993182
9.996E-05 0.00103212 9.996E-05 0.0441009 9.996E-05 9.996E-05 0.11255 0.00458471 0.837333
0.997862 9.99369E-05 9.99369E-05 9.99369E-05 9.99369E-05 9.99369E-05 9.99369E-05 9.99369E-05 0.00143866
9.9964E-05 9.9964E-05 9.9964E-05 0.0775958 0.052278 9.9964E-05 0.262791 0.00529622 0.601639
9.9937E-05 9.9937E-05 0.752426 9.9937E-05 9.9937E-05 9.9937E-05 9.9937E-05 9.9937E-05 0.246875
0.0224413 9.9982E-05 0.0620907 0.00502243 0.00306918 0.200056 0.431334 9.9982E-05 0.275786
9.995E-05 0.00586124 9.995E-05 9.995E-05 0.0136047 9.995E-05 0.000803554 9.995E-05 0.979231
0.00726245 9.9982E-05 0.0807558 0.000562091 0.0149935 0.0156958 0.029609 9.9982E-05 0.850922
9.9946E-05 9.9946E-05 9.9946E-05 9.9946E-05 9.9946E-05 0.00158396 0.0131726 9.9946E-05 0.984644
9.9955E-05 0.0286219 0.692342 0.0462986 9.9955E-05 9.9955E-05 9.9955E-05 9.9955E-05 0.232237
0.0485989 0.0260524 9.9973E-05 9.9973E-05 0.119348 9.9973E-05 0.000164463 0.797439 0.00809743
9.99459E-05 9.99459E-05 0.355271 9.99459E-05 0.415814 0.228315 9.99459E-05 9.99459E-05 9.99459E-05
0.00109017 0.0198037 0.0424315 0.0529747 9.998E-05 0.100689 0.344709 9.998E-05 0.438102
9.9946E-05 0.0136692 9.9946E-05 9.9946E-05 0.0345058 9.9946E-05 9.9946E-05 0.951225 9.9946E-05
0.0368485 9.998E-05 0.0227459 0.0743589 0.0665339 9.998E-05 0.297568 0.00827357 0.493471
9.995E-05 9.995E-05 9.995E-05 0.236765 9.995E-05 0.246083 0.321683 9.995E-05 0.19497
0.0301597 9.9964E-05 0.0109023 9.9964E-05 0.0711788 9.9964E-05 9.9964E-05 0.0010597 0.8863
9.9937E-05 9.9937E-05 9.9937E-05 0.00616206 9.9937E-05 9.9937E-05 9.9937E-05 9.9937E-05 0.993138
0.00125961 0.020228 0.0412433 9.9955E-05 9.9955E-05 9.9955E-05 9.9955E-05 9.9955E-05 0.936769
9.9964E-05 9.9964E-05 0.0338446 0.260529 0.166121 9.9964E-05 0.119883 9.9964E-05 0.419222
0.930615 9.99369E-05 9.99369E-05 9.99369E-05 9.99369E-05 9.99369E-05 9.99369E-05 9.99369E-05 0.0686857
9.9937E-05 9.9937E-05 9.9937E-05 9.9937E-05 9.9937E-05 9.9937E-05 0.0509881 9.9937E-05 0.948312
9.9955E-05 9.9955E-05 9.9955E-05 0.55796 0.0831576 0.317614 9.9955E-05 9.9955E-05 0.0407683
9.9973E-05 0.00186744 0.00272191 9.9973E-05 0.0063178 0.116205 0.573869 9.9973E-05 0.298719
0.972907 9.99549E-05 9.99549E-05 9.99549E-05 9.99549E-05 9.99549E-05 0.0147037 0.00762618 0.00426362
0.00187623 9.9964E-05 0.521359 0.192159 9.9964E-05 0.145219 9.9964E-05 9.9964E-05 0.138988
9.9937E-05 9.9937E-05 9.9937E-05 9.9937E-05 0.907324 9.9937E-05 0.091976 9.9937E-05 9.9937E-05
0.0262372 9.9982E-05 0.115273 0.176441 0.165908 0.107945 0.325113 9.9982E-05 0.0828838
0.915237 0.00122379 9.9955E-05 9.9955E-05 9.9955E-05 9.9955E-05 0.0221208 9.9955E-05 0.0609189
9.9946E-05 9.9946E-05 9.9946E-05 9.9946E-05 9.9946E-05 0.0865488 0.577343 9.9946E-05 0.335508
9.993E-05 9.993E-05 9.993E-05 9.993E-05 9.993E-05 9.993E-05 9.993E-05 0.999201 9.993E-05
0.00936004 0.00426733 0.0186974 9.9982E-05 9.9982E-05 0.014398 0.516476 0.00227097 0.43433
9.9946E-05 0.00812045 9.9946E-05 9.9946E-05 9.9946E-05 9.9946E-05 0.108716 9.9946E-05 0.882563
9.99371E-05 9.99371E-05 9.99371E-05 9.99371E-05 9.99371E-05 0.0179022 9.99371E-05 0.981398 9.99371E-05
9.9937E-05 9.9937E-05 9.9937E-05 9.9937E-05 9.9937E-05 9.9937E-05 0.226241 9.9937E-05 0.773059
0.0132408 0.893805 9.9973E-05 9.9973E-05 0.0423422 0.0376217 9.9973E-05 0.0100565 0.00263412
9.9964E-05 0.00796166 9.9964E-05 0.456834 0.0388842 9.9964E-05 0.39215 9.9964E-05 0.10377
0.0219711 9.995E-05 9.995E-05 9.995E-05 0.0334452 9.995E-05 0.0868955 9.995E-05 0.857188
0.0688252 9.9973E-05 0.444025 0.128041 0.219494 9.9973E-05 9.9973E-05 0.00294547 0.136369
9.9964E-05 9.9964E-05 9.9964E-05 9.9964E-05 0.0578204 0.0398154 0.275875 0.00930948 0.61678
9.9946E-05 0.0249142 9.9946E-05 9.9946E-05 0.0518208 9.9946E-05 9.9946E-05 0.922665 9.9946E-05
0.00951758 9.9982E-05 0.180543 0.134015 9.9982E-05 0.0202109 0.512117 0.00804128 0.135356
