0.281878 9.9946E-05 9.9946E-05 0.556523 9.9946E-05 9.9946E-05 0.00734264 9.9946E-05 0.153657 9.9946E-05
9.9937E-05 9.9937E-05 0.0261391 0.968435 9.9937E-05 0.00472599 9.9937E-05 9.9937E-05 9.9937E-05 9.9937E-05
0.0798678 0.0114303 0.00390421 0.895071 9.9955E-05 0.00922648 9.9955E-05 9.9955E-05 9.9955E-05 9.9955E-05
0.440801 9.9955E-05 0.0764361 0.442346 9.9955E-05 9.9955E-05 0.0054908 9.9955E-05 9.9955E-05 0.0344259
0.446342 0.0164659 9.9946E-05 0.0578033 9.9946E-05 9.9946E-05 9.9946E-05 9.9946E-05 9.9946E-05 0.478789
9.995E-05 9.995E-05 0.564864 0.157262 9.995E-05 9.995E-05 0.00700327 9.995E-05 0.0768222 0.193549
9.9955E-05 9.9955E-05 9.9955E-05 0.170512 9.9955E-05 0.0172961 9.9955E-05 0.244923 0.195868 0.370902
0.438636 0.00141515 0.166347 9.9955E-05 9.9955E-05 9.9955E-05 9.9955E-05 0.210346 9.9955E-05 0.182756
0.03763 0.00189647 0.0249449 0.895322 0.0108991 9.9973E-05 0.00957287 0.0194345 9.9973E-05 9.9973E-05
0.33212 9.9928E-05 9.9928E-05 0.66708 9.9928E-05 9.9928E-05 9.9928E-05 9.9928E-05 9.9928E-05 9.9928E-05
0.427339 9.9964E-05 9.9964E-05 0.0894644 9.9964E-05 0.0473522 9.9964E-05 0.279002 0.100561 0.0558815
0.0715037 9.9946E-05 9.9946E-05 0.0494005 9.9946E-05 9.9946E-05 0.00296232 9.9946E-05 0.875534 9.9946E-05
0.427485 9.99549E-05 9.99549E-05 0.117024 9.99549E-05 9.99549E-05 9.99549E-05 0.201234 0.186155 0.0676027
9.99459E-05 9.99459E-05 0.806374 0.0520024 9.99459E-05 9.99459E-05 9.99459E-05 0.0376416 9.99459E-05 0.103383
0.679005 9.9946E-05 9.9946E-05 0.298315 0.00720068 0.0148803 9.9946E-05 9.9946E-05 9.9946E-05 9.9946E-05
9.996E-05 9.996E-05 0.198311 0.428691 0.00560904 9.996E-05 0.0129093 9.996E-05 0.333386 0.0206936
9.9946E-05 9.9946E-05 9.9946E-05 0.186915 9.9946E-05 9.9946E-05 9.9946E-05 0.430207 0.26112 0.121158
9.9955E-05 9.9955E-05 0.273447 0.165989 0.000493965 0.274536 0.285033 9.9955E-05 9.9955E-05 9.9955E-05
9.9946E-05 9.9946E-05 0.000757593 0.970643 9.9946E-05 0.0156968 9.9946E-05 9.9946E-05 9.9946E-05 0.0123032
0.182537 0.0179448 0.156645 0.0572446 0.0258838 9.9982E-05 0.0100177 0.391556 9.9982E-05 0.157971
0.0289234 9.9946E-05 9.9946E-05 0.90114 0.00087255 9.9946E-05 9.9946E-05 9.9946E-05 0.068464 9.9946E-05
0.184517 9.9946E-05 9.9946E-05 0.144501 9.9946E-05 9.9946E-05 9.9946E-05 0.265629 0.404753 9.9946E-05
0.49393 0.00406087 0.0788637 0.100281 9.9964E-05 9.9964E-05 9.9964E-05 0.0375781 0.284886 9.9964E-05
0.0651394 0.870097 0.0235027 9.9955E-05 9.9955E-05 9.9955E-05 0.00813642 0.0326245 9.9955E-05 9.9955E-05
0.143738 9.9964E-05 0.209164 0.11134 9.9964E-05 0.00897264 9.9964E-05 9.9964E-05 0.11518 0.411206
0.552873 0.0275345 9.9964E-05 0.17323 9.9964E-05 0.0223199 9.9964E-05 0.207769 0.0158731 9.9964E-05
0.2942 9.9973E-05 0.113562 0.0855432 9.9973E-05 0.00954773 9.9973E-05 0.348976 0.00452219 0.143349
0.164778 0.0163283 9.9946E-05 0.812956 9.9946E-05 9.9946E-05 0.00533787 9.9946E-05 9.9946E-05 9.9946E-05
0.32082 9.9937E-05 9.9937E-05 0.659499 9.9937E-05 9.9937E-05 9.9937E-05 9.9937E-05 0.0189816 9.9937E-05
0.0430406 9.9928E-05 9.9928E-05 0.95616 9.9928E-05 9.9928E-05 9.9928E-05 9.9928E-05 9.9928E-05 9.9928E-05
9.9955E-05 9.9955E-05 0.632093 0.0765406 9.9955E-05 0.0182185 9.9955E-05 9.9955E-05 0.227243 0.0454061
9.9946E-05 9.9946E-05 0.0299682 0.938288 9.9946E-05 9.9946E-05 9.9946E-05 9.9946E-05 0.013571 0.0175733
9.9946E-05 9.9946E-05 9.9946E-05 0.983465 9.9946E-05 0.00348026 9.9946E-05 9.9946E-05 0.00326458 0.00919028
9.9955E-05 9.9955E-05 0.211853 0.200509 0.00180335 9.9955E-05 9.9955E-05 0.0328167 9.9955E-05 0.552518
9.9937E-05 0.00789763 0.00558983 0.985813 9.9937E-05 9.9937E-05 9.9937E-05 9.9937E-05 9.9937E-05 9.9937E-05
0.152527 9.9982E-05 0.0924884 0.153907 0.00154685 0.0242047 9.9982E-05 0.221389 0.115834 0.237903
0.634024 9.9928E-05 9.9928E-05 0.365177 9.9928E-05 9.9928E-05 9.9928E-05 9.9928E-05 9.9928E-05 9.9928E-05
9.9946E-05 9.9946E-05 0.139925 9.9946E-05 0.0172593 9.9946E-05 9.9946E-05 0.0762886 0.765928 9.9946E-05
9.99729E-05 0.0113799 0.13209 0.0313116 9.99729E-05 9.99729E-05 0.0157794 0.34825 0.03386 0.427028
0.557739 0.0522938 9.9955E-05 9.9955E-05 9.9955E-05 9.9955E-05 9.9955E-05 0.0432096 0.183697 0.162561
0.0566437 9.9964E-05 0.527679 0.0379111 0.0110176 9.9964E-05 9.9964E-05 9.9964E-05 0.150616 0.215733
9.996E-05 0.0034186 9.996E-05 0.95755 0.0100739 9.996E-05 0.000739803 0.00185592 9.996E-05 0.0259618
0.211125 9.9937E-05 9.9937E-05 0.740972 9.9937E-05 9.9937E-05 9.9937E-05 9.9937E-05 0.0472038 9.9937E-05
0.352783 9.99369E-05 9.99369E-05 0.612037 9.99369E-05 0.0344803 9.99369E-05 9.99369E-05 9.99369E-05 9.99369E-05
0.235914 9.9964E-05 0.035997 0.651194 9.9964E-05 9.9964E-05 0.0204848 9.9964E-05 0.00161394 0.0543968
9.9937E-05 9.9937E-05 0.00283906 9.9937E-05 0.00166326 9.9937E-05 0.994798 9.9937E-05 9.9937E-05 9.9937E-05
0.00165435 9.9946E-05 9.9946E-05 0.891545 9.9946E-05 9.9946E-05 9.9946E-05 0.0580406 9.9946E-05 0.0481607
0.20966 9.9928E-05 9.9928E-05 0.78954 9.9928E-05 9.9928E-05 9.9928E-05 9.9928E-05 9.9928E-05 9.9928E-05
9.99201E-05 9.99201E-05 9.99201E-05 9.99201E-05 9.99201E-05 9.99201E-05 0.999101 9.99201E-05 9.99201E-05 9.99201E-05
0.528158 9.9928E-05 9.9928E-05 0.471042 9.9928E-05 9.9928E-05 9.9928E-05 9.9928E-05 9.9928E-05 9.9928E-05
0.351543 9.9964E-05 9.9964E-05 0.295913 0.00154513 0.0174106 9.9964E-05 0.0856753 0.247514 9.9964E-05
0.440028 9.9928E-05 9.9928E-05 0.559173 9.9928E-05 9.9928E-05 9.9928E-05 9.9928E-05 9.9928E-05 9.9928E-05
0.384697 0.00154445 9.9955E-05 0.417434 9.9955E-05 9.9955E-05 9.9955E-05 9.9955E-05 0.158767 0.0370583
9.99549E-05 0.00939216 0.47941 0.477721 0.00116051 9.99549E-05 0.0318163 9.99549E-05 9.99549E-05 9.99549E-05
0.230355 0.0417435 0.126086 0.189734 9.9964E-05 9.9964E-05 9.9964E-05 9.9964E-05 0.397494 0.0141885
9.99459E-05 0.0387323 0.20429 0.746149 0.0102283 9.99459E-05 9.99459E-05 9.99459E-05 9.99459E-05 9.99459E-05
0.137213 9.9937E-05 9.9937E-05 0.856009 9.9937E-05 9.9937E-05 0.00607861 9.9937E-05 9.9937E-05 9.9937E-05
9.9946E-05 9.9946E-05 9.9946E-05 0.967231 9.9946E-05 0.00693201 9.9946E-05 0.0237135 0.00152392 9.9946E-05
0.343423 0.00862514 0.0210833 0.598461 9.9964E-05 0.00335555 9.9964E-05 9.9964E-05 9.9964E-05 0.024653
0.365912 9.9928E-05 9.9928E-05 0.633288 9.9928E-05 9.9928E-05 9.9928E-05 9.9928E-05 9.9928E-05 9.9928E-05
0.0799138 9.9928E-05 9.9928E-05 0.919287 9.9928E-05 9.9928E-05 9.9928E-05 9.9928E-05 9.9928E-05 9.9928E-05
9.99551E-05 0.829636 0.0967212 9.99551E-05 0.00811519 0.00445862 9.99551E-05 0.0605697 9.99551E-05 9.99551E-05
9.9955E-05 0.0102593 9.9955E-05 0.953598 0.00292491 9.9955E-05 9.9955E-05 0.0112256 0.0214929 9.9955E-05
0.428644 0.0178922 0.159654 0.0762283 0.0229276 0.00451571 9.9973E-05 9.9973E-05 0.289838 9.9973E-05
9.994E-05 9.994E-05 9.994E-05 0.932941 9.994E-05 0.00127841 0.00526772 9.994E-05 0.0599128 9.994E-05
9.9946E-05 0.000448938 9.9946E-05 0.992183 0.00226555 9.9946E-05 9.9946E-05 9.9946E-05 9.9946E-05 0.0045033
0.371071 9.9946E-05 9.9946E-05 0.539412 9.9946E-05 0.0148672 9.9946E-05 9.9946E-05 0.0740498 9.9946E-05
0.409158 9.9946E-05 9.9946E-05 0.536623 9.9946E-05 9.9946E-05 9.9946E-05 0.0532906 0.00032867 9.9946E-05
9.9937E-05 9.9937E-05 9.9937E-05 0.127349 9.9937E-05 9.9937E-05 9.9937E-05 0.366466 0.505486 9.9937E-05
9.99201E-05 9.99201E-05 9.99201E-05 9.99201E-05 9.99201E-05 9.99201E-05 0.999101 9.99201E-05 9.99201E-05 9.99201E-05
0.602527 0.000332124 9.9946E-05 0.0105633 9.9946E-05 9.9946E-05 9.9946E-05 9.9946E-05 9.9946E-05 0.385977
9.996E-05 0.0168117 0.141714 0.809033 0.0122906 0.0109566 0.00879436 9.996E-05 9.996E-05 9.996E-05
0.269391 0.0225633 9.9955E-05 0.698579 0.00546684 9.9955E-05 0.00350063 9.9955E-05 9.9955E-05 9.9955E-05
9.9928E-05 0.0385904 9.9928E-05 0.96061 9.9928E-05 9.9928E-05 9.9928E-05 9.9928E-05 9.9928E-05 9.9928E-05
9.9946E-05 0.00232804 9.9946E-05 0.990839 9.9946E-05 9.9946E-05 9.9946E-05 0.00234949 0.00388383 9.9946E-05
9.9937E-05 9.9937E-05 9.9937E-05 0.931179 9.9937E-05 9.9937E-05 0.0345483 9.9937E-05 9.9937E-05 0.0335728
0.0330283 9.9946E-05 9.9946E-05 0.955867 9.9946E-05 9.9946E-05 0.0002126 0.010292 9.9946E-05 9.9946E-05
9.9955E-05 9.9955E-05 9.9955E-05 0.158367 9.9955E-05 0.0523444 9.9955E-05 0.0889349 0.602329 0.0975249
0.0563586 9.9955E-05 9.9955E-05 0.910783 9.9955E-05 0.0037283 9.9955E-05 0.0154093 0.0132214 9.9955E-05
9.9964E-05 0.674974 0.15957 9.9964E-05 9.9964E-05 0.0757132 9.9964E-05 0.0608322 0.0230636 0.00544752
0.47557 0.0302157 9.9946E-05 0.412317 9.9946E-05 9.9946E-05 9.9946E-05 9.9946E-05 0.0812977 9.9946E-05
0.12209 0.0034252 9.9955E-05 0.86716 0.0024498 0.00437594 9.9955E-05 9.9955E-05 9.9955E-05 9.9955E-05
9.99279E-05 9.99279E-05 9.99279E-05 0.0409625 9.99279E-05 0.958238 9.99279E-05 9.99279E-05 9.99279E-05 9.99279E-05
9.9937E-05 9.9937E-05 0.580406 0.378516 9.9937E-05 9.9937E-05 0.0403786 9.9937E-05 9.9937E-05 9.9937E-05
0.41829 9.99459E-05 0.0962124 0.177875 9.99459E-05 9.99459E-05 9.99459E-05 9.99459E-05 9.99459E-05 0.307022
0.270151 9.9964E-05 0.0527293 0.667466 0.00195001 9.9964E-05 0.0070143 9.9964E-05 0.000289175 9.9964E-05
9.9946E-05 0.0160486 0.0317302 0.945295 9.9946E-05 9.9946E-05 9.9946E-05 9.9946E-05 0.00632622 9.9946E-05
9.99201E-05 9.99201E-05 9.99201E-05 9.99201E-05 0.999101 9.99201E-05 9.99201E-05 9.99201E-05 9.99201E-05 9.99201E-05
0.527572 9.99459E-05 9.99459E-05 0.373429 9.99459E-05 9.99459E-05 0.00439538 9.99459E-05 0.0940035 9.99459E-05
0.458876 9.99369E-05 9.99369E-05 0.418458 9.99369E-05 9.99369E-05 9.99369E-05 9.99369E-05 0.121967 9.99369E-05
0.116513 9.9946E-05 9.9946E-05 0.178599 9.9946E-05 9.9946E-05 9.9946E-05 0.105669 0.59862 9.9946E-05
0.529274 0.00948015 0.00454151 0.038946 0.00489812 0.0032428 9.9982E-05 0.404617 9.9982E-05 0.00480085
0.266617 9.9946E-05 9.9946E-05 0.0720498 9.9946E-05 9.9946E-05 9.9946E-05 0.658098 0.0026355 9.9946E-05
9.9928E-05 9.9928E-05 0.0185538 0.980647 9.9928E-05 9.9928E-05 9.9928E-05 9.9928E-05 9.9928E-05 9.9928E-05
0.640488 9.9946E-05 0.00302192 0.351072 9.9946E-05 0.00481795 9.9946E-05 9.9946E-05 9.9946E-05 9.9946E-05
0.163092 9.9946E-05 9.9946E-05 0.828429 0.00159862 0.00628113 9.9946E-05 9.9946E-05 9.9946E-05 9.9946E-05
0.610547 9.9964E-05 0.000980485 0.184191 9.9964E-05 0.00860466 9.9964E-05 9.9964E-05 0.180576 0.0147023
0.00297747 9.9955E-05 0.785174 0.0488721 9.9955E-05 9.9955E-05 0.00260514 0.159871 9.9955E-05 9.9955E-05
9.996E-05 0.00235957 0.0294133 0.950056 9.996E-05 0.00207507 0.00327485 9.996E-05 9.996E-05 0.0124209
0.0888554 0.0548917 0.00579334 0.175652 9.9964E-05 9.9964E-05 9.9964E-05 9.9964E-05 0.595004 0.0794043
0.719878 9.9955E-05 9.9955E-05 0.0309587 0.0102516 9.9955E-05 0.00918307 9.9955E-05 9.9955E-05 0.229229
9.99461E-05 0.821881 9.99461E-05 9.99461E-05 9.99461E-05 0.0816466 9.99461E-05 0.0125359 9.99461E-05 0.0833372
0.567616 9.9946E-05 9.9946E-05 0.411362 9.9946E-05 9.9946E-05 9.9946E-05 0.0200665 0.000355602 9.9946E-05
9.9928E-05 9.9928E-05 9.9928E-05 0.91225 9.9928E-05 9.9928E-05 9.9928E-05 9.9928E-05 0.0869504 9.9928E-05
9.99201E-05 9.99201E-05 9.99201E-05 0.999101 9.99201E-05 9.99201E-05 9.99201E-05 9.99201E-05 9.99201E-05 9.99201E-05
0.36793 9.9955E-05 9.9955E-05 9.9955E-05 9.9955E-05 9.9955E-05 0.0163507 0.497565 0.0130475 0.104607
9.9937E-05 9.9937E-05 9.9937E-05 0.000784588 9.9937E-05 0.00790313 0.990613 9.9937E-05 9.9937E-05 9.9937E-05
0.145148 9.99459E-05 9.99459E-05 0.0473994 9.99459E-05 9.99459E-05 0.00932716 0.797526 9.99459E-05 9.99459E-05
0.131835 0.0222481 9.995E-05 0.7063 9.995E-05 0.00304673 9.995E-05 9.995E-05 0.136071 9.995E-05
9.9955E-05 0.025664 0.00971827 0.953954 0.0043896 9.9955E-05 9.9955E-05 9.9955E-05 9.9955E-05 0.00577474
0.128406 9.9946E-05 9.9946E-05 0.0763655 9.9946E-05 9.9946E-05 9.9946E-05 0.226068 0.568561 9.9946E-05
9.99201E-05 9.99201E-05 9.99201E-05 9.99201E-05 9.99201E-05 9.99201E-05 0.999101 9.99201E-05 9.99201E-05 9.99201E-05
9.9964E-05 0.624723 0.296338 9.9964E-05 0.000417482 0.064645 0.0035157 9.9964E-05 9.9964E-05 0.00996147
0.13204 9.9955E-05 9.9955E-05 0.622173 9.9955E-05 9.9955E-05 0.00939231 0.0294206 0.206474 9.9955E-05
0.362296 9.9928E-05 9.9928E-05 0.636904 9.9928E-05 9.9928E-05 9.9928E-05 9.9928E-05 9.9928E-05 9.9928E-05
0.544333 0.00194305 9.9946E-05 0.0785073 9.9946E-05 9.9946E-05 9.9946E-05 0.374617 9.9946E-05 9.9946E-05
0.000802491 0.0177067 0.00629618 0.967001 9.9955E-05 9.9955E-05 9.9955E-05 9.9955E-05 9.9955E-05 0.0076934
0.0682959 9.9964E-05 0.0320475 0.0733001 9.9964E-05 0.119536 9.9964E-05 0.282793 9.9964E-05 0.423627
9.99279E-05 9.99279E-05 9.99279E-05 9.99279E-05 9.99279E-05 0.952276 0.0469249 9.99279E-05 9.99279E-05 9.99279E-05
0.172168 0.0282251 9.9946E-05 0.787246 0.0117611 9.9946E-05 9.9946E-05 9.9946E-05 9.9946E-05 9.9946E-05
0.457878 9.9946E-05 9.9946E-05 0.417756 9.9946E-05 9.9946E-05 9.9946E-05 0.0746926 0.0490733 9.9946E-05
9.9928E-05 0.996769 9.9928E-05 9.9928E-05 9.9928E-05 9.9928E-05 9.9928E-05 0.00243114 9.9928E-05 9.9928E-05
0.164808 9.994E-05 9.994E-05 0.779633 9.994E-05 9.994E-05 0.00642517 0.0485348 9.994E-05 9.994E-05
0.483321 9.99369E-05 9.99369E-05 0.234238 9.99369E-05 9.99369E-05 9.99369E-05 9.99369E-05 0.281741 9.99369E-05
0.275475 9.9928E-05 9.9928E-05 0.723725 9.9928E-05 9.9928E-05 9.9928E-05 9.9928E-05 9.9928E-05 9.9928E-05
9.99281E-05 9.99281E-05 9.99281E-05 0.280778 9.99281E-05 9.99281E-05 9.99281E-05 0.718423 9.99281E-05 9.99281E-05
0.283625 9.9973E-05 9.9973E-05 0.148181 9.9973E-05 0.0145102 0.00812482 0.329718 0.0936743 0.121868
0.414197 9.9964E-05 9.9964E-05 0.0104666 9.9964E-05 0.0341011 9.9964E-05 0.0836317 0.0533409 0.403863
9.99459E-05 9.99459E-05 0.563017 9.99459E-05 0.00318934 9.99459E-05 9.99459E-05 0.247273 0.185922 9.99459E-05
0.534682 0.0170336 9.9955E-05 0.411879 9.9955E-05 0.0153806 9.9955E-05 9.9955E-05 9.9955E-05 0.0205247
0.213047 0.00805056 9.994E-05 0.772877 9.994E-05 9.994E-05 0.0054257 9.994E-05 9.994E-05 9.994E-05
0.419651 0.0127232 9.9946E-05 0.542273 9.9946E-05 9.9946E-05 0.0247523 9.9946E-05 9.9946E-05 9.9946E-05
9.9937E-05 9.9937E-05 9.9937E-05 9.9937E-05 0.0369599 0.239716 0.722625 9.9937E-05 9.9937E-05 9.9937E-05
0.0296573 0.0301691 0.0717278 0.867846 9.9946E-05 9.9946E-05 9.9946E-05 9.9946E-05 9.9946E-05 9.9946E-05
9.9955E-05 0.0137079 9.9955E-05 9.9955E-05 0.0122043 0.0344297 0.916949 9.9955E-05 9.9955E-05 0.0222097
0.443306 0.00179252 9.9955E-05 0.513183 9.9955E-05 0.0289482 9.9955E-05 9.9955E-05 0.0122704 9.9955E-05
9.99279E-05 0.957393 9.99279E-05 0.0418074 9.99279E-05 9.99279E-05 9.99279E-05 9.99279E-05 9.99279E-05 9.99279E-05
0.361247 9.99369E-05 9.99369E-05 9.99369E-05 9.99369E-05 9.99369E-05 9.99369E-05 0.496355 0.141699 9.99369E-05
9.9973E-05 0.00565122 0.071746 0.162055 0.0124836 9.9973E-05 9.9973E-05 0.662437 0.0749515 0.0103761
0.0772201 0.0193173 9.9973E-05 0.10033 0.0269875 0.0327888 9.9973E-05 0.428264 0.314793 9.9973E-05
0.628451 0.0114376 9.9946E-05 0.330598 9.9946E-05 9.9946E-05 9.9946E-05 9.9946E-05 9.9946E-05 0.0289137
0.22025 0.00541564 9.9991E-05 0.160937 0.0026541 0.00820683 0.0202824 0.123611 0.16873 0.289814
0.069548 0.0040972 0.020278 0.905477 9.99495E-05 9.99495E-05 9.99495E-05 9.99495E-05 9.99495E-05 9.99495E-05
0.628927 0.0172482 0.0611234 0.197834 9.9964E-05 9.9964E-05 9.9964E-05 0.0655235 0.0289437 9.9964E-05
9.99549E-05 0.00271939 0.726332 0.249091 9.99549E-05 0.0159524 0.00540545 9.99549E-05 9.99549E-05 9.99549E-05
0.219805 9.996E-05 0.0247927 0.613897 9.996E-05 0.00573377 0.00932597 9.996E-05 9.996E-05 0.126045
0.192334 9.9955E-05 0.069844 0.7278 0.00886624 9.9955E-05 0.000656038 9.9955E-05 9.9955E-05 9.9955E-05
9.99459E-05 0.952803 0.0108838 0.0228655 9.99459E-05 9.99459E-05 0.0128482 9.99459E-05 9.99459E-05 9.99459E-05
9.9964E-05 0.0393984 0.376334 0.0997114 9.9964E-05 9.9964E-05 0.00268371 9.9964E-05 0.084841 0.396632
9.99281E-05 0.985143 9.99281E-05 9.99281E-05 9.99281E-05 9.99281E-05 9.99281E-05 0.0140571 9.99281E-05 9.99281E-05
0.36682 9.9937E-05 9.9937E-05 0.536058 9.9937E-05 9.9937E-05 9.9937E-05 9.9937E-05 0.0964222 9.9937E-05
0.0654106 0.027378 0.658294 0.13857 9.9964E-05 0.0317758 9.9964E-05 9.9964E-05 0.0781721 9.9964E-05
0.00401824 0.0105829 0.680507 0.182736 9.9955E-05 9.9955E-05 9.9955E-05 9.9955E-05 9.9955E-05 0.121656
0.35357 9.9964E-05 9.9964E-05 0.605487 0.0023344 0.00855454 0.0235139 0.00614054 9.9964E-05 9.9964E-05
0.0264961 9.9946E-05 9.9946E-05 0.967421 9.9946E-05 9.9946E-05 9.9946E-05 0.00202587 0.00345684 9.9946E-05
9.9928E-05 0.0152566 9.9928E-05 9.9928E-05 9.9928E-05 9.9928E-05 0.983944 9.9928E-05 9.9928E-05 9.9928E-05
9.99459E-05 0.0313731 0.664402 9.99459E-05 9.99459E-05 9.99459E-05 9.99459E-05 0.293967 9.99459E-05 0.00965789
0.429582 9.9946E-05 9.9946E-05 0.546492 9.9946E-05 9.9946E-05 0.00317311 9.9946E-05 9.9946E-05 0.0201532
9.99549E-05 0.416722 0.432914 0.104881 0.0138737 9.99549E-05 0.03111 9.99549E-05 9.99549E-05 9.99549E-05
9.9955E-05 9.9955E-05 0.0305826 0.95543 9.9955E-05 0.000742998 0.00939322 9.9955E-05 9.9955E-05 0.00335162
9.99201E-05 9.99201E-05 9.99201E-05 9.99201E-05 0.999101 9.99201E-05 9.99201E-05 9.99201E-05 9.99201E-05 9.99201E-05
0.117256 9.997E-05 0.0538431 0.765112 0.00217533 0.0246152 0.00324045 9.997E-05 0.033458 9.997E-05
9.9946E-05 9.9946E-05 0.18266 0.103304 0.556507 0.156929 9.9946E-05 9.9946E-05 9.9946E-05 9.9946E-05
0.364196 0.0184377 9.9964E-05 0.0162876 9.9964E-05 9.9964E-05 0.0172708 0.426394 0.157014 9.9964E-05
9.9946E-05 0.0115208 9.9946E-05 0.959898 0.0114254 9.9946E-05 9.9946E-05 0.0165566 9.9946E-05 9.9946E-05
9.9937E-05 9.9937E-05 9.9937E-05 0.976154 0.000978718 9.9937E-05 9.9937E-05 9.9937E-05 9.9937E-05 0.0221681
9.99549E-05 0.00659137 9.99549E-05 0.122239 0.0107272 9.99549E-05 9.99549E-05 0.0906232 9.99549E-05 0.76932
9.9946E-05 0.0173835 0.0681747 0.907074 9.9946E-05 9.9946E-05 0.00676853 9.9946E-05 9.9946E-05 9.9946E-05
9.99281E-05 0.989541 9.99281E-05 9.99281E-05 9.99281E-05 9.99281E-05 9.99281E-05 9.99281E-05 0.00965975 9.99281E-05
0.00716386 0.00689323 9.9946E-05 0.983622 9.9946E-05 9.9946E-05 9.9946E-05 9.9946E-05 9.9946E-05 0.00172083
9.99201E-05 9.99201E-05 9.99201E-05 9.99201E-05 0.999101 9.99201E-05 9.99201E-05 9.99201E-05 9.99201E-05 9.99201E-05
0.0278746 9.9928E-05 9.9928E-05 0.971326 9.9928E-05 9.9928E-05 9.9928E-05 9.9928E-05 9.9928E-05 9.9928E-05
0.178119 0.00313795 0.0693088 0.0448947 9.9964E-05 0.000557917 9.9964E-05 9.9964E-05 0.703581 9.9964E-05
0.312592 9.996E-05 9.996E-05 0.216386 0.0161524 9.996E-05 0.00948956 9.996E-05 0.289653 0.155327
0.0615528 9.9946E-05 0.639289 9.9946E-05 9.9946E-05 9.9946E-05 9.9946E-05 0.163791 0.134767 9.9946E-05
0.218654 0.00986109 0.117466 0.194107 0.00888725 0.022311 0.00910668 9.9982E-05 9.9982E-05 0.419407
9.996E-05 9.996E-05 0.213088 0.143292 9.996E-05 0.0514946 0.024353 9.996E-05 0.0690102 0.498363
9.99281E-05 9.99281E-05 9.99281E-05 0.998524 9.99281E-05 9.99281E-05 0.000676959 9.99281E-05 9.99281E-05 9.99281E-05
0.335673 0.0478737 9.99639E-05 0.216277 9.99639E-05 0.00313323 9.99639E-05 0.0690764 0.327567 9.99639E-05
0.1647 9.9928E-05 9.9928E-05 0.834501 9.9928E-05 9.9928E-05 9.9928E-05 9.9928E-05 9.9928E-05 9.9928E-05
0.110477 0.0464944 0.0475935 0.174063 9.998E-05 0.0241119 0.0242352 9.998E-05 0.375199 0.197627
0.024959 0.00298908 0.238966 0.060612 9.9955E-05 9.9955E-05 9.9955E-05 0.671974 9.9955E-05 9.9955E-05
0.0827188 0.00864472 0.0371825 0.817747 0.00635919 9.996E-05 9.996E-05 9.996E-05 0.0469478 9.996E-05
0.744475 0.00655879 9.9955E-05 0.209893 9.9955E-05 9.9955E-05 0.00817962 9.9955E-05 0.0303937 9.9955E-05
0.379208 0.0160027 9.9964E-05 0.578776 0.00847821 0.00839259 9.9964E-05 9.9964E-05 0.0087426 9.9964E-05
0.00811511 9.9961E-05 0.0332084 0.923374 9.9961E-05 9.9961E-05 9.9961E-05 0.0218498 9.9961E-05 0.0129531
9.9964E-05 0.038437 0.587471 0.344563 0.017536 0.010502 0.00109115 9.9964E-05 9.9964E-05 9.9964E-05
0.355608 9.99572E-05 9.99572E-05 0.206437 9.99572E-05 9.99572E-05 0.011779 9.99572E-05 0.214628 0.211048
0.141352 0.00179545 0.146223 0.323098 0.0256377 9.9982E-05 0.00014131 9.9982E-05 0.261635 0.0999184
9.9955E-05 0.00538041 0.0267702 9.9955E-05 0.872187 0.0666996 9.9955E-05 0.0284627 9.9955E-05 9.9955E-05
9.996E-05 0.0171861 0.0610147 0.90031 0.00141572 9.996E-05 0.00233433 9.996E-05 9.996E-05 0.0173394
9.9928E-05 9.9928E-05 0.0392062 0.959994 9.9928E-05 9.9928E-05 9.9928E-05 9.9928E-05 9.9928E-05 9.9928E-05
0.0752696 9.9955E-05 9.9955E-05 0.830686 0.00877929 9.9955E-05 0.00525248 9.9955E-05 0.0795125 9.9955E-05
9.99369E-05 0.956747 9.99369E-05 0.036226 9.99369E-05 9.99369E-05 0.00632727 9.99369E-05 9.99369E-05 9.99369E-05
0.208148 9.9955E-05 0.0488927 0.587567 0.00406599 9.9955E-05 9.9955E-05 9.9955E-05 0.150826 9.9955E-05
9.9928E-05 9.9928E-05 9.9928E-05 0.128408 9.9928E-05 9.9928E-05 9.9928E-05 9.9928E-05 9.9928E-05 0.870793
0.491507 0.0144452 0.0339195 0.208256 9.9973E-05 0.0026248 9.9973E-05 0.198779 9.9973E-05 0.0501678
0.00204627 9.9946E-05 0.0101866 0.981838 9.9946E-05 9.9946E-05 0.00532943 9.9946E-05 9.9946E-05 9.9946E-05
0.0137244 0.00955104 9.9955E-05 0.850508 9.9955E-05 9.9955E-05 9.9955E-05 9.9955E-05 0.0487508 0.0769663
0.0174503 9.9937E-05 9.9937E-05 0.975878 9.9937E-05 9.9937E-05 9.9937E-05 0.00597253 9.9937E-05 9.9937E-05
9.9946E-05 9.9946E-05 9.9946E-05 0.160749 9.9946E-05 9.9946E-05 0.0209774 9.9946E-05 0.0211697 0.796505
9.9955E-05 0.0325097 0.0607079 9.9955E-05 0.747673 0.124714 9.9955E-05 9.9955E-05 9.9955E-05 0.0338964
9.9937E-05 9.9937E-05 0.45824 9.9937E-05 9.9937E-05 9.9937E-05 9.9937E-05 0.224902 9.9937E-05 0.316159
0.387464 9.9973E-05 9.9973E-05 0.399699 9.9973E-05 0.00776745 0.0265941 0.0323934 0.11733 0.0284531
9.9937E-05 9.9937E-05 0.0444348 9.9937E-05 0.945327 9.9937E-05 0.0095386 9.9937E-05 9.9937E-05 9.9937E-05
0.194618 0.0224194 0.0641866 0.524725 0.00653236 9.9964E-05 9.9964E-05 9.9964E-05 0.187119 9.9964E-05
0.200613 9.99459E-05 9.99459E-05 0.230594 9.99459E-05 9.99459E-05 9.99459E-05 0.266864 0.30133 9.99459E-05
9.9964E-05 0.017045 0.0456477 0.898084 9.9964E-05 0.0247324 9.9964E-05 0.00313668 9.9964E-05 0.0109545
9.9937E-05 9.9937E-05 9.9937E-05 0.983536 9.9937E-05 9.9937E-05 0.00384381 9.9937E-05 0.0119208 9.9937E-05
9.9937E-05 9.9937E-05 9.9937E-05 0.92895 9.9937E-05 9.9937E-05 0.0145569 9.9937E-05 9.9937E-05 0.0557934
0.0584563 9.9955E-05 0.189075 0.4074 9.9955E-05 9.9955E-05 9.9955E-05 9.9955E-05 0.330455 0.0141131
9.99279E-05 0.945053 9.99279E-05 0.0541477 9.99279E-05 9.99279E-05 9.99279E-05 9.99279E-05 9.99279E-05 9.99279E-05
0.0466222 9.9946E-05 9.9946E-05 0.934969 9.9946E-05 0.0150629 9.9946E-05 9.9946E-05 0.00274648 9.9946E-05
9.9955E-05 9.9955E-05 0.104707 0.0974764 9.9955E-05 9.9955E-05 9.9955E-05 0.616189 0.147256 0.0338712
0.59432 9.9964E-05 0.00547198 0.260979 9.9964E-05 9.9964E-05 9.9964E-05 0.0532742 0.0621276 0.023427
0.0147908 0.954811 9.99459E-05 0.0183209 0.0114779 9.99459E-05 9.99459E-05 9.99459E-05 9.99459E-05 9.99459E-05
9.99459E-05 9.99459E-05 9.99459E-05 0.109162 9.99459E-05 9.99459E-05 9.99459E-05 0.326609 0.0521511 0.511479
0.0712123 9.9946E-05 0.916264 0.000883395 0.0110404 9.9946E-05 9.9946E-05 9.9946E-05 9.9946E-05 9.9946E-05
0.186745 0.0128171 0.0808701 0.0890755 9.9973E-05 9.9973E-05 0.00509188 9.9973E-05 0.437275 0.187825
0.0140052 0.903674 9.9946E-05 0.0816161 9.9946E-05 9.9946E-05 0.000105436 9.9946E-05 9.9946E-05 9.9946E-05
0.598564 9.9937E-05 9.9937E-05 0.30406 9.9937E-05 9.9937E-05 9.9937E-05 0.0966764 9.9937E-05 9.9937E-05
9.993E-05 9.993E-05 9.993E-05 0.00296984 0.992437 9.993E-05 0.00389357 9.993E-05 9.993E-05 9.993E-05
0.511521 9.9964E-05 9.9964E-05 0.393063 0.00149022 9.9964E-05 0.00829131 9.9964E-05 0.0512808 0.0339541
0.122204 9.9955E-05 9.9955E-05 0.847465 9.9955E-05 0.0108711 0.00805413 9.9955E-05 0.0109055 9.9955E-05
9.99201E-05 9.99201E-05 9.99201E-05 9.99201E-05 0.999101 9.99201E-05 9.99201E-05 9.99201E-05 9.99201E-05 9.99201E-05
0.241987 9.9928E-05 9.9928E-05 0.757213 9.9928E-05 9.9928E-05 9.9928E-05 9.9928E-05 9.9928E-05 9.9928E-05
9.9973E-05 0.0232896 9.9973E-05 0.0176733 0.00988228 0.0700939 0.843863 0.0313415 0.00355669 9.9973E-05
0.225131 9.9955E-05 9.9955E-05 0.0994449 9.9955E-05 9.9955E-05 0.00699379 9.9955E-05 0.6312 0.036731
0.0815792 0.0196327 0.0359085 0.86228 9.9946E-05 9.9946E-05 9.9946E-05 9.9946E-05 9.9946E-05 9.9946E-05
9.9973E-05 0.0686892 0.380946 0.119373 0.00395365 9.9973E-05 9.9973E-05 0.200622 0.014518 0.211598
0.318078 9.9955E-05 0.0527095 0.575117 0.0145627 9.9955E-05 9.9955E-05 0.039033 9.9955E-05 9.9955E-05
9.9946E-05 9.9946E-05 0.071082 9.9946E-05 0.911217 0.00819695 0.00890427 9.9946E-05 9.9946E-05 9.9946E-05
0.557738 0.000162312 9.9964E-05 0.107797 0.0102637 9.9964E-05 9.9964E-05 0.11946 9.9964E-05 0.204179
