9.9964E-05 9.9964E-05 0.0107768 0.606857 9.9964E-05 0.33832 0.0436468 9.9964E-05
9.9946E-05 9.9946E-05 9.9946E-05 0.95099 9.9946E-05 9.9946E-05 9.9946E-05 0.0484108
0.00940009 9.9955E-05 9.9955E-05 0.946779 9.9955E-05 0.0433208 9.9955E-05 9.9955E-05
9.9973E-05 9.9973E-05 0.00634013 0.512702 0.00336992 0.406648 9.9973E-05 0.0706407
0.0238617 0.110163 9.9982E-05 0.071946 9.9982E-05 0.45336 0.047406 0.293064
9.9973E-05 0.0165746 0.00964801 0.180041 9.9973E-05 0.0754264 9.9973E-05 0.71801
9.9973E-05 0.258204 9.9973E-05 0.1456 9.9973E-05 0.0235309 0.323578 0.248786
9.9955E-05 0.286625 9.9955E-05 9.9955E-05 9.9955E-05 0.401351 9.9955E-05 0.311524
0.00339092 0.0367046 0.0108035 0.916709 0.00821047 0.0239813 9.9982E-05 9.9982E-05
9.9946E-05 9.9946E-05 9.9946E-05 0.731054 9.9946E-05 0.268346 9.9946E-05 9.9946E-05
0.00599978 0.400339 0.0222098 0.167175 9.9982E-05 0.385696 0.0183807 9.9982E-05
9.9946E-05 9.9946E-05 9.9946E-05 9.9946E-05 9.9946E-05 0.331248 0.668152 9.9946E-05
9.9964E-05 0.245557 9.9964E-05 0.177646 9.9964E-05 0.423251 0.153146 9.9964E-05
9.9955E-05 0.0454796 9.9955E-05 0.149876 9.9955E-05 9.9955E-05 9.9955E-05 0.804145
9.9964E-05 9.9964E-05 0.00454808 0.399297 0.00723282 0.588522 9.9964E-05 9.9964E-05
9.99729E-05 9.99729E-05 9.99729E-05 0.437283 0.00843542 0.124529 0.213734 0.215718
9.9964E-05 0.690561 9.9964E-05 0.200874 9.9964E-05 9.9964E-05 0.0653529 0.0428118
0.0166336 9.9973E-05 0.434763 0.236833 0.0338302 9.9973E-05 9.9973E-05 0.277641
9.9964E-05 9.9964E-05 0.00301056 0.965315 9.9964E-05 0.00282163 9.9964E-05 0.0284534
0.0115531 0.419897 0.0102697 0.0833508 0.0215592 0.141941 0.0316099 0.279819
0.00488336 9.9955E-05 9.9955E-05 0.877939 9.9955E-05 0.116678 9.9955E-05 9.9955E-05
0.0056818 0.381888 9.9973E-05 0.156788 9.9973E-05 0.270658 0.184685 9.9973E-05
0.00332483 9.9982E-05 0.00390368 0.163153 9.9982E-05 0.498196 0.325451 0.00577156
0.892704 0.0363425 0.0120645 9.9973E-05 9.9973E-05 0.0534221 9.9973E-05 0.005167
0.000109914 9.9973E-05 9.9973E-05 0.0213737 9.9973E-05 0.366939 0.0607547 0.550523
0.0072203 0.362641 9.9964E-05 0.256693 9.9964E-05 0.373046 9.9964E-05 9.9964E-05
9.9982E-05 0.436922 9.9982E-05 0.156571 0.00295757 0.135047 0.110823 0.15748
0.00239993 9.9964E-05 0.00767416 0.827263 9.9964E-05 0.162263 9.9964E-05 9.9964E-05
9.9946E-05 9.9946E-05 9.9946E-05 0.705421 9.9946E-05 0.293979 9.9946E-05 9.9946E-05
9.9946E-05 9.9946E-05 9.9946E-05 0.971961 9.9946E-05 0.0274397 9.9946E-05 9.9946E-05
0.00798602 9.9973E-05 9.9973E-05 0.175106 9.9973E-05 0.00442956 0.247894 0.564285
9.9955E-05 9.9955E-05 9.9955E-05 0.933929 9.9955E-05 9.9955E-05 0.044015 0.021556
9.9946E-05 9.9946E-05 9.9946E-05 0.982853 9.9946E-05 9.9946E-05 0.0165473 9.9946E-05
9.9955E-05 0.183073 9.9955E-05 0.149847 9.9955E-05 9.9955E-05 9.9955E-05 0.66658
9.9946E-05 9.9946E-05 9.9946E-05 0.991468 9.9946E-05 9.9946E-05 9.9946E-05 0.0079322
9.999E-05 0.0397824 0.000751229 0.181362 0.0142978 0.0548516 0.589349 0.119505
9.9946E-05 9.9946E-05 9.9946E-05 0.456898 9.9946E-05 0.542503 9.9946E-05 9.9946E-05
0.00737702 9.9964E-05 9.9964E-05 9.9964E-05 0.0312999 0.160134 0.800789 9.9964E-05
0.00282218 0.515901 0.0030303 9.99639E-05 9.99639E-05 9.99639E-05 9.99639E-05 0.477846
0.0541855 0.0252372 9.9982E-05 0.0386011 9.9982E-05 0.586259 0.282663 0.0128535
9.9973E-05 9.9973E-05 9.9973E-05 0.0778838 0.0107819 0.0974985 0.175501 0.638035
0.00738237 0.00612957 9.9973E-05 0.971502 0.00766987 9.9973E-05 9.9973E-05 0.00701612
9.9964E-05 0.00837783 9.9964E-05 0.751851 9.9964E-05 0.220052 0.0193195 9.9964E-05
9.9964E-05 9.9964E-05 0.00835308 0.691954 0.00384545 0.295447 9.9964E-05 9.9964E-05
9.9964E-05 9.9964E-05 0.0170378 0.630261 9.9964E-05 0.287329 9.9964E-05 0.064973
9.994E-05 9.994E-05 0.9993 9.994E-05 9.994E-05 9.994E-05 9.994E-05 9.994E-05
9.9955E-05 0.0452456 9.9955E-05 0.891167 9.9955E-05 9.9955E-05 0.063088 9.9955E-05
9.9946E-05 9.9946E-05 9.9946E-05 0.821272 9.9946E-05 0.178129 9.9946E-05 9.9946E-05
9.994E-05 9.994E-05 0.9993 9.994E-05 9.994E-05 9.994E-05 9.994E-05 9.994E-05
9.99459E-05 9.99459E-05 9.99459E-05 0.524171 9.99459E-05 0.475229 9.99459E-05 9.99459E-05
9.9973E-05 0.206842 9.9973E-05 0.3616 0.00786478 0.375202 0.0481917 9.9973E-05
9.9955E-05 9.9955E-05 9.9955E-05 0.607153 0.000138815 0.392209 9.9955E-05 9.9955E-05
0.0070245 0.00502022 9.9973E-05 0.441988 9.9973E-05 0.516272 0.0293955 9.9973E-05
0.00772383 9.9973E-05 0.0259042 0.527904 0.00867023 9.9973E-05 9.9973E-05 0.429498
0.0408834 9.9973E-05 9.9973E-05 0.157925 9.9973E-05 0.482546 0.156718 0.161628
0.0402266 9.9964E-05 9.9964E-05 0.797512 0.0237821 9.9964E-05 9.9964E-05 0.138079
9.9955E-05 9.9955E-05 0.00536131 0.870486 9.9955E-05 0.123653 9.9955E-05 9.9955E-05
9.9982E-05 0.00191846 0.0095025 0.9722 0.00421964 9.9982E-05 0.00839961 0.00355973
9.9973E-05 9.9973E-05 0.0107552 0.66554 9.9973E-05 0.290355 0.0192385 0.0138116
9.9946E-05 9.9946E-05 9.9946E-05 0.682575 9.9946E-05 0.316825 9.9946E-05 9.9946E-05
9.99538E-05 9.99538E-05 9.99538E-05 0.951567 9.99538E-05 0.0478328 9.99538E-05 9.99538E-05
0.860029 0.0608931 9.99641E-05 9.99641E-05 0.0129391 9.99641E-05 9.99641E-05 0.0657385
0.0112988 0.0322484 9.9955E-05 0.955953 9.9955E-05 9.9955E-05 9.9955E-05 9.9955E-05
0.0255443 9.9982E-05 9.9982E-05 0.198602 0.0270151 0.404458 0.276965 0.0672156
9.9964E-05 0.0224238 0.0124696 0.94208 9.9964E-05 0.0226272 9.9964E-05 9.9964E-05
9.9955E-05 9.9955E-05 9.9955E-05 0.984079 0.00111 9.9955E-05 9.9955E-05 0.0143111
9.9955E-05 9.9955E-05 0.00110348 0.566853 9.9955E-05 0.431544 9.9955E-05 9.9955E-05
9.9964E-05 0.0238559 9.9964E-05 0.569881 9.9964E-05 0.402904 0.00295911 9.9964E-05
9.9955E-05 0.14192 9.9955E-05 0.10997 9.9955E-05 9.9955E-05 0.74761 9.9955E-05
9.994E-05 9.994E-05 0.9993 9.994E-05 9.994E-05 9.994E-05 9.994E-05 9.994E-05
0.00110319 0.129489 9.9973E-05 0.0544553 9.9973E-05 0.564916 9.9973E-05 0.249736
0.0226604 9.9973E-05 0.00267631 0.846646 0.0223799 9.9973E-05 9.9973E-05 0.105337
0.00752822 9.9973E-05 0.00360098 0.741548 0.00272305 0.2443 9.9973E-05 9.9973E-05
0.0307737 9.9955E-05 9.9955E-05 0.960376 9.9955E-05 9.9955E-05 9.9955E-05 0.00835085
9.9946E-05 9.9946E-05 9.9946E-05 0.992873 0.00652763 9.9946E-05 9.9946E-05 9.9946E-05
9.9973E-05 9.9973E-05 0.0247333 0.922852 0.00231173 9.9973E-05 0.0255976 0.0242055
9.9964E-05 0.0103067 9.9964E-05 0.946509 0.00170875 0.0410754 9.9964E-05 9.9964E-05
0.0153848 0.465964 9.9982E-05 0.17631 9.9982E-05 0.0668487 0.153945 0.121348
9.9955E-05 0.0175863 9.9955E-05 0.934295 9.9955E-05 0.0476194 9.9955E-05 9.9955E-05
0.682086 9.9964E-05 0.00983456 9.9964E-05 9.9964E-05 9.9964E-05 0.113137 0.194543
0.0135701 0.00311283 9.9964E-05 0.43935 9.9964E-05 0.543567 9.9964E-05 9.9964E-05
9.9955E-05 9.9955E-05 0.00349939 0.898488 9.9955E-05 0.0975128 9.9955E-05 9.9955E-05
0.0593402 0.0175891 0.40883 0.112527 0.0659376 9.9982E-05 9.9982E-05 0.335576
0.00341953 9.9973E-05 0.0407727 0.449705 0.00375298 9.9973E-05 9.9973E-05 0.50205
9.9964E-05 9.9964E-05 9.9964E-05 0.215623 9.9964E-05 0.459132 0.0240011 0.300844
9.9982E-05 9.9982E-05 0.00208777 0.743455 0.0224998 0.225565 0.00475493 0.00143754
0.00878197 9.9964E-05 9.9964E-05 0.96419 9.9964E-05 9.9964E-05 0.0189412 0.0076871
9.994E-05 9.994E-05 9.994E-05 9.994E-05 0.9993 9.994E-05 9.994E-05 9.994E-05
9.9973E-05 0.0162701 0.00358319 0.433425 9.9973E-05 0.541731 0.00468987 9.9973E-05
9.9946E-05 9.9946E-05 9.9946E-05 0.469077 9.9946E-05 0.530323 9.9946E-05 9.9946E-05
9.9964E-05 0.158293 9.9964E-05 0.130135 9.9964E-05 0.368713 0.342459 9.9964E-05
0.0117227 0.0920558 9.9982E-05 0.0371527 0.00437078 0.499242 0.355257 9.9982E-05
9.9964E-05 0.582536 9.9964E-05 0.0858888 9.9964E-05 0.194123 0.137052 9.9964E-05
0.0172002 9.9955E-05 9.9955E-05 0.974657 9.9955E-05 9.9955E-05 9.9955E-05 0.00764298
9.9946E-05 9.9946E-05 9.9946E-05 0.427346 9.9946E-05 0.572054 9.9946E-05 9.9946E-05
9.9946E-05 9.9946E-05 9.9946E-05 0.86011 9.9946E-05 0.13929 9.9946E-05 9.9946E-05
0.000579027 0.0263718 9.9973E-05 0.222551 9.9973E-05 0.683928 9.9973E-05 0.0662697
9.9973E-05 9.9973E-05 0.00494192 0.126406 0.00401708 9.9973E-05 0.206251 0.658083
0.00297509 9.9955E-05 9.9955E-05 0.95549 9.9955E-05 9.9955E-05 9.9955E-05 0.0410351
0.0546989 9.9973E-05 9.9973E-05 0.0484957 9.9973E-05 0.495627 0.284822 0.116056
9.9982E-05 9.9982E-05 0.0190565 0.137695 0.000519349 0.576425 0.187816 0.0782884
0.844306 0.0483114 0.0120849 9.9973E-05 9.9973E-05 9.9973E-05 0.00687815 0.0881197
9.9946E-05 9.9946E-05 9.9946E-05 0.444868 9.9946E-05 0.554532 9.9946E-05 9.9946E-05
9.9964E-05 0.0197009 0.00125675 0.927223 9.9964E-05 0.0514193 9.9964E-05 9.9964E-05
9.994E-05 9.994E-05 9.994E-05 0.9993 9.994E-05 9.994E-05 9.994E-05 9.994E-05
9.9973E-05 0.519094 0.0173237 0.0539608 9.9973E-05 0.276892 0.13243 9.9973E-05
9.994E-05 9.994E-05 0.9993 9.994E-05 9.994E-05 9.994E-05 9.994E-05 9.994E-05
9.99459E-05 0.909978 9.99459E-05 0.0894222 9.99459E-05 9.99459E-05 9.99459E-05 9.99459E-05
0.027915 9.9955E-05 9.9955E-05 0.705438 9.9955E-05 0.266147 9.9955E-05 9.9955E-05
0.0258199 9.9964E-05 9.9964E-05 0.940781 0.00388487 9.9964E-05 9.9964E-05 0.0291148
9.9964E-05 0.444074 9.9964E-05 0.101287 9.9964E-05 0.26491 0.189329 9.9964E-05
9.994E-05 9.994E-05 0.9993 9.994E-05 9.994E-05 9.994E-05 9.994E-05 9.994E-05
0.636486 9.9964E-05 0.0221342 9.9964E-05 0.00957639 9.9964E-05 9.9964E-05 0.331403
9.9955E-05 9.9955E-05 9.9955E-05 0.613666 9.9955E-05 0.23274 0.153094 9.9955E-05
9.9946E-05 9.9946E-05 9.9946E-05 0.678969 9.9946E-05 0.320431 9.9946E-05 9.9946E-05
9.9964E-05 0.146433 9.9964E-05 0.136683 9.9964E-05 0.414129 0.302355 9.9964E-05
0.0204828 9.9964E-05 0.00258251 0.972315 9.9964E-05 9.9964E-05 9.9964E-05 0.00422023
9.9964E-05 0.500352 0.0457899 0.0542949 9.9964E-05 9.9964E-05 9.9964E-05 0.399163
0.141601 0.0233606 0.516447 0.0643004 0.0966171 9.9982E-05 9.9982E-05 0.157474
0.0373292 9.9964E-05 9.9964E-05 0.815185 0.00131385 0.145773 9.9964E-05 9.9964E-05
9.9964E-05 0.027526 9.9964E-05 0.434601 9.9964E-05 0.482021 0.0554522 9.9964E-05
0.998842 9.9946E-05 9.9946E-05 9.9946E-05 9.9946E-05 9.9946E-05 0.000558726 9.9946E-05
9.9964E-05 0.0498141 9.9964E-05 0.814767 9.9964E-05 0.133763 0.00125641 9.9964E-05
9.9955E-05 9.9955E-05 9.9955E-05 0.306151 9.9955E-05 0.601304 0.0920446 9.9955E-05
9.9955E-05 9.9955E-05 0.0015647 0.722973 9.9955E-05 0.274963 9.9955E-05 9.9955E-05
9.9955E-05 0.720791 9.9955E-05 0.266438 0.0122709 9.9955E-05 9.9955E-05 9.9955E-05
9.9982E-05 0.345907 0.00559733 0.172604 9.9982E-05 0.29914 0.0774344 0.0991183
9.9964E-05 0.198899 9.9964E-05 0.0264843 9.9964E-05 0.431634 9.9964E-05 0.342583
9.99639E-05 0.41841 9.99639E-05 0.074985 0.00568017 9.99639E-05 9.99639E-05 0.500525
0.019338 9.9955E-05 9.9955E-05 0.4769 9.9955E-05 0.503262 9.9955E-05 9.9955E-05
0.0142303 9.9955E-05 9.9955E-05 0.8347 9.9955E-05 0.15057 9.9955E-05 9.9955E-05
0.006938 9.9964E-05 0.022024 0.590658 9.9964E-05 0.37998 9.9964E-05 9.9964E-05
0.00398601 0.0420807 0.854023 9.9973E-05 0.0631906 9.9973E-05 9.9973E-05 0.03642
0.0357122 9.9973E-05 9.9973E-05 0.874304 9.9973E-05 0.010803 0.0243471 0.0545339
0.0061384 9.9973E-05 0.950446 9.9973E-05 0.00671361 0.01239 9.9973E-05 0.0240117
0.0106401 9.9955E-05 9.9955E-05 0.585147 9.9955E-05 0.403713 9.9955E-05 9.9955E-05
0.964867 9.99459E-05 9.99459E-05 0.0345334 9.99459E-05 9.99459E-05 9.99459E-05 9.99459E-05
9.99549E-05 0.487395 9.99549E-05 9.99549E-05 9.99549E-05 0.32851 0.183596 9.99549E-05
9.9964E-05 0.681338 9.9964E-05 0.143712 9.9964E-05 9.9964E-05 0.0372573 0.137293
0.0329911 0.59672 9.9991E-05 0.10444 0.0310282 0.143036 0.0657409 0.0259445
0.0190814 0.0456744 9.9964E-05 0.433241 9.9964E-05 0.501603 9.9964E-05 9.9964E-05
0.0190304 0.0312954 0.0344485 0.224422 0.00363221 0.125687 0.477549 0.0839349
0.000983817 9.9964E-05 0.00433943 0.926258 9.9964E-05 0.0680184 9.9964E-05 9.9964E-05
0.0162138 0.145018 9.9973E-05 0.32837 0.00360906 0.506489 9.9973E-05 9.9973E-05
0.0117098 9.9973E-05 0.00102286 0.346812 0.0222685 9.9973E-05 9.9973E-05 0.617887
9.9973E-05 9.9973E-05 0.0166715 0.653638 9.9973E-05 0.196867 0.0348602 0.0976634
0.00306897 9.9973E-05 9.9973E-05 0.750681 0.00957576 0.218393 9.9973E-05 0.0179817
0.96581 9.99549E-05 0.00979591 0.0238946 9.99549E-05 9.99549E-05 9.99549E-05 9.99549E-05
0.0446876 9.9973E-05 9.9973E-05 0.0504573 9.9973E-05 0.121657 0.117682 0.665215
0.982462 0.0169381 9.99461E-05 9.99461E-05 9.99461E-05 9.99461E-05 9.99461E-05 9.99461E-05
0.000567139 9.9964E-05 0.00339118 0.592395 9.9964E-05 0.403247 9.9964E-05 9.9964E-05
0.0479025 9.9973E-05 9.9973E-05 0.197275 0.00816405 0.116577 9.9973E-05 0.629781
0.0321258 9.9973E-05 9.9973E-05 0.240613 9.9973E-05 0.0189018 0.013486 0.694573
9.9964E-05 0.0528469 0.0198215 0.670198 9.9964E-05 0.256734 9.9964E-05 9.9964E-05
9.9946E-05 0.0143432 9.9946E-05 0.985057 9.9946E-05 9.9946E-05 9.9946E-05 9.9946E-05
0.00606394 9.9946E-05 0.993336 9.9946E-05 9.9946E-05 9.9946E-05 9.9946E-05 9.9946E-05
0.0343149 0.109577 9.9964E-05 9.9964E-05 9.9964E-05 9.9964E-05 0.217812 0.637896
9.9955E-05 9.9955E-05 0.00152602 0.627424 9.9955E-05 0.37055 9.9955E-05 9.9955E-05
0.427051 9.9973E-05 0.0412849 0.1833 0.0286057 9.9973E-05 9.9973E-05 0.319459
0.00697211 9.9964E-05 0.00380613 0.972886 9.9964E-05 9.9964E-05 9.9964E-05 0.0159362
9.994E-05 9.994E-05 9.994E-05 9.994E-05 0.9993 9.994E-05 9.994E-05 9.994E-05
9.9973E-05 9.9973E-05 0.0105183 0.785966 0.00908474 0.149764 9.9973E-05 0.0443669
9.9964E-05 9.9964E-05 0.0262507 0.134623 0.610836 9.9964E-05 9.9964E-05 0.227891
0.0227042 0.485058 0.0256151 0.0520032 0.00373638 0.339254 0.0715293 9.9991E-05
9.9955E-05 9.9955E-05 9.9955E-05 0.947089 0.00652778 9.9955E-05 0.0458838 9.9955E-05
9.994E-05 9.994E-05 9.994E-05 0.9993 9.994E-05 9.994E-05 9.994E-05 9.994E-05
9.9973E-05 0.0794352 0.000396147 0.0340164 9.9973E-05 9.9973E-05 0.402112 0.483741
0.00241527 9.9982E-05 0.00114927 0.902887 0.000662642 9.9982E-05 0.00970708 0.082979
0.962878 0.0365224 9.9946E-05 9.9946E-05 9.9946E-05 9.9946E-05 9.9946E-05 9.9946E-05
0.00835046 9.9955E-05 9.9955E-05 0.972028 9.9955E-05 0.0191216 9.9955E-05 9.9955E-05
9.994E-05 9.994E-05 9.994E-05 9.994E-05 0.9993 9.994E-05 9.994E-05 9.994E-05
9.9946E-05 9.9946E-05 9.9946E-05 0.972891 9.9946E-05 0.0265096 9.9946E-05 9.9946E-05
0.0332285 9.9982E-05 9.9982E-05 0.0615582 0.00153708 0.437249 0.465527 0.000699987
9.9991E-05 0.148363 0.0179787 0.210191 0.00491799 0.457812 0.0791446 0.0814934
9.9964E-05 9.9964E-05 9.9964E-05 0.0145595 9.9964E-05 0.111659 0.326601 0.54678
9.9982E-05 9.9982E-05 0.0114832 0.125879 0.0117894 0.347577 0.026706 0.476365
9.9973E-05 9.9973E-05 0.0425173 0.0882953 9.9973E-05 0.112778 0.0775768 0.678532
9.9946E-05 0.00516097 9.9946E-05 0.994239 9.9946E-05 9.9946E-05 9.9946E-05 9.9946E-05
0.0432711 0.0228198 9.9973E-05 0.199559 9.9973E-05 0.461914 0.272135 9.9973E-05
9.9955E-05 9.9955E-05 9.9955E-05 0.867052 0.00374191 0.128706 9.9955E-05 9.9955E-05
0.0388661 9.9973E-05 0.00840847 0.038139 9.9973E-05 0.534012 9.9973E-05 0.380275
9.9973E-05 0.351136 9.9973E-05 0.0774098 0.0132179 9.9973E-05 0.464846 0.0930912
0.00519785 9.9973E-05 9.9973E-05 0.839814 0.0115039 0.103389 9.9973E-05 0.039795
9.9955E-05 9.9955E-05 0.00463973 0.30047 9.9955E-05 0.694391 9.9955E-05 9.9955E-05
0.0144699 9.9964E-05 0.00827604 0.599488 9.9964E-05 0.377366 9.9964E-05 9.9964E-05
9.9964E-05 0.00436881 9.9964E-05 0.934609 9.9964E-05 9.9964E-05 0.052363 0.00825961
0.048327 9.9973E-05 0.00363385 0.395638 0.0263146 9.9973E-05 9.9973E-05 0.525787
9.9973E-05 9.9973E-05 0.00563584 0.179109 9.9973E-05 0.473418 0.16668 0.174858
0.0112627 9.9982E-05 9.9982E-05 0.339218 0.0220948 0.292313 0.136696 0.198216
0.0341334 9.9973E-05 0.00028335 9.9973E-05 0.91588 9.9973E-05 0.0110274 0.0383759
0.00997866 9.9955E-05 9.9955E-05 0.913215 9.9955E-05 9.9955E-05 9.9955E-05 0.0763062
9.9946E-05 9.9946E-05 9.9946E-05 0.988964 9.9946E-05 9.9946E-05 9.9946E-05 0.010436
9.9955E-05 9.9955E-05 9.9955E-05 0.833026 0.00995345 0.156521 9.9955E-05 9.9955E-05
0.984103 9.99459E-05 9.99459E-05 0.0152973 9.99459E-05 9.99459E-05 9.99459E-05 9.99459E-05
9.9973E-05 9.9973E-05 9.9973E-05 0.60286 0.00736516 0.316775 0.00696452 0.0657361
9.9973E-05 0.0384943 9.9973E-05 0.0635954 9.9973E-05 0.0751912 0.218346 0.604074
0.00384142 0.204786 0.0106472 0.289375 9.9982E-05 0.435844 9.9982E-05 0.0553071
9.9955E-05 0.00102032 9.9955E-05 0.991572 0.00690814 9.9955E-05 9.9955E-05 9.9955E-05
9.9973E-05 0.0293267 9.9973E-05 0.845661 9.9973E-05 0.0397042 0.0290541 0.0559537
9.9955E-05 9.9955E-05 9.9955E-05 0.991516 9.9955E-05 0.00487376 0.00311009 9.9955E-05
9.9982E-05 0.0235858 0.0284162 0.060844 9.9982E-05 0.0700299 0.302818 0.514106
0.0462612 9.9973E-05 0.0262816 0.023038 0.794607 9.9973E-05 9.9973E-05 0.109513
9.9955E-05 0.287006 9.9955E-05 9.9955E-05 9.9955E-05 9.9955E-05 0.0198399 0.692654
0.00943321 0.119191 0.0278062 0.445141 9.9973E-05 0.398129 9.9973E-05 9.9973E-05
0.000283062 9.9964E-05 0.00366038 9.9964E-05 0.97074 9.9964E-05 9.9964E-05 0.0249168
0.0349649 9.9973E-05 9.9973E-05 0.516643 0.00238569 0.338487 9.9973E-05 0.107219
9.99639E-05 0.311645 9.99639E-05 0.241177 9.99639E-05 0.290287 0.156491 9.99639E-05
0.0287363 0.0121272 0.0049739 0.892498 0.00267062 9.9982E-05 9.9982E-05 0.0587942
9.9955E-05 9.9955E-05 0.00236039 0.986048 9.9955E-05 0.0110922 9.9955E-05 9.9955E-05
0.00529826 9.9982E-05 0.0138383 0.934266 0.00117049 9.9982E-05 0.0283776 0.0168492
9.9964E-05 9.9964E-05 9.9964E-05 0.401094 9.9964E-05 0.263115 0.133911 0.201481
0.951018 9.99459E-05 9.99459E-05 0.0483825 9.99459E-05 9.99459E-05 9.99459E-05 9.99459E-05
9.9946E-05 9.9946E-05 9.9946E-05 0.923222 9.9946E-05 0.0761783 9.9946E-05 9.9946E-05
9.9955E-05 0.105596 9.9955E-05 0.0703558 9.9955E-05 9.9955E-05 0.823549 9.9955E-05
9.9964E-05 0.0909145 9.9964E-05 0.291538 9.9964E-05 0.589801 9.9964E-05 0.0273461
0.979643 9.99549E-05 9.99549E-05 9.99549E-05 0.0156832 0.00417404 9.99549E-05 9.99549E-05
9.9964E-05 9.9964E-05 0.00985894 0.0403674 9.9964E-05 9.9964E-05 0.734412 0.214962
9.9964E-05 9.9964E-05 9.9964E-05 0.175718 0.0340387 0.0373385 9.9964E-05 0.752505
0.0229602 0.180742 9.9973E-05 0.0440428 9.9973E-05 0.471928 9.9973E-05 0.280027
0.905403 9.9955E-05 0.00147462 0.0926225 9.9955E-05 9.9955E-05 9.9955E-05 9.9955E-05
9.9955E-05 0.0852109 9.9955E-05 0.381589 9.9955E-05 0.5327 9.9955E-05 9.9955E-05
9.99549E-05 9.99549E-05 0.0030831 0.000299952 0.996117 9.99549E-05 9.99549E-05 9.99549E-05
9.9973E-05 9.9973E-05 0.00296272 0.441206 0.00833582 0.528342 0.0188537 9.9973E-05
9.9955E-05 9.9955E-05 0.00920691 0.863806 9.9955E-05 0.126488 9.9955E-05 9.9955E-05
9.99461E-05 0.00211941 9.99461E-05 9.99461E-05 0.997281 9.99461E-05 9.99461E-05 9.99461E-05
9.9946E-05 9.9946E-05 9.9946E-05 0.798182 9.9946E-05 0.201219 9.9946E-05 9.9946E-05
0.00616654 0.0298258 0.90715 0.0123039 0.01137 0.00251179 9.9991E-05 0.0305717
9.9973E-05 9.9973E-05 0.00555566 0.107364 9.9973E-05 0.477429 0.372203 0.0371487
0.0225538 9.9964E-05 9.9964E-05 0.881306 9.9964E-05 0.0759198 9.9964E-05 0.0198207
0.0588997 9.9973E-05 9.9973E-05 0.0885379 0.0136729 9.9973E-05 0.426363 0.412227
9.9982E-05 0.00421552 9.9982E-05 0.63821 0.0133447 0.284505 0.0417676 0.0177572
9.9955E-05 9.9955E-05 0.0210181 9.9955E-05 0.926756 9.9955E-05 9.9955E-05 0.051726
0.00152241 0.142811 9.9991E-05 0.142272 0.0117389 0.53752 0.0704113 0.0936233
