0.355494 9.9973E-05 9.9973E-05 0.0276449 0.0138437 0.0038271 9.9973E-05 0.59889
9.9946E-05 9.9946E-05 9.9946E-05 0.0328664 9.9946E-05 9.9946E-05 9.9946E-05 0.966534
0.0141899 9.9964E-05 9.9964E-05 9.9964E-05 9.9964E-05 0.00787613 0.0188591 0.958675
0.350089 0.0645121 0.00787149 0.0232332 0.00929497 9.998E-05 9.998E-05 0.5448
0.391834 0.423046 0.00157604 9.9973E-05 9.9973E-05 9.9973E-05 0.0406027 0.142641
0.0593624 0.0757908 9.9973E-05 0.724764 9.9973E-05 0.0404491 9.9973E-05 0.0993341
9.9955E-05 0.527719 9.9955E-05 9.9955E-05 9.9955E-05 0.259562 9.9955E-05 0.212219
0.40201 0.0804499 9.9964E-05 0.261459 9.9964E-05 0.255682 9.9964E-05 9.9964E-05
0.0484521 9.9982E-05 0.0147615 0.0292411 0.0115863 9.9982E-05 0.00348649 0.892273
0.291659 9.9946E-05 9.9946E-05 9.9946E-05 9.9946E-05 9.9946E-05 9.9946E-05 0.707741
0.3931 9.9982E-05 9.9982E-05 0.00353627 0.0213109 0.410283 0.00745317 0.164116
0.427193 0.164036 9.9973E-05 9.9973E-05 9.9973E-05 0.375188 0.0119485 0.021334
0.509539 0.0355572 9.9973E-05 0.0157599 9.9973E-05 0.275531 9.9973E-05 0.163313
0.00850368 0.043536 9.99639E-05 0.883468 9.99639E-05 0.0640929 9.99639E-05 9.99639E-05
0.547296 9.9964E-05 0.00472408 9.9964E-05 0.00677776 9.9964E-05 9.9964E-05 0.440803
0.17658 0.196052 0.00368381 0.180775 9.9982E-05 0.0213035 9.9982E-05 0.421406
0.0911776 9.9964E-05 9.9964E-05 0.0903001 9.9964E-05 0.664625 9.9964E-05 0.153498
9.9964E-05 9.9964E-05 0.0118522 0.452503 0.420338 9.9964E-05 9.9964E-05 0.114907
9.9964E-05 0.0190208 0.00235529 9.9964E-05 9.9964E-05 9.9964E-05 0.00218532 0.976039
0.0893916 0.362221 0.0210211 9.9991E-05 0.0122473 0.321307 0.0312824 0.16243
0.112289 0.00927061 0.000255647 9.9973E-05 9.9973E-05 9.9973E-05 0.00473243 0.873152
0.341711 9.9964E-05 9.9964E-05 9.9964E-05 9.9964E-05 0.488981 0.0172195 0.151689
0.621783 0.176076 9.9973E-05 9.9973E-05 9.9973E-05 0.0362687 0.0115982 0.153975
0.0713178 9.9964E-05 9.9964E-05 0.0454972 0.00494091 9.9964E-05 0.877844 9.9964E-05
0.151669 0.558327 9.9973E-05 0.090473 9.9973E-05 9.9973E-05 0.00658394 0.192647
0.396473 9.9964E-05 9.9964E-05 9.9964E-05 9.9964E-05 0.314614 0.0223494 0.266164
0.241554 0.276103 0.000804727 0.00325258 0.00122278 0.298268 9.9991E-05 0.178695
0.132219 9.9946E-05 9.9946E-05 9.9946E-05 9.9946E-05 9.9946E-05 9.9946E-05 0.867182
0.287057 9.9946E-05 9.9946E-05 9.9946E-05 9.9946E-05 9.9946E-05 9.9946E-05 0.712343
0.0286463 9.9946E-05 9.9946E-05 9.9946E-05 9.9946E-05 9.9946E-05 9.9946E-05 0.970754
0.151211 0.0469216 9.9964E-05 0.752659 9.9964E-05 0.048809 9.9964E-05 9.9964E-05
9.9955E-05 0.0497181 9.9955E-05 0.00824301 9.9955E-05 9.9955E-05 9.9955E-05 0.941539
9.9946E-05 0.0167303 9.9946E-05 9.9946E-05 9.9946E-05 9.9946E-05 9.9946E-05 0.98267
9.9964E-05 0.389417 9.9964E-05 0.377469 9.9964E-05 0.0679673 9.9964E-05 0.164746
9.9955E-05 9.9955E-05 9.9955E-05 9.9955E-05 9.9955E-05 0.00191976 0.0107913 0.986789
0.0883006 0.378871 0.0217393 9.9973E-05 9.9973E-05 0.273951 9.9973E-05 0.236838
0.503505 9.9946E-05 9.9946E-05 9.9946E-05 9.9946E-05 9.9946E-05 9.9946E-05 0.495895
0.248117 0.269551 0.0253657 0.0297787 9.9982E-05 0.396926 0.0300612 9.9982E-05
9.999E-05 0.586792 0.00100474 0.0219899 0.0154316 0.298593 0.00654592 0.069543
0.595409 0.157486 9.9973E-05 9.9973E-05 9.9973E-05 0.124556 0.0507051 0.0715442
0.0648119 0.50981 0.00873335 0.261575 9.9982E-05 9.9982E-05 0.018196 0.136674
9.9964E-05 9.9964E-05 0.00882527 0.00469346 9.9964E-05 9.9964E-05 0.0146034 0.971478
0.208685 9.9955E-05 9.9955E-05 9.9955E-05 9.9955E-05 0.0304603 9.9955E-05 0.760355
0.282042 9.9973E-05 0.0101423 0.00822301 0.0016297 9.9973E-05 9.9973E-05 0.697663
0.240753 0.0376572 9.9973E-05 0.0139491 0.0288015 9.9973E-05 9.9973E-05 0.678539
9.994E-05 9.994E-05 9.994E-05 9.994E-05 0.9993 9.994E-05 9.994E-05 9.994E-05
9.995E-05 0.0638017 9.995E-05 9.995E-05 9.995E-05 0.0635315 9.995E-05 0.872167
0.193068 9.9946E-05 9.9946E-05 9.9946E-05 9.9946E-05 9.9946E-05 9.9946E-05 0.806333
9.994E-05 9.994E-05 9.994E-05 9.994E-05 0.9993 9.994E-05 9.994E-05 9.994E-05
0.460428 9.9946E-05 9.9946E-05 9.9946E-05 9.9946E-05 9.9946E-05 9.9946E-05 0.538972
0.432374 9.9973E-05 0.00211542 0.0335037 9.9973E-05 0.200581 9.9973E-05 0.331126
0.37088 9.9946E-05 9.9946E-05 9.9946E-05 9.9946E-05 9.9946E-05 9.9946E-05 0.62852
0.5094 0.0245652 9.9964E-05 9.9964E-05 9.9964E-05 9.9964E-05 0.0203793 0.445256
9.996E-05 9.996E-05 9.996E-05 0.541295 0.0259504 9.996E-05 0.00118738 0.431167
0.474571 0.139228 9.998E-05 0.121886 9.998E-05 0.0348608 0.0439293 0.185324
9.996E-05 9.996E-05 0.0109972 0.224261 9.996E-05 9.996E-05 0.0332092 0.731132
0.098107 9.9955E-05 9.9955E-05 9.9955E-05 0.0077016 9.9955E-05 9.9955E-05 0.893692
9.9973E-05 9.9973E-05 0.00324895 0.00121398 0.00929166 0.0116698 9.9973E-05 0.974276
0.306603 9.9973E-05 9.9973E-05 0.027653 0.006424 9.9973E-05 0.00321319 0.655807
0.326974 9.99459E-05 9.99459E-05 9.99459E-05 9.99459E-05 9.99459E-05 9.99459E-05 0.672427
0.0561412 9.9946E-05 9.9946E-05 9.9946E-05 9.9946E-05 9.9946E-05 9.9946E-05 0.943259
9.99731E-05 0.0507154 0.0130215 0.0438151 9.99731E-05 0.0412066 0.850941 9.99731E-05
9.996E-05 9.996E-05 0.0107745 9.996E-05 9.996E-05 0.0249015 0.00952227 0.954402
0.589936 0.020847 0.0120713 0.217298 9.9991E-05 0.0196546 0.0307279 0.109366
0.0562052 9.996E-05 9.996E-05 9.996E-05 0.0073326 0.00524982 9.996E-05 0.930813
9.9955E-05 0.00599734 0.00316674 9.9955E-05 9.9955E-05 9.9955E-05 9.9955E-05 0.990336
0.413837 9.9955E-05 9.9955E-05 9.9955E-05 0.00928985 9.9955E-05 9.9955E-05 0.576373
0.377056 9.9955E-05 9.9955E-05 9.9955E-05 9.9955E-05 0.0349258 9.9955E-05 0.587519
0.017148 9.9964E-05 9.9964E-05 9.9964E-05 9.9964E-05 0.754712 0.015061 0.212679
9.994E-05 9.994E-05 9.994E-05 9.994E-05 0.9993 9.994E-05 9.994E-05 9.994E-05
0.538781 0.345746 9.9964E-05 9.9964E-05 9.9964E-05 9.9964E-05 0.00721519 0.107858
9.997E-05 9.997E-05 0.00879844 0.195792 0.00170722 9.997E-05 0.0177068 0.775696
0.238252 9.997E-05 0.00908845 9.997E-05 0.00155704 9.997E-05 0.0203861 0.730417
9.9955E-05 9.9955E-05 9.9955E-05 0.00916509 9.9955E-05 9.9955E-05 0.0385659 0.951769
9.9955E-05 9.9955E-05 0.000343155 9.9955E-05 9.9955E-05 0.00442551 9.9955E-05 0.994732
9.9964E-05 0.0221762 9.9964E-05 0.0151875 0.0217474 9.9964E-05 9.9964E-05 0.940489
0.0455345 9.9955E-05 0.00760841 9.9955E-05 9.9955E-05 9.9955E-05 9.9955E-05 0.946357
0.268356 9.9964E-05 9.9964E-05 0.235115 9.9964E-05 0.431392 9.9964E-05 0.0647365
0.0253786 9.9955E-05 9.9955E-05 9.9955E-05 9.9955E-05 0.0452342 9.9955E-05 0.928887
9.9964E-05 0.0561222 9.9964E-05 0.205572 9.9964E-05 0.0526779 0.685228 9.9964E-05
0.515707 9.9955E-05 9.9955E-05 9.9955E-05 9.9955E-05 9.9955E-05 0.0293823 0.454411
0.117945 9.9964E-05 9.9964E-05 0.00530165 0.0108756 9.9964E-05 9.9964E-05 0.865478
9.998E-05 9.998E-05 0.0585946 0.469798 0.366089 0.0178834 0.0560354 0.0313995
9.996E-05 9.996E-05 9.996E-05 0.600303 0.0369292 9.996E-05 0.0010169 0.361351
0.368672 0.216341 9.997E-05 0.151618 0.00170259 9.997E-05 9.997E-05 0.261366
0.221754 9.9964E-05 0.00730647 0.0354283 9.9964E-05 9.9964E-05 9.9964E-05 0.735111
9.9955E-05 9.9955E-05 9.9955E-05 0.036264 9.9955E-05 9.9955E-05 0.012696 0.95054
9.994E-05 9.994E-05 0.9993 9.994E-05 9.994E-05 9.994E-05 9.994E-05 9.994E-05
0.549448 9.99549E-05 9.99549E-05 9.99549E-05 0.00519642 9.99549E-05 9.99549E-05 0.444856
0.532433 9.99459E-05 9.99459E-05 9.99459E-05 9.99459E-05 9.99459E-05 9.99459E-05 0.466967
0.395281 0.0792331 9.9964E-05 9.9964E-05 9.9964E-05 0.352731 9.9964E-05 0.172355
0.482137 0.0808135 0.00341881 9.9982E-05 9.9982E-05 0.345036 0.0150352 0.0733603
0.274 9.9955E-05 9.9955E-05 9.9955E-05 9.9955E-05 0.660081 9.9955E-05 0.0654188
9.9955E-05 9.9955E-05 9.9955E-05 0.0194182 9.9955E-05 9.9955E-05 0.00401909 0.976063
0.532397 9.9946E-05 9.9946E-05 9.9946E-05 9.9946E-05 9.9946E-05 9.9946E-05 0.467003
0.143135 9.9946E-05 9.9946E-05 9.9946E-05 9.9946E-05 9.9946E-05 9.9946E-05 0.856265
0.716233 9.9955E-05 9.9955E-05 0.0512177 9.9955E-05 9.9955E-05 9.9955E-05 0.23205
9.9964E-05 0.256987 9.9964E-05 0.596258 9.9964E-05 0.0560547 9.9964E-05 0.0903005
9.9955E-05 0.0175918 9.9955E-05 0.0123635 9.9955E-05 9.9955E-05 9.9955E-05 0.969545
0.532637 0.298841 9.997E-05 9.997E-05 9.997E-05 0.0118661 0.0521695 0.104187
0.566549 0.226992 0.000683609 9.9982E-05 0.0114857 0.00847431 9.9982E-05 0.185615
9.9964E-05 0.132252 9.9964E-05 0.00390631 0.0163041 9.9964E-05 0.847137 9.9964E-05
0.496264 9.9955E-05 9.9955E-05 9.9955E-05 9.9955E-05 0.023768 9.9955E-05 0.479469
0.0220794 0.0131715 9.9964E-05 9.9964E-05 9.9964E-05 0.0319211 9.9964E-05 0.932428
9.994E-05 9.994E-05 9.994E-05 9.994E-05 9.994E-05 9.994E-05 9.994E-05 0.9993
0.341714 0.149603 9.9964E-05 9.9964E-05 0.0172205 0.491062 9.9964E-05 9.9964E-05
9.9946E-05 9.9946E-05 9.9946E-05 9.9946E-05 0.994313 9.9946E-05 9.9946E-05 0.00508748
0.0657335 9.9964E-05 9.9964E-05 9.9964E-05 0.00908276 0.865751 9.9964E-05 0.0590329
0.235157 9.9955E-05 9.9955E-05 9.9955E-05 9.9955E-05 9.9955E-05 0.040702 0.723642
9.9973E-05 0.0107272 0.00383838 0.0216313 9.9973E-05 9.9973E-05 0.0345294 0.928974
0.325677 9.9955E-05 9.9955E-05 9.9955E-05 9.9955E-05 0.572412 9.9955E-05 0.101411
9.994E-05 9.994E-05 9.994E-05 9.994E-05 0.9993 9.994E-05 9.994E-05 9.994E-05
9.9964E-05 0.00688212 9.9964E-05 0.330593 0.0238058 9.9964E-05 0.638319 9.9964E-05
0.244784 9.9964E-05 9.9964E-05 9.9964E-05 0.00983163 0.123328 9.9964E-05 0.621657
0.313213 9.9946E-05 9.9946E-05 9.9946E-05 9.9946E-05 9.9946E-05 9.9946E-05 0.686187
0.484531 9.9955E-05 9.9955E-05 9.9955E-05 9.9955E-05 0.36959 9.9955E-05 0.145379
9.9964E-05 0.00069517 0.000461779 9.9964E-05 9.9964E-05 9.9964E-05 0.0291126 0.969331
0.0780146 0.0516191 9.9973E-05 0.401906 0.0394522 0.428708 9.9973E-05 9.9973E-05
0.0180844 9.9973E-05 0.0881937 0.26368 0.509341 9.9973E-05 0.120402 9.9973E-05
0.113648 9.99625E-05 9.99625E-05 9.99625E-05 9.99625E-05 9.99625E-05 0.0452235 0.840628
0.395593 9.9955E-05 9.9955E-05 9.9955E-05 9.9955E-05 0.129545 9.9955E-05 0.474363
9.994E-05 9.994E-05 9.994E-05 9.994E-05 9.994E-05 9.994E-05 0.9993 9.994E-05
0.144159 9.9955E-05 9.9955E-05 9.9955E-05 9.9955E-05 0.0299243 9.9955E-05 0.825417
0.693541 9.9964E-05 9.9964E-05 9.9964E-05 9.9964E-05 0.00531835 0.00725733 0.293484
0.265985 9.9946E-05 9.9946E-05 9.9946E-05 9.9946E-05 9.9946E-05 9.9946E-05 0.733416
9.9955E-05 9.9955E-05 0.017788 9.9955E-05 9.9955E-05 0.697635 9.9955E-05 0.284077
0.336966 0.0681603 0.00469717 0.0550827 0.010291 0.368481 9.9991E-05 0.156222
0.429541 0.428228 9.9973E-05 0.0280442 9.9973E-05 0.0344525 9.9973E-05 0.0794344
0.0490889 9.99549E-05 9.99549E-05 0.575756 9.99549E-05 0.374655 9.99549E-05 9.99549E-05
0.507082 9.9955E-05 9.9955E-05 9.9955E-05 9.9955E-05 9.9955E-05 0.00821566 0.484202
0.150174 9.996E-05 9.996E-05 9.996E-05 0.0073055 9.996E-05 0.0181339 0.823987
0.356188 9.9964E-05 9.9964E-05 9.9964E-05 0.0228661 9.9964E-05 0.0100531 0.610493
9.9964E-05 9.9964E-05 0.0597472 0.0650579 0.841456 0.0333388 9.9964E-05 9.9964E-05
0.00518888 9.9973E-05 9.9973E-05 0.069199 9.9973E-05 0.00080213 0.0306362 0.893874
0.0229657 0.0276484 0.009788 0.00368656 0.935611 9.997E-05 9.997E-05 9.997E-05
0.401867 9.9955E-05 9.9955E-05 9.9955E-05 9.9955E-05 9.9955E-05 0.0057847 0.591849
9.994E-05 9.994E-05 9.994E-05 9.994E-05 9.994E-05 9.994E-05 0.95038 0.0490206
0.411015 9.99549E-05 9.99549E-05 9.99549E-05 9.99549E-05 0.568586 0.0198991 9.99549E-05
9.9964E-05 9.9964E-05 0.0120951 0.120309 9.9964E-05 0.724278 9.9964E-05 0.142918
0.246419 0.0523071 0.0387198 9.998E-05 9.998E-05 0.522862 0.0543642 0.0851279
0.50285 0.0190381 9.9964E-05 9.9964E-05 9.9964E-05 9.9964E-05 0.0089062 0.468806
0.195595 0.305515 9.999E-05 0.00464803 0.0209589 0.222134 0.0140827 0.236966
0.043026 9.9964E-05 9.9964E-05 0.0169393 9.9964E-05 9.9964E-05 0.00151064 0.938124
0.564018 9.9973E-05 9.9973E-05 0.069709 9.9973E-05 0.0868021 0.000927471 0.278244
9.99459E-05 9.99459E-05 9.99459E-05 0.79507 9.99459E-05 9.99459E-05 9.99459E-05 0.20433
0.15708 0.127129 0.000136675 9.9973E-05 0.0143964 9.9973E-05 9.9973E-05 0.700957
0.197308 9.9973E-05 0.00966115 0.0445396 0.000161287 9.9973E-05 9.9973E-05 0.74803
9.99549E-05 9.99549E-05 9.99549E-05 9.99549E-05 0.00824043 9.99549E-05 0.967312 0.0239482
9.9973E-05 0.548157 0.00375243 0.231705 9.9973E-05 9.9973E-05 0.048653 0.167433
9.99461E-05 9.99461E-05 9.99461E-05 9.99461E-05 9.99461E-05 0.0149198 0.984481 9.99461E-05
0.432818 9.9946E-05 9.9946E-05 9.9946E-05 9.9946E-05 9.9946E-05 9.9946E-05 0.566582
0.100093 0.0179856 9.9982E-05 0.709139 9.9982E-05 0.0386841 0.0199491 0.11395
9.9964E-05 0.247511 9.9964E-05 0.538518 9.9964E-05 9.9964E-05 0.0229381 0.190632
0.28104 9.9964E-05 9.9964E-05 9.9964E-05 0.0299612 0.0034894 9.9964E-05 0.68511
0.00179722 9.9955E-05 9.9955E-05 9.9955E-05 9.9955E-05 0.01689 9.9955E-05 0.980813
9.9946E-05 9.9946E-05 9.9946E-05 9.9946E-05 0.981602 9.9946E-05 0.0177986 9.9946E-05
9.99639E-05 0.33053 9.99639E-05 0.459207 9.99639E-05 0.163378 0.0464848 9.99639E-05
0.375955 9.9946E-05 9.9946E-05 9.9946E-05 9.9946E-05 9.9946E-05 9.9946E-05 0.623445
9.997E-05 9.997E-05 0.000155486 0.549114 0.0336471 9.997E-05 0.384573 0.0322109
9.9973E-05 0.0010102 9.9973E-05 0.0135721 0.0124813 9.9973E-05 0.00776658 0.96487
9.994E-05 9.994E-05 0.9993 9.994E-05 9.994E-05 9.994E-05 9.994E-05 9.994E-05
0.126798 9.9964E-05 9.9964E-05 0.0786821 0.0120472 9.9964E-05 9.9964E-05 0.782073
9.996E-05 9.996E-05 0.588378 0.331179 0.0242462 9.996E-05 9.996E-05 0.0557969
0.447415 9.9991E-05 0.000534208 0.0263121 0.0245111 0.476182 0.0102189 0.0147258
9.9964E-05 0.0275863 0.00749984 0.000614093 9.9964E-05 9.9964E-05 9.9964E-05 0.9639
9.995E-05 0.0166174 0.000919181 9.995E-05 9.995E-05 9.995E-05 9.995E-05 0.981964
9.9964E-05 0.771471 0.00705257 9.9964E-05 9.9964E-05 0.0727319 9.9964E-05 0.148345
9.9964E-05 0.0191393 9.9964E-05 0.0662977 9.9964E-05 9.9964E-05 0.0103704 0.903793
9.99551E-05 0.00242048 9.99551E-05 9.99551E-05 9.99551E-05 0.00944409 0.987636 9.99551E-05
0.00588188 0.000617555 9.9973E-05 9.9973E-05 0.0035275 9.9973E-05 0.00590893 0.983764
9.994E-05 9.994E-05 0.9993 9.994E-05 9.994E-05 9.994E-05 9.994E-05 9.994E-05
0.0210974 9.9946E-05 9.9946E-05 9.9946E-05 9.9946E-05 9.9946E-05 9.9946E-05 0.978303
0.594008 0.138775 9.9982E-05 0.111039 9.9982E-05 0.101812 0.0152209 0.0389446
0.437548 0.190827 0.0107977 9.998E-05 0.00449285 0.110414 9.998E-05 0.24572
0.146569 0.42196 9.9973E-05 0.358892 9.9973E-05 0.06205 9.9973E-05 0.0102296
0.120676 0.516745 0.0190117 9.9973E-05 0.0229272 9.9973E-05 9.9973E-05 0.32034
0.0474075 0.460282 9.9982E-05 0.277814 0.057413 9.9982E-05 0.00789489 0.148989
9.994E-05 9.994E-05 9.994E-05 9.994E-05 9.994E-05 9.994E-05 9.994E-05 0.9993
0.462182 9.997E-05 9.997E-05 9.997E-05 0.00553721 0.224505 0.0478969 0.259579
0.139959 9.9946E-05 9.9946E-05 9.9946E-05 9.9946E-05 9.9946E-05 9.9946E-05 0.859442
0.391713 0.308651 9.9982E-05 0.0725133 0.0218394 9.9982E-05 0.0492563 0.155828
9.9982E-05 0.137989 0.00216055 0.153947 9.9982E-05 0.615469 0.00277624 0.0874589
0.101292 9.9973E-05 0.00882994 0.0723803 9.9973E-05 9.9973E-05 0.00838907 0.808808
0.678262 9.9955E-05 9.9955E-05 9.9955E-05 0.0174345 9.9955E-05 9.9955E-05 0.303803
0.341079 9.9973E-05 0.00185632 9.9973E-05 0.00399298 9.9973E-05 0.0122042 0.640568
9.996E-05 0.0301515 9.996E-05 0.0234006 9.996E-05 0.0205373 9.996E-05 0.925511
9.9973E-05 9.9973E-05 0.00760395 0.627782 0.00868356 9.9973E-05 0.0487823 0.306848
0.428766 0.205591 0.00337906 0.0496871 9.9982E-05 0.0604144 9.9982E-05 0.251963
0.300229 0.232898 0.0176838 0.101044 9.998E-05 9.998E-05 0.00543143 0.342513
9.9973E-05 0.0488213 0.899305 9.9973E-05 0.0179885 0.00377187 0.0298138 9.9973E-05
9.996E-05 0.048007 9.996E-05 0.0215227 9.996E-05 9.996E-05 0.00935094 0.92072
9.9946E-05 9.9946E-05 9.9946E-05 0.0199959 9.9946E-05 9.9946E-05 9.9946E-05 0.979404
0.167424 9.9955E-05 0.0142801 9.9955E-05 9.9955E-05 9.9955E-05 9.9955E-05 0.817796
9.99459E-05 9.99459E-05 9.99459E-05 9.99459E-05 9.99459E-05 9.99459E-05 0.98397 0.0154301
0.325356 9.9964E-05 0.00208935 0.0584035 9.9964E-05 9.9964E-05 9.9964E-05 0.613751
9.996E-05 0.709652 9.996E-05 0.0441851 0.00313493 9.996E-05 9.996E-05 0.242628
0.450406 0.0581842 9.998E-05 0.00724841 9.998E-05 0.166134 0.014732 0.303096
9.9955E-05 9.9955E-05 9.9955E-05 0.0264897 0.00348595 9.9955E-05 9.9955E-05 0.969525
0.029799 0.0713234 9.9982E-05 0.032919 9.9982E-05 0.0216982 0.00259461 0.841466
9.9946E-05 9.9946E-05 9.9946E-05 9.9946E-05 9.9946E-05 0.0226474 9.9946E-05 0.976753
9.9955E-05 0.790649 9.9955E-05 9.9955E-05 0.0241902 9.9955E-05 9.9955E-05 0.184661
9.9964E-05 9.9964E-05 0.753609 0.181053 0.0397891 9.9964E-05 0.025149 9.9964E-05
9.997E-05 0.566476 0.00462188 0.285974 9.997E-05 0.124216 9.997E-05 0.0184122
0.365555 0.0279165 9.9973E-05 9.9973E-05 0.0214448 0.121949 9.9973E-05 0.462835
9.9955E-05 9.9955E-05 0.950865 0.0336458 0.0149894 9.9955E-05 9.9955E-05 9.9955E-05
0.325354 0.0543621 0.0086266 0.0967594 9.998E-05 9.998E-05 0.0255734 0.489125
0.352235 9.99549E-05 9.99549E-05 9.99549E-05 9.99549E-05 0.401996 9.99549E-05 0.245269
9.998E-05 0.0172814 9.998E-05 0.0589161 0.00403055 0.0124694 0.0249776 0.882125
9.9946E-05 9.9946E-05 9.9946E-05 9.9946E-05 0.00668699 9.9946E-05 9.9946E-05 0.992713
9.9982E-05 0.0286473 0.00586499 0.00552566 0.0202412 9.9982E-05 0.00468869 0.934832
0.254497 0.246629 9.9964E-05 0.0575289 9.9964E-05 9.9964E-05 9.9964E-05 0.440946
9.99459E-05 9.99459E-05 9.99459E-05 9.99459E-05 9.99459E-05 9.99459E-05 0.948302 0.0510988
0.068507 9.9955E-05 9.9955E-05 9.9955E-05 0.000894728 9.9955E-05 9.9955E-05 0.930098
9.9964E-05 0.0559318 9.9964E-05 0.112068 9.9964E-05 0.724571 9.9964E-05 0.107029
0.631419 0.0247438 9.997E-05 0.0206162 9.997E-05 0.0126111 9.997E-05 0.31031
0.013916 9.99549E-05 0.0119186 9.99549E-05 9.99549E-05 9.99549E-05 0.973666 9.99549E-05
9.9964E-05 0.490325 9.9964E-05 9.9964E-05 9.9964E-05 0.373846 0.00222442 0.133204
0.0789722 9.9946E-05 9.9946E-05 0.920428 9.9946E-05 9.9946E-05 9.9946E-05 9.9946E-05
0.391171 0.295322 9.9982E-05 0.0723875 9.9982E-05 0.103757 0.0348028 0.102359
9.9955E-05 9.9955E-05 9.9955E-05 9.9955E-05 0.0140354 9.9955E-05 0.893469 0.0919957
0.531647 9.9955E-05 9.9955E-05 9.9955E-05 9.9955E-05 0.0797014 9.9955E-05 0.388152
9.99459E-05 9.99459E-05 0.987264 9.99459E-05 9.99459E-05 9.99459E-05 9.99459E-05 0.012136
0.493957 0.00379424 0.00534961 9.9982E-05 0.00858281 0.00103498 9.9982E-05 0.487081
0.102508 9.9955E-05 9.9955E-05 9.9955E-05 0.0117111 9.9955E-05 9.9955E-05 0.885281
9.994E-05 9.994E-05 0.9993 9.994E-05 9.994E-05 9.994E-05 9.994E-05 9.994E-05
0.181731 9.9946E-05 9.9946E-05 9.9946E-05 9.9946E-05 9.9946E-05 9.9946E-05 0.817669
9.998E-05 9.998E-05 0.0108776 0.0424704 0.880889 0.0162283 0.0280022 0.0213329
0.605385 0.0829956 9.99793E-05 0.0701592 9.99793E-05 0.162388 9.99793E-05 0.0787729
0.0554476 9.996E-05 9.996E-05 0.0293791 9.996E-05 9.996E-05 0.0258117 0.888962
9.9982E-05 0.331151 0.00245156 0.345802 9.9982E-05 0.155955 0.0642154 0.100225
0.283499 9.9973E-05 0.0129917 0.0560804 9.9973E-05 0.0216456 9.9973E-05 0.625483
9.9955E-05 9.9955E-05 0.923998 0.055376 0.0201266 9.9955E-05 9.9955E-05 9.9955E-05
0.584043 0.221183 0.0053395 9.9982E-05 9.9982E-05 0.0450752 0.00517036 0.138989
