0.988161 0.0117391 9.9991E-05
0.967489 9.9991E-05 0.0324111
0.986223 9.9991E-05 0.0136772
0.962377 0.0132496 0.024373
0.793838 0.206062 9.9991E-05
0.687142 0.192135 0.120723
0.793276 0.206624 9.9991E-05
0.792033 0.200675 0.00729136
0.952266 9.9991E-05 0.0476338
0.9998 9.999E-05 9.999E-05
0.889166 0.110734 9.9991E-05
0.822938 0.176962 9.99911E-05
0.918715 0.0811852 9.9991E-05
0.66699 0.194168 0.138842
0.981245 0.0186555 9.9991E-05
0.878716 0.0687754 0.0525086
0.856809 0.143091 9.99911E-05
0.390229 0.113257 0.496514
0.969524 9.9991E-05 0.0303757
0.750327 0.206558 0.0431155
0.989889 9.9991E-05 0.0100112
0.879575 0.120325 9.9991E-05
0.898277 0.101623 9.9991E-05
0.121052 0.863705 0.0152431
0.914547 0.0853533 9.9991E-05
0.845904 0.153996 9.9991E-05
0.981646 9.9991E-05 0.0182543
0.9998 9.999E-05 9.999E-05
0.9998 9.999E-05 9.999E-05
0.68849 0.227133 0.0843767
0.973876 9.9991E-05 0.0260245
0.98654 9.9991E-05 0.01336
0.69254 0.20396 0.1035
0.992912 9.9991E-05 0.0069885
0.837971 0.113863 0.048166
0.9998 9.999E-05 9.999E-05
0.781352 0.218548 9.99911E-05
0.675639 0.263008 0.0613523
0.852345 0.147555 9.9991E-05
0.653355 0.244999 0.101646
0.970252 9.9991E-05 0.0296483
0.9998 9.999E-05 9.999E-05
0.989811 9.9991E-05 0.0100887
0.963562 9.9991E-05 0.036338
0.0177053 0.112633 0.869662
0.997822 9.9991E-05 0.00207817
0.994703 9.9991E-05 0.00519733
0.0156138 0.0995974 0.884789
0.9998 9.999E-05 9.999E-05
0.963715 0.0361851 9.9991E-05
0.9998 9.999E-05 9.999E-05
0.974912 0.0249884 9.9991E-05
0.749956 0.108503 0.141541
0.846818 0.153082 9.9991E-05
0.886615 0.0310515 0.082334
0.987392 9.9991E-05 0.0125082
0.97794 9.9991E-05 0.02196
0.995986 0.00233426 0.00167982
0.9998 9.999E-05 9.999E-05
0.999193 9.9991E-05 0.000706817
0.0966705 0.862986 0.0403437
0.969697 9.9991E-05 0.030203
0.843689 0.144775 0.011536
0.985996 9.9991E-05 0.0139044
0.977317 9.9991E-05 0.0225832
0.994119 0.00578107 9.9991E-05
0.9998 9.999E-05 9.999E-05
0.823199 0.176701 9.99911E-05
0.00140704 0.113585 0.885008
0.863642 0.136258 9.9991E-05
0.904839 0.0126312 0.0825294
0.986685 9.9991E-05 0.0132145
0.969452 0.00331557 0.027232
0.981246 9.9991E-05 0.0186545
0.945173 9.9991E-05 0.0547272
0.984615 9.9991E-05 0.0152852
0.836673 0.163227 9.9991E-05
0.995335 9.9991E-05 0.00456452
0.200571 0.737126 0.0623032
0.970794 0.0291064 9.9991E-05
0.988839 9.9991E-05 0.0110608
0.301421 0.19245 0.506128
0.723259 0.102076 0.174665
0.889214 0.0759323 0.0348541
0.9828 9.9991E-05 0.0170998
0.988202 9.9991E-05 0.0116984
9.999E-05 9.999E-05 0.9998
0.9998 9.999E-05 9.999E-05
0.995412 0.00448767 9.9991E-05
0.909135 0.0907653 9.9991E-05
0.868264 0.131636 9.99911E-05
0.91059 0.0893101 9.99911E-05
0.983588 9.9991E-05 0.0163118
0.9998 9.999E-05 9.999E-05
0.9998 9.999E-05 9.999E-05
0.946344 0.0535563 9.9991E-05
0.672291 0.211868 0.11584
0.97354 9.9991E-05 0.0263602
0.826656 0.173244 9.9991E-05
0.909873 0.0818365 0.00829036
0.0469656 0.90777 0.0452647
0.989259 9.9991E-05 0.0106413
0.991039 9.9991E-05 0.00886119
0.880462 0.119438 9.99911E-05
0.0279132 0.0923547 0.879732
0.860317 0.139583 9.99911E-05
0.974677 0.0252227 9.9991E-05
0.963316 9.9991E-05 0.0365844
0.890891 0.109009 9.99911E-05
0.00123031 0.101713 0.897057
0.181751 0.721472 0.0967763
0.994163 0.00573658 9.9991E-05
0.9998 9.999E-05 9.999E-05
0.914839 0.0850612 9.9991E-05
0.975159 9.9991E-05 0.024741
0.73102 0.20569 0.0632902
0.168236 0.24159 0.590174
0.976071 0.00686099 0.0170683
0.9998 9.999E-05 9.999E-05
0.0622686 0.937631 9.9991E-05
0.992698 9.9991E-05 0.00720249
0.972771 0.0271285 9.9991E-05
0.9998 9.999E-05 9.999E-05
0.882416 0.117484 9.99911E-05
0.871479 0.128421 9.9991E-05
0.820028 0.179872 9.99911E-05
0.720911 0.20125 0.0778392
0.98054 0.0193599 9.9991E-05
0.987755 9.9991E-05 0.0121447
0.985841 0.00190688 0.0122525
0.0508565 0.126845 0.822298
0.971478 0.0100215 0.0185005
0.023807 0.139085 0.837108
0.9998 9.999E-05 9.999E-05
0.127079 0.872821 9.99938E-05
0.849029 0.150871 9.99911E-05
0.819303 0.180597 9.99911E-05
0.797072 0.202828 9.99911E-05
0.979074 0.0208265 9.9991E-05
0.820673 0.147053 0.0322738
0.9889 9.9991E-05 0.0109998
0.942596 0.0573042 9.9991E-05
0.686505 0.156026 0.157469
0.948912 0.00704452 0.0440434
0.971673 9.9991E-05 0.028227
0.0912256 0.883913 0.0248612
0.630335 0.25573 0.113936
0.0212588 0.96859 0.0101507
0.9998 9.999E-05 9.999E-05
0.673874 0.21917 0.106956
0.668457 0.206551 0.124992
0.980036 9.9991E-05 0.0198641
0.992193 9.9991E-05 0.00770657
9.9991E-05 0.142042 0.857858
0.612084 0.308439 0.0794774
0.9998 9.999E-05 9.999E-05
0.364003 0.482208 0.15379
0.965049 9.9991E-05 0.0348514
9.999E-05 9.999E-05 0.9998
0.960558 9.9991E-05 0.0393424
0.255793 0.00892639 0.735281
0.853094 0.146806 9.99911E-05
0.968397 9.9991E-05 0.0315031
0.980756 9.9991E-05 0.0191444
0.694206 0.237012 0.068782
0.96001 9.9991E-05 0.0398895
0.0509717 0.948928 9.9991E-05
0.986631 9.9991E-05 0.0132691
9.999E-05 9.999E-05 0.9998
0.990217 9.9991E-05 0.00968266
0.833376 0.166524 9.9991E-05
0.904115 0.0957849 9.9991E-05
0.706227 0.235958 0.0578155
0.773061 0.143039 0.0839006
0.660271 0.210209 0.12952
0.983761 9.9991E-05 0.0161393
0.900797 0.099103 9.9991E-05
0.986351 9.9991E-05 0.0135492
0.775307 0.192701 0.0319921
0.796999 0.202901 9.99911E-05
0.964914 9.9991E-05 0.034986
0.983703 0.0161975 9.9991E-05
0.997171 9.9991E-05 0.0027289
0.995194 9.9991E-05 0.00470563
0.691364 0.156511 0.152125
0.897005 0.102895 9.99948E-05
0.849734 0.104993 0.045273
0.0376635 9.9991E-05 0.962237
0.965993 9.9991E-05 0.0339072
0.99186 9.9991E-05 0.00803958
0.980085 9.9991E-05 0.0198148
0.0737 0.910316 0.0159836
0.990362 9.99958E-05 0.00953827
0.700198 0.228813 0.0709893
0.916567 0.0833331 9.9991E-05
0.973657 9.9991E-05 0.026243
0.975608 0.0013906 0.0230013
0.988192 9.9991E-05 0.0117076
0.701938 0.204884 0.0931782
0.0898112 0.0345618 0.875627
0.659544 0.250126 0.0903302
0.962206 0.0376943 9.9991E-05
9.999E-05 9.999E-05 0.9998
0.925308 0.0677698 0.00692253
0.931474 0.0684259 9.9991E-05
0.950259 0.00192989 0.0478114
0.984697 9.9991E-05 0.0152029
0.960273 9.9991E-05 0.0396268
0.89832 0.0872011 0.0144792
0.114888 0.873118 0.0119936
0.99171 9.9991E-05 0.00819024
0.796929 0.202971 9.99911E-05
0.971209 0.028691 9.9991E-05
0.0855824 0.886123 0.0282943
0.748369 0.239018 0.0126123
0.636082 0.184481 0.179438
0.815566 0.184334 9.9991E-05
0.144028 0.843216 0.0127561
0.9998 9.999E-05 9.999E-05
9.999E-05 9.999E-05 0.9998
0.988595 0.0113046 9.9991E-05
0.972865 9.9991E-05 0.0270354
9.999E-05 9.999E-05 0.9998
0.9998 9.999E-05 9.999E-05
0.0675259 0.139082 0.793392
0.943336 0.0565642 9.99911E-05
0.985779 9.9991E-05 0.0141207
0.661027 0.261599 0.0773744
0.981948 9.9991E-05 0.0179524
0.000918036 9.9991E-05 0.998982
0.882016 0.117884 9.9991E-05
