0.803271 9.9982E-05 0.190922 0.00560696 9.9982E-05
0.986642 9.9982E-05 9.9982E-05 0.00896646 0.00419164
0.984536 0.0151639 9.9973E-05 9.9973E-05 9.9973E-05
0.786559 9.9991E-05 0.200634 0.00841183 0.00429472
0.392541 0.0795455 0.505689 0.0187674 0.00345743
0.442448 0.128071 0.290912 0.0673173 0.0712513
0.349565 0.0638877 0.573762 0.00037239 0.0124128
0.308812 0.0328067 0.609046 0.02893 0.0204048
0.964219 0.007278 9.9991E-05 0.0154923 0.0129111
0.904647 9.9973E-05 0.0950535 9.9973E-05 9.9973E-05
0.441965 9.9982E-05 0.556765 0.0010702 9.9982E-05
0.321999 9.9973E-05 0.677701 9.9973E-05 9.9973E-05
0.447478 9.9973E-05 0.552222 9.9973E-05 9.9973E-05
0.420828 0.128902 0.294351 0.0734551 0.0824638
0.73267 9.9973E-05 0.26703 9.9973E-05 9.9973E-05
0.62759 0.0348785 0.281704 0.0200343 0.0357931
0.3742 0.00264317 0.622956 9.9982E-05 9.9982E-05
0.343236 0.104076 9.9991E-05 0.473965 0.0786226
0.984289 9.9982E-05 9.9982E-05 0.00586765 0.00964331
0.300301 0.0615858 0.555575 0.0247189 0.0578194
0.979717 0.00505597 0.00983149 9.9991E-05 0.00529525
0.410342 9.9973E-05 0.589358 9.9973E-05 9.9973E-05
0.490119 9.9973E-05 0.509581 9.9973E-05 9.9973E-05
9.9982E-05 0.900016 0.0903434 0.00944037 9.9982E-05
0.39828 0.0907648 0.427332 0.0451198 0.0385037
0.519655 9.9973E-05 0.480045 9.9973E-05 9.9973E-05
0.40321 0.00128446 0.566307 0.00636858 0.0228298
0.973518 0.00483758 0.0214441 9.9982E-05 9.9982E-05
0.897632 9.9973E-05 0.102068 9.9973E-05 9.9973E-05
0.9996 9.997E-05 9.997E-05 9.997E-05 9.997E-05
0.410567 0.131229 0.354045 0.013446 0.0907132
0.988514 9.9982E-05 9.9982E-05 0.00312274 0.00816317
0.991107 0.000330558 9.9982E-05 9.9982E-05 0.00836267
0.417025 0.0925338 0.367783 0.0511303 0.0715278
0.992937 0.00676274 9.9973E-05 9.9973E-05 9.9973E-05
0.393341 9.9991E-05 0.538661 0.0204004 0.0474973
0.778717 9.9973E-05 0.220983 9.9973E-05 9.9973E-05
0.248445 0.0264687 0.683285 9.9991E-05 0.0417016
0.208461 0.0810837 0.61861 0.0496754 0.0421707
0.394059 0.0413875 0.564353 9.9982E-05 9.9982E-05
0.3662 0.111841 0.393497 0.0483332 0.0801295
0.965468 0.0268624 9.9982E-05 9.9982E-05 0.00746928
0.897755 9.9973E-05 0.101946 9.9973E-05 9.9973E-05
0.898346 9.9973E-05 0.101354 9.9973E-05 9.9973E-05
0.829482 0.0123973 0.119143 0.038878 9.9991E-05
9.997E-05 9.997E-05 9.997E-05 0.9996 9.997E-05
0.918723 9.9982E-05 0.0764076 0.0046693 9.9982E-05
0.977869 9.9973E-05 0.021831 9.9973E-05 9.9973E-05
9.997E-05 9.997E-05 9.997E-05 0.9996 9.997E-05
0.811616 9.9973E-05 0.188084 9.9973E-05 9.9973E-05
0.57863 9.9973E-05 0.42107 9.9973E-05 9.9973E-05
0.850032 9.9973E-05 0.149668 9.9973E-05 9.9973E-05
0.710905 9.9973E-05 0.288795 9.9973E-05 9.9973E-05
0.726831 0.117409 0.0170348 0.0674972 0.0712281
0.499633 0.0785633 0.421604 9.9982E-05 9.9982E-05
0.856796 0.0801751 9.9991E-05 0.0105075 0.0524216
0.99029 9.9982E-05 0.00474355 0.00476693 9.9982E-05
0.978867 9.9982E-05 9.9982E-05 0.00792249 0.0130109
0.850925 9.9982E-05 0.135315 0.0135598 9.9982E-05
0.868698 9.9973E-05 0.131002 9.9973E-05 9.9973E-05
0.9996 9.997E-05 9.997E-05 9.997E-05 9.997E-05
0.0243343 0.873948 0.0827337 9.9991E-05 0.0188845
0.985088 0.00500155 9.9982E-05 9.9982E-05 0.00971045
0.479516 0.0402115 0.438184 0.0127441 0.0293445
0.986951 9.9982E-05 0.00300652 0.00984301 9.9982E-05
0.992979 9.9973E-05 9.9973E-05 9.9973E-05 0.00672099
0.805056 9.9973E-05 0.194644 9.9973E-05 9.9973E-05
0.786423 9.9973E-05 0.213277 9.9973E-05 9.9973E-05
0.319275 0.031758 0.648767 9.9982E-05 9.9982E-05
9.997E-05 9.997E-05 9.997E-05 0.9996 9.997E-05
0.43226 0.0323379 0.521358 0.00752876 0.00651525
0.894327 0.0470403 9.9991E-05 0.0208915 0.0376414
0.912509 0.013813 0.069885 0.00369282 9.9991E-05
0.949589 0.0501112 9.9973E-05 9.9973E-05 9.9973E-05
0.990497 0.00265936 9.9982E-05 9.9982E-05 0.00664375
0.948717 9.9982E-05 9.9982E-05 0.0352844 0.0157987
0.994051 9.9973E-05 9.9973E-05 9.9973E-05 0.00564892
0.389457 0.0315841 0.578759 9.9982E-05 9.9982E-05
0.990494 9.9973E-05 0.00920622 9.9973E-05 9.9973E-05
0.083645 0.724387 0.128378 0.0377118 0.0258784
0.742272 0.000837554 0.256691 9.9982E-05 9.9982E-05
0.975492 0.000716824 0.0235916 9.9982E-05 9.9982E-05
0.22603 0.130973 0.092536 0.427925 0.122535
0.685212 0.122942 0.0265111 0.0873555 0.0779798
0.554997 0.00359207 0.398168 0.0215167 0.0217263
0.911465 9.9991E-05 0.0745582 0.00536348 0.00851347
0.962092 0.0295667 9.9982E-05 9.9982E-05 0.0081412
9.997E-05 9.997E-05 9.997E-05 9.997E-05 0.9996
0.722716 9.9973E-05 0.276985 9.9973E-05 9.9973E-05
0.745458 9.9973E-05 0.254242 9.9973E-05 9.9973E-05
0.409691 9.9973E-05 0.590009 9.9973E-05 9.9973E-05
0.371737 9.9973E-05 0.627963 9.9973E-05 9.9973E-05
0.327855 9.9973E-05 0.671845 9.9973E-05 9.9973E-05
0.989857 0.0085411 9.9982E-05 9.9982E-05 0.00140187
0.757003 9.9973E-05 0.242697 9.9973E-05 9.9973E-05
0.96809 9.9973E-05 0.0316103 9.9973E-05 9.9973E-05
0.605365 9.9973E-05 0.394335 9.9973E-05 9.9973E-05
0.40148 0.119832 0.335902 0.0684168 0.0743687
0.980911 0.0155378 9.9982E-05 9.9982E-05 0.00335099
0.421229 0.0691903 0.509381 9.9982E-05 9.9982E-05
0.514537 9.9982E-05 0.467285 0.0179786 9.9982E-05
9.9982E-05 0.881466 0.0961297 0.0222042 9.9982E-05
0.766659 9.9973E-05 0.233041 9.9973E-05 9.9973E-05
0.985173 9.9973E-05 0.0145266 9.9973E-05 9.9973E-05
0.9996 9.997E-05 9.997E-05 9.997E-05 9.997E-05
0.283702 9.9982E-05 0.704976 0.0111221 9.9982E-05
9.997E-05 9.997E-05 9.997E-05 0.9996 9.997E-05
0.256559 9.9973E-05 0.743141 9.9973E-05 9.9973E-05
0.867672 0.0368767 0.0952509 9.9982E-05 9.9982E-05
0.955531 0.0250705 9.9982E-05 9.9982E-05 0.019199
0.350818 9.9973E-05 0.648882 9.9973E-05 9.9973E-05
9.997E-05 9.997E-05 9.997E-05 0.9996 9.997E-05
0.0997513 0.741143 0.0698179 0.0533175 0.0359699
0.783193 9.9973E-05 0.216507 9.9973E-05 9.9973E-05
0.906924 9.9973E-05 0.0927757 9.9973E-05 9.9973E-05
0.42034 9.9973E-05 0.579361 9.9973E-05 9.9973E-05
0.96299 0.0272026 9.9991E-05 0.00264239 0.0070649
0.282591 0.0530268 0.560032 0.0925546 0.0117957
0.118845 0.180582 0.0518019 0.526192 0.122579
0.936526 0.0425869 0.0206867 9.9982E-05 9.9982E-05
0.693971 9.9973E-05 0.305729 9.9973E-05 9.9973E-05
9.997E-05 0.9996 9.997E-05 9.997E-05 9.997E-05
0.937833 9.9973E-05 0.0618673 9.9973E-05 9.9973E-05
0.646603 9.9973E-05 0.353097 9.9973E-05 9.9973E-05
0.961238 9.9973E-05 0.0384623 9.9973E-05 9.9973E-05
0.413987 9.9982E-05 0.566579 9.9982E-05 0.0192339
0.421041 9.9982E-05 0.564667 0.0140925 9.9982E-05
0.392757 0.0274442 0.555195 0.0235026 0.00110148
0.308339 0.0483859 0.539161 0.0153547 0.0887595
0.754005 9.9973E-05 0.245695 9.9973E-05 9.9973E-05
0.976315 0.00141405 0.0198442 0.00232681 9.9991E-05
0.830381 9.9982E-05 0.15598 0.0134389 9.9982E-05
0.0219199 0.023543 0.0160515 0.864519 0.0739663
0.937977 0.0559161 0.00590719 9.9982E-05 9.9982E-05
9.9991E-05 0.0064058 0.0127835 0.977086 0.00362438
0.823674 9.9973E-05 0.176026 9.9973E-05 9.9973E-05
0.0463848 0.953315 9.99729E-05 9.99729E-05 9.99729E-05
0.26298 9.9973E-05 0.73672 9.9973E-05 9.9973E-05
0.299687 0.0115422 0.652105 9.9991E-05 0.036566
0.290315 0.0418327 0.644248 9.9991E-05 0.0235043
0.714597 9.9973E-05 0.285103 9.9973E-05 9.9973E-05
0.416946 0.0126447 0.512075 0.0408168 0.0175172
0.990477 0.00922271 9.9973E-05 9.9973E-05 9.9973E-05
0.598607 0.00147199 0.399721 9.9982E-05 9.9982E-05
0.569175 0.140779 0.127445 0.060305 0.102296
0.834278 0.0091325 0.134813 0.0184617 0.00331564
0.910239 0.00816976 0.0670131 0.00111739 0.0134612
0.020167 0.979533 9.99729E-05 9.99729E-05 9.99729E-05
0.357502 0.166653 0.365429 0.0490662 0.0613498
9.9973E-05 0.992528 0.00717171 9.9973E-05 9.9973E-05
0.823465 9.9973E-05 0.176235 9.9973E-05 9.9973E-05
0.450804 0.17313 0.258152 0.0438308 0.0740832
0.500875 0.150335 0.21228 0.0578176 0.0786928
0.864372 9.9982E-05 0.124623 0.010805 9.9982E-05
0.9996 9.997E-05 9.997E-05 9.997E-05 9.997E-05
9.997E-05 9.997E-05 9.997E-05 0.9996 9.997E-05
0.267119 0.160831 0.456187 0.0524912 0.0633724
0.844953 9.9973E-05 0.154747 9.9973E-05 9.9973E-05
0.347152 0.517821 0.00411911 0.065939 0.0649681
0.97653 0.014171 9.9991E-05 0.000279046 0.00892032
9.997E-05 9.997E-05 9.997E-05 9.997E-05 0.9996
0.937362 9.9991E-05 0.0410296 0.0138171 0.0076912
0.243434 0.0326862 0.014905 0.0495348 0.65944
0.356276 9.9982E-05 0.635735 0.00778992 9.9982E-05
0.976039 0.0125614 9.9982E-05 9.9982E-05 0.0112
0.993164 9.9973E-05 9.9973E-05 9.9973E-05 0.00653612
0.284751 0.0969385 0.50646 0.0414155 0.070435
0.950263 0.0226568 9.9991E-05 0.0119249 0.0150549
9.9973E-05 0.97141 0.0282896 9.9973E-05 9.9973E-05
0.9996 9.997E-05 9.997E-05 9.997E-05 9.997E-05
9.997E-05 9.997E-05 9.997E-05 9.997E-05 0.9996
0.9996 9.997E-05 9.997E-05 9.997E-05 9.997E-05
0.37931 0.0236125 0.596878 9.9982E-05 9.9982E-05
0.510151 9.9991E-05 0.463682 0.0135351 0.0125313
0.320522 0.105322 0.490366 0.0324448 0.0513451
0.473403 0.0586274 0.368201 0.0520433 0.0477256
0.373075 0.110619 0.358108 0.107216 0.050982
0.9996 9.997E-05 9.997E-05 9.997E-05 9.997E-05
0.543541 0.0152671 0.440992 9.9982E-05 9.9982E-05
0.970643 9.9982E-05 0.0258546 9.9982E-05 0.00330194
0.440334 0.0780438 0.426643 0.0440766 0.0109032
0.284772 0.0264986 0.649203 9.9991E-05 0.0394266
0.924874 0.0330366 0.0268095 9.9991E-05 0.0151796
0.669774 9.9973E-05 0.329926 9.9973E-05 9.9973E-05
0.850247 9.9982E-05 0.139846 0.00970679 9.9982E-05
0.978449 0.0208603 0.000490695 9.9982E-05 9.9982E-05
0.633149 0.160479 0.0654372 0.0493787 0.0915557
0.533248 0.0103671 0.452414 0.000863741 0.00310708
0.587987 0.0472979 0.313385 0.00686772 0.0444629
9.9991E-05 0.0396028 0.0345151 0.0134749 0.912307
0.969119 0.0160408 9.9991E-05 0.00860748 0.0061322
0.9996 9.997E-05 9.997E-05 9.997E-05 9.997E-05
0.923132 9.9991E-05 0.0617681 0.0020558 0.0129441
0.0245546 0.975145 9.99729E-05 9.99729E-05 9.99729E-05
0.831299 0.00758057 0.151275 9.9991E-05 0.00974515
0.367253 0.113505 0.423638 0.0491658 0.0464383
0.562983 0.00179574 0.433345 0.0017768 9.9991E-05
0.990587 9.9973E-05 9.9973E-05 9.9973E-05 0.00911304
0.897043 0.0277313 0.0649471 0.00415446 0.00612422
0.994237 9.9973E-05 9.9973E-05 9.9973E-05 0.00546358
0.344478 0.0843233 0.459266 0.0759013 0.0360315
0.087872 0.0608198 0.00712819 0.0291723 0.815008
0.272018 0.0915674 0.519387 0.0377759 0.0792513
0.689291 9.9982E-05 0.302984 0.00752461 9.9982E-05
9.99895E-05 0.00508734 9.99895E-05 0.0156542 0.979058
0.738372 0.0306637 0.211547 9.9991E-05 0.0193177
0.479063 9.9973E-05 0.520637 9.9973E-05 9.9973E-05
0.922421 0.0447266 9.9991E-05 0.014561 0.0181917
0.984986 9.9973E-05 9.9973E-05 0.0147141 9.9973E-05
0.963951 0.0103692 9.9991E-05 0.017668 0.00791178
0.658902 0.038514 0.279669 0.0099129 0.0130021
0.0458956 0.953804 9.99729E-05 9.99729E-05 9.99729E-05
0.99674 0.000728811 9.9982E-05 0.00233162 9.9982E-05
0.286726 0.0227499 0.690324 9.9982E-05 9.9982E-05
0.637588 9.9973E-05 0.362113 9.9973E-05 9.9973E-05
0.00962046 0.988126 9.9982E-05 9.9982E-05 0.00205335
0.279462 0.0579675 0.613854 0.0338255 0.0148908
0.482854 0.129855 0.211984 0.0416105 0.133696
0.400974 0.0606679 0.523213 0.0150442 9.9991E-05
0.0801346 0.919565 9.9973E-05 9.9973E-05 9.9973E-05
0.662107 9.9973E-05 0.337593 9.9973E-05 9.9973E-05
9.997E-05 9.997E-05 9.997E-05 9.997E-05 0.9996
0.720617 9.9973E-05 0.279083 9.9973E-05 9.9973E-05
0.985226 9.9991E-05 0.00101902 0.0118984 0.00175675
9.997E-05 9.997E-05 9.997E-05 9.997E-05 0.9996
0.962991 9.9973E-05 0.0367089 9.9973E-05 9.9973E-05
0.0318535 0.0313873 0.0200551 0.90049 0.0162141
0.436211 9.9973E-05 0.563489 9.9973E-05 9.9973E-05
0.966112 0.0335884 9.9973E-05 9.9973E-05 9.9973E-05
0.320331 0.173268 0.418725 0.0166615 0.0710148
0.829385 9.9982E-05 0.155352 9.9982E-05 0.0150632
0.0333317 9.9982E-05 9.9982E-05 0.032567 0.933901
0.467873 9.9982E-05 0.524946 9.9982E-05 0.00698057
