9.99549E-05 9.99549E-05 0.323778 0.0198757 0.554691 9.99549E-05 9.99549E-05 0.00295925 9.99549E-05 0.0981962
9.9928E-05 9.9928E-05 9.9928E-05 9.9928E-05 0.968307 9.9928E-05 9.9928E-05 0.0308935 9.9928E-05 9.9928E-05
0.00723317 9.9955E-05 0.00707266 9.9955E-05 0.94442 0.0121494 9.9955E-05 9.9955E-05 0.0286254 9.9955E-05
9.9964E-05 0.0100266 0.278505 0.00789491 0.550777 9.9964E-05 0.00379602 9.9964E-05 0.148601 9.9964E-05
0.0115929 0.438492 0.468833 9.9955E-05 0.029642 9.9955E-05 9.9955E-05 9.9955E-05 9.9955E-05 0.0509401
9.9955E-05 0.144078 0.0235109 9.9955E-05 0.108294 9.9955E-05 9.9955E-05 0.613317 0.110299 9.9955E-05
9.9964E-05 0.416394 0.0480615 9.9964E-05 0.110873 0.175915 9.9964E-05 9.9964E-05 0.0232763 0.225081
9.99279E-05 9.99279E-05 9.99279E-05 9.99279E-05 9.99279E-05 9.99279E-05 9.99279E-05 0.121691 0.877509 9.99279E-05
0.00781238 9.9982E-05 0.0386685 0.0208953 0.902727 9.9982E-05 0.00433295 0.00846491 0.00550113 0.0113977
9.9928E-05 9.9928E-05 0.308422 9.9928E-05 0.690778 9.9928E-05 9.9928E-05 9.9928E-05 9.9928E-05 9.9928E-05
9.9964E-05 9.9964E-05 0.301879 0.0125081 0.123176 0.183484 9.9964E-05 9.9964E-05 0.137222 0.241331
0.00807516 9.9955E-05 0.204013 0.00796128 9.9955E-05 9.9955E-05 9.9955E-05 0.00900163 9.9955E-05 0.770449
9.9955E-05 0.0179133 0.373931 9.9955E-05 0.12437 9.9955E-05 9.9955E-05 9.9955E-05 0.275212 0.208074
9.99549E-05 0.0135866 9.99549E-05 9.99549E-05 9.99549E-05 0.00702623 9.99549E-05 0.9102 0.0189428 0.0497451
9.9946E-05 9.9946E-05 0.523765 0.000183431 0.403775 9.9946E-05 9.9946E-05 9.9946E-05 0.0716767 9.9946E-05
9.9973E-05 0.169776 0.134364 0.00316943 0.42956 9.9973E-05 0.00455869 0.122214 9.9973E-05 0.136058
9.9937E-05 9.9937E-05 9.9937E-05 9.9937E-05 0.185555 0.776377 9.9937E-05 9.9937E-05 0.0373683 9.9937E-05
9.99459E-05 9.99459E-05 9.99459E-05 0.402763 0.116488 9.99459E-05 0.0128574 0.467292 9.99459E-05 9.99459E-05
9.9937E-05 0.026199 9.9937E-05 9.9937E-05 0.964845 9.9937E-05 0.0082567 9.9937E-05 9.9937E-05 9.9937E-05
0.0313053 0.272903 0.000646614 9.9973E-05 0.140049 0.259304 0.0144448 9.9973E-05 0.281047 9.9973E-05
0.00242536 9.9946E-05 0.091385 9.9946E-05 0.903845 9.9946E-05 0.00174505 9.9946E-05 9.9946E-05 9.9946E-05
0.00245241 9.9964E-05 0.297632 9.9964E-05 0.110274 0.0616556 9.9964E-05 9.9964E-05 0.121122 0.406464
0.00355779 0.0821252 0.442155 9.9964E-05 0.143574 9.9964E-05 9.9964E-05 9.9964E-05 0.109875 0.218313
0.870022 9.9964E-05 0.0200851 0.00885954 9.9964E-05 9.9964E-05 9.9964E-05 0.0310371 0.0428324 0.0267643
9.9946E-05 0.662902 0.203665 9.9946E-05 0.119522 0.013311 9.9946E-05 9.9946E-05 9.9946E-05 9.9946E-05
0.00509975 9.9964E-05 0.329764 9.9964E-05 0.229422 0.0951376 9.9964E-05 9.9964E-05 0.195565 0.144612
0.00305777 0.0381346 9.9973E-05 9.9973E-05 0.151519 0.0019604 9.9973E-05 0.0179436 0.688282 0.0988029
0.00141248 9.9946E-05 0.184513 0.00118643 0.812289 9.9946E-05 9.9946E-05 9.9946E-05 9.9946E-05 9.9946E-05
9.9928E-05 9.9928E-05 0.312338 9.9928E-05 0.686862 9.9928E-05 9.9928E-05 9.9928E-05 9.9928E-05 9.9928E-05
9.993E-05 9.993E-05 0.0159428 9.993E-05 0.955223 9.993E-05 9.993E-05 9.993E-05 0.0281349 9.993E-05
9.9955E-05 0.0146199 0.0282607 9.9955E-05 0.000514923 9.9955E-05 9.9955E-05 0.71165 9.9955E-05 0.244455
9.99487E-05 0.0406586 9.99487E-05 9.99487E-05 0.943043 9.99487E-05 9.99487E-05 0.0014102 9.99487E-05 0.0142883
9.9946E-05 0.005002 9.9946E-05 9.9946E-05 0.953314 9.9946E-05 9.9946E-05 9.9946E-05 0.0271148 0.0139699
9.9955E-05 0.492621 9.9955E-05 9.9955E-05 0.127289 0.0361588 9.9955E-05 0.234705 0.108727 9.9955E-05
0.0102751 9.9955E-05 9.9955E-05 9.9955E-05 0.963684 0.00976958 9.9955E-05 0.0071301 9.9955E-05 0.0086414
9.9982E-05 0.261408 0.0471669 9.9982E-05 0.195922 0.15841 0.0199894 0.010056 0.11961 0.187237
9.9937E-05 9.9937E-05 0.558327 9.9937E-05 0.432297 9.9937E-05 9.9937E-05 9.9937E-05 0.00867628 9.9937E-05
0.0049767 0.139433 0.179891 9.9964E-05 9.9964E-05 0.415545 0.0227683 9.9964E-05 9.9964E-05 0.236986
0.00947344 0.566973 9.99639E-05 9.99639E-05 0.0059979 0.26355 9.99639E-05 9.99639E-05 0.0538078 0.0997981
0.0507616 0.0751512 0.45378 9.9964E-05 0.041644 9.9964E-05 9.9964E-05 9.9964E-05 0.262125 0.116138
0.00552606 0.830733 0.0220516 9.9964E-05 0.118752 9.9964E-05 0.00570247 0.0168351 9.9964E-05 9.9964E-05
0.0128301 0.00249177 9.9982E-05 0.00139606 0.94567 9.9982E-05 0.00329631 0.0233744 0.00964963 0.00109154
9.9955E-05 9.9955E-05 0.196108 9.9955E-05 0.76665 0.00901396 9.9955E-05 9.9955E-05 0.0191225 0.00860574
9.9946E-05 9.9946E-05 0.281453 9.9946E-05 0.670783 9.9946E-05 0.00599606 9.9946E-05 0.0411675 9.9946E-05
9.9955E-05 0.0781887 0.251382 0.028951 0.638106 9.9955E-05 9.9955E-05 0.00287287 9.9955E-05 9.9955E-05
9.99201E-05 9.99201E-05 9.99201E-05 0.999101 9.99201E-05 9.99201E-05 9.99201E-05 9.99201E-05 9.99201E-05 9.99201E-05
9.9955E-05 0.00842427 9.9955E-05 9.9955E-05 0.867951 0.0565784 9.9955E-05 9.9955E-05 0.0242953 0.0422516
9.9928E-05 9.9928E-05 0.242885 9.9928E-05 0.756316 9.9928E-05 9.9928E-05 9.9928E-05 9.9928E-05 9.9928E-05
9.99201E-05 9.99201E-05 9.99201E-05 0.999101 9.99201E-05 9.99201E-05 9.99201E-05 9.99201E-05 9.99201E-05 9.99201E-05
9.9937E-05 9.9937E-05 0.501789 9.9937E-05 0.493361 9.9937E-05 9.9937E-05 9.9937E-05 0.00415017 9.9937E-05
9.9964E-05 9.9964E-05 0.457689 9.9964E-05 0.272364 0.133144 0.0109424 0.0246983 9.9964E-05 0.100763
9.99369E-05 9.99369E-05 0.360887 9.99369E-05 0.591445 9.99369E-05 9.99369E-05 9.99369E-05 0.0469685 9.99369E-05
0.00901227 0.0156416 0.445705 9.9964E-05 0.446685 9.9964E-05 9.9964E-05 9.9964E-05 0.00344963 0.0791058
0.00686879 9.9955E-05 9.9955E-05 0.0186426 0.438385 9.9955E-05 0.00070905 0.534895 9.9955E-05 9.9955E-05
0.0391331 0.206608 0.521392 9.997E-05 0.110946 0.0338063 9.997E-05 0.0857485 0.00206716 9.997E-05
0.0258354 9.99459E-05 9.99459E-05 9.99459E-05 0.726306 9.99459E-05 0.00745238 0.239807 9.99459E-05 9.99459E-05
9.9946E-05 9.9946E-05 0.118737 0.00409106 0.870939 9.9946E-05 9.9946E-05 9.9946E-05 0.00563265 9.9946E-05
9.99542E-05 9.99542E-05 9.99542E-05 0.00462778 0.969563 9.99542E-05 9.99542E-05 9.99542E-05 0.00879942 0.0164098
0.00403705 9.9973E-05 0.280907 0.0061288 0.655895 9.9973E-05 9.9973E-05 0.0105624 0.0182554 0.0239147
9.9928E-05 9.9928E-05 0.35212 9.9928E-05 0.647081 9.9928E-05 9.9928E-05 9.9928E-05 9.9928E-05 9.9928E-05
9.9946E-05 9.9946E-05 0.0560067 9.9946E-05 0.933633 0.00178847 9.9946E-05 9.9946E-05 0.00797245 9.9946E-05
0.832744 9.99461E-05 9.99461E-05 9.99461E-05 9.99461E-05 0.085982 0.00584668 0.0748279 9.99461E-05 9.99461E-05
0.00410911 9.9955E-05 9.9955E-05 9.9955E-05 0.958601 0.00572998 0.00647566 9.9955E-05 9.9955E-05 0.0245846
0.0279118 9.9973E-05 0.401103 9.9973E-05 0.102811 0.00645243 0.0115436 0.177751 9.9973E-05 0.272128
9.9946E-05 9.9946E-05 0.0236097 0.00737966 0.916228 0.0521825 9.9946E-05 9.9946E-05 9.9946E-05 9.9946E-05
9.9937E-05 0.0166696 9.9937E-05 9.9937E-05 0.975405 9.9937E-05 0.00722567 9.9937E-05 9.9937E-05 9.9937E-05
0.00232703 9.9964E-05 0.42874 0.00976973 0.532187 0.00634461 9.9964E-05 9.9964E-05 0.0202324 9.9964E-05
9.9937E-05 9.9937E-05 0.407266 9.9937E-05 0.533395 9.9937E-05 9.9937E-05 9.9937E-05 9.9937E-05 0.0586399
0.00719594 9.9946E-05 9.9946E-05 9.9946E-05 0.109771 0.0511819 9.9946E-05 9.9946E-05 9.9946E-05 0.831252
9.99201E-05 9.99201E-05 9.99201E-05 0.999101 9.99201E-05 9.99201E-05 9.99201E-05 9.99201E-05 9.99201E-05 9.99201E-05
0.0195276 0.0959533 0.229611 9.9964E-05 0.126664 9.9964E-05 9.9964E-05 0.0174789 0.510365 9.9964E-05
0.0219792 9.99459E-05 9.99459E-05 9.99459E-05 0.790449 9.99459E-05 0.013095 0.173877 9.99459E-05 9.99459E-05
0.00872471 9.9955E-05 0.268159 0.00369201 0.715069 9.9955E-05 0.00385521 9.9955E-05 9.9955E-05 9.9955E-05
0.0369203 9.9937E-05 9.9937E-05 9.9937E-05 0.953513 9.9937E-05 9.9937E-05 0.00886716 9.9937E-05 9.9937E-05
9.99371E-05 9.99371E-05 9.99371E-05 9.99371E-05 0.99257 9.99371E-05 0.00243806 9.99371E-05 9.99371E-05 0.00429265
9.9964E-05 0.0166527 9.9964E-05 0.0262179 0.917283 9.9964E-05 0.000790565 0.0186372 9.9964E-05 0.0200187
9.9937E-05 9.9937E-05 0.0597436 9.9937E-05 0.934992 9.9937E-05 0.00456456 9.9937E-05 9.9937E-05 9.9937E-05
9.9964E-05 0.0192386 0.297585 9.9964E-05 0.0139234 0.261523 9.9964E-05 0.191082 9.9964E-05 0.216249
9.9937E-05 9.9937E-05 0.0414511 9.9937E-05 0.91356 9.9937E-05 9.9937E-05 9.9937E-05 0.0442889 9.9937E-05
0.658157 9.99461E-05 9.99461E-05 0.00915367 9.99461E-05 0.126952 9.99461E-05 0.205138 9.99461E-05 9.99461E-05
0.0166184 9.9955E-05 0.539202 9.9955E-05 0.406046 9.9955E-05 9.9955E-05 0.0129592 0.0246742 9.9955E-05
9.9928E-05 9.9928E-05 0.132497 9.9928E-05 0.866703 9.9928E-05 9.9928E-05 9.9928E-05 9.9928E-05 9.9928E-05
0.0403232 9.9955E-05 9.9955E-05 0.367933 0.00486107 9.9955E-05 0.0656282 0.520755 9.9955E-05 9.9955E-05
9.9937E-05 9.9937E-05 9.9937E-05 0.0245119 0.361931 9.9937E-05 9.9937E-05 0.612857 9.9937E-05 9.9937E-05
9.99549E-05 0.101658 0.154322 9.99549E-05 0.255945 9.99549E-05 9.99549E-05 0.128623 0.358952 9.99549E-05
9.9955E-05 9.9955E-05 0.234558 9.9955E-05 0.698642 9.9955E-05 0.00815416 0.0444133 0.0137319 9.9955E-05
0.0180452 9.9946E-05 9.9946E-05 9.9946E-05 0.918823 9.9946E-05 9.9946E-05 0.0240803 9.9946E-05 0.0384519
9.99201E-05 9.99201E-05 9.99201E-05 9.99201E-05 9.99201E-05 9.99201E-05 0.999101 9.99201E-05 9.99201E-05 9.99201E-05
9.99459E-05 9.99459E-05 0.54172 0.0164511 0.387753 9.99459E-05 9.99459E-05 9.99459E-05 9.99459E-05 0.0534768
9.99369E-05 9.99369E-05 0.553019 9.99369E-05 0.423561 9.99369E-05 9.99369E-05 9.99369E-05 9.99369E-05 0.02272
9.9946E-05 0.0540955 0.348126 9.9946E-05 0.0716769 9.9946E-05 9.9946E-05 9.9946E-05 9.9946E-05 0.525502
0.00496038 0.0695021 0.518433 9.9973E-05 9.9973E-05 0.0742432 0.00601732 9.9973E-05 0.0802882 0.246256
9.9946E-05 9.9946E-05 0.166098 9.9946E-05 0.00830132 9.9946E-05 9.9946E-05 9.9946E-05 0.232825 0.592176
0.0018162 9.9946E-05 9.9946E-05 9.9946E-05 0.983517 0.00526656 9.9946E-05 0.00880084 9.9946E-05 9.9946E-05
9.9937E-05 9.9937E-05 0.576439 9.9937E-05 0.41729 9.9937E-05 9.9937E-05 9.9937E-05 0.00557134 9.9937E-05
9.9937E-05 9.9937E-05 0.161042 9.9937E-05 0.835462 9.9937E-05 9.9937E-05 9.9937E-05 9.9937E-05 0.00279656
0.00140244 9.99461E-05 0.757638 9.99461E-05 0.141001 9.99461E-05 9.99461E-05 0.099358 9.99461E-05 9.99461E-05
9.9955E-05 0.498918 9.9955E-05 9.9955E-05 0.0982206 9.9955E-05 9.9955E-05 0.349751 0.0166256 0.0359852
0.00201368 0.00325226 9.9955E-05 9.9955E-05 0.956152 9.9955E-05 9.9955E-05 0.0281016 0.00998043 9.9955E-05
0.0611276 0.207544 0.518335 9.996E-05 0.0477184 0.100279 9.996E-05 9.996E-05 9.996E-05 0.0645967
9.9973E-05 0.126164 0.517647 0.00583129 0.120172 9.9973E-05 9.9973E-05 0.000773707 0.213422 0.0156901
0.835812 0.10639 9.99551E-05 0.0200026 9.99551E-05 0.00196085 9.99551E-05 9.99551E-05 9.99551E-05 0.0353344
9.9937E-05 9.9937E-05 0.506307 9.9937E-05 0.459313 9.9937E-05 9.9937E-05 9.9937E-05 9.9937E-05 0.0336808
9.9955E-05 0.00334283 0.0909831 0.00515159 0.89308 9.9955E-05 9.9955E-05 9.9955E-05 9.9955E-05 0.00694314
9.99201E-05 9.99201E-05 9.99201E-05 9.99201E-05 0.999101 9.99201E-05 9.99201E-05 9.99201E-05 9.99201E-05 9.99201E-05
9.99369E-05 9.99369E-05 9.99369E-05 9.99369E-05 0.015242 9.99369E-05 9.99369E-05 9.99369E-05 0.947509 0.0365496
9.99201E-05 9.99201E-05 9.99201E-05 0.999101 9.99201E-05 9.99201E-05 9.99201E-05 9.99201E-05 9.99201E-05 9.99201E-05
9.99459E-05 9.99459E-05 0.15536 9.99459E-05 9.99459E-05 0.736202 9.99459E-05 9.99459E-05 0.0849243 0.022914
0.0287239 0.0159609 0.289657 0.00327045 0.661888 9.9955E-05 9.9955E-05 9.9955E-05 9.9955E-05 9.9955E-05
0.019141 9.9946E-05 9.9946E-05 9.9946E-05 0.945262 9.9946E-05 0.00296104 0.0320366 9.9946E-05 9.9946E-05
9.9946E-05 9.9946E-05 0.148776 9.9946E-05 0.0411724 9.9946E-05 9.9946E-05 9.9946E-05 0.167836 0.641617
9.99201E-05 9.99201E-05 9.99201E-05 0.999101 9.99201E-05 9.99201E-05 9.99201E-05 9.99201E-05 9.99201E-05 9.99201E-05
0.618479 9.9946E-05 9.9946E-05 0.0236086 9.9946E-05 9.9946E-05 9.9946E-05 0.355118 0.0021952 9.9946E-05
9.9946E-05 9.9946E-05 0.243988 0.0018349 0.575661 9.9946E-05 9.9946E-05 9.9946E-05 9.9946E-05 0.177916
9.9937E-05 9.9937E-05 0.314606 9.9937E-05 0.655621 9.9937E-05 9.9937E-05 9.9937E-05 0.0290732 9.9937E-05
9.9946E-05 9.9946E-05 0.394581 9.9946E-05 0.0785416 9.9946E-05 9.9946E-05 9.9946E-05 0.0640011 0.462277
0.0249405 9.9937E-05 9.9937E-05 9.9937E-05 0.956936 9.9937E-05 9.9937E-05 9.9937E-05 0.0174241 9.9937E-05
9.9964E-05 0.0734087 9.9964E-05 0.0257241 9.9964E-05 0.181027 9.9964E-05 0.342202 0.270762 0.106476
0.108054 9.9955E-05 0.0262027 0.477847 9.9955E-05 9.9955E-05 0.0833551 0.304042 9.9955E-05 9.9955E-05
0.0343323 9.9946E-05 0.157569 9.9946E-05 0.801173 0.00632528 9.9946E-05 9.9946E-05 9.9946E-05 9.9946E-05
9.99459E-05 9.99459E-05 0.43348 9.99459E-05 0.414387 9.99459E-05 9.99459E-05 9.99459E-05 0.0806899 0.0708437
0.990206 9.9928E-05 9.9928E-05 9.9928E-05 9.9928E-05 9.9928E-05 9.9928E-05 9.9928E-05 9.9928E-05 0.00899457
9.995E-05 9.995E-05 0.120972 0.00279661 0.809138 0.0256394 9.995E-05 9.995E-05 9.995E-05 0.0409547
9.9937E-05 9.9937E-05 0.60587 9.9937E-05 0.259693 9.9937E-05 9.9937E-05 9.9937E-05 9.9937E-05 0.133737
9.9928E-05 9.9928E-05 0.284539 9.9928E-05 0.714662 9.9928E-05 9.9928E-05 9.9928E-05 9.9928E-05 9.9928E-05
9.9937E-05 9.9937E-05 9.9937E-05 9.9937E-05 0.205787 0.399929 9.9937E-05 9.9937E-05 0.393584 9.9937E-05
9.9973E-05 0.0596471 0.106289 0.00762188 0.147056 9.9973E-05 9.9973E-05 0.00840596 0.259949 0.410731
9.9955E-05 0.287413 0.349524 9.9955E-05 0.0490454 0.311322 9.9955E-05 0.00219572 9.9955E-05 9.9955E-05
9.99278E-05 9.99278E-05 9.99278E-05 9.99278E-05 9.99278E-05 0.560686 9.99278E-05 0.438515 9.99278E-05 9.99278E-05
0.0161543 0.0170188 0.510178 9.9955E-05 0.449147 9.9955E-05 9.9955E-05 9.9955E-05 0.00700283 9.9955E-05
0.00743735 9.9946E-05 0.150442 0.00639745 0.835124 9.9946E-05 9.9946E-05 9.9946E-05 9.9946E-05 9.9946E-05
0.0148882 9.9946E-05 0.387915 0.0243587 0.572239 9.9946E-05 9.9946E-05 9.9946E-05 9.9946E-05 9.9946E-05
9.9946E-05 9.9946E-05 9.9946E-05 0.825636 9.9946E-05 0.0333117 0.0588382 0.081614 9.9946E-05 9.9946E-05
0.0288718 0.000322892 0.0624977 9.9955E-05 0.86052 9.9955E-05 9.9955E-05 0.0472877 9.9955E-05 9.9955E-05
9.9946E-05 0.0152492 9.9946E-05 0.959762 9.9946E-05 9.9946E-05 0.00815527 9.9946E-05 9.9946E-05 0.0162339
0.00312684 9.9946E-05 0.447362 9.9946E-05 0.545243 9.9946E-05 9.9946E-05 0.00366841 9.9946E-05 9.9946E-05
0.958727 9.99279E-05 9.99279E-05 9.99279E-05 0.0404734 9.99279E-05 9.99279E-05 9.99279E-05 9.99279E-05 9.99279E-05
9.99369E-05 9.99369E-05 0.324001 9.99369E-05 9.99369E-05 0.543704 9.99369E-05 9.99369E-05 9.99369E-05 0.131595
9.9955E-05 0.036225 9.9955E-05 9.9955E-05 0.132016 0.426279 0.0126611 9.9955E-05 9.9955E-05 0.392319
0.0199465 9.9973E-05 0.0811952 9.9973E-05 0.0349478 0.183322 0.0335414 9.9973E-05 0.284863 0.361884
0.00521429 9.9946E-05 0.477382 9.9946E-05 0.41542 9.9946E-05 9.9946E-05 9.9946E-05 0.101384 9.9946E-05
9.9973E-05 0.221266 0.0940149 0.0380223 0.170771 9.9973E-05 0.00167054 9.9973E-05 0.105872 0.368083
9.9937E-05 9.9937E-05 0.0667978 9.9937E-05 0.926794 9.9937E-05 9.9937E-05 0.00570839 9.9937E-05 9.9937E-05
9.9964E-05 9.9964E-05 0.544856 9.9964E-05 0.237692 9.9964E-05 0.00651695 0.0496366 0.146185 0.0147132
9.99369E-05 0.00546409 9.99369E-05 9.99369E-05 0.231766 9.99369E-05 9.99369E-05 0.76207 9.99369E-05 9.99369E-05
9.9955E-05 0.114791 0.135671 0.0143024 0.678924 9.9955E-05 9.9955E-05 9.9955E-05 0.055812 9.9955E-05
9.9946E-05 9.9946E-05 0.206062 9.9946E-05 0.734747 9.9946E-05 0.0124284 0.0461635 9.9946E-05 9.9946E-05
0.948728 9.99459E-05 9.99459E-05 0.0102669 0.0316475 9.99459E-05 9.99459E-05 0.0087583 9.99459E-05 9.99459E-05
0.0425041 0.761134 0.000922626 9.9955E-05 0.14118 9.9955E-05 9.9955E-05 0.0537593 9.9955E-05 9.9955E-05
0.979857 9.99371E-05 9.99371E-05 9.99371E-05 9.99371E-05 9.99371E-05 9.99371E-05 9.99371E-05 0.0123828 0.00706067
0.00340436 9.995E-05 0.406308 0.00495948 0.564255 0.020574 9.995E-05 9.995E-05 9.995E-05 9.995E-05
0.0366436 0.0793496 0.144942 9.9964E-05 0.0615334 9.9964E-05 9.9964E-05 0.669233 9.9964E-05 0.00789805
0.00981435 0.259741 9.9955E-05 9.9955E-05 0.181296 9.9955E-05 9.9955E-05 0.481759 0.0668899 9.9955E-05
9.99549E-05 9.99549E-05 0.300772 0.0228643 0.637429 0.0304744 9.99549E-05 9.99549E-05 0.00796102 9.99549E-05
9.9937E-05 9.9937E-05 0.00721514 9.9937E-05 0.974257 9.9937E-05 9.9937E-05 9.9937E-05 9.9937E-05 0.0178284
0.0127094 9.9928E-05 9.9928E-05 0.986491 9.9928E-05 9.9928E-05 9.9928E-05 9.9928E-05 9.9928E-05 9.9928E-05
0.0206247 0.32504 9.99459E-05 9.99459E-05 9.99459E-05 0.263111 9.99459E-05 0.390624 9.99459E-05 9.99459E-05
9.9937E-05 9.9937E-05 0.355537 9.9937E-05 0.604866 9.9937E-05 9.9937E-05 9.9937E-05 0.0388972 9.9937E-05
0.368232 9.99549E-05 9.99549E-05 0.0233428 0.0430733 9.99549E-05 0.00297984 0.561873 9.99549E-05 9.99549E-05
0.00465273 0.0301676 9.9955E-05 0.00378801 0.944346 9.9955E-05 9.9955E-05 0.0165463 9.9955E-05 9.9955E-05
9.99201E-05 9.99201E-05 9.99201E-05 9.99201E-05 9.99201E-05 9.99201E-05 0.999101 9.99201E-05 9.99201E-05 9.99201E-05
9.9964E-05 9.9964E-05 0.135155 0.0157611 0.786939 0.0057419 0.000196735 0.0558063 9.9964E-05 9.9964E-05
9.9946E-05 9.9946E-05 9.9946E-05 0.0132979 0.076183 9.9946E-05 0.601823 0.308097 9.9946E-05 9.9946E-05
0.00209125 9.9973E-05 0.46931 0.021808 9.9973E-05 0.315225 0.00280056 9.9973E-05 0.0112835 0.177182
9.9955E-05 9.9955E-05 9.9955E-05 9.9955E-05 0.958936 0.0178176 0.00165686 0.0181833 9.9955E-05 0.00290601
9.9946E-05 0.00699506 9.9946E-05 0.00330286 0.983781 9.9946E-05 0.00532104 9.9946E-05 9.9946E-05 9.9946E-05
0.00861466 0.567849 9.9955E-05 9.9955E-05 0.0963572 0.317631 0.0090483 9.9955E-05 9.9955E-05 9.9955E-05
0.00852344 0.0252765 9.9955E-05 0.00031229 0.911663 9.9955E-05 9.9955E-05 0.0537249 9.9955E-05 9.9955E-05
0.948662 9.99281E-05 9.99281E-05 9.99281E-05 9.99281E-05 0.0505385 9.99281E-05 9.99281E-05 9.99281E-05 9.99281E-05
0.00461925 9.9946E-05 0.0295418 0.00278527 0.962454 9.9946E-05 9.9946E-05 9.9946E-05 9.9946E-05 9.9946E-05
9.99201E-05 9.99201E-05 9.99201E-05 9.99201E-05 9.99201E-05 9.99201E-05 0.999101 9.99201E-05 9.99201E-05 9.99201E-05
9.9937E-05 9.9937E-05 0.0116748 9.9937E-05 0.975249 9.9937E-05 9.9937E-05 9.9937E-05 9.9937E-05 0.012377
0.0106475 0.0951986 0.464641 9.9964E-05 9.9964E-05 0.030537 9.9964E-05 0.0741827 9.9964E-05 0.324393
9.9973E-05 0.14158 0.394199 0.00830223 0.199588 9.9973E-05 0.00908757 9.9973E-05 0.10576 0.141183
9.9955E-05 0.358661 0.0982269 9.9955E-05 9.9955E-05 0.164453 9.9955E-05 0.281399 9.9955E-05 0.0967593
9.99639E-05 0.48072 0.125795 0.0105873 0.237763 9.99639E-05 0.0133958 9.99639E-05 0.13134 9.99639E-05
9.99639E-05 0.607839 0.0451957 0.054894 0.111985 9.99639E-05 9.99639E-05 0.174043 9.99639E-05 0.0056439
9.99201E-05 9.99201E-05 9.99201E-05 9.99201E-05 0.999101 9.99201E-05 9.99201E-05 9.99201E-05 9.99201E-05 9.99201E-05
0.0536763 9.99549E-05 0.462111 9.99549E-05 0.170091 9.99549E-05 9.99549E-05 9.99549E-05 0.00612648 0.307495
9.9937E-05 9.9937E-05 0.14467 9.9937E-05 0.851921 9.9937E-05 0.00271002 9.9937E-05 9.9937E-05 9.9937E-05
0.0346092 0.415051 0.466652 0.0224151 0.0607724 9.9955E-05 9.9955E-05 9.9955E-05 9.9955E-05 9.9955E-05
9.9955E-05 0.0126359 9.9955E-05 9.9955E-05 0.0929887 0.856092 0.00459222 0.0331912 9.9955E-05 9.9955E-05
0.00811753 9.9955E-05 0.132474 9.9955E-05 0.800695 9.9955E-05 0.0118492 0.0463645 9.9955E-05 9.9955E-05
9.9937E-05 9.9937E-05 0.778171 0.0136046 0.207525 9.9937E-05 9.9937E-05 9.9937E-05 9.9937E-05 9.9937E-05
0.0106547 9.9955E-05 0.381171 0.0106351 0.592839 9.9955E-05 0.00420024 9.9955E-05 9.9955E-05 9.9955E-05
9.995E-05 0.0216773 0.00978716 9.995E-05 0.902107 0.0346328 9.995E-05 0.0312962 9.995E-05 9.995E-05
0.0339389 9.9946E-05 9.9946E-05 9.9946E-05 0.324803 9.9946E-05 0.0108376 0.629821 9.9946E-05 9.9946E-05
9.9955E-05 0.24034 0.409474 9.9955E-05 0.176904 9.9955E-05 9.9955E-05 9.9955E-05 0.12935 0.0434318
0.0040014 0.16025 0.160976 9.9982E-05 0.340812 9.9982E-05 0.0140708 0.120832 0.079157 0.119701
0.0261301 0.0243656 0.0171579 0.00192888 9.9964E-05 0.0385904 0.891427 9.9964E-05 9.9964E-05 9.9964E-05
0.00777372 0.0382846 9.9946E-05 9.9946E-05 0.918247 9.9946E-05 9.9946E-05 0.0350945 9.9946E-05 9.9946E-05
9.9937E-05 0.0169323 9.9937E-05 9.9937E-05 0.971025 9.9937E-05 9.9937E-05 0.0113431 9.9937E-05 9.9937E-05
9.9955E-05 0.00190855 0.144816 0.00116462 0.845015 9.9955E-05 0.00659656 9.9955E-05 9.9955E-05 9.9955E-05
0.98618 9.99279E-05 9.99279E-05 9.99279E-05 0.0130201 9.99279E-05 9.99279E-05 9.99279E-05 9.99279E-05 9.99279E-05
9.9964E-05 0.0419989 0.327949 9.9964E-05 0.579084 9.9964E-05 0.00195442 0.0459678 9.9964E-05 0.00264606
9.9946E-05 0.762891 9.9946E-05 9.9946E-05 0.140954 9.9946E-05 9.9946E-05 9.9946E-05 0.00543897 0.0901163
9.9955E-05 0.0683577 0.478079 0.00350998 0.247309 0.202244 9.9955E-05 9.9955E-05 9.9955E-05 9.9955E-05
9.9937E-05 9.9937E-05 9.9937E-05 9.9937E-05 0.968904 9.9937E-05 9.9937E-05 0.0146843 0.0157119 9.9937E-05
9.9964E-05 0.0478846 0.0313461 9.9964E-05 0.835213 0.0424333 9.9964E-05 0.0249144 0.0178088 9.9964E-05
0.000405508 9.9937E-05 9.9937E-05 9.9937E-05 0.981625 9.9937E-05 9.9937E-05 9.9937E-05 0.0172698 9.9937E-05
9.9946E-05 0.694169 9.9946E-05 0.0258498 0.101567 9.9946E-05 9.9946E-05 9.9946E-05 9.9946E-05 0.177814
0.0297899 9.9964E-05 9.9964E-05 0.02882 9.9964E-05 9.9964E-05 0.789016 0.144017 0.00458094 0.00337562
9.9955E-05 0.690532 9.9955E-05 9.9955E-05 0.017782 0.210422 0.00593379 0.0748299 9.9955E-05 9.9955E-05
9.9964E-05 9.9964E-05 0.294393 0.0177252 0.446548 0.0814171 9.9964E-05 9.9964E-05 0.153981 0.00553465
9.9937E-05 9.9937E-05 9.9937E-05 0.0170792 9.9937E-05 9.9937E-05 0.951969 0.0302521 9.9937E-05 9.9937E-05
0.0298486 0.0774725 0.415805 9.9964E-05 0.422839 9.9964E-05 0.00963548 0.0439997 9.9964E-05 9.9964E-05
9.99459E-05 9.99459E-05 0.371325 9.99459E-05 0.158509 0.162146 9.99459E-05 9.99459E-05 9.99459E-05 0.30742
0.0170945 0.0264693 9.99661E-05 0.00665811 0.889986 9.99661E-05 9.99661E-05 0.0580316 0.0013601 9.99661E-05
9.9928E-05 0.00336409 9.9928E-05 9.9928E-05 0.995836 9.9928E-05 9.9928E-05 9.9928E-05 9.9928E-05 9.9928E-05
0.00368664 0.0302411 9.9964E-05 0.0160403 0.930155 9.9964E-05 0.00273373 9.9964E-05 9.9964E-05 0.0167438
9.9955E-05 0.230049 0.203342 9.9955E-05 0.402303 9.9955E-05 9.9955E-05 0.0386274 9.9955E-05 0.125179
0.92085 9.99279E-05 9.99279E-05 9.99279E-05 0.0783505 9.99279E-05 9.99279E-05 9.99279E-05 9.99279E-05 9.99279E-05
9.9928E-05 9.9928E-05 0.0792215 9.9928E-05 0.919979 9.9928E-05 9.9928E-05 9.9928E-05 9.9928E-05 9.9928E-05
9.9928E-05 9.9928E-05 9.9928E-05 9.9928E-05 9.9928E-05 9.9928E-05 9.9928E-05 0.0761561 9.9928E-05 0.923045
9.9946E-05 0.00631124 0.492803 9.9946E-05 0.298331 9.9946E-05 9.9946E-05 9.9946E-05 0.201955 9.9946E-05
0.969991 9.99369E-05 0.0183378 9.99369E-05 9.99369E-05 9.99369E-05 0.0109711 9.99369E-05 9.99369E-05 9.99369E-05
9.9946E-05 0.477526 0.00797482 9.9946E-05 0.0222743 9.9946E-05 9.9946E-05 9.9946E-05 9.9946E-05 0.491626
9.9928E-05 9.9928E-05 0.112114 9.9928E-05 9.9928E-05 9.9928E-05 9.9928E-05 0.887086 9.9928E-05 9.9928E-05
0.0252259 0.184955 0.329089 9.9973E-05 0.0818565 0.313909 9.9973E-05 0.0640902 0.000575176 9.9973E-05
0.905355 9.9937E-05 9.9937E-05 9.9937E-05 0.0740129 9.9937E-05 9.9937E-05 9.9937E-05 0.0199325 9.9937E-05
9.9946E-05 9.9946E-05 0.58748 9.9946E-05 0.334824 0.0718106 9.9946E-05 9.9946E-05 9.9946E-05 0.00528593
9.99201E-05 9.99201E-05 9.99201E-05 9.99201E-05 9.99201E-05 9.99201E-05 0.999101 9.99201E-05 9.99201E-05 9.99201E-05
9.99549E-05 9.99549E-05 0.404804 0.00612703 0.427748 9.99549E-05 0.00421841 9.99549E-05 0.156603 9.99549E-05
9.9946E-05 9.9946E-05 0.10944 0.0133403 0.867439 0.00918079 9.9946E-05 9.9946E-05 9.9946E-05 9.9946E-05
9.99281E-05 9.99281E-05 9.99281E-05 9.99281E-05 9.99281E-05 0.0177789 0.981422 9.99281E-05 9.99281E-05 9.99281E-05
9.9937E-05 9.9937E-05 0.192956 9.9937E-05 0.784355 9.9937E-05 9.9937E-05 9.9937E-05 0.0219891 9.9937E-05
0.00995681 0.00201307 9.9982E-05 0.90023 0.0182128 0.049611 0.00431853 0.0132977 9.9982E-05 0.00216067
9.9964E-05 0.0417696 0.482579 0.011409 0.0213108 9.9964E-05 9.9964E-05 0.0667394 9.9964E-05 0.375793
0.0266334 9.9946E-05 0.095837 9.9946E-05 0.843906 9.9946E-05 9.9946E-05 0.0330241 9.9946E-05 9.9946E-05
0.0647579 0.339169 9.9964E-05 9.9964E-05 0.0310789 9.9964E-05 0.0109582 0.294505 9.9964E-05 0.259131
9.9964E-05 9.9964E-05 0.277597 9.9964E-05 0.607348 0.0275688 0.0103703 0.0419615 0.034754 9.9964E-05
9.9937E-05 9.9937E-05 9.9937E-05 0.022798 9.9937E-05 9.9937E-05 0.91312 0.0633825 9.9937E-05 9.9937E-05
9.9955E-05 0.218159 0.518404 9.9955E-05 0.0992603 0.0164741 9.9955E-05 9.9955E-05 0.147203 9.9955E-05
