9.9991E-05 0.841717 0.158183
0.0135343 0.986366 9.9991E-05
0.00281103 0.997089 9.9991E-05
0.00402959 0.814155 0.181815
0.0218989 0.471626 0.506475
0.168391 0.499688 0.33192
9.999E-05 0.425081 0.574819
0.0222219 0.395698 0.58208
0.0340091 0.965891 9.9991E-05
9.9991E-05 0.938846 0.0610539
9.9991E-05 0.496819 0.503081
9.9991E-05 0.370837 0.629063
9.9991E-05 0.519858 0.480042
0.194336 0.475947 0.329717
9.9991E-05 0.789667 0.210233
0.0491324 0.687866 0.263001
9.9991E-05 0.414581 0.58532
0.595707 0.389923 0.0143698
0.0150364 0.984864 9.9991E-05
0.0706757 0.372566 0.556758
9.9991E-05 0.993151 0.00674894
9.9991E-05 0.46906 0.53084
9.9991E-05 0.546867 0.453033
0.347131 0.0977219 0.555147
9.9991E-05 0.567783 0.432117
9.9991E-05 0.475251 0.524649
0.00107194 0.998828 9.9991E-05
9.9991E-05 0.942138 0.0577619
9.999E-05 0.9998 9.999E-05
0.137042 0.470966 0.391992
0.00185738 0.998043 9.9991E-05
9.999E-05 0.9998 9.999E-05
0.140396 0.47493 0.384674
9.999E-05 0.9998 9.999E-05
0.0322681 0.488767 0.478965
9.9991E-05 0.840323 0.159577
0.0143452 0.332108 0.653547
0.0883967 0.283346 0.628257
9.9991E-05 0.476189 0.523711
0.155556 0.423961 0.420484
0.0154651 0.984435 9.9991E-05
9.9991E-05 0.929552 0.0703479
9.9991E-05 0.901151 0.098749
0.0196085 0.88015 0.100241
0.965917 0.0339829 9.9991E-05
9.9991E-05 0.950156 0.0497439
9.999E-05 0.9998 9.999E-05
0.975894 0.0240061 9.9991E-05
9.9991E-05 0.837358 0.162542
9.9991E-05 0.646728 0.353172
9.9991E-05 0.892957 0.106943
9.9991E-05 0.754058 0.245842
0.179497 0.759509 0.0609935
9.9991E-05 0.562154 0.437746
0.0941994 0.900912 0.00488817
9.999E-05 0.9998 9.999E-05
0.00781893 0.992081 9.9991E-05
9.9991E-05 0.885723 0.114178
9.9991E-05 0.921062 0.078838
9.999E-05 0.9998 9.999E-05
0.389457 0.0753287 0.535214
0.018175 0.981725 9.9991E-05
0.0314887 0.560638 0.407873
0.0024821 0.997418 9.9991E-05
0.0081997 0.9917 9.9991E-05
9.9991E-05 0.850428 0.149472
9.9991E-05 0.840699 0.159201
9.9991E-05 0.392171 0.607729
0.993764 0.00613649 9.9991E-05
9.9991E-05 0.513748 0.486152
0.0945972 0.905303 9.9991E-05
0.010013 0.947495 0.042492
0.0296464 0.970254 9.9991E-05
0.00319408 0.996706 9.9991E-05
0.0512426 0.948657 9.9991E-05
9.999E-05 0.9998 9.999E-05
9.9991E-05 0.435387 0.564513
9.999E-05 0.9998 9.999E-05
0.344674 0.153145 0.502182
9.9991E-05 0.77475 0.22515
0.00438669 0.995513 9.9991E-05
0.592524 0.274483 0.132992
0.215872 0.715837 0.0682906
0.0326334 0.644323 0.323043
0.00623625 0.933257 0.0605063
0.00597844 0.993922 9.9991E-05
0.9998 9.999E-05 9.999E-05
9.9991E-05 0.774618 0.225282
9.9991E-05 0.8069 0.193
9.9991E-05 0.484816 0.515084
9.9991E-05 0.444415 0.555485
9.9991E-05 0.3918 0.6081
9.999E-05 0.9998 9.999E-05
9.9991E-05 0.800974 0.198926
9.9991E-05 0.979595 0.0203051
9.9991E-05 0.65635 0.34355
0.175859 0.461586 0.362555
0.0207438 0.979156 9.9991E-05
9.9991E-05 0.502156 0.497744
9.9991E-05 0.573471 0.426429
0.38249 0.0285898 0.588921
0.00181203 0.998088 9.9991E-05
9.999E-05 0.9998 9.999E-05
9.9991E-05 0.36652 0.63338
0.960835 0.0390653 9.9991E-05
9.9991E-05 0.337059 0.662841
9.9991E-05 0.900884 0.0990164
0.0242246 0.975675 9.9991E-05
9.9991E-05 0.408118 0.591782
0.976966 0.0229337 9.9991E-05
0.39358 0.175166 0.431254
9.9991E-05 0.81857 0.18133
9.9991E-05 0.924157 0.075743
9.9991E-05 0.497034 0.502866
0.00778597 0.992114 9.9991E-05
0.0940655 0.345582 0.560353
0.713872 0.149114 0.137014
0.0186571 0.947171 0.0341724
9.9991E-05 0.764945 0.234955
0.366438 0.106942 0.52662
9.9991E-05 0.974089 0.025811
9.9991E-05 0.679759 0.320141
9.9991E-05 0.960845 0.0390548
9.9991E-05 0.48389 0.51601
9.9991E-05 0.51796 0.48194
0.00887036 0.471333 0.519796
0.0985258 0.388139 0.513335
9.9991E-05 0.808593 0.191307
0.00226887 0.990224 0.00750672
9.9991E-05 0.861148 0.138752
0.937969 0.0535013 0.00852964
0.0222922 0.959642 0.0180656
0.948551 0.0513492 9.9991E-05
9.9991E-05 0.858494 0.141406
0.379195 0.181862 0.438944
9.9991E-05 0.340297 0.659603
9.9991E-05 0.374623 0.625277
9.9991E-05 0.386203 0.613697
9.9991E-05 0.750899 0.249001
0.0381081 0.500385 0.461507
0.000672667 0.999227 9.9991E-05
9.9991E-05 0.664605 0.335295
0.211683 0.610865 0.177452
0.0306013 0.863148 0.106251
0.01762 0.949683 0.0326969
0.401724 0.162563 0.435713
0.16276 0.4205 0.41674
0.391776 0.0416389 0.566585
9.9991E-05 0.846215 0.153685
0.179713 0.488484 0.331803
0.177687 0.538524 0.283789
0.00744454 0.899484 0.0930719
9.999E-05 0.9998 9.999E-05
0.967107 0.0327928 9.9991E-05
0.142629 0.333846 0.523525
9.9991E-05 0.881435 0.118465
0.357087 0.387481 0.255433
0.0283852 0.971515 9.9991E-05
0.9998 9.999E-05 9.999E-05
0.0319207 0.950519 0.0175602
0.75809 0.24181 9.9991E-05
9.9991E-05 0.39657 0.60333
0.0107895 0.98911 9.9991E-05
9.999E-05 0.9998 9.999E-05
0.1156 0.359516 0.524884
0.0335274 0.966373 9.9991E-05
0.366433 0.0610809 0.572486
9.999E-05 0.9998 9.999E-05
0.9998 9.999E-05 9.999E-05
9.999E-05 0.9998 9.999E-05
9.9991E-05 0.460661 0.539239
9.9991E-05 0.578044 0.421856
0.0936816 0.3894 0.516918
0.111395 0.539602 0.349003
0.175379 0.443235 0.381386
9.999E-05 0.9998 9.999E-05
9.9991E-05 0.569057 0.430843
9.999E-05 0.9998 9.999E-05
0.0574033 0.513765 0.428832
0.0161803 0.361485 0.622335
0.0274762 0.945039 0.027485
9.9991E-05 0.723681 0.276219
9.9991E-05 0.879977 0.119923
0.00641903 0.986292 0.00728889
0.216319 0.648714 0.134967
9.9991E-05 0.607603 0.392297
0.0423439 0.628736 0.32892
0.993773 9.9991E-05 0.00612686
0.0260643 0.973836 9.9991E-05
0.000980768 0.998919 9.9991E-05
0.00525374 0.977295 0.0174513
0.399191 0.174049 0.42676
9.9991E-05 0.8684 0.1315
0.100812 0.449621 0.449566
9.9991E-05 0.612216 0.387684
0.0030509 0.996849 9.9991E-05
0.0059167 0.936505 0.0575778
9.999E-05 0.9998 9.999E-05
0.131111 0.414471 0.454417
0.931169 0.0687309 9.9991E-05
0.135395 0.337582 0.527023
9.9991E-05 0.749152 0.250748
0.9998 9.999E-05 9.999E-05
0.00239386 0.77636 0.221246
9.9991E-05 0.53586 0.46404
0.0445121 0.953533 0.00195469
0.00928202 0.990618 9.9991E-05
0.0233712 0.976529 9.9991E-05
0.0265887 0.706018 0.267394
0.382473 0.203346 0.414182
9.999E-05 0.9998 9.999E-05
9.9991E-05 0.34198 0.65792
9.9991E-05 0.682224 0.317676
0.405155 0.124058 0.470787
0.0378009 0.373814 0.588385
0.224669 0.515476 0.259855
9.9991E-05 0.465686 0.534214
0.362781 0.184979 0.452241
9.9991E-05 0.739628 0.260272
0.9998 9.999E-05 9.999E-05
9.9991E-05 0.779546 0.220354
0.0101295 0.989771 9.9991E-05
0.9998 9.999E-05 9.999E-05
9.9991E-05 0.977765 0.0221351
0.890719 0.0765061 0.0327745
9.9991E-05 0.509735 0.490165
0.0105548 0.989221 0.00022389
0.141022 0.407157 0.451821
0.00334135 0.865712 0.130947
0.9998 9.999E-05 9.999E-05
9.9991E-05 0.542339 0.457561
