9.9946E-05 9.9946E-05 9.9946E-05 0.00964628 9.9946E-05 0.0713607 0.603712 0.314681 9.9946E-05 9.9946E-05
9.9928E-05 9.9928E-05 9.9928E-05 9.9928E-05 0.0332253 9.9928E-05 0.965975 9.9928E-05 9.9928E-05 9.9928E-05
9.9937E-05 9.9937E-05 0.0180267 9.9937E-05 9.9937E-05 9.9937E-05 0.92959 0.0516836 9.9937E-05 9.9937E-05
0.00881332 9.9964E-05 9.9964E-05 0.0103728 0.078396 9.9964E-05 0.533736 0.366953 0.0013295 9.9964E-05
9.9964E-05 9.9964E-05 0.0401254 9.9964E-05 0.20821 0.250315 0.0744448 0.41026 0.0162449 9.9964E-05
0.00234364 0.000655241 9.9964E-05 9.9964E-05 0.738706 9.9964E-05 0.171926 0.0828805 9.9964E-05 0.00308879
9.9946E-05 0.29249 9.9946E-05 9.9946E-05 0.0957789 0.450005 0.161127 9.9946E-05 9.9946E-05 9.9946E-05
9.9946E-05 0.162813 9.9946E-05 9.9946E-05 0.278008 9.9946E-05 9.9946E-05 0.388269 9.9946E-05 0.17031
0.0146923 9.9973E-05 0.00684228 0.00719942 0.0195753 9.9973E-05 0.880066 0.034985 9.9973E-05 0.0363398
9.9928E-05 9.9928E-05 9.9928E-05 9.9928E-05 9.9928E-05 9.9928E-05 0.696052 0.303149 9.9928E-05 9.9928E-05
9.9964E-05 0.199553 9.9964E-05 0.0119258 9.9964E-05 0.0759549 0.120131 0.424387 9.9964E-05 0.167649
9.9928E-05 9.9928E-05 9.9928E-05 9.9928E-05 9.9928E-05 0.635739 9.9928E-05 0.363462 9.9928E-05 9.9928E-05
9.99549E-05 9.99549E-05 9.99549E-05 9.99549E-05 0.0253393 0.169092 0.126488 0.48138 9.99549E-05 0.197201
9.9946E-05 0.0411349 9.9946E-05 9.9946E-05 0.769197 9.9946E-05 0.157447 9.9946E-05 9.9946E-05 0.0316214
9.9946E-05 9.9946E-05 9.9946E-05 0.000381075 9.9946E-05 9.9946E-05 0.416719 0.56797 0.0143305 9.9946E-05
0.000878815 0.0462522 9.9973E-05 9.9973E-05 0.193209 0.171029 0.445463 0.128333 0.0145346 9.9973E-05
9.99459E-05 0.706185 9.99459E-05 9.99459E-05 9.99459E-05 9.99459E-05 0.105164 0.103468 9.99459E-05 0.0845833
9.99549E-05 9.99549E-05 0.0125728 0.383522 0.213552 9.99549E-05 0.223257 9.99549E-05 0.166596 9.99549E-05
0.00487764 9.9955E-05 9.9955E-05 0.00256061 0.00437414 0.00521905 0.982469 9.9955E-05 9.9955E-05 9.9955E-05
0.00702054 0.578792 0.0206539 0.0195857 0.0492131 9.9991E-05 0.121786 0.0494084 0.0230014 0.130439
9.9937E-05 9.9937E-05 0.0121209 9.9937E-05 9.9937E-05 9.9937E-05 0.892488 0.0946912 9.9937E-05 9.9937E-05
9.9955E-05 0.0904713 9.9955E-05 9.9955E-05 9.9955E-05 0.331986 0.104923 0.35225 9.9955E-05 0.119869
0.00436851 9.9964E-05 0.00824146 9.9964E-05 0.0226693 0.270648 0.146741 0.546931 9.9964E-05 9.9964E-05
9.9955E-05 9.9955E-05 0.879932 0.0245952 9.9955E-05 0.0448832 9.9955E-05 0.0448496 9.9955E-05 0.0052401
9.9964E-05 9.9964E-05 0.00890648 9.9964E-05 0.488941 0.140203 0.0897827 0.257826 0.0139416 9.9964E-05
9.9955E-05 9.9955E-05 0.0138651 9.9955E-05 9.9955E-05 0.0987391 0.215632 0.465033 9.9955E-05 0.206231
9.9946E-05 9.9946E-05 9.9946E-05 9.9946E-05 0.182221 9.9946E-05 0.105131 0.1798 9.9946E-05 0.532249
9.9937E-05 9.9937E-05 9.9937E-05 0.00619172 9.9937E-05 9.9937E-05 0.850553 0.142556 9.9937E-05 9.9937E-05
9.9928E-05 9.9928E-05 9.9928E-05 9.9928E-05 9.9928E-05 9.9928E-05 0.707283 0.291917 9.9928E-05 9.9928E-05
9.9937E-05 9.9937E-05 9.9937E-05 9.9937E-05 9.9937E-05 9.9937E-05 0.972501 0.0178352 9.9937E-05 0.00896467
9.9964E-05 9.9964E-05 0.00714598 9.9964E-05 0.478082 0.263129 0.192909 0.0167543 0.0415798 9.9964E-05
9.9946E-05 9.9946E-05 9.9946E-05 9.9946E-05 0.0407384 0.0224438 0.935395 9.9946E-05 0.000823532 9.9946E-05
9.99281E-05 9.99281E-05 9.99281E-05 9.99281E-05 9.99281E-05 0.0405418 0.958659 9.99281E-05 9.99281E-05 9.99281E-05
9.9937E-05 9.9937E-05 9.9937E-05 9.9937E-05 0.659685 9.9937E-05 0.0974765 9.9937E-05 9.9937E-05 0.242138
9.9946E-05 9.9946E-05 0.00596509 9.9946E-05 0.000815718 9.9946E-05 0.987815 9.9946E-05 9.9946E-05 0.00480433
0.0124279 0.125842 9.9973E-05 9.9973E-05 0.145251 0.337358 0.167936 0.193533 0.0173521 9.9973E-05
9.9928E-05 9.9928E-05 9.9928E-05 9.9928E-05 9.9928E-05 9.9928E-05 0.48115 0.518051 9.9928E-05 9.9928E-05
0.0224641 0.498055 9.99459E-05 9.99459E-05 9.99459E-05 0.320131 9.99459E-05 0.15875 9.99459E-05 9.99459E-05
9.99369E-05 9.99369E-05 0.00593067 9.99369E-05 0.432893 9.99369E-05 9.99369E-05 9.99369E-05 9.99369E-05 0.560477
9.9964E-05 0.0377809 0.0420618 9.9964E-05 0.0629827 0.217042 0.049995 0.589738 9.9964E-05 9.9964E-05
0.00863494 0.111209 0.000802752 9.9973E-05 0.610667 0.0724449 0.0932474 0.102693 9.9973E-05 9.9973E-05
9.9955E-05 0.00877501 0.00651885 9.9955E-05 0.0130109 9.9955E-05 0.965408 9.9955E-05 0.00578734 9.9955E-05
9.9946E-05 9.9946E-05 9.9946E-05 9.9946E-05 9.9946E-05 0.0132239 0.760274 0.219041 9.9946E-05 0.00686201
9.9937E-05 9.9937E-05 9.9937E-05 9.9937E-05 9.9937E-05 9.9937E-05 0.682775 0.297208 0.0193175 9.9937E-05
9.9946E-05 9.9946E-05 9.9946E-05 0.0217801 0.0754885 9.9946E-05 0.630938 0.271194 9.9946E-05 9.9946E-05
0.000362283 9.9928E-05 9.9928E-05 0.998838 9.9928E-05 9.9928E-05 9.9928E-05 9.9928E-05 9.9928E-05 9.9928E-05
9.9937E-05 9.9937E-05 9.9937E-05 9.9937E-05 9.9937E-05 0.120097 0.856452 9.9937E-05 9.9937E-05 0.0227519
9.9928E-05 9.9928E-05 9.9928E-05 9.9928E-05 9.9928E-05 9.9928E-05 0.825566 0.173635 9.9928E-05 9.9928E-05
9.99201E-05 9.99201E-05 9.99201E-05 0.999101 9.99201E-05 9.99201E-05 9.99201E-05 9.99201E-05 9.99201E-05 9.99201E-05
9.99279E-05 9.99279E-05 9.99279E-05 9.99279E-05 9.99279E-05 9.99279E-05 0.544605 0.454596 9.99279E-05 9.99279E-05
9.996E-05 0.126751 9.996E-05 9.996E-05 9.996E-05 0.0086957 0.313952 0.427256 0.00840465 0.11454
9.99279E-05 9.99279E-05 9.99279E-05 9.99279E-05 9.99279E-05 9.99279E-05 0.617151 0.382049 9.99279E-05 9.99279E-05
9.9964E-05 9.9964E-05 0.0117136 9.9964E-05 9.9964E-05 0.0515439 0.452936 0.460349 0.000299323 0.0227583
0.0129935 9.99639E-05 0.0113105 0.0363474 0.401379 9.99639E-05 0.537422 9.99639E-05 0.000147227 9.99639E-05
9.996E-05 9.996E-05 0.0477479 9.996E-05 0.172569 0.0590749 0.174851 0.460424 9.996E-05 0.0849334
0.0141429 9.99549E-05 0.0256259 9.99549E-05 0.146963 9.99549E-05 0.791085 9.99549E-05 0.0216839 9.99549E-05
9.9937E-05 9.9937E-05 9.9937E-05 0.00174454 9.9937E-05 9.9937E-05 0.874219 0.123337 9.9937E-05 9.9937E-05
0.000584469 9.9964E-05 9.9964E-05 0.00798438 0.00698763 9.9964E-05 0.967768 9.9964E-05 0.000317107 0.0159586
9.9973E-05 9.9973E-05 0.00622519 0.00838124 0.0193441 0.00206054 0.661352 0.299406 0.00293064 9.9973E-05
9.9928E-05 9.9928E-05 9.9928E-05 9.9928E-05 9.9928E-05 9.9928E-05 0.698049 0.301151 9.9928E-05 9.9928E-05
9.9928E-05 9.9928E-05 9.9928E-05 9.9928E-05 9.9928E-05 9.9928E-05 0.929325 0.0698758 9.9928E-05 9.9928E-05
0.0283675 0.181882 0.789051 9.99371E-05 9.99371E-05 9.99371E-05 9.99371E-05 9.99371E-05 9.99371E-05 9.99371E-05
0.0118176 9.9964E-05 0.000687503 9.9964E-05 9.9964E-05 0.00269539 0.956068 9.9964E-05 0.00215226 0.0261793
0.0258886 0.00144853 0.0352477 9.9982E-05 0.0980484 0.198498 0.176709 0.455464 0.00849543 9.9982E-05
9.9946E-05 0.04806 9.9946E-05 0.00265831 9.9946E-05 9.9946E-05 0.939705 0.00897746 9.9946E-05 9.9946E-05
0.0116805 9.9937E-05 9.9937E-05 9.9937E-05 0.00691344 9.9937E-05 0.980707 9.9937E-05 9.9937E-05 9.9937E-05
9.9946E-05 0.00423224 9.9946E-05 0.00660234 9.9946E-05 9.9946E-05 0.588279 0.400286 9.9946E-05 9.9946E-05
9.9937E-05 9.9937E-05 9.9937E-05 9.9937E-05 9.9937E-05 9.9937E-05 0.590024 0.399427 9.9937E-05 0.00984859
9.99459E-05 9.99459E-05 9.99459E-05 9.99459E-05 9.99459E-05 0.726252 0.095413 0.0330098 9.99459E-05 0.144725
9.99201E-05 9.99201E-05 9.99201E-05 0.999101 9.99201E-05 9.99201E-05 9.99201E-05 9.99201E-05 9.99201E-05 9.99201E-05
9.9955E-05 9.9955E-05 0.00440108 9.9955E-05 0.259939 9.9955E-05 0.0472344 0.582048 9.9955E-05 0.105877
0.00219898 9.99549E-05 0.0315238 9.99549E-05 0.0974815 9.99549E-05 0.830512 9.99549E-05 0.037784 9.99549E-05
0.00722914 9.9955E-05 0.00834931 0.00830927 9.9955E-05 9.9955E-05 0.748174 0.227439 9.9955E-05 9.9955E-05
9.9937E-05 9.9937E-05 0.029861 9.9937E-05 9.9937E-05 9.9937E-05 0.961152 9.9937E-05 0.00828735 9.9937E-05
0.00085923 9.99371E-05 0.00342064 9.99371E-05 9.99371E-05 9.99371E-05 0.995021 9.99371E-05 9.99371E-05 9.99371E-05
0.0114739 9.9955E-05 9.9955E-05 0.0272991 0.0151092 0.0230947 0.922523 9.9955E-05 9.9955E-05 9.9955E-05
0.00700879 9.9946E-05 9.9946E-05 0.00418215 9.9946E-05 9.9946E-05 0.95079 0.0374195 9.9946E-05 9.9946E-05
9.9982E-05 0.141038 0.0139307 9.9982E-05 0.0576266 0.183842 0.136385 0.131327 0.0102306 0.32542
9.9937E-05 9.9937E-05 9.9937E-05 9.9937E-05 9.9937E-05 9.9937E-05 0.929465 0.0313882 9.9937E-05 0.0384474
9.9964E-05 0.0296495 0.664845 0.0108419 0.11471 0.141831 9.9964E-05 9.9964E-05 0.0377216 9.9964E-05
9.9955E-05 9.9955E-05 0.0203966 9.9955E-05 0.00881372 9.9955E-05 0.441626 0.521319 0.00734532 9.9955E-05
9.99442E-05 9.99442E-05 9.99442E-05 9.99442E-05 9.99442E-05 9.99442E-05 0.890439 0.101477 0.00738409 9.99442E-05
9.996E-05 9.996E-05 0.0531652 0.327042 0.215066 9.996E-05 0.115171 9.996E-05 0.262948 0.0262079
9.9946E-05 9.9946E-05 0.00152835 0.0454626 0.484035 9.9946E-05 0.468374 9.9946E-05 9.9946E-05 9.9946E-05
0.000602323 9.9964E-05 9.9964E-05 0.00594242 0.293553 0.0565219 0.228517 0.414463 9.9964E-05 9.9964E-05
0.00785169 9.9964E-05 9.9964E-05 0.0052043 0.0136892 9.9964E-05 0.74655 0.224071 0.00223393 9.9964E-05
9.9946E-05 9.9946E-05 0.0047027 9.9946E-05 9.9946E-05 0.0303152 0.961263 9.9946E-05 0.0031191 9.9946E-05
0.99514 9.9937E-05 0.000548839 9.9937E-05 9.9937E-05 9.9937E-05 0.00361129 9.9937E-05 9.9937E-05 9.9937E-05
9.99459E-05 9.99459E-05 9.99459E-05 0.00800771 9.99459E-05 0.0174628 0.464771 0.509159 9.99459E-05 9.99459E-05
9.9937E-05 9.9937E-05 0.00783081 9.9937E-05 9.9937E-05 9.9937E-05 0.473007 0.518462 9.9937E-05 9.9937E-05
9.9946E-05 9.9946E-05 9.9946E-05 9.9946E-05 9.9946E-05 0.277587 0.101832 0.377898 9.9946E-05 0.242083
0.00823691 9.9964E-05 0.0140816 9.9964E-05 9.9964E-05 0.33134 0.0224995 0.502873 9.9964E-05 0.120569
9.9946E-05 9.9946E-05 9.9946E-05 9.9946E-05 9.9946E-05 0.0618478 0.0593534 0.163565 9.9946E-05 0.714634
9.9937E-05 9.9937E-05 0.00526614 9.9937E-05 0.00118535 9.9937E-05 0.992849 9.9937E-05 9.9937E-05 9.9937E-05
9.9937E-05 0.00937385 9.9937E-05 9.9937E-05 9.9937E-05 9.9937E-05 0.426648 0.563278 9.9937E-05 9.9937E-05
0.00016167 9.9946E-05 9.9946E-05 9.9946E-05 9.9946E-05 0.000114155 0.848002 0.151122 9.9946E-05 9.9946E-05
9.9973E-05 0.00404393 0.0046431 9.9973E-05 0.0272436 0.0333187 0.239001 0.678667 0.0127828 9.9973E-05
9.9964E-05 9.9964E-05 9.9964E-05 0.00459256 0.735926 0.076507 0.103459 0.0390078 9.9964E-05 0.0401085
9.9937E-05 9.9937E-05 9.9937E-05 9.9937E-05 0.0348466 9.9937E-05 0.960986 9.9937E-05 9.9937E-05 0.00346812
9.9955E-05 0.177377 0.0749851 9.9955E-05 9.9955E-05 0.255648 0.143344 0.348146 9.9955E-05 9.9955E-05
0.0115865 0.00646989 9.9973E-05 0.0118001 0.105942 0.102397 0.147588 0.613918 9.9973E-05 9.9973E-05
9.99461E-05 9.99461E-05 0.846864 0.00636806 0.0856545 0.0605139 9.99461E-05 9.99461E-05 9.99461E-05 9.99461E-05
9.9928E-05 9.9928E-05 9.9928E-05 9.9928E-05 9.9928E-05 9.9928E-05 0.466614 0.532586 9.9928E-05 9.9928E-05
9.9946E-05 0.0400083 9.9946E-05 9.9946E-05 9.9946E-05 0.00987992 0.915841 0.0336708 9.9946E-05 9.9946E-05
9.99201E-05 9.99201E-05 9.99201E-05 9.99201E-05 9.99201E-05 9.99201E-05 0.999101 9.99201E-05 9.99201E-05 9.99201E-05
9.9955E-05 0.234556 9.9955E-05 0.0128251 9.9955E-05 0.0773206 9.9955E-05 0.360909 9.9955E-05 0.31389
9.99201E-05 9.99201E-05 9.99201E-05 0.999101 9.99201E-05 9.99201E-05 9.99201E-05 9.99201E-05 9.99201E-05 9.99201E-05
9.99201E-05 9.99201E-05 9.99201E-05 9.99201E-05 9.99201E-05 9.99201E-05 9.99201E-05 9.99201E-05 9.99201E-05 0.999101
9.9946E-05 9.9946E-05 0.047236 9.9946E-05 9.9946E-05 9.9946E-05 0.700973 0.250955 0.000236502 9.9946E-05
9.9946E-05 9.9946E-05 0.0264988 9.9946E-05 0.0256566 9.9946E-05 0.936313 9.9946E-05 0.010932 9.9946E-05
9.9946E-05 9.9946E-05 9.9946E-05 9.9946E-05 9.9946E-05 0.247659 0.043927 0.354025 9.9946E-05 0.353789
9.99201E-05 9.99201E-05 9.99201E-05 0.999101 9.99201E-05 9.99201E-05 9.99201E-05 9.99201E-05 9.99201E-05 9.99201E-05
0.0102366 9.9946E-05 0.64479 0.0158574 0.328516 9.9946E-05 9.9946E-05 9.9946E-05 9.9946E-05 9.9946E-05
9.9955E-05 9.9955E-05 9.9955E-05 0.00206575 9.9955E-05 0.161634 0.632067 0.193402 9.9955E-05 0.0103313
9.9928E-05 9.9928E-05 9.9928E-05 9.9928E-05 9.9928E-05 9.9928E-05 0.688223 0.310978 9.9928E-05 9.9928E-05
9.99459E-05 9.99459E-05 9.99459E-05 9.99459E-05 9.99459E-05 0.363044 0.0762582 0.491064 9.99459E-05 0.0690342
9.9937E-05 9.9937E-05 0.0216815 9.9937E-05 9.9937E-05 9.9937E-05 0.969702 9.9937E-05 9.9937E-05 0.0079169
9.9982E-05 0.0300868 9.9982E-05 0.0496305 0.347387 0.193982 0.0110747 0.0267238 0.00358424 0.337332
9.9973E-05 0.0458392 0.133123 0.460304 0.0352312 9.9973E-05 0.0281288 9.9973E-05 0.284413 0.012661
9.9946E-05 9.9946E-05 0.0325312 9.9946E-05 9.9946E-05 9.9946E-05 0.813321 0.146582 0.00696632 9.9946E-05
9.99459E-05 9.99459E-05 9.99459E-05 9.99459E-05 9.99459E-05 0.0248618 0.440381 0.43396 9.99459E-05 0.100198
9.9928E-05 9.9928E-05 0.992998 9.9928E-05 9.9928E-05 9.9928E-05 9.9928E-05 9.9928E-05 9.9928E-05 0.0062023
9.9946E-05 9.9946E-05 9.9946E-05 0.00606457 9.9946E-05 9.9946E-05 0.810145 0.156338 9.9946E-05 0.026853
9.9937E-05 9.9937E-05 9.9937E-05 9.9937E-05 9.9937E-05 0.105788 0.312169 0.581343 9.9937E-05 9.9937E-05
9.9928E-05 9.9928E-05 9.9928E-05 9.9928E-05 9.9928E-05 9.9928E-05 0.750987 0.248214 9.9928E-05 9.9928E-05
9.9937E-05 9.9937E-05 9.9937E-05 9.9937E-05 9.9937E-05 9.9937E-05 0.160997 9.9937E-05 0.0121748 0.826129
9.996E-05 9.996E-05 9.996E-05 0.00949648 0.0779753 0.12197 0.144467 0.257588 9.996E-05 0.388104
9.9955E-05 0.312217 9.9955E-05 9.9955E-05 0.216569 9.9955E-05 0.0446105 0.413612 0.0124918 9.9955E-05
0.00564554 0.690728 9.99549E-05 9.99549E-05 0.217267 9.99549E-05 0.0828944 9.99549E-05 0.00296499 9.99549E-05
9.9946E-05 9.9946E-05 0.0159619 9.9946E-05 9.9946E-05 9.9946E-05 0.483401 0.492296 0.00774132 9.9946E-05
9.9946E-05 9.9946E-05 0.000474995 0.00689392 9.9946E-05 9.9946E-05 0.84255 0.149481 9.9946E-05 9.9946E-05
9.9946E-05 9.9946E-05 0.0113233 0.0224254 9.9946E-05 9.9946E-05 0.589919 0.375733 9.9946E-05 9.9946E-05
0.0315444 0.0156533 9.9964E-05 0.848736 0.0130971 9.9964E-05 9.9964E-05 9.9964E-05 0.0463148 0.0442545
9.995E-05 9.995E-05 0.032845 9.995E-05 0.0193266 0.0490357 0.896435 9.995E-05 0.00185824 9.995E-05
9.9937E-05 9.9937E-05 9.9937E-05 0.928817 9.9937E-05 0.0245723 9.9937E-05 9.9937E-05 0.045911 9.9937E-05
9.9937E-05 9.9937E-05 0.00684129 9.9937E-05 9.9937E-05 9.9937E-05 0.58478 0.40768 9.9937E-05 9.9937E-05
9.99279E-05 9.99279E-05 0.948676 9.99279E-05 9.99279E-05 9.99279E-05 0.0505249 9.99279E-05 9.99279E-05 9.99279E-05
9.99369E-05 0.259909 9.99369E-05 9.99369E-05 9.99369E-05 9.99369E-05 9.99369E-05 0.375555 9.99369E-05 0.363837
0.0237122 9.9946E-05 9.9946E-05 9.9946E-05 9.9946E-05 0.446066 0.0897706 9.9946E-05 9.9946E-05 0.439852
0.0222009 0.288473 0.0271697 9.9982E-05 9.9982E-05 0.103978 0.0435884 0.203257 0.00418499 0.306948
9.9946E-05 9.9946E-05 0.0152916 9.9946E-05 9.9946E-05 9.9946E-05 0.423891 0.549049 9.9946E-05 0.0111689
9.9964E-05 0.266092 9.9964E-05 0.0433923 0.0660117 0.232998 0.182724 0.208382 9.9964E-05 9.9964E-05
9.9946E-05 9.9946E-05 9.9946E-05 0.00288045 0.0122748 9.9946E-05 0.904228 0.0800174 9.9946E-05 9.9946E-05
0.00943566 0.0124743 0.0137355 9.9973E-05 9.9973E-05 0.0867668 0.336484 0.534664 9.9973E-05 0.00614056
9.99459E-05 9.99459E-05 0.0149741 9.99459E-05 0.587009 9.99459E-05 0.350456 9.99459E-05 0.0469616 9.99459E-05
9.9964E-05 0.0529976 9.9964E-05 0.0175925 0.0854331 0.00912328 0.671864 0.16259 9.9964E-05 9.9964E-05
0.00756075 9.9955E-05 9.9955E-05 9.9955E-05 0.0389988 9.9955E-05 0.749579 0.195141 0.00822042 9.9955E-05
9.99279E-05 9.99279E-05 0.963395 9.99279E-05 9.99279E-05 9.99279E-05 0.0358056 9.99279E-05 9.99279E-05 9.99279E-05
9.9955E-05 9.9955E-05 0.0313078 9.9955E-05 0.666624 0.133733 0.0762231 0.0916128 9.9955E-05 9.9955E-05
9.99281E-05 9.99281E-05 0.995899 9.99281E-05 9.99281E-05 9.99281E-05 9.99281E-05 9.99281E-05 9.99281E-05 0.0033013
9.9955E-05 0.0100205 9.9955E-05 0.00533511 9.9955E-05 9.9955E-05 0.600658 0.382126 0.0013606 9.9955E-05
0.00433633 0.0821719 0.0589488 9.9964E-05 0.573288 9.9964E-05 0.21571 0.0651452 9.9964E-05 9.9964E-05
9.9955E-05 9.9955E-05 0.016505 9.9955E-05 0.728375 9.9955E-05 0.217262 0.0215239 9.9955E-05 0.0158347
9.9955E-05 0.0287017 9.9955E-05 0.0141645 9.9955E-05 9.9955E-05 0.64856 0.305919 0.00215432 9.9955E-05
9.995E-05 9.995E-05 9.995E-05 0.00426524 9.995E-05 0.019954 0.957813 0.0134337 0.00403406 9.995E-05
9.9928E-05 9.9928E-05 0.0195854 0.979615 9.9928E-05 9.9928E-05 9.9928E-05 9.9928E-05 9.9928E-05 9.9928E-05
9.99549E-05 0.245532 0.0410657 0.00169192 0.503614 0.207597 9.99549E-05 9.99549E-05 9.99549E-05 9.99549E-05
9.9928E-05 9.9928E-05 9.9928E-05 9.9928E-05 9.9928E-05 9.9928E-05 0.628688 0.370513 9.9928E-05 9.9928E-05
9.99549E-05 9.99549E-05 0.410371 0.0225234 0.332391 9.99549E-05 0.168325 9.99549E-05 0.0658894 9.99549E-05
9.9937E-05 9.9937E-05 9.9937E-05 0.00423923 0.0236472 9.9937E-05 0.971414 9.9937E-05 9.9937E-05 9.9937E-05
0.996778 9.9928E-05 0.00242259 9.9928E-05 9.9928E-05 9.9928E-05 9.9928E-05 9.9928E-05 9.9928E-05 9.9928E-05
9.9964E-05 0.0169187 9.9964E-05 0.0148139 0.0227911 9.9964E-05 0.829797 0.111285 0.00399447 9.9964E-05
9.99278E-05 9.99278E-05 9.99278E-05 9.99278E-05 9.99278E-05 9.99278E-05 0.00296685 9.99278E-05 0.996234 9.99278E-05
9.9982E-05 0.0374637 0.0194795 0.00867633 0.00970923 9.9982E-05 0.0112293 0.378458 0.0104831 0.5243
0.00654462 9.9937E-05 9.9937E-05 9.9937E-05 9.9937E-05 0.0361533 0.956603 9.9937E-05 9.9937E-05 9.9937E-05
9.99281E-05 9.99281E-05 9.99281E-05 9.99281E-05 9.99281E-05 9.99281E-05 0.986554 9.99281E-05 0.0126469 9.99281E-05
0.011153 0.32981 9.9964E-05 0.00770641 0.298722 0.268716 0.0834931 9.9964E-05 9.9964E-05 9.9964E-05
9.9946E-05 9.9946E-05 0.00599643 9.9946E-05 0.0730956 9.9946E-05 0.919156 9.9946E-05 0.00115223 9.9946E-05
9.99281E-05 9.99281E-05 0.97863 9.99281E-05 9.99281E-05 9.99281E-05 9.99281E-05 9.99281E-05 9.99281E-05 0.0205703
9.9946E-05 9.9946E-05 0.000712997 9.9946E-05 9.9946E-05 0.00317055 0.968735 0.0267814 9.9946E-05 9.9946E-05
0.98912 9.99281E-05 9.99281E-05 9.99281E-05 9.99281E-05 9.99281E-05 9.99281E-05 9.99281E-05 9.99281E-05 0.0100806
9.9928E-05 9.9928E-05 9.9928E-05 9.9928E-05 9.9928E-05 9.9928E-05 0.983944 0.0152566 9.9928E-05 9.9928E-05
9.9973E-05 0.211267 0.0167971 9.9973E-05 0.0097756 0.180396 0.0361093 0.520529 0.0248266 9.9973E-05
9.9973E-05 9.9973E-05 9.9973E-05 0.0109413 0.0568486 0.206677 0.214366 0.458855 0.0162661 0.0357451
9.9946E-05 0.165828 9.9946E-05 9.9946E-05 0.600675 9.9946E-05 9.9946E-05 0.192806 9.9946E-05 0.0400914
9.9946E-05 9.9946E-05 9.9946E-05 9.9946E-05 0.483474 9.9946E-05 0.12945 0.361991 0.0244849 9.9946E-05
9.99639E-05 9.99639E-05 9.99639E-05 0.0454462 0.540634 0.267293 0.118384 0.0150159 0.0128265 9.99639E-05
9.9928E-05 9.9928E-05 9.9928E-05 9.9928E-05 9.9928E-05 9.9928E-05 0.981009 9.9928E-05 9.9928E-05 0.0181912
9.99639E-05 0.0769494 0.0479218 9.99639E-05 9.99639E-05 0.164997 0.218115 0.475859 9.99639E-05 0.0157581
0.00340103 9.9937E-05 9.9937E-05 9.9937E-05 9.9937E-05 9.9937E-05 0.867097 0.128803 9.9937E-05 9.9937E-05
9.9973E-05 0.10117 0.0495534 0.0293 0.203591 0.0933795 0.125488 0.397218 9.9973E-05 9.9973E-05
9.99279E-05 0.925951 9.99279E-05 9.99279E-05 9.99279E-05 9.99279E-05 0.0732499 9.99279E-05 9.99279E-05 9.99279E-05
0.00523015 9.9964E-05 0.00625281 9.9964E-05 0.0583301 9.9964E-05 0.817632 0.110101 0.0020545 9.9964E-05
9.99369E-05 9.99369E-05 9.99369E-05 0.0091329 9.99369E-05 9.99369E-05 0.308275 0.681893 9.99369E-05 9.99369E-05
9.9964E-05 9.9964E-05 0.00316385 0.00890618 9.9964E-05 0.010598 0.628237 0.344555 0.00413926 9.9964E-05
9.9955E-05 0.0270905 9.9955E-05 9.9955E-05 0.037769 0.00531024 0.915927 9.9955E-05 9.9955E-05 0.0134033
9.9964E-05 0.00781241 0.0418456 0.0117559 0.468943 9.9964E-05 0.409732 9.9964E-05 0.0595104 9.9964E-05
9.9955E-05 9.9955E-05 9.9955E-05 9.9955E-05 0.156659 0.141526 0.215598 0.428278 9.9955E-05 0.0574396
9.9973E-05 0.0429983 0.0149188 9.9973E-05 0.196415 0.105635 0.312442 0.281066 0.0462243 9.9973E-05
0.65654 0.0164882 0.00870537 9.9946E-05 9.9946E-05 9.9946E-05 9.9946E-05 9.9946E-05 0.317666 9.9946E-05
9.9937E-05 9.9937E-05 0.00554878 9.9937E-05 0.0778822 9.9937E-05 0.915869 9.9937E-05 9.9937E-05 9.9937E-05
9.9928E-05 9.9928E-05 9.9928E-05 9.9928E-05 0.0297342 9.9928E-05 0.969466 9.9928E-05 9.9928E-05 9.9928E-05
0.0133315 9.9955E-05 9.9955E-05 0.00202454 0.00703541 9.9955E-05 0.817872 0.159237 9.9955E-05 9.9955E-05
9.99279E-05 9.99279E-05 0.984129 9.99279E-05 9.99279E-05 9.99279E-05 0.015072 9.99279E-05 9.99279E-05 9.99279E-05
0.00595803 9.9964E-05 0.00161971 9.9964E-05 0.0585747 0.0240512 0.625667 0.283729 9.9964E-05 9.9964E-05
9.9937E-05 9.9937E-05 9.9937E-05 9.9937E-05 0.538503 0.365278 0.0955195 9.9937E-05 9.9937E-05 9.9937E-05
9.9973E-05 0.113076 0.0159718 9.9973E-05 0.00771903 9.9973E-05 0.267971 0.447487 0.00427616 0.143198
9.9946E-05 0.0131488 9.9946E-05 9.9946E-05 0.0100909 9.9946E-05 0.975041 9.9946E-05 0.00111983 9.9946E-05
9.9973E-05 0.0415212 0.0109274 9.9973E-05 0.0480095 0.0395185 0.833768 0.0228853 9.9973E-05 0.00307047
9.9946E-05 0.00638655 9.9946E-05 9.9946E-05 9.9946E-05 0.00498776 0.985724 0.00230238 9.9946E-05 9.9946E-05
9.99639E-05 9.99639E-05 9.99639E-05 0.0155111 0.560596 0.225541 0.03557 0.0302178 9.99639E-05 0.132165
0.194603 9.99279E-05 9.99279E-05 9.99279E-05 9.99279E-05 9.99279E-05 9.99279E-05 9.99279E-05 0.804597 9.99279E-05
9.9937E-05 0.186042 9.9937E-05 9.9937E-05 0.615329 9.9937E-05 9.9937E-05 9.9937E-05 9.9937E-05 0.197929
9.9973E-05 0.0523436 0.00729637 0.0223964 9.9973E-05 0.0164442 0.460813 0.346965 9.9973E-05 0.0934416
0.840919 9.9946E-05 9.9946E-05 0.00764887 0.0350902 9.9946E-05 9.9946E-05 9.9946E-05 0.115742 9.9946E-05
0.00545273 9.9964E-05 0.0365676 9.9964E-05 0.0859795 9.9964E-05 0.494241 0.355529 0.0218298 9.9964E-05
9.99459E-05 9.99459E-05 9.99459E-05 9.99459E-05 9.99459E-05 0.151298 0.197792 0.352028 9.99459E-05 0.298282
9.9955E-05 9.9955E-05 0.0355279 0.00399265 0.0599951 9.9955E-05 0.875413 9.9955E-05 9.9955E-05 0.0245719
9.9946E-05 9.9946E-05 9.9946E-05 0.00331548 0.00662115 9.9946E-05 0.975664 0.0138 9.9946E-05 9.9946E-05
0.00545856 9.9955E-05 9.9955E-05 0.0212876 9.9955E-05 0.0347156 0.93759 9.9955E-05 9.9955E-05 0.000448905
9.9946E-05 9.9946E-05 9.9946E-05 9.9946E-05 0.178432 0.203584 0.423919 0.193465 9.9946E-05 9.9946E-05
9.99279E-05 9.99279E-05 0.942793 9.99279E-05 9.99279E-05 9.99279E-05 0.0564073 9.99279E-05 9.99279E-05 9.99279E-05
9.9928E-05 9.9928E-05 9.9928E-05 9.9928E-05 9.9928E-05 9.9928E-05 0.941769 0.0574311 9.9928E-05 9.9928E-05
9.99369E-05 9.99369E-05 9.99369E-05 9.99369E-05 9.99369E-05 0.857937 0.0392957 9.99369E-05 9.99369E-05 0.102068
9.9946E-05 9.9946E-05 9.9946E-05 9.9946E-05 0.0289299 9.9946E-05 0.294359 0.584599 9.9946E-05 0.0915124
0.0147718 9.99369E-05 0.958204 9.99369E-05 9.99369E-05 9.99369E-05 9.99369E-05 0.0263247 9.99369E-05 9.99369E-05
9.99549E-05 0.0540676 9.99549E-05 0.0111714 0.180065 0.729057 0.0251388 9.99549E-05 9.99549E-05 9.99549E-05
0.0236522 9.9964E-05 9.9964E-05 9.9964E-05 0.745508 0.00421059 0.170257 0.0434397 0.0125326 9.9964E-05
9.9955E-05 0.473478 0.0388847 9.9955E-05 0.052504 9.9955E-05 0.124291 0.310342 9.9955E-05 9.9955E-05
9.9937E-05 9.9937E-05 0.904378 9.9937E-05 9.9937E-05 9.9937E-05 0.0923805 0.00254218 9.9937E-05 9.9937E-05
9.9946E-05 0.0381126 9.9946E-05 9.9946E-05 9.9946E-05 9.9946E-05 0.377622 0.532066 9.9946E-05 0.0515997
0.980695 9.99369E-05 9.99369E-05 0.00460876 9.99369E-05 9.99369E-05 0.0139966 9.99369E-05 9.99369E-05 9.99369E-05
0.0119425 0.00643807 9.9973E-05 0.00777678 0.00462844 9.9973E-05 0.438221 0.513309 9.9973E-05 0.0173846
9.9937E-05 9.9937E-05 9.9937E-05 0.00766493 9.9937E-05 9.9937E-05 0.887515 0.104121 9.9937E-05 9.9937E-05
0.979037 9.99281E-05 9.99281E-05 9.99281E-05 9.99281E-05 9.99281E-05 9.99281E-05 9.99281E-05 9.99281E-05 0.0201633
9.9928E-05 9.9928E-05 9.9928E-05 9.9928E-05 9.9928E-05 9.9928E-05 0.815068 0.184133 9.9928E-05 9.9928E-05
9.9973E-05 0.0338788 0.0147011 0.884803 0.000216186 9.9973E-05 0.00350472 9.9973E-05 0.0163299 0.0462662
9.9946E-05 9.9946E-05 9.9946E-05 0.000259124 9.9946E-05 0.489466 0.0899875 0.419687 9.9946E-05 9.9946E-05
9.9955E-05 9.9955E-05 0.0366416 9.9955E-05 0.0134589 9.9955E-05 0.872022 0.0684857 0.00889244 9.9955E-05
9.995E-05 9.995E-05 0.0566394 9.995E-05 0.341329 0.462151 0.0843265 9.995E-05 0.0550541 9.995E-05
0.0180108 0.00105082 9.9964E-05 9.9964E-05 0.046083 9.9964E-05 0.631415 0.267582 9.9964E-05 0.0354587
0.722252 9.9946E-05 9.9946E-05 0.00442973 0.0147394 9.9946E-05 9.9946E-05 9.9946E-05 0.257979 9.9946E-05
0.0113242 0.120481 0.00561381 9.9982E-05 0.0884426 0.0810543 0.13419 0.550647 9.9982E-05 0.0080467
