0.00470178 0.995198 9.9991E-05
9.999E-05 0.974646 0.0252542
9.999E-05 0.987345 0.0125547
0.0109919 0.96288 0.0261277
0.203808 0.796092 9.9991E-05
0.195819 0.680133 0.124047
0.210913 0.788987 9.99911E-05
0.20952 0.783226 0.00725413
9.9991E-05 0.95847 0.0414303
9.999E-05 0.9998 9.999E-05
0.121252 0.878648 9.9991E-05
0.166245 0.833655 9.99911E-05
0.0858712 0.914029 9.9991E-05
0.203292 0.651196 0.145512
9.999E-05 0.9998 9.999E-05
0.0676553 0.879351 0.0529942
0.162137 0.837763 9.99911E-05
0.140919 0.375373 0.483708
9.9991E-05 0.960472 0.0394277
0.212315 0.735958 0.0517271
9.9991E-05 0.993305 0.00659476
0.121717 0.878183 9.9991E-05
0.113734 0.886166 9.9991E-05
0.869612 0.115885 0.0145023
0.205376 0.733366 0.0612586
0.0913265 0.908573 9.9991E-05
0.153353 0.846547 9.99911E-05
9.9991E-05 0.987947 0.011953
9.999E-05 0.9998 9.999E-05
9.999E-05 0.9998 9.999E-05
0.208362 0.713085 0.0785526
9.9991E-05 0.973677 0.0262229
9.9991E-05 0.984564 0.0153357
0.193538 0.702448 0.104014
9.9991E-05 0.992068 0.00783161
0.0972524 0.849046 0.0537015
9.999E-05 0.9998 9.999E-05
0.223351 0.776549 9.99911E-05
0.276979 0.679135 0.0438863
0.162266 0.837634 9.9991E-05
0.230333 0.663584 0.106082
9.9991E-05 0.97289 0.0270103
9.999E-05 0.9998 9.999E-05
9.9991E-05 0.993825 0.00607544
0.00638359 0.961865 0.0317509
0.11524 0.0178988 0.866861
9.9991E-05 0.988721 0.0111794
9.999E-05 0.9998 9.999E-05
0.102243 0.0209166 0.876841
9.999E-05 0.9998 9.999E-05
0.0352776 0.964622 9.9991E-05
9.999E-05 0.9998 9.999E-05
0.0206841 0.979216 9.9991E-05
0.0976317 0.759294 0.143074
0.160437 0.839463 9.9991E-05
0.0338218 0.885872 0.0803057
9.9991E-05 0.989204 0.0106958
9.9991E-05 0.979716 0.0201841
0.00795449 0.981187 0.0108587
9.999E-05 0.9998 9.999E-05
9.999E-05 0.9998 9.999E-05
0.828552 0.136524 0.0349239
9.9991E-05 0.968261 0.0316394
0.134418 0.850334 0.0152484
9.9991E-05 0.984454 0.0154458
9.9991E-05 0.974647 0.0252534
9.999E-05 0.9998 9.999E-05
9.999E-05 0.9998 9.999E-05
0.170899 0.829001 9.99911E-05
0.10764 0.016183 0.876177
0.125509 0.874391 9.9991E-05
0.0111586 0.904139 0.0847023
9.9991E-05 0.976125 0.0237754
0.00327261 0.960088 0.0366392
9.9991E-05 0.979259 0.0206408
9.9991E-05 0.941388 0.0585123
9.9991E-05 0.981247 0.0186526
0.176476 0.823424 9.9991E-05
9.9991E-05 0.999224 0.000676334
0.73299 0.213049 0.0539604
0.0294874 0.970413 9.9991E-05
9.9991E-05 0.987855 0.0120453
0.192444 0.318974 0.488582
0.105648 0.736533 0.15782
0.0861337 0.87871 0.0351567
9.9991E-05 0.9736 0.0263001
0.00584288 0.976159 0.0179985
9.999E-05 9.999E-05 0.9998
9.999E-05 0.9998 9.999E-05
0.00486388 0.995036 9.9991E-05
0.0883163 0.911584 9.9991E-05
0.130752 0.869148 9.99911E-05
0.100421 0.899479 9.99911E-05
9.9991E-05 0.983569 0.0163305
9.999E-05 0.9998 9.999E-05
9.9991E-05 0.996349 0.00355132
0.0462449 0.953655 9.9991E-05
0.210548 0.6618 0.127652
9.9991E-05 0.974533 0.0253666
0.199011 0.800889 9.9991E-05
0.0816013 0.912627 0.00577125
0.8778 0.0838818 0.0383178
9.999E-05 0.9998 9.999E-05
9.9991E-05 0.993239 0.00666121
9.9991E-05 0.989174 0.0107256
0.136274 0.863626 9.99911E-05
0.101135 0.0459554 0.85291
0.149798 0.850102 9.99911E-05
0.0279869 0.971913 9.9991E-05
9.9991E-05 0.960506 0.0393944
0.11367 0.88623 9.99911E-05
0.0927038 0.0242014 0.883095
0.700222 0.200828 0.09895
0.00915029 0.99075 9.9991E-05
9.999E-05 0.9998 9.999E-05
0.0972834 0.902617 9.9991E-05
9.9991E-05 0.977245 0.0226546
0.230945 0.698002 0.0710522
0.255253 0.155204 0.589543
0.00629911 0.977768 0.0159328
9.999E-05 0.9998 9.999E-05
0.936803 0.0630971 9.9991E-05
9.999E-05 0.9998 9.999E-05
0.0169892 0.982911 9.9991E-05
9.999E-05 0.9998 9.999E-05
0.12752 0.87238 9.99911E-05
0.12065 0.87925 9.9991E-05
0.187974 0.802186 0.00983984
0.196889 0.721472 0.0816393
0.02534 0.97456 9.9991E-05
9.9991E-05 0.987365 0.0125355
0.00860906 0.979554 0.0118365
0.123154 0.0615485 0.815297
0.0150545 0.969642 0.0153039
0.122929 0.0448205 0.832251
9.999E-05 0.9998 9.999E-05
0.869367 0.130533 9.99909E-05
0.167013 0.832887 9.99911E-05
0.176019 0.823881 9.99911E-05
0.201354 0.798546 9.99911E-05
0.02223 0.97767 9.9991E-05
0.156089 0.81582 0.0280909
9.9991E-05 0.986292 0.0136082
0.0599205 0.93998 9.9991E-05
0.151742 0.685454 0.162804
0.00967229 0.952693 0.0376345
9.9991E-05 0.972218 0.0276821
0.882291 0.101092 0.0166169
0.26505 0.63808 0.0968707
0.957886 0.0290685 0.0130457
9.999E-05 0.9998 9.999E-05
0.215679 0.678986 0.105335
0.203026 0.665916 0.131058
9.9991E-05 0.980532 0.0193679
9.9991E-05 0.989862 0.0100377
0.144452 0.00918971 0.846358
0.30963 0.613503 0.0768664
9.999E-05 0.9998 9.999E-05
0.477786 0.368302 0.153911
9.9991E-05 0.967425 0.0324753
9.999E-05 9.999E-05 0.9998
9.9991E-05 0.972054 0.0278457
0.010708 0.25379 0.735502
0.152569 0.847331 9.99911E-05
9.9991E-05 0.983602 0.0162979
9.9991E-05 0.979683 0.0202175
0.232769 0.681207 0.0860234
9.9991E-05 0.964816 0.0350836
0.941864 0.0580361 9.9991E-05
9.9991E-05 0.982106 0.0177944
9.999E-05 9.999E-05 0.9998
9.9991E-05 0.992171 0.00772871
0.157207 0.842693 9.9991E-05
0.0924914 0.907409 9.9991E-05
0.256536 0.689225 0.054239
0.142949 0.771998 0.0850537
0.232003 0.642661 0.125335
9.9991E-05 0.986935 0.0129647
0.105343 0.894557 9.9991E-05
9.9991E-05 0.984649 0.0152505
0.194038 0.775622 0.03034
0.213857 0.786043 9.99911E-05
9.9991E-05 0.973394 0.0265058
0.0172208 0.982679 9.9991E-05
9.9991E-05 0.996407 0.00349301
9.9991E-05 0.985617 0.0142828
0.154107 0.691363 0.15453
0.0912011 0.908634 0.000164633
0.10684 0.835029 0.0581307
0.00830493 0.01867 0.973025
9.9991E-05 0.967189 0.0327105
9.9991E-05 0.990305 0.00959487
9.9991E-05 0.969369 0.0305313
0.884543 0.104786 0.0106712
0.0121631 0.987737 9.9991E-05
0.228744 0.696296 0.0749602
0.0796533 0.920247 9.9991E-05
9.9991E-05 0.977933 0.0219672
9.9991E-05 0.980039 0.0198608
9.9991E-05 0.993623 0.00627719
0.207554 0.686542 0.105904
0.0327632 0.0804847 0.886752
0.2477 0.663365 0.0889353
0.0379389 0.961961 9.9991E-05
9.999E-05 9.999E-05 0.9998
0.0554748 0.922935 0.0215904
0.0630499 0.93685 9.9991E-05
9.9991E-05 0.950134 0.0497664
9.9991E-05 0.977841 0.0220594
9.9991E-05 0.966164 0.0337363
0.0825641 0.897579 0.0198568
0.854293 0.129247 0.0164598
9.9991E-05 0.997551 0.00234885
0.202593 0.797307 9.99911E-05
0.0277695 0.97213 9.9991E-05
0.87602 0.0980635 0.0259161
0.236684 0.754822 0.00849419
0.176683 0.649603 0.173713
0.188652 0.811248 9.9991E-05
0.825793 0.171916 0.00229067
9.999E-05 0.9998 9.999E-05
9.999E-05 9.999E-05 0.9998
0.00660413 0.993296 9.9991E-05
9.9991E-05 0.980896 0.0190045
9.999E-05 9.999E-05 0.9998
9.999E-05 0.9998 9.999E-05
0.147129 0.083948 0.768923
0.0597781 0.940122 9.99911E-05
9.9991E-05 0.981867 0.0180327
0.282522 0.640709 0.076769
9.9991E-05 0.979732 0.0201682
9.999E-05 9.999E-05 0.9998
0.122838 0.877062 9.9991E-05
