0.248663 9.9973E-05 9.9973E-05 9.9973E-05 0.751037
9.9973E-05 9.9973E-05 0.060008 9.9973E-05 0.939692
9.9982E-05 0.0172256 0.0142017 9.9982E-05 0.968373
0.214531 0.00492447 0.0528591 0.0180023 0.709683
0.424989 0.0355724 0.265073 0.00241776 0.271948
0.075082 0.0138714 0.70805 9.9991E-05 0.202896
0.416976 9.9982E-05 0.448691 9.9982E-05 0.134133
0.542643 9.9991E-05 0.34771 0.00255454 0.106992
0.0120031 0.0119681 0.000392243 0.0206942 0.954942
0.138177 9.9973E-05 9.9973E-05 9.9973E-05 0.861523
0.586749 0.0251269 0.0346164 9.9991E-05 0.353408
0.683449 0.012124 0.0864955 9.9991E-05 0.217831
0.597654 9.9982E-05 0.00609771 9.9982E-05 0.396048
0.0275419 9.9982E-05 0.832881 9.9982E-05 0.139377
0.343365 9.9973E-05 9.9973E-05 9.9973E-05 0.656335
0.172747 0.00288062 0.290806 0.00958304 0.523984
0.593426 9.9982E-05 0.231397 9.9982E-05 0.174977
9.999E-05 0.0798543 0.289477 0.386676 0.243893
9.9982E-05 9.9982E-05 0.0499925 0.00731806 0.94249
0.441991 0.0177319 0.371989 0.0262599 0.142028
0.0343197 0.00529289 9.9982E-05 9.9982E-05 0.960187
0.637351 0.0315361 9.9982E-05 9.9982E-05 0.330913
0.52456 0.0272605 0.0343758 9.9991E-05 0.413704
0.0703205 0.908176 0.0213039 9.9982E-05 9.9982E-05
0.257304 0.0150921 0.522651 9.9991E-05 0.204853
0.526974 0.0197356 9.9982E-05 9.9982E-05 0.453091
0.508265 9.9991E-05 0.234254 0.00368512 0.253696
0.0352807 9.9973E-05 9.9973E-05 9.9973E-05 0.964419
0.140175 9.9973E-05 9.9973E-05 9.9973E-05 0.859525
9.997E-05 9.997E-05 9.997E-05 9.997E-05 0.9996
0.139231 0.0016265 0.698354 9.9991E-05 0.160689
9.9973E-05 9.9973E-05 0.0588368 9.9973E-05 0.940863
9.9973E-05 9.9973E-05 0.031262 9.9973E-05 0.968438
0.124475 9.9982E-05 0.712272 9.9982E-05 0.163053
9.9973E-05 9.9973E-05 0.0356964 9.9973E-05 0.964004
0.390455 9.9991E-05 0.372662 0.00515582 0.231627
0.272744 9.9973E-05 9.9973E-05 9.9973E-05 0.726956
0.594838 0.0164714 0.301238 0.00297408 0.0844789
0.415842 0.00302857 0.58093 9.9982E-05 9.9982E-05
0.557587 0.0541157 0.0721926 9.9991E-05 0.316005
0.164395 0.0266309 0.663152 0.0128458 0.132976
9.9991E-05 0.0142617 0.0205908 0.0062306 0.958817
0.138464 9.9973E-05 9.9973E-05 9.9973E-05 0.861236
0.136811 9.9982E-05 9.9982E-05 0.00183645 0.861152
0.114842 0.00737869 0.0545677 0.0138858 0.809326
9.9982E-05 0.144488 9.9982E-05 0.836751 0.0185616
0.0651431 9.9982E-05 0.0474769 9.9982E-05 0.88718
0.0538491 9.9973E-05 9.9973E-05 9.9973E-05 0.945851
9.9982E-05 0.141121 9.9982E-05 0.834145 0.0245344
0.257533 9.9973E-05 9.9973E-05 9.9973E-05 0.742167
0.443978 9.9991E-05 0.0035116 0.00270243 0.549708
0.191209 9.9973E-05 9.9973E-05 9.9973E-05 0.808491
0.339483 0.00603376 9.9982E-05 9.9982E-05 0.654284
9.9991E-05 0.0144504 0.425385 0.0331852 0.526879
0.409737 0.0637277 0.130535 9.9991E-05 0.395901
9.9991E-05 0.0328196 0.166748 0.0274816 0.77285
0.0199332 0.0045286 9.9982E-05 9.9982E-05 0.975338
9.9982E-05 9.9982E-05 0.0333549 0.00674048 0.959705
0.167488 0.00489248 0.00843815 0.0045084 0.814673
0.169152 9.9973E-05 9.9973E-05 9.9973E-05 0.830548
0.00683991 9.9973E-05 9.9973E-05 9.9973E-05 0.99286
0.00393973 0.839297 0.156563 9.9982E-05 9.9982E-05
9.9991E-05 0.00607411 0.0198478 0.0128149 0.961163
0.422249 0.0371385 0.108414 0.0242318 0.407966
0.00245725 9.9991E-05 0.00893769 0.00257418 0.985931
9.9973E-05 9.9973E-05 0.0218174 9.9973E-05 0.977883
0.235553 9.9973E-05 9.9973E-05 9.9973E-05 0.764147
0.250069 9.9973E-05 9.9973E-05 9.9973E-05 0.749631
0.647838 0.0092331 0.123245 9.9991E-05 0.219585
9.9982E-05 0.151463 9.9982E-05 0.84347 0.00486681
0.450811 0.0237309 0.172617 9.9991E-05 0.35274
9.9991E-05 0.0349105 0.11039 0.0265449 0.828054
0.117583 0.00249991 9.9991E-05 0.0179421 0.861875
9.9982E-05 0.0270484 0.0404352 9.9982E-05 0.932317
9.9973E-05 9.9973E-05 0.0145234 9.9973E-05 0.985177
9.9982E-05 9.9982E-05 0.0805915 0.0244841 0.894724
9.9973E-05 9.9973E-05 9.9973E-05 0.00332712 0.996373
0.500284 0.00553965 0.259504 9.9991E-05 0.234572
0.0277903 9.9973E-05 9.9973E-05 9.9973E-05 0.97191
0.0347013 0.696268 0.268831 9.9982E-05 9.9982E-05
0.32273 0.0122437 9.9982E-05 9.9982E-05 0.664826
0.0324407 9.9982E-05 9.9982E-05 0.00352334 0.963836
9.9991E-05 0.124958 0.33559 0.406209 0.133143
9.9991E-05 0.0135353 0.487563 0.0547161 0.444086
0.305345 9.9991E-05 0.228514 0.0028639 0.463177
0.0943325 9.9982E-05 9.9982E-05 0.0160734 0.889394
9.9982E-05 0.00397712 0.0608528 9.9982E-05 0.93497
9.997E-05 9.997E-05 9.997E-05 0.9996 9.997E-05
0.328281 9.9973E-05 9.9973E-05 9.9973E-05 0.671419
0.311104 0.00252523 9.9982E-05 9.9982E-05 0.68617
0.593201 9.9982E-05 0.0724296 9.9982E-05 0.334169
0.657406 0.0132583 0.00949964 9.9991E-05 0.319736
0.725554 9.9982E-05 0.00200593 9.9982E-05 0.27224
9.9982E-05 0.00978741 0.0209371 9.9982E-05 0.969076
0.311439 9.9973E-05 9.9973E-05 9.9973E-05 0.688262
0.0604699 9.9973E-05 9.9973E-05 9.9973E-05 0.93923
0.447764 0.00288288 9.9982E-05 9.9982E-05 0.549153
0.0847758 9.9982E-05 0.781782 9.9982E-05 0.133242
9.9982E-05 0.00129369 0.0471599 9.9982E-05 0.951346
0.484663 0.0685643 0.111453 9.9991E-05 0.335219
0.470238 9.9991E-05 0.0498259 0.030121 0.449715
0.0412298 0.859829 0.0987409 9.9982E-05 9.9982E-05
0.32069 9.9973E-05 9.9973E-05 9.9973E-05 0.67901
0.0260675 9.9973E-05 9.9973E-05 9.9973E-05 0.973633
9.997E-05 9.997E-05 9.997E-05 9.997E-05 0.9996
0.712807 9.9991E-05 0.113581 0.0217547 0.151757
9.9982E-05 0.124374 9.9982E-05 0.832647 0.042779
0.75467 9.9991E-05 0.0707584 0.0250896 0.149382
0.132861 0.0341913 9.9982E-05 9.9982E-05 0.832748
9.9982E-05 0.0211081 0.0504862 9.9982E-05 0.928206
0.703114 9.9973E-05 9.9973E-05 9.9973E-05 0.296586
9.9973E-05 0.141902 9.9973E-05 0.857798 9.9973E-05
9.9982E-05 0.688955 0.299642 0.0112026 9.9982E-05
0.233284 9.9982E-05 0.00652718 9.9982E-05 0.759989
0.136126 9.9973E-05 9.9973E-05 9.9973E-05 0.863574
0.641822 9.9973E-05 9.9973E-05 9.9973E-05 0.357878
9.9982E-05 0.0304707 0.00818914 9.9982E-05 0.96114
0.389699 9.9991E-05 0.522358 0.0117902 0.0760523
0.0200513 0.216166 0.166193 0.538222 0.0593676
0.0473904 0.0385913 9.9982E-05 9.9982E-05 0.913818
0.349856 9.9973E-05 9.9973E-05 9.9973E-05 0.649844
0.00931911 0.990381 9.9973E-05 9.9973E-05 9.9973E-05
0.0908529 9.9973E-05 9.9973E-05 9.9973E-05 0.908847
0.4271 9.9973E-05 9.9973E-05 9.9973E-05 0.5726
0.10399 9.9973E-05 9.9973E-05 9.9973E-05 0.89571
0.546817 9.9991E-05 0.139601 0.00232712 0.311154
0.524098 9.9991E-05 0.165035 0.00169414 0.309073
0.449329 9.9982E-05 0.339494 9.9982E-05 0.210976
0.314331 9.9982E-05 0.629137 9.9982E-05 0.0563316
0.271406 0.00385323 9.9982E-05 9.9982E-05 0.724541
0.0421892 0.00933337 9.9982E-05 9.9982E-05 0.948277
0.205253 0.0125481 9.9991E-05 0.00814798 0.77395
9.9991E-05 0.136556 0.0503065 0.773962 0.0390759
9.9982E-05 0.0289428 0.0686164 9.9982E-05 0.902241
9.9982E-05 0.166674 9.9982E-05 0.814764 0.0183622
0.222645 0.00822941 9.9982E-05 9.9982E-05 0.768926
9.99729E-05 0.948666 9.99729E-05 9.99729E-05 0.0510339
0.757344 9.9982E-05 0.0742695 9.9982E-05 0.168187
0.561237 9.9982E-05 0.292584 9.9982E-05 0.145979
0.630588 0.0402528 0.139138 0.0114642 0.178557
0.330392 0.00516329 9.9982E-05 9.9982E-05 0.664245
0.428271 9.9991E-05 0.272486 0.0236954 0.275448
9.9973E-05 9.9973E-05 0.0121067 9.9973E-05 0.987593
0.43826 0.00838097 9.9991E-05 0.00694938 0.54631
9.9991E-05 0.0197044 0.631603 0.0195737 0.329019
0.118824 9.9991E-05 0.114804 0.00710786 0.759164
0.0695986 9.9991E-05 0.0115682 0.0265898 0.892143
9.99729E-05 0.986518 9.99729E-05 9.99729E-05 0.0131816
0.118804 0.0518333 0.706428 9.9991E-05 0.122834
0.0219566 0.977744 9.9973E-05 9.9973E-05 9.9973E-05
0.23749 9.9973E-05 9.9973E-05 9.9973E-05 0.76221
0.0642999 0.0722406 0.613565 0.00394022 0.245954
9.9982E-05 0.0463561 0.684235 9.9982E-05 0.269209
0.15489 9.9982E-05 9.9982E-05 0.00724308 0.837667
9.997E-05 9.997E-05 9.997E-05 9.997E-05 0.9996
9.9982E-05 0.181763 9.9982E-05 0.80845 0.00958746
0.18717 0.0467937 0.765836 9.9982E-05 9.9982E-05
0.20256 9.9973E-05 9.9973E-05 9.9973E-05 0.79714
9.9991E-05 0.437259 0.356967 0.0607572 0.144917
9.9982E-05 9.9982E-05 0.0383585 0.00614253 0.955299
9.997E-05 9.997E-05 9.997E-05 0.9996 9.997E-05
0.0380418 9.9991E-05 0.0458059 0.0174006 0.898652
9.9982E-05 9.9982E-05 0.22774 0.647352 0.124709
0.668435 0.011984 0.0807445 0.0257191 0.213117
9.9973E-05 9.9973E-05 0.0505926 9.9973E-05 0.949107
9.9973E-05 9.9973E-05 9.9973E-05 0.00274955 0.996951
0.25791 0.00585489 0.665264 9.9991E-05 0.0708707
9.9973E-05 9.9973E-05 0.0999433 9.9973E-05 0.899757
0.0211541 0.978546 9.9973E-05 9.9973E-05 9.9973E-05
9.9973E-05 0.00373277 9.9973E-05 9.9973E-05 0.995967
9.997E-05 9.997E-05 9.997E-05 0.9996 9.997E-05
9.997E-05 9.997E-05 9.997E-05 9.997E-05 0.9996
0.577388 0.0337392 0.107438 9.9991E-05 0.281335
0.452293 9.9991E-05 0.0535556 0.0311203 0.462931
0.282509 9.9982E-05 0.654221 9.9982E-05 0.0630707
0.212077 9.9991E-05 0.406031 0.0304375 0.351354
0.134498 0.0124837 0.661579 0.0340049 0.157434
9.997E-05 9.997E-05 9.997E-05 9.997E-05 0.9996
0.48903 0.0501374 9.9982E-05 9.9982E-05 0.460633
0.0410793 0.0100871 9.9982E-05 9.9982E-05 0.948634
0.354789 0.0638168 0.26516 0.00283003 0.313404
0.528744 9.9982E-05 0.368646 9.9982E-05 0.102409
0.0262797 0.0118915 0.0531426 0.00262838 0.906058
0.380792 9.9973E-05 9.9973E-05 9.9973E-05 0.618908
0.187699 0.00142757 9.9991E-05 0.00320989 0.807563
9.9973E-05 9.9973E-05 0.0742668 9.9973E-05 0.925433
9.9991E-05 0.0572836 0.526574 0.0357801 0.380262
0.416254 9.9991E-05 0.138362 0.0111069 0.434177
0.248955 0.0155286 0.240002 0.0130755 0.482439
0.0298972 9.9982E-05 0.0369436 0.932959 9.9982E-05
9.9982E-05 0.00680689 0.0972957 9.9982E-05 0.895697
9.9973E-05 9.9973E-05 0.0241104 9.9973E-05 0.97559
0.0494859 9.9991E-05 0.0113377 0.0137744 0.925302
9.99729E-05 0.958802 9.99729E-05 9.99729E-05 0.0408977
0.164536 0.00171287 0.0264557 9.9991E-05 0.807195
0.199518 9.9982E-05 0.711774 9.9982E-05 0.0885074
0.457949 0.0173643 0.0245097 0.00595205 0.494225
9.9982E-05 9.9982E-05 0.010017 0.00936666 0.980416
0.0534633 9.9982E-05 0.0884789 9.9982E-05 0.857858
9.997E-05 9.997E-05 9.997E-05 9.997E-05 0.9996
0.23109 9.9982E-05 0.666007 9.9982E-05 0.102703
9.9982E-05 9.9982E-05 0.126254 0.8382 0.0353464
0.228175 9.9973E-05 0.771526 9.9973E-05 9.9973E-05
0.347212 0.000940022 9.9991E-05 0.00585361 0.645894
9.9973E-05 9.9973E-05 0.00764956 0.992051 9.9973E-05
0.209319 0.041139 0.0650404 0.00645149 0.67805
0.571036 9.9973E-05 9.9973E-05 9.9973E-05 0.428664
9.9991E-05 0.0297618 0.0712305 0.00707886 0.891829
9.997E-05 9.997E-05 9.997E-05 9.997E-05 0.9996
9.9991E-05 0.00365696 0.0526915 0.00849563 0.935056
0.200934 9.9982E-05 0.250848 9.9982E-05 0.548018
9.99729E-05 0.961916 9.99729E-05 9.99729E-05 0.0377839
9.997E-05 9.997E-05 9.997E-05 9.997E-05 0.9996
0.577123 9.9982E-05 0.337752 9.9982E-05 0.0849253
0.420427 9.9973E-05 9.9973E-05 9.9973E-05 0.579273
9.9973E-05 0.974395 9.9973E-05 9.9973E-05 0.025305
0.437091 9.9982E-05 0.49581 9.9982E-05 0.0668986
9.9982E-05 9.9982E-05 0.732478 0.0384579 0.228864
0.451516 0.0396866 0.246909 9.9991E-05 0.261788
9.9973E-05 0.923411 9.9973E-05 9.9973E-05 0.0762895
0.399509 9.9973E-05 9.9973E-05 9.9973E-05 0.600191
9.997E-05 9.997E-05 9.997E-05 0.9996 9.997E-05
0.331906 9.9982E-05 9.9982E-05 0.00548683 0.662407
0.0491333 9.9982E-05 9.9982E-05 0.0136993 0.936967
9.997E-05 9.997E-05 9.997E-05 0.9996 9.997E-05
0.0722542 9.9973E-05 9.9973E-05 9.9973E-05 0.927446
0.00674202 0.174523 0.0148592 0.763149 0.040726
0.567339 9.9982E-05 0.0880051 9.9982E-05 0.344456
9.9982E-05 0.0214374 0.0323346 9.9982E-05 0.946028
0.190623 0.0607361 0.649718 9.9991E-05 0.0988226
0.179786 9.9991E-05 0.0174014 0.0112379 0.791474
9.9973E-05 9.9973E-05 0.0479471 0.951753 9.9973E-05
0.498144 9.9991E-05 0.0820389 0.0155087 0.404209
