0.00994767 9.9991E-05 0.989952
9.999E-05 0.0352519 0.964648
9.999E-05 0.0136215 0.986279
0.00607784 0.0278337 0.966088
0.190946 0.00312372 0.80593
0.188138 0.122033 0.689829
0.204258 9.99911E-05 0.795642
0.178735 0.0255356 0.795729
9.9991E-05 0.0426834 0.957217
9.999E-05 9.999E-05 0.9998
0.106111 9.9991E-05 0.893789
0.166909 9.99911E-05 0.832991
0.0730041 9.9991E-05 0.926896
0.202429 0.143996 0.653575
0.00107476 9.9991E-05 0.998825
0.0661566 0.0506341 0.883209
0.155167 9.99911E-05 0.844733
0.135101 0.482884 0.382015
9.9991E-05 0.0291208 0.970779
0.202365 0.0499899 0.747646
9.9991E-05 0.0073215 0.992579
0.113389 9.9991E-05 0.886511
0.0981635 9.9991E-05 0.901736
0.875478 0.00522038 0.119302
0.0785046 9.9991E-05 0.921395
0.141719 0.00445696 0.853824
9.9991E-05 0.00991541 0.989985
9.999E-05 9.999E-05 0.9998
9.999E-05 9.999E-05 0.9998
0.227823 0.0803287 0.691849
9.9991E-05 0.0250082 0.974892
9.9991E-05 0.015011 0.984889
0.209624 0.0984552 0.691921
9.9991E-05 0.0120343 0.987866
0.0958885 0.0439023 0.860209
9.999E-05 9.999E-05 0.9998
0.210747 9.99911E-05 0.789153
0.260583 0.0465503 0.692867
0.152106 9.9991E-05 0.847794
0.221522 0.107571 0.670907
9.9991E-05 0.0345444 0.965356
9.999E-05 9.999E-05 0.9998
9.9991E-05 0.00555749 0.994343
9.9991E-05 0.0263781 0.973522
0.137904 0.84104 0.0210558
9.9991E-05 0.00593298 0.993967
9.9991E-05 0.00157077 0.998329
0.118951 0.860297 0.0207519
9.999E-05 9.999E-05 0.9998
0.0205005 9.9991E-05 0.979399
9.999E-05 9.999E-05 0.9998
0.0256862 9.9991E-05 0.974214
0.0948154 0.152222 0.752962
0.155237 9.9991E-05 0.844663
0.0338418 0.0847735 0.881385
9.9991E-05 0.00746102 0.992439
9.9991E-05 0.0267668 0.973133
9.9991E-05 0.00469268 0.995207
9.999E-05 9.999E-05 0.9998
9.999E-05 9.999E-05 0.9998
0.874252 0.0200525 0.105696
9.9991E-05 0.0288304 0.97107
0.126655 0.0136241 0.859721
9.9991E-05 0.0168175 0.983082
9.9991E-05 0.0221984 0.977702
9.999E-05 9.999E-05 0.9998
9.999E-05 9.999E-05 0.9998
0.157878 9.99911E-05 0.842022
0.136393 0.851092 0.0125153
0.128442 9.9991E-05 0.871458
0.00920802 0.0817687 0.909023
9.9991E-05 0.0145932 0.985307
0.0089744 0.0323804 0.958645
9.9991E-05 0.0190884 0.980812
9.9991E-05 0.0690336 0.930866
9.9991E-05 0.0114418 0.988458
0.161715 9.99911E-05 0.838185
9.999E-05 9.999E-05 0.9998
0.739194 0.0524982 0.208308
0.0221166 9.9991E-05 0.977783
9.9991E-05 0.0113572 0.988543
0.195951 0.480813 0.323236
0.107911 0.169496 0.722592
0.0745712 0.035385 0.890044
9.9991E-05 0.0221026 0.977797
9.9991E-05 0.0169505 0.98295
9.999E-05 0.9998 9.999E-05
9.999E-05 9.999E-05 0.9998
0.00252234 9.9991E-05 0.997378
0.0781801 9.9991E-05 0.92172
0.106921 9.99911E-05 0.892979
0.0822936 9.99911E-05 0.917606
9.9991E-05 0.01522 0.98468
9.999E-05 9.999E-05 0.9998
9.9991E-05 0.00267783 0.997222
0.0501287 9.9991E-05 0.949771
0.209755 0.127738 0.662507
9.9991E-05 0.0226084 0.977292
0.175915 9.9991E-05 0.823985
0.0815373 9.9991E-05 0.918363
0.910592 0.0206756 0.0687328
9.999E-05 9.999E-05 0.9998
9.9991E-05 0.0126323 0.987268
0.109922 9.99911E-05 0.889978
0.112299 0.825519 0.0621823
0.139971 9.99911E-05 0.859929
0.0198505 9.9991E-05 0.980049
9.9991E-05 0.0403122 0.959588
0.0897377 9.99911E-05 0.910162
0.122598 0.855472 0.0219302
0.719318 0.0968542 0.183828
0.00506553 9.9991E-05 0.994834
9.999E-05 9.999E-05 0.9998
0.0845935 9.9991E-05 0.915307
9.9991E-05 0.0270387 0.972861
0.203227 0.074632 0.722141
0.254397 0.565399 0.180204
0.00481464 0.0165524 0.978633
9.999E-05 9.999E-05 0.9998
0.943265 9.9991E-05 0.0566348
9.9991E-05 0.00453612 0.995364
0.0352882 9.9991E-05 0.964612
9.999E-05 9.999E-05 0.9998
0.116066 9.99911E-05 0.883834
0.125194 9.9991E-05 0.874706
0.176872 9.99911E-05 0.823028
0.191361 0.0847533 0.723885
0.00957225 9.9991E-05 0.990328
9.9991E-05 0.00992099 0.989979
0.0104592 0.0144684 0.975072
0.133161 0.797931 0.0689076
0.0281362 0.0229389 0.948925
0.139129 0.825889 0.0349822
9.999E-05 9.999E-05 0.9998
0.872072 9.99909E-05 0.127828
0.148509 9.99911E-05 0.851391
0.171013 9.99911E-05 0.828887
0.186468 9.99911E-05 0.813432
0.0189991 9.9991E-05 0.980901
0.147456 0.0289042 0.82364
9.9991E-05 0.0220545 0.977845
0.0480289 9.9991E-05 0.951871
0.142815 0.174092 0.683093
0.00660099 0.0447199 0.948679
9.9991E-05 0.0235363 0.976364
0.891791 0.0124553 0.0957533
0.257354 0.0989227 0.643723
0.965052 0.000761645 0.034186
9.999E-05 9.999E-05 0.9998
0.202312 0.121239 0.67645
0.200632 0.126582 0.672786
9.9991E-05 0.0160309 0.983869
9.9991E-05 0.00894706 0.990953
0.151106 0.837976 0.0109177
0.308721 0.0745676 0.616712
9.999E-05 9.999E-05 0.9998
0.486176 0.136957 0.376868
9.9991E-05 0.031706 0.968194
9.999E-05 0.9998 9.999E-05
9.9991E-05 0.0374787 0.962421
9.9991E-05 0.737994 0.261906
0.138094 9.99911E-05 0.861806
9.9991E-05 0.0227502 0.97715
9.9991E-05 0.0170783 0.982822
0.237928 0.072377 0.689695
9.9991E-05 0.042631 0.957269
0.940076 9.9991E-05 0.0598243
9.9991E-05 0.00677966 0.99312
9.999E-05 0.9998 9.999E-05
9.9991E-05 0.00873695 0.991163
0.155508 9.9991E-05 0.844392
0.0863393 0.00943065 0.90423
0.239511 0.0670094 0.693479
0.129723 0.0871405 0.783136
0.197463 0.146759 0.655778
9.9991E-05 0.0101013 0.989799
0.0991856 9.9991E-05 0.900714
9.9991E-05 0.00907421 0.990826
0.17986 0.0295101 0.79063
0.209815 9.99911E-05 0.790085
0.00625419 0.0302167 0.963529
0.0221616 9.9991E-05 0.977738
9.9991E-05 0.00442149 0.995479
9.9991E-05 0.0187843 0.981116
0.150704 0.152484 0.696811
0.0952893 0.00509646 0.899614
0.0941401 0.0518841 0.853976
0.00339472 0.96368 0.0329257
9.9991E-05 0.0388795 0.96102
9.9991E-05 0.010542 0.989358
9.9991E-05 0.0145085 0.985392
0.896313 0.00225527 0.101431
0.00290227 0.0127098 0.984388
0.217111 0.0716406 0.711248
0.0703579 9.9991E-05 0.929542
9.9991E-05 0.0307235 0.969177
0.00605759 0.0217411 0.972201
9.9991E-05 0.0106591 0.989241
0.210538 0.0997554 0.689706
0.0305088 0.892633 0.0768586
0.250035 0.101483 0.648482
0.0265966 0.000313049 0.97309
9.999E-05 0.9998 9.999E-05
0.0531604 0.0161801 0.93066
0.0423612 9.9991E-05 0.957539
9.9991E-05 0.0553787 0.944521
9.9991E-05 0.0115923 0.988308
9.9991E-05 0.0327035 0.967196
0.0738371 0.0191021 0.907061
0.865707 9.99909E-05 0.134193
9.9991E-05 0.00971931 0.990181
0.19496 9.99911E-05 0.80494
0.0431993 9.9991E-05 0.956701
0.905793 0.0155946 0.0786121
0.244968 0.000568271 0.754464
0.168969 0.180646 0.650385
0.170052 9.9991E-05 0.829848
0.846585 0.00358909 0.149826
9.999E-05 9.999E-05 0.9998
9.999E-05 0.9998 9.999E-05
0.0171934 9.9991E-05 0.982707
9.9991E-05 0.0286572 0.971243
9.999E-05 0.9998 9.999E-05
9.999E-05 9.999E-05 0.9998
0.142678 0.784907 0.0724148
0.0532322 9.99911E-05 0.946668
9.9991E-05 0.0245324 0.975368
0.25645 0.075006 0.668544
9.9991E-05 0.0239099 0.97599
9.999E-05 0.9998 9.999E-05
0.0901249 9.9991E-05 0.909775
