0.000780753 9.9982E-05 9.9982E-05 0.801954 0.197065
0.00133289 0.00696868 9.9982E-05 0.991498 9.9982E-05
9.9973E-05 9.9973E-05 0.0202104 0.97949 9.9973E-05
0.00496853 0.0133377 9.9991E-05 0.777753 0.203841
0.0115961 0.0144202 0.0752629 0.417008 0.481712
0.0727092 0.067534 0.134184 0.451775 0.273799
9.9991E-05 0.00867118 0.069813 0.365961 0.555455
0.033459 0.0190674 0.0451725 0.306712 0.595589
0.0173221 0.0166983 0.0156375 0.950242 9.9991E-05
9.9973E-05 9.9973E-05 9.9973E-05 0.905638 0.0940626
0.00247274 9.9982E-05 9.9982E-05 0.433339 0.563989
9.9982E-05 9.9982E-05 0.0134033 0.341316 0.645081
9.9973E-05 9.9973E-05 9.9973E-05 0.461323 0.538377
0.0744396 0.0867685 0.121868 0.433569 0.283355
9.9973E-05 9.9973E-05 9.9973E-05 0.735843 0.263857
0.0199831 0.0385023 0.0243721 0.653636 0.263507
9.9982E-05 9.9982E-05 0.00350606 0.36661 0.629684
0.468876 0.0673389 0.102317 0.361368 9.9991E-05
9.9973E-05 0.0157142 9.9973E-05 0.983986 9.9973E-05
0.0287418 0.0517556 0.0588848 0.317741 0.542876
9.9982E-05 9.9982E-05 0.0122881 0.977646 0.00986592
9.9973E-05 9.9973E-05 9.9973E-05 0.41543 0.58427
9.9973E-05 9.9973E-05 9.9973E-05 0.509629 0.490071
0.0182166 9.9982E-05 0.902258 9.9982E-05 0.079325
0.0472276 0.0246828 0.105567 0.41781 0.404713
9.9973E-05 9.9973E-05 9.9973E-05 0.525315 0.474385
0.0175684 0.0127937 9.9991E-05 0.405584 0.563954
0.0056627 9.9991E-05 0.000479809 0.980977 0.0127804
9.9973E-05 9.9973E-05 9.9973E-05 0.906324 0.0933759
9.997E-05 9.997E-05 9.997E-05 0.9996 9.997E-05
0.0162129 0.0720446 0.137314 0.437255 0.337173
9.9973E-05 0.0101957 9.9973E-05 0.989504 9.9973E-05
0.003439 0.00325661 0.00715619 0.986048 9.9991E-05
0.0541179 0.0732399 0.0870219 0.426394 0.359226
9.9973E-05 9.9973E-05 0.0122162 0.987484 9.9973E-05
0.0251294 0.0445361 9.9991E-05 0.425881 0.504354
9.9973E-05 9.9973E-05 9.9973E-05 0.788621 0.211079
9.9991E-05 0.0470461 0.0321176 0.250178 0.670558
0.0506097 0.0409846 0.0828706 0.237079 0.588456
9.9982E-05 9.9982E-05 0.0373002 0.428853 0.533646
0.0462111 0.075282 0.131067 0.37988 0.36756
9.9982E-05 0.00990402 0.0111247 0.978771 9.9982E-05
9.9973E-05 9.9973E-05 9.9973E-05 0.904303 0.0953975
9.9973E-05 9.9973E-05 9.9973E-05 0.894642 0.105058
0.0345793 9.9982E-05 9.9982E-05 0.836406 0.128815
0.9996 9.997E-05 9.997E-05 9.997E-05 9.997E-05
9.9973E-05 9.9973E-05 9.9973E-05 0.939646 0.0600538
9.9973E-05 9.9973E-05 9.9973E-05 0.981092 0.0186077
0.9996 9.997E-05 9.997E-05 9.997E-05 9.997E-05
9.9973E-05 9.9973E-05 9.9973E-05 0.802611 0.197089
9.9973E-05 9.9973E-05 9.9973E-05 0.596971 0.402729
9.9973E-05 9.9973E-05 9.9973E-05 0.859322 0.140378
9.9973E-05 9.9973E-05 9.9973E-05 0.711587 0.288113
0.0729433 0.0689479 0.107495 0.725648 0.024966
0.000820874 9.9991E-05 0.067235 0.514773 0.417071
0.000994572 0.0487788 0.0853299 0.864797 9.9991E-05
9.9973E-05 9.9973E-05 9.9973E-05 0.981222 0.0184782
0.0109384 0.00348429 9.9982E-05 0.985377 9.9982E-05
0.00959255 9.9982E-05 9.9982E-05 0.846169 0.144038
9.9973E-05 9.9973E-05 9.9973E-05 0.89284 0.10686
9.997E-05 9.997E-05 9.997E-05 0.9996 9.997E-05
9.9991E-05 0.0333729 0.867992 0.00978312 0.088752
9.9982E-05 0.0106443 0.0126019 0.976554 9.9982E-05
0.00487216 0.0308342 0.041764 0.500574 0.421956
0.00722909 9.9973E-05 9.9973E-05 0.992471 9.9973E-05
9.9982E-05 0.0149755 0.00139402 0.983431 9.9982E-05
9.9973E-05 9.9973E-05 9.9973E-05 0.819532 0.180168
9.9973E-05 9.9973E-05 9.9973E-05 0.797835 0.201865
9.9982E-05 9.9982E-05 0.0125378 0.363121 0.624141
0.9996 9.997E-05 9.997E-05 9.997E-05 9.997E-05
9.9991E-05 0.00824625 0.0347158 0.461248 0.49569
0.0103927 0.0396064 0.0576957 0.892205 9.9991E-05
9.9991E-05 0.0104196 0.0135782 0.912956 0.0629462
9.9973E-05 9.9973E-05 0.0447787 0.954921 9.9973E-05
9.9973E-05 0.00546675 9.9973E-05 0.994233 9.9973E-05
0.0268841 0.0217039 0.00102315 0.950289 9.9991E-05
9.9973E-05 0.00583157 9.9973E-05 0.993869 9.9973E-05
9.9991E-05 0.00797619 0.0335325 0.392162 0.566229
9.9973E-05 9.9973E-05 9.9973E-05 0.992167 0.00753299
0.0290814 0.0148491 0.75385 0.088284 0.113936
9.9982E-05 9.9982E-05 0.00478026 0.73346 0.261559
0.00354833 0.00494019 9.9991E-05 0.983754 0.00765743
0.434743 0.108614 0.130095 0.236621 0.0899271
0.0952115 0.0655172 0.113061 0.714241 0.0119694
0.0364883 0.0215207 0.0018303 0.575308 0.364853
0.00853364 0.00601648 9.9991E-05 0.888201 0.0971493
9.9982E-05 0.006012 0.0191432 0.974645 9.9982E-05
9.997E-05 0.9996 9.997E-05 9.997E-05 9.997E-05
9.9973E-05 9.9973E-05 9.9973E-05 0.734613 0.265087
9.9973E-05 9.9973E-05 9.9973E-05 0.750336 0.249364
9.9973E-05 9.9973E-05 9.9973E-05 0.416174 0.583526
9.9973E-05 9.9973E-05 9.9973E-05 0.372404 0.627296
9.9973E-05 9.9973E-05 9.9973E-05 0.340512 0.659188
9.9982E-05 0.00159034 0.00891297 0.989297 9.9982E-05
9.9973E-05 9.9973E-05 9.9973E-05 0.753436 0.246264
9.9973E-05 9.9973E-05 9.9973E-05 0.972121 0.0275792
9.9973E-05 9.9973E-05 9.9973E-05 0.611646 0.388054
0.0761674 0.0666456 0.119052 0.399395 0.33874
0.00333764 9.9982E-05 0.0133266 0.983136 9.9982E-05
9.9982E-05 9.9982E-05 0.0804113 0.430777 0.488612
0.0148192 0.0024645 9.9991E-05 0.52205 0.460567
0.0208993 9.9982E-05 0.889299 9.9982E-05 0.0896019
9.9973E-05 9.9973E-05 9.9973E-05 0.764035 0.235665
9.9973E-05 9.9973E-05 9.9973E-05 0.987613 0.0120867
9.9982E-05 0.000737871 0.00454078 0.994521 9.9982E-05
0.009551 9.9982E-05 9.9982E-05 0.285374 0.704875
0.9996 9.997E-05 9.997E-05 9.997E-05 9.997E-05
9.9973E-05 9.9973E-05 9.9973E-05 0.278304 0.721396
9.9982E-05 9.9982E-05 0.0304532 0.875371 0.0939756
9.9982E-05 0.0152382 0.0347947 0.949767 9.9982E-05
9.9973E-05 9.9973E-05 9.9973E-05 0.36625 0.63345
0.9996 9.997E-05 9.997E-05 9.997E-05 9.997E-05
0.047204 0.0394419 0.73958 0.103323 0.0704512
9.9973E-05 9.9973E-05 9.9973E-05 0.799889 0.199811
9.9973E-05 9.9973E-05 9.9973E-05 0.890034 0.109666
9.9973E-05 9.9973E-05 9.9973E-05 0.428398 0.571302
0.00148534 9.9982E-05 0.0234458 0.974869 9.9982E-05
0.110391 0.00363588 0.0516002 0.282353 0.552019
0.562616 0.114695 0.178514 0.088849 0.0553268
9.9991E-05 0.00664559 0.0328054 0.935631 0.0248182
9.9973E-05 9.9973E-05 9.9973E-05 0.70117 0.29853
9.997E-05 9.997E-05 0.9996 9.997E-05 9.997E-05
0.00327403 9.9982E-05 9.9982E-05 0.929787 0.0667391
9.9973E-05 9.9973E-05 9.9973E-05 0.643577 0.356123
9.9973E-05 9.9973E-05 9.9973E-05 0.934772 0.0649278
9.9982E-05 0.00860301 9.9982E-05 0.420396 0.570801
0.0136501 9.9982E-05 9.9982E-05 0.432564 0.553586
0.0329517 0.00939869 0.0408385 0.384037 0.532774
0.0196807 0.0836536 0.0551887 0.338907 0.50257
9.9973E-05 9.9973E-05 9.9973E-05 0.768933 0.230767
0.00470722 9.9991E-05 0.00789645 0.971727 0.0155694
0.0113426 9.9991E-05 0.00103986 0.830596 0.156921
0.882903 0.0624361 0.00172686 0.0307463 0.0221876
9.9973E-05 9.9973E-05 0.0522662 0.947434 9.9973E-05
0.960445 0.018342 0.0101189 0.00906824 0.00202607
9.9973E-05 9.9973E-05 9.9973E-05 0.823761 0.175939
9.99729E-05 9.99729E-05 0.959282 0.0404179 9.99729E-05
9.9973E-05 9.9973E-05 9.9973E-05 0.282666 0.717034
9.9991E-05 0.039067 0.00560186 0.316059 0.639172
9.9991E-05 0.0329238 0.0277071 0.298815 0.640454
9.9973E-05 9.9973E-05 9.9973E-05 0.715292 0.284408
0.056617 0.0114046 0.0203996 0.41449 0.497089
0.00192207 9.9982E-05 0.00929884 0.988579 9.9982E-05
9.9973E-05 9.9973E-05 9.9973E-05 0.633274 0.366426
0.0718252 0.0910535 0.144072 0.578256 0.114793
0.0241967 0.0135629 0.00562317 0.826592 0.130025
9.9991E-05 0.0163586 0.00768794 0.927459 0.0483941
9.99729E-05 9.99729E-05 0.978011 0.0216891 9.99729E-05
0.060659 0.0599911 0.158121 0.368034 0.353195
9.9973E-05 9.9973E-05 0.992271 9.9973E-05 0.00742937
9.9973E-05 9.9973E-05 9.9973E-05 0.823458 0.176242
0.0502037 0.0643092 0.152227 0.473481 0.259779
0.064092 0.0780423 0.16069 0.483573 0.213603
0.0134921 9.9982E-05 9.9982E-05 0.863493 0.122815
0.000110191 0.000945674 9.9982E-05 0.998744 9.9982E-05
0.996626 9.9973E-05 0.00307367 9.9973E-05 9.9973E-05
0.0554483 0.0411777 0.174644 0.277402 0.451328
9.9973E-05 9.9973E-05 9.9973E-05 0.849206 0.150495
0.0712414 0.0690263 0.529801 0.326416 0.00351466
0.0107911 0.00276134 0.00779053 0.978557 9.9991E-05
9.997E-05 0.9996 9.997E-05 9.997E-05 9.997E-05
0.013045 0.00806571 9.9991E-05 0.932943 0.0458459
0.0491386 0.663468 0.0439137 0.24338 9.9991E-05
0.00461495 9.9982E-05 9.9982E-05 0.345189 0.649996
9.9982E-05 0.0102496 0.0102723 0.979278 9.9982E-05
9.9973E-05 0.00206842 9.9973E-05 0.997632 9.9973E-05
0.0411665 0.0658177 0.0940823 0.315698 0.483235
0.00337636 0.0152735 0.0246348 0.956615 9.9991E-05
9.9973E-05 9.9973E-05 0.981649 9.9973E-05 0.0180511
0.00672605 9.9982E-05 0.00783546 0.985239 9.9982E-05
9.997E-05 0.9996 9.997E-05 9.997E-05 9.997E-05
9.997E-05 9.997E-05 9.997E-05 0.9996 9.997E-05
9.9982E-05 9.9982E-05 0.0241119 0.37956 0.596128
0.0041828 0.00326613 9.9991E-05 0.542989 0.449462
0.0374944 0.0528329 0.112504 0.321253 0.475915
0.0539445 0.0448678 0.0691807 0.482612 0.349395
0.112537 0.0445697 0.115776 0.373135 0.353982
0.00428956 9.9973E-05 9.9973E-05 0.995411 9.9973E-05
9.9982E-05 9.9982E-05 0.0336264 0.526202 0.439972
9.9982E-05 0.00790877 9.9982E-05 0.97619 0.0157012
0.049648 0.0066209 0.0785749 0.44266 0.422496
9.9991E-05 0.0324502 0.0269601 0.307539 0.632951
9.9991E-05 0.0149288 0.0169382 0.940468 0.0275654
9.9973E-05 9.9973E-05 9.9973E-05 0.672464 0.327236
0.0056139 9.9991E-05 0.00125323 0.850152 0.142881
9.9991E-05 0.00117442 0.0204172 0.970504 0.0078047
0.064561 0.0908777 0.163858 0.613661 0.0670432
0.00590475 0.0110846 0.00282772 0.550554 0.429629
0.0129714 0.0431625 0.0466431 0.579194 0.318029
0.0150826 0.915933 0.0323592 9.9991E-05 0.0365251
0.003672 0.00700742 0.0322877 0.956933 9.9991E-05
9.997E-05 9.997E-05 9.997E-05 0.9996 9.997E-05
9.9982E-05 0.0189669 9.9982E-05 0.943662 0.0371707
9.99729E-05 9.99729E-05 0.974401 0.0252989 9.99729E-05
9.9982E-05 0.00575898 9.9982E-05 0.819988 0.174053
0.0611959 0.0366466 0.104925 0.36735 0.429882
9.9973E-05 9.9973E-05 9.9973E-05 0.583731 0.41597
0.00427661 0.00352118 9.9982E-05 0.992002 9.9982E-05
0.00343646 9.9991E-05 0.0229294 0.906094 0.0674406
9.997E-05 9.997E-05 9.997E-05 0.9996 9.997E-05
0.0871823 0.0432132 0.0722255 0.333041 0.464338
0.0537572 0.798786 0.062045 0.0591254 0.0262867
0.0455833 0.0765684 0.0837842 0.281616 0.512448
0.013743 9.9982E-05 9.9982E-05 0.701148 0.284909
0.0183947 0.97068 0.00580326 0.00502233 9.9991E-05
9.9991E-05 0.0157365 0.0435324 0.740476 0.200155
9.9973E-05 9.9973E-05 9.9973E-05 0.49683 0.50287
0.0136479 9.99866E-05 0.0482882 0.937864 9.99866E-05
0.00320177 9.9973E-05 9.9973E-05 0.996498 9.9973E-05
0.0207859 0.00276403 0.00773199 0.968618 9.9991E-05
0.0139468 0.0113706 0.0335444 0.65474 0.286398
9.99729E-05 9.99729E-05 0.955027 0.0446735 9.99729E-05
0.00103825 9.9973E-05 9.9973E-05 0.998662 9.9973E-05
9.9991E-05 0.00257286 0.0326985 0.278692 0.685936
9.9973E-05 9.9973E-05 9.9973E-05 0.624334 0.375366
9.9982E-05 0.00758908 0.979325 0.0128862 9.9982E-05
0.0288434 0.0180187 0.0649366 0.292067 0.596135
0.0600204 0.122283 0.12459 0.469977 0.223129
0.00569042 9.9991E-05 0.070342 0.399086 0.524781
9.9973E-05 9.9973E-05 0.906914 0.0927857 9.9973E-05
9.9973E-05 9.9973E-05 9.9973E-05 0.680797 0.318903
9.997E-05 0.9996 9.997E-05 9.997E-05 9.997E-05
9.9973E-05 9.9973E-05 9.9973E-05 0.7336 0.2661
0.0115881 9.9982E-05 9.9982E-05 0.982695 0.00551697
9.997E-05 0.9996 9.997E-05 9.997E-05 9.997E-05
9.9973E-05 9.9973E-05 9.9973E-05 0.952627 0.0470727
0.899326 0.00761183 0.0296635 0.0388089 0.02459
9.9973E-05 9.9973E-05 9.9973E-05 0.429544 0.570156
9.9973E-05 9.9973E-05 0.0356938 0.964006 9.9973E-05
0.0134127 0.0763825 0.164354 0.335853 0.409998
9.9982E-05 0.0133608 9.9982E-05 0.829355 0.157084
0.0315992 0.942987 9.9982E-05 0.0252139 9.9982E-05
9.9982E-05 0.0104793 9.9982E-05 0.500724 0.488597
