9.9964E-05 9.9964E-05 0.0299354 9.9964E-05 0.30217 0.655371 0.0121237 9.9964E-05
9.9946E-05 9.9946E-05 9.9946E-05 0.0481628 9.9946E-05 0.951238 9.9946E-05 9.9946E-05
9.9964E-05 0.0195999 9.9964E-05 0.000484327 0.0321576 0.947358 9.9964E-05 9.9964E-05
0.00289245 9.9973E-05 9.9973E-05 0.0808975 0.336947 0.571576 0.00738701 9.9973E-05
9.9973E-05 0.0359828 0.169357 0.228799 0.456949 0.108612 9.9973E-05 9.9973E-05
9.9964E-05 9.9964E-05 0.0513566 0.681193 0.0763201 0.190731 9.9964E-05 9.9964E-05
9.9946E-05 9.9946E-05 0.800745 9.9946E-05 9.9946E-05 0.198655 9.9946E-05 9.9946E-05
9.9955E-05 9.9955E-05 9.9955E-05 0.322534 0.458612 9.9955E-05 9.9955E-05 0.218354
0.0105769 0.00696363 9.9991E-05 0.00571498 0.00907105 0.923786 0.010356 0.0334319
9.9946E-05 9.9946E-05 9.9946E-05 9.9946E-05 0.232631 0.766769 9.9946E-05 9.9946E-05
9.9973E-05 9.9973E-05 0.120961 9.9973E-05 0.37839 0.189223 0.0166745 0.294452
9.9955E-05 9.9955E-05 0.493996 9.9955E-05 0.477299 0.0282051 9.9955E-05 9.9955E-05
9.9973E-05 9.9973E-05 0.0560898 0.0326721 0.545546 0.192015 9.9973E-05 0.173377
9.9973E-05 9.9973E-05 0.0209787 0.786066 0.0166393 0.137986 9.9973E-05 0.03803
0.00535616 9.9964E-05 9.9964E-05 9.9964E-05 0.483849 0.501634 0.00876161 9.9964E-05
0.00742966 9.9973E-05 0.228379 0.177734 0.110471 0.475686 9.9973E-05 9.9973E-05
9.9964E-05 9.9964E-05 0.0313198 0.0638126 9.9964E-05 0.180925 9.9964E-05 0.723543
0.0291047 9.9964E-05 9.9964E-05 0.322636 9.9964E-05 0.217103 0.430756 9.9964E-05
0.0137052 9.9964E-05 0.0105255 0.0101355 9.9964E-05 0.965234 9.9964E-05 9.9964E-05
0.0200379 0.0181628 0.279163 0.183485 0.159434 0.104167 0.00917991 0.226371
0.00265518 9.9955E-05 9.9955E-05 9.9955E-05 0.0840634 0.912782 9.9955E-05 9.9955E-05
9.9973E-05 0.00372725 0.108666 9.9973E-05 0.367439 0.18484 9.9973E-05 0.335028
9.9964E-05 0.00728988 0.212756 9.9964E-05 0.553566 0.225989 9.9964E-05 9.9964E-05
9.9964E-05 0.863036 9.9964E-05 0.0161427 0.0995553 9.9964E-05 0.0208666 9.9964E-05
9.9964E-05 0.010868 9.9964E-05 9.9964E-05 0.430683 0.307858 9.9964E-05 0.250191
0.00451319 0.00408975 0.139625 0.140181 0.198029 0.166802 9.9991E-05 0.346659
9.9955E-05 9.9955E-05 9.9955E-05 9.9955E-05 0.107313 0.885996 0.00619148 9.9955E-05
9.9946E-05 9.9946E-05 9.9946E-05 9.9946E-05 0.232076 0.767324 9.9946E-05 9.9946E-05
9.9946E-05 9.9946E-05 9.9946E-05 9.9946E-05 0.0203187 0.979082 9.9946E-05 9.9946E-05
9.9964E-05 9.9964E-05 0.095835 0.664624 0.142876 0.0962653 9.9964E-05 9.9964E-05
9.9955E-05 9.9955E-05 0.0374049 0.00871482 9.9955E-05 0.953381 9.9955E-05 9.9955E-05
9.9946E-05 9.9946E-05 0.0456707 9.9946E-05 9.9946E-05 0.95373 9.9946E-05 9.9946E-05
9.9955E-05 9.9955E-05 9.9955E-05 0.672923 9.9955E-05 0.107398 9.9955E-05 0.219179
9.9964E-05 0.00404782 9.9964E-05 0.00840795 9.9964E-05 0.983561 9.9964E-05 0.00358376
0.0179505 9.9982E-05 0.341215 0.166698 0.238667 0.165534 9.9982E-05 0.0697361
9.9946E-05 9.9946E-05 9.9946E-05 9.9946E-05 0.435728 0.563672 9.9946E-05 9.9946E-05
0.0288409 9.9964E-05 0.700038 9.9964E-05 0.253159 0.0175619 9.9964E-05 9.9964E-05
9.9973E-05 0.00701304 0.0605828 0.455814 0.021262 9.9973E-05 9.9973E-05 0.455028
9.9973E-05 0.0542253 0.221046 0.00332663 0.591763 0.129339 9.9973E-05 9.9973E-05
0.00852046 0.0108256 0.281203 0.533645 0.0833634 0.0790277 0.00331461 9.9991E-05
0.000108799 0.0133725 0.00978605 9.9964E-05 9.9964E-05 0.976333 9.9964E-05 9.9964E-05
9.9955E-05 9.9955E-05 9.9955E-05 9.9955E-05 0.188649 0.786355 9.9955E-05 0.0244959
0.00499385 0.00868359 9.9973E-05 9.9973E-05 0.253791 0.729036 9.9973E-05 0.00319617
9.9964E-05 9.9964E-05 9.9964E-05 0.076083 0.21029 0.68974 0.0234872 9.9964E-05
9.9946E-05 9.9946E-05 9.9946E-05 0.00286186 9.9946E-05 9.9946E-05 0.996538 9.9946E-05
9.9964E-05 9.9964E-05 0.057167 9.9964E-05 0.00960142 0.879955 9.9964E-05 0.0528766
9.9946E-05 9.9946E-05 9.9946E-05 9.9946E-05 0.137776 0.861624 9.9946E-05 9.9946E-05
9.994E-05 9.994E-05 9.994E-05 9.994E-05 9.994E-05 9.994E-05 0.9993 9.994E-05
9.99459E-05 9.99459E-05 9.99459E-05 9.99459E-05 0.409013 0.590387 9.99459E-05 9.99459E-05
0.00634192 9.9973E-05 0.0325242 9.9973E-05 0.376826 0.418155 9.9973E-05 0.165853
9.9946E-05 9.9946E-05 9.9946E-05 9.9946E-05 0.319573 0.679827 9.9946E-05 9.9946E-05
9.996E-05 0.0141585 9.996E-05 9.996E-05 0.443648 0.514681 9.996E-05 0.0271129
0.00765792 0.0227061 9.997E-05 0.448803 9.997E-05 0.505824 0.014709 9.997E-05
9.9982E-05 0.0512817 0.0624131 0.149078 0.479819 0.246851 9.9982E-05 0.0103577
0.0206953 0.0410756 9.99639E-05 0.181305 9.99639E-05 0.756524 9.99639E-05 9.99639E-05
9.9955E-05 9.9955E-05 9.9955E-05 9.9955E-05 0.0844851 0.907059 0.00795573 9.9955E-05
9.9955E-05 9.9955E-05 9.9955E-05 9.9955E-05 9.9955E-05 0.981275 0.00995961 0.00826607
9.9973E-05 0.00450167 9.9973E-05 0.0230615 0.252919 0.71141 0.00780743 9.9973E-05
9.9946E-05 9.9946E-05 9.9946E-05 9.9946E-05 0.274215 0.725185 9.9946E-05 9.9946E-05
9.9964E-05 9.9964E-05 0.00311815 9.9964E-05 0.0196793 0.959525 9.9964E-05 0.0172779
0.0184639 0.83235 0.0993289 0.0494574 9.99641E-05 9.99641E-05 9.99641E-05 9.99641E-05
0.0124535 0.00828093 9.9964E-05 9.9964E-05 9.9964E-05 0.954421 9.9964E-05 0.0244448
0.0187063 0.029816 0.0751308 0.141944 0.528411 0.205793 9.99835E-05 9.99835E-05
9.9955E-05 9.9955E-05 9.9955E-05 9.9955E-05 9.9955E-05 0.9546 0.00514258 0.0397576
0.00730512 9.9964E-05 0.0020403 0.00603294 9.9964E-05 0.984222 9.9964E-05 9.9964E-05
9.9964E-05 9.9964E-05 0.00879527 9.9964E-05 0.357845 0.630068 0.00289195 9.9964E-05
9.9955E-05 9.9955E-05 9.9955E-05 9.9955E-05 0.322741 0.649058 9.9955E-05 0.0277012
9.9964E-05 9.9964E-05 0.439126 9.9964E-05 0.0835657 0.124245 9.9964E-05 0.352663
9.994E-05 9.994E-05 9.994E-05 9.994E-05 9.994E-05 9.994E-05 0.9993 9.994E-05
9.9973E-05 0.0120221 9.9973E-05 0.241665 0.571376 0.120592 9.9973E-05 0.0540458
0.0206947 0.0263072 9.997E-05 0.128467 9.997E-05 0.820765 0.00346639 9.997E-05
0.00164882 0.00874378 9.9964E-05 9.9964E-05 0.194497 0.794711 9.9964E-05 9.9964E-05
9.9955E-05 0.0332915 9.9955E-05 0.00966768 9.9955E-05 0.956541 9.9955E-05 9.9955E-05
0.000668636 9.9955E-05 9.9955E-05 9.9955E-05 9.9955E-05 0.990578 9.9955E-05 0.00825335
0.00869796 9.9973E-05 0.0273216 0.00542609 9.9973E-05 0.934685 0.0235693 9.9973E-05
0.00220751 9.9964E-05 9.9964E-05 9.9964E-05 0.0161844 0.960814 9.9964E-05 0.0203943
9.998E-05 0.0120644 0.132933 0.145519 0.193821 0.152052 9.998E-05 0.36341
9.9955E-05 9.9955E-05 9.9955E-05 9.9955E-05 0.0272482 0.934616 9.9955E-05 0.037636
0.00423862 0.656702 0.139693 0.180621 9.9982E-05 0.00474584 0.0138003 9.9982E-05
9.9973E-05 0.0182936 9.9973E-05 9.9973E-05 0.382688 0.553381 0.000306561 0.0450302
9.9955E-05 9.9955E-05 9.9955E-05 9.9955E-05 0.0863432 0.906124 0.00703308 9.9955E-05
0.0777787 0.0526186 9.9982E-05 0.380704 9.9982E-05 0.0955712 0.39006 0.00306789
0.0034063 0.00463834 9.997E-05 0.539213 9.997E-05 0.416411 0.0360315 9.997E-05
9.9973E-05 9.9973E-05 0.065054 0.254758 0.397906 0.281321 0.000660821 9.9973E-05
0.0117355 9.996E-05 9.996E-05 0.014617 0.193685 0.779563 9.996E-05 9.996E-05
9.9964E-05 0.0100547 0.0160362 0.023562 9.9964E-05 0.949947 9.9964E-05 9.9964E-05
0.9993 9.994E-05 9.994E-05 9.994E-05 9.994E-05 9.994E-05 9.994E-05 9.994E-05
9.99459E-05 9.99459E-05 9.99459E-05 9.99459E-05 0.483566 0.515834 9.99459E-05 9.99459E-05
9.99459E-05 9.99459E-05 9.99459E-05 9.99459E-05 0.447511 0.55189 9.99459E-05 9.99459E-05
9.9964E-05 9.9964E-05 0.13061 9.9964E-05 0.414278 0.197873 9.9964E-05 0.256839
0.00488481 9.9973E-05 0.247455 9.9973E-05 0.604746 0.0931359 9.9973E-05 0.0494791
9.9964E-05 9.9964E-05 0.011035 9.9964E-05 0.267673 0.107628 9.9964E-05 0.613264
9.9955E-05 0.00250203 9.9955E-05 0.0100243 9.9955E-05 0.986974 9.9955E-05 9.9955E-05
9.9946E-05 9.9946E-05 9.9946E-05 9.9946E-05 0.479008 0.520392 9.9946E-05 9.9946E-05
9.9946E-05 9.9946E-05 9.9946E-05 9.9946E-05 0.11452 0.88488 9.9946E-05 9.9946E-05
9.9964E-05 9.9964E-05 9.9964E-05 0.0402061 0.548988 0.349843 9.9964E-05 0.0605624
9.9973E-05 9.9973E-05 0.214978 0.637995 0.00626283 0.13947 0.000995289 9.9973E-05
9.995E-05 0.00753127 9.995E-05 0.029827 9.995E-05 0.962142 9.995E-05 9.995E-05
9.9964E-05 0.0580618 0.321168 9.9964E-05 0.414679 0.205691 9.9964E-05 9.9964E-05
0.00538129 9.998E-05 0.139003 0.0693534 0.551509 0.220416 0.0141377 9.998E-05
9.9964E-05 0.852885 0.0888913 0.0374819 9.9964E-05 9.9964E-05 0.0203419 9.9964E-05
9.9955E-05 9.9955E-05 0.0287016 9.9955E-05 0.0283664 0.942432 9.9955E-05 9.9955E-05
9.994E-05 9.994E-05 9.994E-05 9.994E-05 9.994E-05 0.9993 9.994E-05 9.994E-05
9.9982E-05 9.9982E-05 0.170128 0.00345677 0.404057 0.0211753 0.0198366 0.381146
9.994E-05 9.994E-05 9.994E-05 9.994E-05 9.994E-05 9.994E-05 0.9993 9.994E-05
9.99549E-05 9.99549E-05 9.99549E-05 9.99549E-05 9.99549E-05 0.0680175 0.0107584 0.920724
9.9955E-05 0.035773 9.9955E-05 9.9955E-05 0.197991 0.765737 9.9955E-05 9.9955E-05
0.00816329 0.0264257 9.9964E-05 0.043727 9.9964E-05 0.921284 9.9964E-05 9.9964E-05
9.9964E-05 9.9964E-05 0.0613387 9.9964E-05 0.385103 0.104433 9.9964E-05 0.448726
9.994E-05 9.994E-05 9.994E-05 9.994E-05 9.994E-05 9.994E-05 0.9993 9.994E-05
9.9955E-05 0.642832 9.9955E-05 0.341367 9.9955E-05 9.9955E-05 0.0153017 9.9955E-05
9.9964E-05 9.9964E-05 0.133514 9.9964E-05 0.211735 0.65353 9.9964E-05 0.000821142
9.9946E-05 9.9946E-05 9.9946E-05 9.9946E-05 0.268637 0.730763 9.9946E-05 9.9946E-05
9.996E-05 9.996E-05 0.220167 9.996E-05 0.548055 0.150122 9.996E-05 0.081256
9.9961E-05 0.0232711 9.9961E-05 0.012077 9.9961E-05 0.964152 9.9961E-05 9.9961E-05
9.9973E-05 9.9973E-05 9.9973E-05 0.398068 0.0261587 0.0183763 0.040147 0.51695
0.100009 0.142668 9.9982E-05 0.201422 9.9982E-05 0.0236889 0.501209 0.0308031
0.0022069 0.038275 9.9964E-05 9.9964E-05 0.0903002 0.868818 9.9964E-05 9.9964E-05
9.99639E-05 9.99639E-05 0.0320545 9.99639E-05 0.419012 0.481832 9.99639E-05 0.0667014
9.9946E-05 0.999264 9.9946E-05 9.9946E-05 9.9946E-05 9.9946E-05 9.9946E-05 0.000136495
9.9964E-05 9.9964E-05 9.9964E-05 9.9964E-05 0.102204 0.855535 0.00103293 0.0408285
9.9955E-05 9.9955E-05 0.0143344 9.9955E-05 0.590745 0.39442 9.9955E-05 9.9955E-05
9.99502E-05 9.99502E-05 9.99502E-05 9.99502E-05 0.215383 0.784017 9.99502E-05 9.99502E-05
0.0087293 9.9955E-05 9.9955E-05 9.9955E-05 9.9955E-05 0.24057 9.9955E-05 0.750201
9.9982E-05 9.9982E-05 0.0693674 0.138263 0.421249 0.160623 0.000885965 0.209412
9.9964E-05 9.9964E-05 9.9964E-05 0.321011 0.404474 0.0706181 9.9964E-05 0.203497
0.00650127 9.99639E-05 9.99639E-05 0.519274 9.99639E-05 0.0492366 9.99639E-05 0.424588
9.9955E-05 0.00942346 9.9955E-05 9.9955E-05 0.412268 0.577808 9.9955E-05 9.9955E-05
9.9964E-05 0.00176834 9.9964E-05 9.9964E-05 0.121645 0.870188 0.00599816 9.9964E-05
9.9964E-05 0.00403223 9.9964E-05 9.9964E-05 0.298231 0.666073 0.0312639 9.9964E-05
0.0562168 0.00356823 9.9982E-05 0.0472359 9.9982E-05 0.00627058 0.863279 0.0232295
9.9964E-05 0.0194532 0.0287165 0.0513951 9.9964E-05 0.900035 9.9964E-05 9.9964E-05
0.0111339 0.0101118 0.00875865 0.012768 0.00140287 9.9982E-05 0.955625 9.9982E-05
9.9955E-05 0.00510939 9.9955E-05 9.9955E-05 0.335586 0.658805 9.9955E-05 9.9955E-05
9.99459E-05 0.938531 9.99459E-05 9.99459E-05 9.99459E-05 0.060869 9.99459E-05 9.99459E-05
9.9973E-05 0.00901738 0.000140344 9.9973E-05 0.376401 0.0318594 9.9973E-05 0.582282
0.00627431 9.9964E-05 0.410039 9.9964E-05 9.9964E-05 0.134333 9.9964E-05 0.448954
0.0363643 0.0377961 0.134768 9.9982E-05 0.157103 0.101808 9.9982E-05 0.531961
9.9955E-05 0.00409205 9.9955E-05 9.9955E-05 0.483666 0.511742 9.9955E-05 9.9955E-05
0.0129888 9.9982E-05 0.304923 0.134705 0.334456 0.19117 0.0215571 9.9982E-05
9.9973E-05 0.000650952 9.9973E-05 0.0026605 0.0652521 0.929353 0.00178364 9.9973E-05
0.00661795 0.0101011 0.0107303 9.9991E-05 0.492723 0.388823 0.00069449 0.0902105
0.00778913 0.020139 0.00678052 0.642776 9.9973E-05 0.322215 9.9973E-05 9.9973E-05
0.00450843 9.9982E-05 0.0549782 0.0826653 0.167045 0.673847 0.0167558 9.9982E-05
0.00188491 0.00250706 9.997E-05 0.030255 0.160153 0.8049 9.997E-05 9.997E-05
9.99549E-05 0.956476 9.99549E-05 9.99549E-05 9.99549E-05 0.0299921 0.0130326 9.99549E-05
9.9982E-05 0.0489311 0.180075 0.579346 0.0875899 0.103645 0.00021268 9.9982E-05
9.99461E-05 0.988038 9.99461E-05 9.99461E-05 9.99461E-05 9.99461E-05 9.99461E-05 0.0113619
9.9946E-05 9.9946E-05 9.9946E-05 9.9946E-05 0.352854 0.646547 9.9946E-05 9.9946E-05
9.997E-05 0.0446678 0.0116157 0.6467 0.120934 0.175782 9.997E-05 9.997E-05
9.9964E-05 0.0275876 0.0642057 0.681109 9.9964E-05 0.226698 9.9964E-05 9.9964E-05
9.9964E-05 9.9964E-05 9.9964E-05 9.9964E-05 0.193821 0.721664 0.0183631 0.0657525
9.9955E-05 9.9955E-05 0.00230071 9.9955E-05 9.9955E-05 0.984817 9.9955E-05 0.0123822
9.9946E-05 0.00789265 9.9946E-05 9.9946E-05 9.9946E-05 9.9946E-05 0.991508 9.9946E-05
9.99639E-05 0.0261678 0.380655 0.538656 9.99639E-05 9.99639E-05 9.99639E-05 0.0541217
9.9955E-05 9.9955E-05 9.9955E-05 9.9955E-05 0.330351 0.667943 0.00120559 9.9955E-05
0.0142855 0.408793 9.997E-05 0.395508 9.997E-05 0.136787 0.044327 9.997E-05
9.9955E-05 9.9955E-05 9.9955E-05 0.0277562 9.9955E-05 0.968687 0.00305667 9.9955E-05
0.9993 9.994E-05 9.994E-05 9.994E-05 9.994E-05 9.994E-05 9.994E-05 9.994E-05
0.00397124 9.997E-05 9.997E-05 0.0499144 0.0863438 0.846839 0.0126314 9.997E-05
0.604153 9.996E-05 9.996E-05 0.244153 9.996E-05 0.121771 0.0295229 9.996E-05
0.00281977 0.00674193 9.9991E-05 0.0177266 0.365232 0.0886956 0.0189842 0.4997
0.0112671 0.000245642 0.0399979 9.9964E-05 9.9964E-05 0.94809 9.9964E-05 9.9964E-05
0.0057477 9.9946E-05 9.9946E-05 9.9946E-05 9.9946E-05 0.993653 9.9946E-05 9.9946E-05
0.00337035 0.00680723 0.646208 0.248746 9.9982E-05 0.0882176 0.00645032 9.9982E-05
9.9964E-05 0.0020835 0.00782436 0.0806185 9.9964E-05 0.909074 9.9964E-05 9.9964E-05
9.99461E-05 0.974012 9.99461E-05 9.99461E-05 9.99461E-05 9.99461E-05 9.99461E-05 0.0253887
9.9973E-05 0.00460022 0.000971197 9.9973E-05 0.00765939 0.984217 0.00225215 9.9973E-05
0.9993 9.994E-05 9.994E-05 9.994E-05 9.994E-05 9.994E-05 9.994E-05 9.994E-05
9.9946E-05 9.9946E-05 9.9946E-05 9.9946E-05 0.00301416 0.996386 9.9946E-05 9.9946E-05
9.997E-05 0.021207 0.218585 0.0904918 0.577957 0.0914599 9.997E-05 9.997E-05
0.0129993 9.999E-05 0.153559 0.0101824 0.40572 0.312239 0.0157505 0.0894499
9.9964E-05 9.9964E-05 0.0485921 0.646728 0.2018 9.9964E-05 9.9964E-05 0.10248
0.00757441 9.998E-05 0.0533258 0.410002 0.288575 0.229737 0.0105855 9.998E-05
9.99639E-05 9.99639E-05 0.316567 0.458044 9.99639E-05 0.169635 0.0553549 9.99639E-05
9.994E-05 9.994E-05 9.994E-05 9.994E-05 9.994E-05 0.9993 9.994E-05 9.994E-05
9.9982E-05 0.0410213 0.11663 9.9982E-05 0.519502 0.292857 0.00227597 0.0275141
0.0104523 9.9955E-05 9.9955E-05 9.9955E-05 0.100959 0.888089 9.9955E-05 9.9955E-05
9.998E-05 0.0606802 0.134796 0.229883 0.393589 0.158643 0.022209 9.998E-05
9.9973E-05 0.00404724 0.0599893 0.168094 9.9973E-05 0.0985441 9.9973E-05 0.669025
0.00941243 0.00230978 9.9973E-05 0.0447187 0.0760417 0.867218 9.9973E-05 9.9973E-05
9.9955E-05 9.9955E-05 9.9955E-05 9.9955E-05 0.589309 0.402024 0.00816688 9.9955E-05
0.00101011 0.00147704 9.997E-05 9.997E-05 0.309493 0.680071 0.00764873 9.997E-05
9.9955E-05 9.9955E-05 0.0478836 0.0262613 9.9955E-05 0.925355 9.9955E-05 9.9955E-05
0.0214994 0.0443052 9.997E-05 0.53121 9.997E-05 0.400685 0.00200068 9.997E-05
9.9973E-05 9.9973E-05 0.140301 0.129593 0.463518 0.260143 0.0061443 9.9973E-05
0.0164817 0.0116552 0.104074 0.227598 0.305176 0.334815 9.9982E-05 9.9982E-05
0.886339 0.00858434 0.0343562 0.0600203 9.9973E-05 9.9973E-05 0.0104 9.9973E-05
9.9964E-05 0.00343133 0.0262137 0.0598528 9.9964E-05 0.910102 9.9964E-05 9.9964E-05
9.9946E-05 9.9946E-05 9.9946E-05 0.0339751 9.9946E-05 0.965425 9.9946E-05 9.9946E-05
0.00727184 0.003018 9.9973E-05 0.0105395 0.120859 0.858012 9.9973E-05 9.9973E-05
9.99459E-05 0.989632 9.99459E-05 9.99459E-05 9.99459E-05 0.00976799 9.99459E-05 9.99459E-05
0.00511203 9.9964E-05 9.9964E-05 0.0589937 0.264185 0.671309 9.9964E-05 9.9964E-05
9.9964E-05 9.9964E-05 0.37937 0.467969 0.0289979 0.123263 9.9964E-05 9.9964E-05
9.9982E-05 0.00993539 9.9982E-05 0.0290771 0.314062 0.368717 0.00857448 0.269433
0.000471209 9.9964E-05 9.9964E-05 0.0103969 9.9964E-05 0.978418 0.0103143 9.9964E-05
9.997E-05 0.0148592 0.0872236 0.0262841 0.0244612 0.846872 9.997E-05 9.997E-05
9.9955E-05 9.9955E-05 0.0011782 9.9955E-05 9.9955E-05 0.993929 9.9955E-05 0.00439263
9.9973E-05 9.9973E-05 0.464608 0.366259 0.0150926 0.12755 0.0261909 9.9973E-05
0.760155 0.0405245 9.9973E-05 0.155145 9.9973E-05 0.0120255 0.0318503 9.9973E-05
9.9946E-05 9.9946E-05 9.9946E-05 0.668841 9.9946E-05 9.9946E-05 9.9946E-05 0.330559
9.9973E-05 0.00603989 9.9973E-05 9.9973E-05 0.289679 0.527296 0.0220325 0.154652
0.935972 9.9955E-05 9.9955E-05 0.0515836 9.9955E-05 9.9955E-05 0.0119447 9.9955E-05
9.9964E-05 0.0311403 9.9964E-05 0.0962023 0.306446 0.565812 9.9964E-05 9.9964E-05
9.996E-05 9.996E-05 0.0919331 9.996E-05 0.312905 0.275557 9.996E-05 0.319205
0.000362691 0.0185311 9.9982E-05 0.0598097 9.9982E-05 0.886891 0.0118564 0.0223492
9.9946E-05 9.9946E-05 9.9946E-05 0.00438146 9.9946E-05 0.995019 9.9946E-05 9.9946E-05
9.9964E-05 9.9964E-05 0.0226788 0.022907 9.9964E-05 0.942406 0.0116079 9.9964E-05
9.996E-05 9.996E-05 0.145832 0.194749 0.217263 0.441756 9.996E-05 9.996E-05
9.99459E-05 0.948553 9.99459E-05 9.99459E-05 9.99459E-05 0.0508474 9.99459E-05 9.99459E-05
9.9946E-05 9.9946E-05 9.9946E-05 9.9946E-05 0.0396418 0.959759 9.9946E-05 9.9946E-05
9.9964E-05 9.9964E-05 0.594341 9.9964E-05 0.0340538 0.0773884 9.9964E-05 0.293817
9.996E-05 9.996E-05 9.996E-05 0.0155348 0.501522 0.409017 9.996E-05 0.0735266
0.0166538 0.960869 9.99639E-05 9.99639E-05 0.0130712 0.00900626 9.99639E-05 9.99639E-05
9.99549E-05 9.99549E-05 0.909407 9.99549E-05 9.99549E-05 0.086774 0.0033193 9.99549E-05
0.0256702 9.996E-05 9.996E-05 0.797147 0.0515496 0.125233 9.996E-05 9.996E-05
9.9982E-05 0.0264043 0.227306 0.173731 0.384667 0.128004 9.9982E-05 0.0596875
9.9946E-05 0.909507 9.9946E-05 9.9946E-05 9.9946E-05 0.0898935 9.9946E-05 9.9946E-05
9.9955E-05 9.9955E-05 9.9955E-05 9.9955E-05 0.457585 0.452949 9.9955E-05 0.0889663
0.9993 9.994E-05 9.994E-05 9.994E-05 9.994E-05 9.994E-05 9.994E-05 9.994E-05
0.00924581 9.9982E-05 0.00650313 9.9982E-05 0.467747 0.513854 0.00210598 0.000343869
9.9955E-05 9.9955E-05 9.9955E-05 9.9955E-05 0.101748 0.885606 0.0121454 9.9955E-05
0.997786 9.99461E-05 9.99461E-05 9.99461E-05 9.99461E-05 9.99461E-05 9.99461E-05 0.00161422
9.9946E-05 9.9946E-05 9.9946E-05 9.9946E-05 0.159075 0.840325 9.9946E-05 9.9946E-05
0.0132605 0.0117131 9.9973E-05 0.0290127 9.9973E-05 9.9973E-05 0.8993 0.0464135
9.9973E-05 9.9973E-05 0.198584 0.0482201 0.582299 0.15802 0.012576 9.9973E-05
9.9964E-05 0.0163158 9.9964E-05 0.0252419 0.0489915 0.909051 9.9964E-05 9.9964E-05
0.013431 0.0531604 0.498353 0.322776 9.9973E-05 0.111981 9.9973E-05 9.9973E-05
0.00596076 9.9973E-05 9.9973E-05 0.0444077 0.207491 0.6884 9.9973E-05 0.0534413
0.90898 9.996E-05 9.996E-05 0.0570978 9.996E-05 0.00626244 0.0272598 9.996E-05
0.00223752 0.0202443 0.0324054 0.0776806 0.472208 0.21546 9.9991E-05 0.179664
