0.014085 0.644222 0.316194 0.0250995 9.996E-05 9.996E-05 9.996E-05 9.996E-05
9.9946E-05 0.929017 9.9946E-05 0.0703833 9.9946E-05 9.9946E-05 9.9946E-05 9.9946E-05
9.9964E-05 0.971637 9.9964E-05 9.9964E-05 0.0115565 9.9964E-05 0.0055472 0.0108592
0.00465553 0.679876 0.0947305 9.9973E-05 9.9973E-05 0.00505311 9.9973E-05 0.215384
9.9973E-05 0.0983333 0.476083 0.318284 0.034431 9.9973E-05 9.9973E-05 0.0725694
9.9955E-05 0.158887 9.9955E-05 0.723053 9.9955E-05 9.9955E-05 9.9955E-05 0.11756
9.9964E-05 0.199608 9.9964E-05 0.0992765 9.9964E-05 9.9964E-05 0.548383 0.152333
9.9955E-05 0.148385 9.9955E-05 0.00923088 9.9955E-05 9.9955E-05 9.9955E-05 0.841884
0.0164322 0.947232 9.9973E-05 9.9973E-05 0.00788735 0.00821972 9.9973E-05 0.0199289
9.9946E-05 0.784564 0.214836 9.9946E-05 9.9946E-05 9.9946E-05 9.9946E-05 9.9946E-05
0.0230217 0.227746 0.535233 0.00381318 9.9982E-05 9.9982E-05 0.118757 0.0912295
0.00392602 0.104762 0.46208 9.9973E-05 0.000451491 9.9973E-05 0.428481 9.9973E-05
9.9964E-05 0.173892 0.679643 0.110467 9.9964E-05 9.9964E-05 9.9964E-05 0.0355979
9.99639E-05 0.0621494 0.0165603 0.860074 9.99639E-05 9.99639E-05 9.99639E-05 0.0608165
0.00115134 0.568656 0.335007 9.9964E-05 9.9964E-05 9.9964E-05 9.9964E-05 0.094786
0.0144511 0.501277 0.059121 0.193254 9.9991E-05 0.00305821 0.211991 0.0167471
9.9964E-05 0.176366 0.143424 9.9964E-05 9.9964E-05 9.9964E-05 0.580353 0.0994567
0.423902 0.219835 9.9973E-05 0.324214 0.00410086 0.0276486 9.9973E-05 9.9973E-05
0.00158172 0.970801 9.9964E-05 0.0223709 9.9964E-05 0.0048463 9.9964E-05 9.9964E-05
0.00947101 0.202568 9.9991E-05 0.0624953 0.0271826 0.0204759 0.31655 0.361157
9.9973E-05 0.924832 0.0583529 0.00992747 0.00199796 0.00459013 9.9973E-05 9.9973E-05
9.9964E-05 0.181312 0.530313 9.9964E-05 0.010126 9.9964E-05 0.27785 9.9964E-05
9.9982E-05 0.266869 0.52005 0.0523246 0.0244289 9.9982E-05 0.0717713 0.0643566
0.0193671 9.9973E-05 0.0600016 0.0179999 0.882234 9.9973E-05 9.9973E-05 0.0200973
9.9982E-05 0.159099 0.0902858 0.441942 0.0118778 9.9982E-05 0.00331919 0.293276
9.9982E-05 0.314332 0.506809 9.9982E-05 0.0275729 0.00354232 0.0372987 0.110245
9.9964E-05 0.275334 0.0394069 9.9964E-05 9.9964E-05 9.9964E-05 0.220079 0.46478
0.0053525 0.925423 0.0687245 9.9955E-05 9.9955E-05 9.9955E-05 9.9955E-05 9.9955E-05
9.9946E-05 0.807984 0.191417 9.9946E-05 9.9946E-05 9.9946E-05 9.9946E-05 9.9946E-05
9.9955E-05 0.9951 0.000892396 9.9955E-05 9.9955E-05 9.9955E-05 9.9955E-05 0.00350792
9.9955E-05 0.0325721 0.189854 0.777075 9.9955E-05 9.9955E-05 9.9955E-05 9.9955E-05
9.9946E-05 0.951457 9.9946E-05 0.0479432 9.9946E-05 9.9946E-05 9.9946E-05 9.9946E-05
9.9946E-05 0.985189 9.9946E-05 0.0142112 9.9946E-05 9.9946E-05 9.9946E-05 9.9946E-05
9.9955E-05 0.142643 9.9955E-05 0.624284 9.9955E-05 9.9955E-05 9.9955E-05 0.232573
9.9955E-05 0.968763 9.9955E-05 0.0267312 0.00400615 9.9955E-05 9.9955E-05 9.9955E-05
9.9982E-05 0.279599 0.00329989 0.140093 9.9982E-05 0.00489346 0.270509 0.301406
9.9946E-05 0.617404 0.381996 9.9946E-05 9.9946E-05 9.9946E-05 9.9946E-05 9.9946E-05
9.9964E-05 0.0829236 0.117197 9.9964E-05 9.9964E-05 0.0222595 0.77722 9.9964E-05
9.9973E-05 9.9973E-05 0.156243 0.446809 0.00202859 9.9973E-05 0.190714 0.203905
9.9973E-05 0.23949 0.319091 9.9973E-05 0.0493884 9.9973E-05 0.0769056 0.314824
9.9982E-05 0.0728294 0.0885469 0.639312 0.00586799 0.00511972 0.188124 9.9982E-05
9.9955E-05 0.974133 9.9955E-05 9.9955E-05 0.0221032 9.9955E-05 0.00326443 9.9955E-05
9.9964E-05 0.806115 0.185906 9.9964E-05 9.9964E-05 9.9964E-05 0.00496365 0.00261517
9.9964E-05 0.789271 0.16772 9.9964E-05 9.9964E-05 0.0049997 9.9964E-05 0.0376101
0.0267882 0.753255 0.120512 0.0359423 9.9973E-05 9.9973E-05 9.9973E-05 0.0632026
0.9993 9.994E-05 9.994E-05 9.994E-05 9.994E-05 9.994E-05 9.994E-05 9.994E-05
9.9955E-05 0.892443 9.9955E-05 9.9955E-05 9.9955E-05 9.9955E-05 0.0612172 0.0458405
9.9946E-05 0.909193 0.0902076 9.9946E-05 9.9946E-05 9.9946E-05 9.9946E-05 9.9946E-05
0.9993 9.994E-05 9.994E-05 9.994E-05 9.994E-05 9.994E-05 9.994E-05 9.994E-05
9.9955E-05 0.652943 0.334265 9.9955E-05 9.9955E-05 9.9955E-05 9.9955E-05 0.0122916
9.9973E-05 0.406222 0.448411 0.0168843 9.9973E-05 0.0115571 0.116626 9.9973E-05
9.9955E-05 0.72773 0.25654 9.9955E-05 9.9955E-05 9.9955E-05 9.9955E-05 0.0152308
9.9964E-05 0.54083 0.423975 9.9964E-05 0.016851 9.9964E-05 9.9964E-05 0.0179444
0.0246497 0.478525 9.9973E-05 0.470424 0.00507572 0.0210258 9.9973E-05 9.9973E-05
9.9973E-05 0.234612 0.452908 0.185884 0.0613574 9.9973E-05 9.9973E-05 0.0649387
9.996E-05 0.773163 9.996E-05 0.170757 0.0329948 0.0226855 9.996E-05 9.996E-05
0.00929933 0.939136 0.0455506 9.9964E-05 9.9964E-05 9.9964E-05 9.9964E-05 0.00561376
0.00721157 0.96305 9.9955E-05 0.0292385 9.9955E-05 9.9955E-05 9.9955E-05 9.9955E-05
0.0129362 0.739493 0.207372 0.000412861 0.0106934 9.9982E-05 9.9982E-05 0.0288921
9.9946E-05 0.749334 0.250067 9.9946E-05 9.9946E-05 9.9946E-05 9.9946E-05 9.9946E-05
9.9955E-05 0.960943 0.0337311 9.9955E-05 9.9955E-05 9.9955E-05 9.9955E-05 0.00482618
9.99641E-05 9.99641E-05 9.99641E-05 0.078347 0.82232 0.00786483 0.0910682 9.99641E-05
9.9964E-05 0.958097 9.9964E-05 9.9964E-05 0.00847261 0.00916755 0.0238631 9.9964E-05
9.9973E-05 0.228106 0.520861 0.201309 0.0279896 0.0214345 9.9973E-05 9.9973E-05
0.0121984 0.966645 9.9955E-05 9.9955E-05 9.9955E-05 9.9955E-05 0.0206568 9.9955E-05
9.9955E-05 0.975597 9.9955E-05 0.0184266 9.9955E-05 0.00547648 9.9955E-05 9.9955E-05
0.00480459 0.665625 0.329071 9.9955E-05 9.9955E-05 9.9955E-05 9.9955E-05 9.9955E-05
9.9955E-05 0.668708 0.323868 9.9955E-05 9.9955E-05 9.9955E-05 0.00692469 9.9955E-05
9.9955E-05 0.137647 0.263963 9.9955E-05 9.9955E-05 9.9955E-05 0.597889 9.9955E-05
0.9993 9.994E-05 9.994E-05 9.994E-05 9.994E-05 9.994E-05 9.994E-05 9.994E-05
9.9964E-05 0.334084 0.0116548 9.9964E-05 0.0120154 9.9964E-05 9.9964E-05 0.641846
9.996E-05 0.816297 9.996E-05 0.125649 0.0307002 0.0269543 9.996E-05 9.996E-05
0.0171594 0.80441 0.165166 9.997E-05 0.00631609 0.00664855 9.997E-05 9.997E-05
9.995E-05 0.947904 9.995E-05 0.026434 0.0251617 9.995E-05 9.995E-05 9.995E-05
9.9964E-05 0.991679 9.9964E-05 0.0017867 9.9964E-05 0.00424624 0.00188795 9.9964E-05
0.0261067 0.908701 9.9973E-05 0.0575557 9.9973E-05 0.00422876 0.00310814 9.9973E-05
9.9955E-05 0.984247 0.00999712 9.9955E-05 9.9955E-05 9.9955E-05 0.00525579 9.9955E-05
9.9964E-05 0.0443734 0.543652 0.310836 9.9964E-05 9.9964E-05 0.100739 9.9964E-05
9.9955E-05 0.950315 0.0278602 9.9955E-05 9.9955E-05 9.9955E-05 9.9955E-05 0.0213252
0.0142212 9.997E-05 9.997E-05 0.152248 0.668741 0.00560547 0.158884 9.997E-05
0.00120555 0.564498 0.404562 9.9973E-05 0.0219552 9.9973E-05 9.9973E-05 0.00747917
0.0108524 0.932723 0.0559247 9.9955E-05 9.9955E-05 9.9955E-05 9.9955E-05 9.9955E-05
0.397737 0.0631007 9.9973E-05 0.425365 0.056708 0.0567899 9.9973E-05 9.9973E-05
0.0378321 0.386176 9.9973E-05 0.551901 0.00976074 0.0140296 9.9973E-05 9.9973E-05
9.9964E-05 0.4551 0.0356935 0.0888243 9.9964E-05 9.9964E-05 9.9964E-05 0.419982
0.00836792 0.809286 0.154573 0.0189357 9.9973E-05 0.00853694 9.9973E-05 9.9973E-05
9.9964E-05 0.940211 9.9964E-05 0.0445407 0.007908 9.9964E-05 0.00694076 9.9964E-05
9.994E-05 9.994E-05 9.994E-05 9.994E-05 9.994E-05 0.9993 9.994E-05 9.994E-05
0.0125054 0.555786 0.431209 9.99549E-05 9.99549E-05 9.99549E-05 9.99549E-05 9.99549E-05
9.99549E-05 0.57189 0.420048 9.99549E-05 0.00756256 9.99549E-05 9.99549E-05 9.99549E-05
9.9964E-05 0.105385 0.692336 0.173759 9.9964E-05 9.9964E-05 0.0281206 9.9964E-05
9.9982E-05 0.154342 0.561209 9.9982E-05 0.0139289 0.00932528 0.168969 0.0920261
9.9964E-05 0.0336076 0.77809 0.0489546 9.9964E-05 9.9964E-05 0.138948 9.9964E-05
9.9955E-05 0.966859 9.9955E-05 0.0231683 0.00947298 9.9955E-05 9.9955E-05 9.9955E-05
9.9955E-05 0.59094 0.333848 9.9955E-05 9.9955E-05 9.9955E-05 9.9955E-05 0.0747116
9.9946E-05 0.896988 0.102412 9.9946E-05 9.9946E-05 9.9946E-05 9.9946E-05 9.9946E-05
9.9973E-05 0.426401 0.503127 0.000795861 0.0176903 9.9973E-05 9.9973E-05 0.0516857
0.00147166 0.0922399 0.0298751 0.735804 9.9982E-05 9.9982E-05 0.0654714 0.0749385
9.9955E-05 0.955852 9.9955E-05 0.0420535 0.00159455 9.9955E-05 9.9955E-05 9.9955E-05
9.9973E-05 0.302954 0.258978 9.9973E-05 0.0560319 9.9973E-05 0.32437 0.0573658
0.00742654 0.368802 0.24089 9.997E-05 9.997E-05 0.00701091 9.997E-05 0.37557
0.026222 9.9964E-05 9.9964E-05 0.0396248 0.849373 9.9964E-05 0.0843801 9.9964E-05
9.99459E-05 0.57436 0.425041 9.99459E-05 9.99459E-05 9.99459E-05 9.99459E-05 9.99459E-05
9.9955E-05 0.955848 0.0136966 9.9955E-05 9.9955E-05 9.9955E-05 0.0299553 9.9955E-05
9.994E-05 0.9993 9.994E-05 9.994E-05 9.994E-05 9.994E-05 9.994E-05 9.994E-05
9.99639E-05 0.115733 0.1384 9.99639E-05 9.99639E-05 9.99639E-05 0.0938297 0.651637
0.9993 9.994E-05 9.994E-05 9.994E-05 9.994E-05 9.994E-05 9.994E-05 9.994E-05
0.00793979 0.0443501 0.474975 9.9973E-05 9.9973E-05 9.9973E-05 0.289783 0.182652
9.9964E-05 0.772428 0.186802 0.00110455 0.0392654 9.9964E-05 9.9964E-05 9.9964E-05
9.9964E-05 0.927803 9.9964E-05 0.0498877 0.0196447 0.00226471 9.9964E-05 9.9964E-05
9.9964E-05 0.109922 0.608697 9.9964E-05 0.00317588 9.9964E-05 0.277805 9.9964E-05
0.9993 9.994E-05 9.994E-05 9.994E-05 9.994E-05 9.994E-05 9.994E-05 9.994E-05
0.0260364 9.9955E-05 9.9955E-05 0.314657 0.658807 9.9955E-05 9.9955E-05 9.9955E-05
0.00484128 0.674529 0.254263 0.00780607 9.998E-05 9.998E-05 0.0571313 0.00122931
9.9946E-05 0.798064 0.201336 9.9946E-05 9.9946E-05 9.9946E-05 9.9946E-05 9.9946E-05
9.9982E-05 0.190196 0.632691 0.00492106 0.00751047 9.9982E-05 0.101762 0.0627202
9.9955E-05 0.964169 9.9955E-05 0.00641427 0.0289169 9.9955E-05 9.9955E-05 9.9955E-05
0.0292793 9.9973E-05 0.321324 0.474367 9.9973E-05 9.9973E-05 0.0981343 0.0765957
0.509551 0.00874918 0.0382763 0.213059 0.133014 0.0971501 9.9982E-05 9.9982E-05
9.9973E-05 0.875188 0.0750557 9.9973E-05 0.0351444 0.00681772 0.00749404 9.9973E-05
9.9955E-05 0.549736 0.359846 9.9955E-05 9.9955E-05 9.9955E-05 9.9955E-05 0.089918
9.9946E-05 9.9946E-05 0.00674442 9.9946E-05 0.992656 9.9946E-05 9.9946E-05 9.9946E-05
0.00360477 0.863633 0.101871 9.9964E-05 9.9964E-05 9.9964E-05 0.0304913 9.9964E-05
9.9955E-05 0.448747 0.545141 9.9955E-05 0.00561194 9.9955E-05 9.9955E-05 9.9955E-05
9.9946E-05 0.837245 0.162155 9.9946E-05 9.9946E-05 9.9946E-05 9.9946E-05 9.9946E-05
9.9973E-05 0.178416 0.466014 0.0951875 9.9973E-05 0.00409847 0.255984 9.9973E-05
0.00229339 0.131416 0.500081 0.211851 9.9973E-05 9.9973E-05 9.9973E-05 0.154059
9.9973E-05 0.261995 9.9973E-05 0.058653 0.012082 9.9973E-05 0.167374 0.499596
9.99729E-05 0.05082 0.0552854 0.403238 9.99729E-05 0.0185984 0.471758 9.99729E-05
9.996E-05 0.628105 0.320882 9.996E-05 0.0101975 9.996E-05 9.996E-05 0.0404159
0.00988466 0.902593 0.0806531 9.9964E-05 0.00646967 9.9964E-05 9.9964E-05 9.9964E-05
0.025235 0.671942 0.28605 9.9964E-05 0.0163734 9.9964E-05 9.9964E-05 9.9964E-05
0.867261 0.00739154 9.9973E-05 0.0384635 9.9973E-05 0.0577992 0.0287844 9.9973E-05
9.9964E-05 0.893736 9.9964E-05 0.0516826 0.0271017 9.9964E-05 0.0270803 9.9964E-05
0.953496 9.997E-05 0.00880325 0.00942485 0.0122541 0.0157216 9.997E-05 9.997E-05
9.9955E-05 0.683966 0.303069 9.9955E-05 0.0124659 9.9955E-05 9.9955E-05 9.9955E-05
9.994E-05 0.0547595 9.994E-05 9.994E-05 0.944641 9.994E-05 9.994E-05 9.994E-05
9.99639E-05 0.0336926 0.586606 9.99639E-05 9.99639E-05 9.99639E-05 0.366211 0.0130905
9.9973E-05 0.109755 0.258901 0.109563 9.9973E-05 0.00550158 0.515979 9.9973E-05
9.998E-05 0.131953 0.17877 9.998E-05 0.016522 0.0181395 0.305225 0.349191
9.9964E-05 0.555105 0.304695 9.9964E-05 0.00276544 9.9964E-05 9.9964E-05 0.137035
0.0234943 0.252054 0.1452 0.117869 9.9982E-05 9.9982E-05 0.2068 0.254384
9.9955E-05 0.965348 0.0239036 0.0102488 9.9955E-05 9.9955E-05 9.9955E-05 9.9955E-05
0.00525926 0.396176 0.537349 0.0284505 0.0121223 0.0204437 9.9982E-05 9.9982E-05
0.00191904 0.259595 9.9973E-05 0.706505 0.0125998 0.0190809 9.9973E-05 9.9973E-05
0.00776494 0.738352 0.0878382 0.0873381 9.9991E-05 0.00187886 0.0136885 0.0630393
9.9973E-05 0.849066 0.0899791 0.0267366 9.9973E-05 0.0127289 9.9973E-05 0.0211895
0.00049419 0.0329714 9.99549E-05 9.99549E-05 0.966035 9.99549E-05 9.99549E-05 9.99549E-05
9.9964E-05 0.0850623 9.9964E-05 0.652798 0.0454246 9.9964E-05 9.9964E-05 0.216315
9.99461E-05 9.99461E-05 9.99461E-05 9.99461E-05 0.969489 9.99461E-05 9.99461E-05 0.0299112
0.00600195 0.676622 0.315099 9.9964E-05 0.00187671 9.9964E-05 9.9964E-05 9.9964E-05
9.9991E-05 0.169732 0.0853058 0.642371 0.0608746 0.00628546 0.0103397 0.0249911
9.9964E-05 0.205944 9.9964E-05 0.673926 0.0265444 9.9964E-05 9.9964E-05 0.0931858
0.0206098 0.774016 0.19851 9.9964E-05 9.9964E-05 9.9964E-05 9.9964E-05 0.0064651
9.9955E-05 0.965769 0.0222989 9.9955E-05 9.9955E-05 9.9955E-05 0.011432 9.9955E-05
0.995585 9.9946E-05 9.9946E-05 9.9946E-05 0.00381537 9.9946E-05 9.9946E-05 9.9946E-05
9.99639E-05 0.0141361 9.99639E-05 0.529061 0.0339027 9.99639E-05 0.422501 9.99639E-05
0.00455294 0.729364 0.226377 9.9964E-05 9.9964E-05 9.9964E-05 9.9964E-05 0.0393054
0.0435612 0.110223 9.9973E-05 0.417211 0.412772 0.0159332 9.9973E-05 9.9973E-05
0.00339848 0.958416 9.9964E-05 0.0370716 0.000713828 9.9964E-05 9.9964E-05 9.9964E-05
9.994E-05 9.994E-05 9.994E-05 9.994E-05 9.994E-05 0.9993 9.994E-05 9.994E-05
0.0123778 0.876217 0.0570033 0.0413931 9.9982E-05 0.00623888 9.9982E-05 0.00657048
0.0191615 0.110599 9.9964E-05 0.264838 9.9964E-05 0.605002 9.9964E-05 9.9964E-05
0.0239268 0.0971835 0.488129 9.9991E-05 0.0070621 0.00545575 0.298248 0.0798948
9.9964E-05 0.961347 9.9964E-05 0.0184035 9.9964E-05 0.00662718 0.0132229 9.9964E-05
9.9946E-05 0.992878 9.9946E-05 9.9946E-05 9.9946E-05 0.00652233 9.9946E-05 9.9946E-05
0.0179279 0.0823046 9.99639E-05 0.323187 9.99639E-05 9.99639E-05 0.576181 9.99639E-05
9.99604E-05 0.914895 9.99604E-05 0.0840923 9.99604E-05 0.000513026 9.99604E-05 9.99604E-05
9.9955E-05 9.9955E-05 0.00348061 9.9955E-05 0.962994 9.9955E-05 0.0330256 9.9955E-05
0.00510148 0.994299 9.9946E-05 9.9946E-05 9.9946E-05 9.9946E-05 9.9946E-05 9.9946E-05
9.994E-05 9.994E-05 9.994E-05 9.994E-05 9.994E-05 0.9993 9.994E-05 9.994E-05
9.994E-05 0.9993 9.994E-05 9.994E-05 9.994E-05 9.994E-05 9.994E-05 9.994E-05
9.997E-05 0.203817 0.381625 9.997E-05 0.0337775 9.997E-05 0.296759 0.0837214
0.0166567 0.366345 0.352891 9.998E-05 9.998E-05 0.0211194 0.057179 0.185609
9.9973E-05 0.064325 0.0477278 0.471433 9.9973E-05 9.9973E-05 0.323507 0.0927065
0.0130837 0.324441 9.997E-05 0.231179 9.997E-05 0.00672797 9.997E-05 0.424268
0.0429209 0.0490158 0.193659 0.714004 9.9964E-05 9.9964E-05 9.9964E-05 9.9964E-05
0.000552739 0.998848 9.9946E-05 9.9946E-05 9.9946E-05 9.9946E-05 9.9946E-05 9.9946E-05
9.9973E-05 0.329496 0.443939 9.9973E-05 0.0405615 9.9973E-05 0.173696 0.0120068
9.9964E-05 0.885975 0.0972335 9.9964E-05 0.00826755 0.00812398 9.9964E-05 9.9964E-05
0.0180778 0.250635 0.191368 0.185096 0.053527 9.999E-05 0.0743514 0.226845
9.9946E-05 0.146053 9.9946E-05 9.9946E-05 9.9946E-05 9.9946E-05 0.853348 9.9946E-05
9.9982E-05 0.886885 0.00298482 0.0399627 0.0167363 0.010619 9.9982E-05 0.0426125
0.0123992 0.477196 0.450531 9.9964E-05 9.9964E-05 9.9964E-05 9.9964E-05 0.0594739
0.0167195 0.733169 0.249611 9.9955E-05 9.9955E-05 9.9955E-05 9.9955E-05 9.9955E-05
9.9955E-05 0.922836 9.9955E-05 0.0529421 9.9955E-05 9.9955E-05 0.0237218 9.9955E-05
0.00478018 0.349303 9.9973E-05 0.567616 0.0544819 0.0235189 9.9973E-05 9.9973E-05
0.00452484 0.352845 0.263648 0.0896625 9.9991E-05 0.00411297 0.0412365 0.243871
9.998E-05 0.412625 0.151779 0.187687 0.018095 0.01397 9.998E-05 0.215644
0.0122447 9.9964E-05 9.9964E-05 9.9964E-05 0.0343659 0.890715 0.0622745 9.9964E-05
9.9955E-05 0.902933 9.9955E-05 0.0840954 0.0124719 9.9955E-05 9.9955E-05 9.9955E-05
9.994E-05 0.973452 9.994E-05 0.0259488 9.994E-05 9.994E-05 9.994E-05 9.994E-05
9.9973E-05 0.905449 0.06411 0.000354466 9.9973E-05 0.0127018 9.9973E-05 0.0170847
9.99459E-05 0.0390007 9.99459E-05 9.99459E-05 0.9604 9.99459E-05 9.99459E-05 9.99459E-05
9.9964E-05 0.698924 0.228829 0.0698369 9.9964E-05 0.00201083 9.9964E-05 9.9964E-05
9.9973E-05 0.0499833 0.0250469 0.631553 9.9973E-05 9.9973E-05 0.00443592 0.28868
0.00601429 0.359741 0.453888 0.0322937 0.0173045 9.9991E-05 0.0629254 0.0677331
0.00730437 0.988345 9.9955E-05 9.9955E-05 9.9955E-05 0.00385092 9.9955E-05 9.9955E-05
9.9973E-05 0.872184 0.015287 0.0514182 9.9973E-05 9.9973E-05 0.0177278 0.0430826
9.994E-05 0.9993 9.994E-05 9.994E-05 9.994E-05 9.994E-05 9.994E-05 9.994E-05
0.00786573 0.0640883 0.0307384 0.556009 9.9982E-05 9.9982E-05 0.0801698 0.260929
0.0377855 0.00814674 9.9982E-05 0.141276 0.0260714 0.777414 9.9982E-05 0.00910647
9.9955E-05 9.9955E-05 0.0402842 0.65561 9.9955E-05 9.9955E-05 0.303606 9.9955E-05
0.0108494 0.567726 0.189748 9.9973E-05 9.9973E-05 9.9973E-05 0.0304944 0.200882
0.0151098 9.9955E-05 9.9955E-05 0.0319491 9.9955E-05 0.952441 9.9955E-05 9.9955E-05
0.00193739 0.593821 0.253226 0.0672577 0.0387002 0.00993414 0.0350233 9.9991E-05
9.99549E-05 0.263113 0.572814 9.99549E-05 9.99549E-05 9.99549E-05 0.163573 9.99549E-05
0.00245152 0.893128 9.9964E-05 0.0835828 0.0204378 9.9964E-05 9.9964E-05 9.9964E-05
0.00421709 0.971849 9.9955E-05 0.023434 9.9955E-05 9.9955E-05 9.9955E-05 9.9955E-05
0.0159337 0.956344 9.9955E-05 0.0272222 9.9955E-05 9.9955E-05 9.9955E-05 9.9955E-05
9.9973E-05 0.467752 0.202791 0.235311 9.9973E-05 9.9973E-05 0.0811471 0.0126992
9.99459E-05 0.0473644 9.99459E-05 9.99459E-05 0.952036 9.99459E-05 9.99459E-05 9.99459E-05
9.9946E-05 0.983142 0.0162582 9.9946E-05 9.9946E-05 9.9946E-05 9.9946E-05 9.9946E-05
9.996E-05 0.0681102 0.252128 0.116635 9.996E-05 9.996E-05 0.562727 9.996E-05
9.9955E-05 0.442086 0.4549 9.9955E-05 9.9955E-05 9.9955E-05 9.9955E-05 0.102515
9.996E-05 0.0160764 9.996E-05 9.996E-05 0.949179 0.00859572 9.996E-05 0.0257495
9.9973E-05 0.139057 0.00546859 0.188898 9.9973E-05 9.9973E-05 0.516315 0.149962
9.9964E-05 0.11379 0.0306051 0.824223 9.9964E-05 0.030982 9.9964E-05 9.9964E-05
9.9973E-05 0.301262 0.000476682 9.9973E-05 0.0353556 9.9973E-05 0.24641 0.416196
9.9946E-05 0.0813224 9.9946E-05 9.9946E-05 0.918078 9.9946E-05 9.9946E-05 9.9946E-05
9.9946E-05 0.47357 0.52583 9.9946E-05 9.9946E-05 9.9946E-05 9.9946E-05 9.9946E-05
9.994E-05 9.994E-05 9.994E-05 9.994E-05 9.994E-05 0.9993 9.994E-05 9.994E-05
9.99549E-05 0.573038 0.256529 9.99549E-05 9.99549E-05 9.99549E-05 9.99549E-05 0.169932
0.0145443 0.899302 0.0856539 9.9955E-05 9.9955E-05 9.9955E-05 9.9955E-05 9.9955E-05
9.994E-05 9.994E-05 9.994E-05 9.994E-05 9.994E-05 0.9993 9.994E-05 9.994E-05
9.9955E-05 0.892663 0.103372 9.9955E-05 9.9955E-05 9.9955E-05 9.9955E-05 0.00346529
0.903613 0.00588134 9.9982E-05 0.00256699 0.0188225 0.00822212 0.0606939 9.9982E-05
0.000596214 0.0976039 0.691877 0.209523 9.9964E-05 9.9964E-05 9.9964E-05 9.9964E-05
9.9964E-05 0.937438 0.000224024 0.0384641 0.0234741 9.9964E-05 9.9964E-05 9.9964E-05
9.9973E-05 0.0978173 0.00353805 0.496813 0.0577872 9.9973E-05 0.343744 9.9973E-05
0.00147648 0.723976 0.19965 0.0320794 9.9982E-05 0.0124274 9.9982E-05 0.0301903
0.0224911 9.9955E-05 9.9955E-05 0.0680436 9.9955E-05 0.908966 9.9955E-05 9.9955E-05
9.9991E-05 0.321053 0.296893 0.00236323 0.0146033 0.017633 0.0759201 0.271435
