0.299826 9.9955E-05 9.9955E-05 0.0165592 9.9955E-05 9.9955E-05 0.584368 9.9955E-05 0.0987462
9.9937E-05 0.0420901 9.9937E-05 9.9937E-05 9.9937E-05 9.9937E-05 0.95721 9.9937E-05 9.9937E-05
0.0500833 0.0199868 9.9973E-05 9.9973E-05 0.000602347 0.00836985 0.91596 0.00469787 9.9973E-05
0.356302 9.9964E-05 0.069604 0.0101348 0.0075523 9.9964E-05 0.556007 9.9964E-05 9.9964E-05
0.435971 9.9964E-05 0.367954 9.9964E-05 9.9964E-05 9.9964E-05 0.0951347 0.0429859 0.0575548
0.077319 0.62124 0.154891 9.9964E-05 9.9964E-05 9.9964E-05 0.124521 9.9964E-05 0.0216287
0.0182824 9.9964E-05 0.477652 9.9964E-05 9.9964E-05 0.228702 0.152384 9.9964E-05 0.12258
0.497349 0.169978 0.193398 9.9955E-05 9.9955E-05 0.138775 9.9955E-05 9.9955E-05 9.9955E-05
0.0292599 0.0141743 9.9982E-05 0.0104238 0.00986232 0.03136 0.898503 0.00621666 9.9982E-05
0.282674 9.9937E-05 9.9937E-05 9.9937E-05 9.9937E-05 9.9937E-05 0.716626 9.9937E-05 9.9937E-05
0.318727 9.9964E-05 9.9964E-05 0.0200388 9.9964E-05 0.102924 0.142837 9.9964E-05 0.415072
0.123794 9.9946E-05 9.9946E-05 0.00259903 9.9946E-05 9.9946E-05 9.9946E-05 9.9946E-05 0.873007
0.483086 9.9964E-05 0.0596579 9.9964E-05 9.9964E-05 0.0667148 0.149477 9.9964E-05 0.240664
9.99549E-05 0.799704 0.0553177 9.99549E-05 9.99549E-05 0.0811212 0.0633577 9.99549E-05 9.99549E-05
0.59197 9.9946E-05 9.9946E-05 0.0119446 9.9946E-05 9.9946E-05 0.395486 9.9946E-05 9.9946E-05
0.0844361 0.192892 0.0690768 0.000808561 0.00286578 9.9982E-05 0.431726 9.9982E-05 0.217996
0.0847155 0.0816031 0.0226511 9.9964E-05 9.9964E-05 0.678335 0.132296 9.9964E-05 9.9964E-05
9.99549E-05 0.420412 9.99549E-05 0.412319 0.0157347 9.99549E-05 0.151034 9.99549E-05 9.99549E-05
9.9946E-05 9.9946E-05 0.010885 9.9946E-05 0.00624372 9.9946E-05 0.982272 9.9946E-05 9.9946E-05
0.0960293 9.9973E-05 0.409397 9.9973E-05 0.0180669 0.343596 0.0996625 0.0329483 9.9973E-05
0.116059 9.9955E-05 0.00018917 9.9955E-05 9.9955E-05 9.9955E-05 0.878183 0.00506859 9.9955E-05
0.324039 9.9964E-05 9.9964E-05 9.9964E-05 9.9964E-05 0.108581 0.105167 0.00772056 0.454093
0.503215 9.9964E-05 0.0706295 9.9964E-05 9.9964E-05 9.9964E-05 0.151826 0.0101716 0.263757
0.0734386 0.0323978 9.9955E-05 0.00833151 9.9955E-05 9.9955E-05 9.9955E-05 0.885332 9.9955E-05
0.49903 9.9964E-05 9.9964E-05 9.9964E-05 9.9964E-05 0.111401 0.203094 0.0148817 0.171194
0.141357 0.00613545 0.219946 0.0104617 9.9982E-05 0.425599 0.181634 9.9982E-05 0.0146677
0.138736 9.9946E-05 9.9946E-05 0.00108819 9.9946E-05 9.9946E-05 0.859576 9.9946E-05 9.9946E-05
0.303687 9.9937E-05 9.9937E-05 9.9937E-05 9.9937E-05 9.9937E-05 0.695613 9.9937E-05 9.9937E-05
0.029186 9.9937E-05 9.9937E-05 9.9937E-05 9.9937E-05 9.9937E-05 0.970114 9.9937E-05 9.9937E-05
0.0193716 0.706222 9.99459E-05 9.99459E-05 9.99459E-05 9.99459E-05 9.99459E-05 9.99459E-05 0.273806
9.9946E-05 0.0332095 0.0184737 9.9946E-05 9.9946E-05 9.9946E-05 0.947717 9.9946E-05 9.9946E-05
9.9946E-05 9.9946E-05 0.0170134 9.9946E-05 9.9946E-05 9.9946E-05 0.965805 9.9946E-05 0.016582
9.9955E-05 0.238137 0.473513 9.9955E-05 9.9955E-05 0.12052 0.16733 9.9955E-05 9.9955E-05
9.9964E-05 9.9964E-05 0.00715212 9.9964E-05 9.9964E-05 0.000469583 0.976346 0.0143059 0.00132702
0.0606226 9.9964E-05 0.306993 9.9964E-05 0.0174244 9.9964E-05 0.200926 9.9964E-05 0.413635
0.503684 9.9937E-05 9.9937E-05 9.9937E-05 9.9937E-05 9.9937E-05 0.495616 9.9937E-05 9.9937E-05
0.116182 0.076063 0.0522598 9.9982E-05 0.0213107 0.123726 9.9982E-05 0.0130122 0.597247
9.9973E-05 0.0385883 0.553418 0.0103759 9.9973E-05 0.375969 0.0119597 0.00938881 9.9973E-05
0.603576 9.9964E-05 0.169671 9.9964E-05 9.9964E-05 9.9964E-05 0.0318118 0.034608 0.159933
0.0877471 0.21173 0.585733 9.9973E-05 0.00638382 9.9973E-05 0.098992 0.00911418 9.9973E-05
9.9955E-05 9.9955E-05 0.00158672 9.9955E-05 0.00752423 9.9955E-05 0.980489 0.00990006 9.9955E-05
0.210986 9.9946E-05 9.9946E-05 9.9946E-05 9.9946E-05 9.9946E-05 0.752116 9.9946E-05 0.0362987
0.306675 9.9946E-05 9.9946E-05 9.9946E-05 0.00643069 9.9946E-05 0.686294 9.9946E-05 9.9946E-05
0.242936 9.9955E-05 0.0777793 0.0222641 9.9955E-05 9.9955E-05 0.656521 9.9955E-05 9.9955E-05
9.993E-05 9.993E-05 9.993E-05 0.999201 9.993E-05 9.993E-05 9.993E-05 9.993E-05 9.993E-05
0.0085375 9.9964E-05 0.0312672 9.9964E-05 9.9964E-05 0.00151878 0.882581 9.9964E-05 0.0756959
0.164827 9.9937E-05 9.9937E-05 9.9937E-05 9.9937E-05 9.9937E-05 0.834474 9.9937E-05 9.9937E-05
9.993E-05 9.993E-05 9.993E-05 0.999201 9.993E-05 9.993E-05 9.993E-05 9.993E-05 9.993E-05
0.477762 9.99369E-05 9.99369E-05 9.99369E-05 9.99369E-05 9.99369E-05 0.521539 9.99369E-05 9.99369E-05
0.386882 0.029328 9.9964E-05 9.9964E-05 9.9964E-05 0.10513 0.328081 9.9964E-05 0.150179
0.376035 9.9946E-05 9.9946E-05 9.9946E-05 0.00235916 9.9946E-05 0.621007 9.9946E-05 9.9946E-05
0.472221 9.9955E-05 9.9955E-05 9.9955E-05 9.9955E-05 9.9955E-05 0.445589 0.00921541 0.0724742
9.99459E-05 0.51761 9.99459E-05 0.0255068 9.99459E-05 9.99459E-05 0.456284 9.99459E-05 9.99459E-05
0.459167 0.113033 0.100276 9.9982E-05 9.9982E-05 0.0732933 0.174227 0.0480365 0.0317665
9.99549E-05 0.225698 9.99549E-05 9.99549E-05 0.0138564 9.99549E-05 0.735535 0.0244105 9.99549E-05
0.101964 9.9946E-05 9.9946E-05 0.00671827 9.9946E-05 9.9946E-05 0.890718 9.9946E-05 9.9946E-05
9.99569E-05 0.0042725 9.99569E-05 0.013815 9.99569E-05 0.00513932 0.976273 9.99569E-05 9.99569E-05
0.313732 0.00568295 0.00274903 9.9973E-05 9.9973E-05 9.9973E-05 0.669485 0.00599927 0.00205169
0.322962 9.9937E-05 9.9937E-05 9.9937E-05 9.9937E-05 9.9937E-05 0.676339 9.9937E-05 9.9937E-05
0.0779902 9.9937E-05 9.9937E-05 9.9937E-05 9.9937E-05 9.9937E-05 0.92131 9.9937E-05 9.9937E-05
9.99551E-05 0.0935516 9.99551E-05 9.99551E-05 0.00720057 0.0500288 9.99551E-05 0.848719 9.99551E-05
9.9955E-05 9.9955E-05 9.9955E-05 9.9955E-05 0.00862456 0.0300369 0.957331 0.00350774 9.9955E-05
0.412705 0.184844 9.9973E-05 9.9973E-05 0.00762063 9.9973E-05 0.127889 0.0102942 0.256348
0.0142306 9.9964E-05 9.9964E-05 0.0105317 9.9964E-05 0.0233103 0.941053 9.9964E-05 0.0104749
9.9946E-05 9.9946E-05 0.0107849 9.9946E-05 0.00314148 9.9946E-05 0.985474 9.9946E-05 9.9946E-05
0.409619 9.9955E-05 9.9955E-05 0.00246954 9.9955E-05 9.9955E-05 0.583095 9.9955E-05 0.00431629
0.37666 9.9955E-05 9.9955E-05 9.9955E-05 9.9955E-05 0.0296387 0.577756 9.9955E-05 0.0154455
9.9955E-05 9.9955E-05 9.9955E-05 9.9955E-05 9.9955E-05 0.0833106 0.0799326 0.00604603 0.830211
9.993E-05 9.993E-05 9.993E-05 0.999201 9.993E-05 9.993E-05 9.993E-05 9.993E-05 9.993E-05
0.579897 9.9946E-05 0.343687 9.9946E-05 9.9946E-05 9.9946E-05 0.0758163 9.9946E-05 9.9946E-05
9.99639E-05 0.168958 9.99639E-05 0.00156032 0.0119422 9.99639E-05 0.798231 0.0189087 9.99639E-05
0.227088 9.9955E-05 9.9955E-05 0.000112111 9.9955E-05 9.9955E-05 0.756938 0.015362 9.9955E-05
9.9946E-05 0.0241332 9.9946E-05 9.9946E-05 9.9946E-05 9.9946E-05 0.943912 0.0313551 9.9946E-05
9.99371E-05 9.99371E-05 9.99371E-05 9.99371E-05 0.000487715 9.99371E-05 0.998813 9.99371E-05 9.99371E-05
9.9973E-05 0.029596 0.0171333 0.0240927 0.00340785 9.9973E-05 0.924747 9.9973E-05 0.00072337
0.0207215 9.9946E-05 9.9946E-05 9.9946E-05 9.9946E-05 0.0255593 0.953119 9.9946E-05 9.9946E-05
0.186907 0.196443 9.996E-05 9.996E-05 9.996E-05 0.115651 0.0404959 9.996E-05 0.460102
0.0199246 9.9955E-05 0.00036687 9.9955E-05 9.9955E-05 0.0395068 0.939702 9.9955E-05 9.9955E-05
9.99461E-05 0.267603 9.99461E-05 9.99461E-05 9.99461E-05 9.99461E-05 9.99461E-05 0.65362 0.0781779
0.489273 0.00341732 9.9964E-05 9.9964E-05 9.9964E-05 0.0188042 0.472079 0.0160266 9.9964E-05
0.112856 9.9937E-05 9.9937E-05 9.9937E-05 9.9937E-05 9.9937E-05 0.886444 9.9937E-05 9.9937E-05
9.9973E-05 0.502602 9.9973E-05 0.382298 0.0543604 0.00961587 0.0234772 0.0273468 9.9973E-05
9.9946E-05 0.583256 9.9946E-05 0.0292331 9.9946E-05 9.9946E-05 0.386911 9.9946E-05 9.9946E-05
0.397278 0.106457 0.258441 9.9955E-05 9.9955E-05 9.9955E-05 0.237324 9.9955E-05 9.9955E-05
0.213366 0.0411841 9.9964E-05 0.00395603 0.0013253 9.9964E-05 0.739768 9.9964E-05 9.9964E-05
9.9955E-05 0.0353789 9.9955E-05 9.9955E-05 9.9955E-05 9.9955E-05 0.946266 0.00643319 0.011422
9.993E-05 9.993E-05 9.993E-05 9.993E-05 0.999201 9.993E-05 9.993E-05 9.993E-05 9.993E-05
0.549283 9.99549E-05 9.99549E-05 0.00563599 9.99549E-05 9.99549E-05 0.426888 9.99549E-05 0.0176925
0.491073 9.9946E-05 9.9946E-05 9.9946E-05 9.9946E-05 9.9946E-05 0.482723 9.9946E-05 0.0256049
0.279259 9.9964E-05 0.0133345 9.9964E-05 9.9964E-05 0.0989399 0.108251 9.9964E-05 0.499816
0.550322 0.0203821 9.9973E-05 9.9973E-05 0.00528177 0.198946 9.9973E-05 0.0130755 0.211693
0.140176 9.9955E-05 9.9955E-05 9.9955E-05 9.9955E-05 0.397676 0.0708923 9.9955E-05 0.390755
9.9946E-05 0.0295566 9.9946E-05 9.9946E-05 9.9946E-05 9.9946E-05 0.962722 0.00712203 9.9946E-05
0.548098 9.9937E-05 9.9937E-05 9.9937E-05 9.9937E-05 9.9937E-05 0.451202 9.9937E-05 9.9937E-05
0.141736 9.9946E-05 9.9946E-05 9.9946E-05 0.00127831 9.9946E-05 0.856386 9.9946E-05 9.9946E-05
0.715745 0.0844519 9.9955E-05 9.9955E-05 9.9955E-05 9.9955E-05 0.188058 9.9955E-05 0.0112449
9.9964E-05 0.398658 0.425966 0.00429796 9.9964E-05 9.9964E-05 0.125643 9.9964E-05 0.0450357
9.9955E-05 0.00451636 0.0166157 9.9955E-05 9.9955E-05 9.9955E-05 0.967866 0.010502 9.9955E-05
0.44188 0.00579935 0.148465 9.9982E-05 9.9982E-05 0.0400449 0.126084 0.0582448 0.179282
0.618458 9.9973E-05 0.215756 0.0130669 0.000534056 9.9973E-05 0.137568 9.9973E-05 0.0143177
9.99461E-05 9.99461E-05 0.140631 0.00737286 9.99461E-05 9.99461E-05 9.99461E-05 0.851397 9.99461E-05
0.0119249 9.9955E-05 9.9955E-05 9.9955E-05 9.9955E-05 0.00605283 0.942701 9.9955E-05 0.0388214
9.993E-05 9.993E-05 9.993E-05 9.993E-05 9.993E-05 9.993E-05 0.999201 9.993E-05 9.993E-05
0.375396 9.9964E-05 0.150062 0.00628956 9.9964E-05 0.28355 9.9964E-05 9.9964E-05 0.184303
0.00377831 9.9946E-05 9.9946E-05 0.990087 9.9946E-05 9.9946E-05 0.00553512 9.9946E-05 9.9946E-05
0.0160361 9.99459E-05 9.99459E-05 9.99459E-05 9.99459E-05 0.929006 0.0543578 9.99459E-05 9.99459E-05
0.194643 9.9955E-05 9.9955E-05 9.9955E-05 9.9955E-05 9.9955E-05 0.724459 0.0240657 0.0563326
9.9955E-05 0.0473995 9.9955E-05 9.9955E-05 0.00498037 9.9955E-05 0.924598 0.0225222 9.9955E-05
0.266789 9.9955E-05 9.9955E-05 9.9955E-05 9.9955E-05 0.173973 0.0404319 9.9955E-05 0.518306
9.993E-05 9.993E-05 9.993E-05 0.999201 9.993E-05 9.993E-05 9.993E-05 9.993E-05 9.993E-05
9.9955E-05 0.348144 0.00435661 0.0242929 9.9955E-05 9.9955E-05 9.9955E-05 0.622706 9.9955E-05
0.185458 9.9946E-05 9.9946E-05 9.9946E-05 9.9946E-05 9.9946E-05 0.632184 9.9946E-05 0.181759
0.322484 9.9937E-05 9.9937E-05 9.9937E-05 9.9937E-05 9.9937E-05 0.676816 9.9937E-05 9.9937E-05
0.447194 9.9955E-05 9.9955E-05 9.9955E-05 9.9955E-05 0.079738 0.0966992 9.9955E-05 0.375869
9.9955E-05 9.9955E-05 0.00225359 9.9955E-05 9.9955E-05 0.0118328 0.959104 0.0263095 9.9955E-05
0.0667918 0.2582 0.236669 0.0297386 9.9982E-05 0.289352 0.0231689 9.9982E-05 0.0958796
9.9964E-05 0.298503 9.9964E-05 0.492308 0.0797875 9.9964E-05 9.9964E-05 0.121956 0.00704627
0.134743 9.9955E-05 9.9955E-05 9.9955E-05 0.00375379 9.9955E-05 0.816195 0.0448077 9.9955E-05
0.443051 9.9955E-05 9.9955E-05 9.9955E-05 9.9955E-05 0.0605745 0.441252 9.9955E-05 0.0546229
9.9937E-05 9.9937E-05 9.9937E-05 9.9937E-05 9.9937E-05 9.9937E-05 9.9937E-05 0.993634 0.00566595
0.126604 9.9955E-05 9.9955E-05 0.00398388 9.9955E-05 0.0571041 0.811808 9.9955E-05 9.9955E-05
0.520259 9.9946E-05 9.9946E-05 9.9946E-05 9.9946E-05 9.9946E-05 0.326026 9.9946E-05 0.153115
0.256139 9.9937E-05 9.9937E-05 9.9937E-05 9.9937E-05 9.9937E-05 0.743162 9.9937E-05 9.9937E-05
9.99461E-05 9.99461E-05 9.99461E-05 9.99461E-05 0.0023494 0.742076 0.254975 9.99461E-05 9.99461E-05
0.216063 0.0394609 0.013653 0.0216833 9.9982E-05 0.147522 0.165544 9.9982E-05 0.395874
0.379454 9.9955E-05 0.415775 9.9955E-05 9.9955E-05 0.140666 0.0636045 9.9955E-05 9.9955E-05
9.99369E-05 0.550878 9.99369E-05 9.99369E-05 9.99369E-05 0.448422 9.99369E-05 9.99369E-05 9.99369E-05
0.495658 9.9946E-05 9.9946E-05 9.9946E-05 9.9946E-05 9.9946E-05 0.484174 0.0195681 9.9946E-05
0.166634 9.9955E-05 9.9955E-05 0.0173538 9.9955E-05 9.9955E-05 0.810439 0.00507375 9.9955E-05
0.369894 9.9955E-05 9.9955E-05 0.0203332 9.9955E-05 9.9955E-05 0.590529 0.0187439 9.9955E-05
9.9955E-05 0.0686235 9.9955E-05 0.854381 0.0504725 0.0260236 9.9955E-05 9.9955E-05 9.9955E-05
0.0200058 0.0552356 9.9964E-05 9.9964E-05 9.9964E-05 9.9964E-05 0.881646 0.02921 0.0135032
0.0174319 9.9955E-05 0.00686413 0.964172 0.0110324 9.9955E-05 9.9955E-05 9.9955E-05 9.9955E-05
0.392817 9.9946E-05 9.9946E-05 9.9946E-05 9.9946E-05 9.9946E-05 0.593038 0.0135449 9.9946E-05
9.99369E-05 9.99369E-05 9.99369E-05 9.99369E-05 9.99369E-05 9.99369E-05 0.0595557 0.939745 9.99369E-05
0.275441 9.99459E-05 9.99459E-05 9.99459E-05 9.99459E-05 0.591545 9.99459E-05 9.99459E-05 0.132415
9.9964E-05 0.102553 9.9964E-05 9.9964E-05 0.00283053 0.330318 0.0729378 9.9964E-05 0.490961
0.0792798 0.00329475 9.9982E-05 9.9982E-05 0.0303174 0.548833 0.10015 0.0337466 0.204179
0.554252 0.00219988 0.0155647 9.9973E-05 9.9973E-05 0.00727233 0.416258 0.00415352 9.9973E-05
0.185306 9.9964E-05 0.26671 0.0274218 9.9964E-05 9.9964E-05 0.163698 9.9964E-05 0.356464
0.0635948 9.9946E-05 0.0111847 9.9946E-05 9.9946E-05 9.9946E-05 0.924621 9.9946E-05 9.9946E-05
0.590927 0.0507677 9.9982E-05 9.9982E-05 0.000295253 0.0588814 0.270834 0.0083301 0.0197637
9.99459E-05 0.737788 0.0134638 9.99459E-05 9.99459E-05 9.99459E-05 0.248149 9.99459E-05 9.99459E-05
0.174183 9.9964E-05 0.1586 0.00735614 0.00403041 9.9964E-05 0.655431 9.9964E-05 9.9964E-05
0.159872 0.048977 9.9955E-05 9.9955E-05 0.00561687 9.9955E-05 0.785035 9.9955E-05 9.9955E-05
9.99459E-05 9.99459E-05 9.99459E-05 0.0130224 9.99459E-05 9.99459E-05 0.0348796 0.951498 9.99459E-05
9.9955E-05 0.0848212 0.681412 9.9955E-05 9.9955E-05 9.9955E-05 0.172711 0.060556 9.9955E-05
9.99461E-05 9.99461E-05 9.99461E-05 9.99461E-05 9.99461E-05 0.00474516 9.99461E-05 0.993042 0.0016134
0.413827 9.9955E-05 9.9955E-05 0.00367569 9.9955E-05 9.9955E-05 0.578809 0.00318839 9.9955E-05
0.126281 0.687366 9.9964E-05 9.9964E-05 9.9964E-05 9.9964E-05 0.102409 0.0152417 0.0683026
0.0288641 0.522016 0.231772 9.9964E-05 9.9964E-05 9.9964E-05 0.189625 0.0273238 9.9964E-05
0.273247 9.9955E-05 9.9955E-05 0.0199438 9.9955E-05 0.0390477 0.667262 9.9955E-05 9.9955E-05
0.00247094 9.9946E-05 9.9946E-05 9.9946E-05 9.9946E-05 9.9946E-05 0.961355 9.9946E-05 0.0355747
9.9937E-05 9.9937E-05 9.9937E-05 0.994202 9.9937E-05 9.9937E-05 9.9937E-05 0.00509861 9.9937E-05
9.9964E-05 0.542643 0.20713 9.9964E-05 9.9964E-05 0.13126 9.9964E-05 0.0129698 0.105598
0.38128 9.99459E-05 0.0120712 9.99459E-05 9.99459E-05 9.99459E-05 0.606049 9.99459E-05 9.99459E-05
9.9964E-05 0.512847 9.9964E-05 0.024497 0.000784492 9.9964E-05 0.0697525 0.391719 9.9964E-05
9.9946E-05 0.0165648 0.0128643 9.9946E-05 9.9946E-05 9.9946E-05 0.969971 9.9946E-05 9.9946E-05
9.993E-05 9.993E-05 9.993E-05 9.993E-05 0.999201 9.993E-05 9.993E-05 9.993E-05 9.993E-05
0.116375 0.0641616 9.9955E-05 0.00756358 9.9955E-05 9.9955E-05 0.8114 9.9955E-05 9.9955E-05
9.9955E-05 0.331799 9.9955E-05 0.0121116 0.586909 9.9955E-05 0.0686805 9.9955E-05 9.9955E-05
0.286082 0.00699572 9.9973E-05 0.0197606 9.9973E-05 0.629928 0.0410188 0.0159146 9.9973E-05
9.9973E-05 0.0163849 0.00186813 9.9973E-05 0.0130249 9.9973E-05 0.928722 0.00833951 0.0313607
9.9937E-05 9.9937E-05 0.0157103 9.9937E-05 9.9937E-05 9.9937E-05 0.98359 9.9937E-05 9.9937E-05
9.9973E-05 9.9973E-05 0.676166 9.9973E-05 0.00683031 0.10331 0.137265 0.00622089 0.0699084
9.9955E-05 0.0631318 0.0317224 0.00193231 9.9955E-05 9.9955E-05 0.902714 9.9955E-05 9.9955E-05
9.99371E-05 9.99371E-05 9.99371E-05 9.99371E-05 9.99371E-05 0.0252136 9.99371E-05 0.974087 9.99371E-05
0.0273978 9.9955E-05 0.0099931 0.00506349 9.9955E-05 9.9955E-05 0.957046 9.9955E-05 9.9955E-05
9.993E-05 9.993E-05 9.993E-05 9.993E-05 0.999201 9.993E-05 9.993E-05 9.993E-05 9.993E-05
0.00767835 9.9946E-05 9.9946E-05 9.9946E-05 0.00149562 9.9946E-05 0.990226 9.9946E-05 9.9946E-05
0.383106 0.0669777 9.9964E-05 9.9964E-05 9.9964E-05 9.9964E-05 0.00113268 0.02379 0.524594
0.350217 9.9991E-05 0.109542 0.0154126 0.0123548 0.0956687 0.270307 0.00382676 0.142571
0.0482552 0.43885 0.203428 9.9973E-05 9.9973E-05 0.248125 0.0239835 9.9973E-05 0.0370584
0.185166 9.9973E-05 0.517047 0.0245444 0.0106465 9.9973E-05 0.260424 0.00187235 9.9973E-05
9.9973E-05 0.151264 0.568054 0.0502808 9.9973E-05 9.9973E-05 0.17478 0.00177045 0.0535509
9.9937E-05 9.9937E-05 9.9937E-05 9.9937E-05 9.9937E-05 0.00428746 0.995013 9.9937E-05 9.9937E-05
0.419229 9.99639E-05 9.99639E-05 9.99639E-05 9.99639E-05 0.0064196 0.22737 0.0412563 0.305325
0.147285 9.9946E-05 9.9946E-05 9.9946E-05 0.0014739 9.9946E-05 0.850641 9.9946E-05 9.9946E-05
0.422269 0.0825322 0.292045 0.0189941 9.9982E-05 9.9982E-05 0.140971 0.0423168 0.000671866
9.9964E-05 0.161212 0.0313065 9.9964E-05 9.9964E-05 0.762119 0.0427484 9.9964E-05 0.00221443
0.0879166 0.0751906 9.996E-05 9.996E-05 0.00453025 9.996E-05 0.813012 0.018951 9.996E-05
0.678494 9.9946E-05 9.9946E-05 0.0132905 9.9946E-05 9.9946E-05 0.307615 9.9946E-05 9.9946E-05
0.357108 9.9964E-05 9.9964E-05 0.00141327 0.00256855 9.9964E-05 0.622728 0.0157816 9.9964E-05
9.9955E-05 0.0412817 0.0169162 9.9955E-05 9.9955E-05 0.0323622 0.90894 9.9955E-05 9.9955E-05
9.9964E-05 0.529735 0.0516642 9.9964E-05 0.00538294 9.9964E-05 0.370264 0.0425534 9.9964E-05
0.513714 0.0667411 0.184821 9.9964E-05 9.9964E-05 9.9964E-05 0.171115 9.9964E-05 0.0632089
0.223413 0.148844 0.124431 9.9982E-05 0.0147405 9.9982E-05 0.31348 0.00339372 0.171498
0.000898412 0.00646084 0.0272233 0.00225709 0.890499 0.0408629 9.9982E-05 0.0315987 9.9982E-05
9.9973E-05 0.00585496 0.0555636 0.00475006 0.00188898 9.9973E-05 0.915078 0.0165644 9.9973E-05
9.9937E-05 0.0217042 9.9937E-05 9.9937E-05 9.9937E-05 9.9937E-05 0.977596 9.9937E-05 9.9937E-05
0.175935 9.9955E-05 9.9955E-05 9.9955E-05 0.00472346 9.9955E-05 0.816347 0.00249504 9.9955E-05
9.99369E-05 9.99369E-05 9.99369E-05 9.99369E-05 9.99369E-05 9.99369E-05 0.0261572 0.973143 9.99369E-05
0.324352 0.0544128 0.00948533 9.9973E-05 0.00931739 9.9973E-05 0.585968 9.9973E-05 0.0161645
9.9955E-05 0.043483 0.745134 9.9955E-05 9.9955E-05 0.00834 0.202543 9.9955E-05 9.9955E-05
0.375395 9.9973E-05 0.0170807 0.00322039 9.9973E-05 0.285562 0.316211 0.00223105 9.9973E-05
9.9955E-05 0.0190837 9.9955E-05 0.00234219 0.000693124 9.9955E-05 0.977381 9.9955E-05 9.9955E-05
0.0209859 0.0203398 0.0624781 9.9973E-05 9.9973E-05 9.9973E-05 0.843997 0.0122974 0.0396023
9.9937E-05 9.9937E-05 9.9937E-05 9.9937E-05 9.9937E-05 9.9937E-05 0.985245 9.9937E-05 0.0140553
9.99549E-05 9.99549E-05 0.694675 0.0314295 9.99549E-05 9.99549E-05 0.130183 9.99549E-05 0.143212
9.9964E-05 0.137088 9.9964E-05 0.0321111 0.7789 9.9964E-05 0.0115376 0.0399628 9.9964E-05
9.9964E-05 0.0223505 0.874145 9.9964E-05 0.00216742 0.047928 0.0530095 9.9964E-05 9.9964E-05
0.379158 9.9973E-05 0.00759043 0.0226253 9.9973E-05 0.127099 0.461851 0.00137583 9.9973E-05
9.9946E-05 0.0475607 9.9946E-05 0.004641 0.947199 9.9946E-05 9.9946E-05 9.9946E-05 9.9946E-05
0.308009 0.0751804 0.0280256 9.9982E-05 0.00222481 9.9982E-05 0.517253 0.0288862 0.0402214
0.285453 9.99549E-05 9.99549E-05 9.99549E-05 9.99549E-05 0.256481 0.228491 9.99549E-05 0.229076
9.9973E-05 0.0704627 0.00417916 0.0101799 9.9973E-05 0.0379529 0.862347 0.0145788 9.9973E-05
9.993E-05 9.993E-05 9.993E-05 9.993E-05 9.993E-05 9.993E-05 0.999201 9.993E-05 9.993E-05
9.9955E-05 9.9955E-05 0.0464536 0.00753528 9.9955E-05 9.9955E-05 0.940542 9.9955E-05 0.00496904
0.0856733 0.080765 0.139466 9.9964E-05 9.9964E-05 9.9964E-05 0.460304 9.9964E-05 0.233392
9.99369E-05 9.99369E-05 9.99369E-05 9.99369E-05 9.99369E-05 9.99369E-05 0.0615567 0.937744 9.99369E-05
0.0493812 9.9946E-05 9.9946E-05 0.00685044 9.9946E-05 9.9946E-05 0.943169 9.9946E-05 9.9946E-05
9.9937E-05 0.0863436 9.9937E-05 9.9937E-05 9.9937E-05 9.9937E-05 9.9937E-05 9.9937E-05 0.912957
0.619167 9.9955E-05 0.0786756 9.9955E-05 9.9955E-05 0.00680841 0.294849 9.9955E-05 9.9955E-05
0.01651 9.99459E-05 9.99459E-05 9.99459E-05 0.0145454 9.99459E-05 9.99459E-05 0.968345 9.99459E-05
9.9964E-05 9.9964E-05 0.472044 0.00421446 9.9964E-05 0.0814598 0.0590501 9.9964E-05 0.382831
0.091951 0.907349 9.9937E-05 9.9937E-05 9.9937E-05 9.9937E-05 9.9937E-05 9.9937E-05 9.9937E-05
0.361897 0.140825 0.136113 9.9982E-05 9.9982E-05 0.185538 0.0875228 0.0142126 0.0736922
0.0113543 9.9955E-05 9.9955E-05 0.00160847 9.9955E-05 9.9955E-05 0.0728479 0.91369 9.9955E-05
0.540143 9.9946E-05 9.9946E-05 9.9946E-05 9.9946E-05 0.0827994 0.376458 9.9946E-05 9.9946E-05
9.99369E-05 9.99369E-05 9.99369E-05 0.00283855 0.996462 9.99369E-05 9.99369E-05 9.99369E-05 9.99369E-05
0.514187 0.00750876 0.00631798 9.9973E-05 0.00525688 9.9973E-05 0.464484 0.00194509 9.9973E-05
0.116926 9.9955E-05 9.9955E-05 0.0110686 0.00134133 9.9955E-05 0.870165 9.9955E-05 9.9955E-05
9.993E-05 9.993E-05 9.993E-05 9.993E-05 0.999201 9.993E-05 9.993E-05 9.993E-05 9.993E-05
0.217425 9.9937E-05 9.9937E-05 9.9937E-05 9.9937E-05 9.9937E-05 0.781875 9.9937E-05 9.9937E-05
9.9964E-05 9.9964E-05 0.0202517 0.907435 0.0134226 0.0467944 9.9964E-05 0.0116962 9.9964E-05
0.450512 0.0532993 9.9964E-05 0.00385216 9.9964E-05 9.9964E-05 0.05301 9.9964E-05 0.438927
0.0777401 0.0497289 9.9964E-05 0.00307512 9.9964E-05 9.9964E-05 0.846624 0.0224318 9.9964E-05
9.9973E-05 0.267305 0.313172 9.9973E-05 0.00998072 9.9973E-05 0.0748115 0.0461906 0.28824
0.293852 0.0638977 9.9964E-05 9.9964E-05 0.0103351 0.02778 0.603736 9.9964E-05 9.9964E-05
9.9946E-05 0.066503 9.9946E-05 0.0195219 0.913375 9.9946E-05 9.9946E-05 9.9946E-05 9.9946E-05
0.543353 9.9973E-05 0.1778 9.9973E-05 0.00139374 0.120879 0.148323 0.00795016 9.9973E-05
