9.9973E-05 0.0124251 9.9973E-05 0.635993 0.33672 0.0145617 9.9973E-05
0.0462427 9.9955E-05 9.9955E-05 0.953258 9.9955E-05 9.9955E-05 9.9955E-05
0.00564496 9.9973E-05 0.0165467 0.936602 0.0409059 9.9973E-05 9.9973E-05
0.0504846 0.00578075 9.9982E-05 0.588331 0.352542 9.9982E-05 0.00266218
0.299659 9.9982E-05 0.0420691 0.111957 0.451424 0.094691 9.9982E-05
0.731671 0.0162363 9.9982E-05 0.183369 0.0678409 0.000682282 9.9982E-05
0.321086 9.9982E-05 0.00495251 0.136464 0.0994618 0.437835 9.9982E-05
0.346287 9.9964E-05 9.9964E-05 9.9964E-05 0.506466 0.146847 9.9964E-05
9.9991E-05 0.0189824 0.00581784 0.923794 0.0180862 0.0249795 0.00824046
9.9955E-05 9.9955E-05 9.9955E-05 0.768504 0.230997 9.9955E-05 9.9955E-05
9.9973E-05 0.0191148 9.9973E-05 0.224044 0.389388 0.367154 9.9973E-05
0.0199508 0.00108252 0.0219646 0.0923606 0.42846 0.436082 9.9991E-05
0.0331389 9.9973E-05 9.9973E-05 0.205472 0.533109 0.22798 9.9973E-05
0.815238 9.9964E-05 9.9964E-05 0.153717 9.9964E-05 0.0306456 9.9964E-05
9.9973E-05 0.000555696 9.9973E-05 0.462564 0.53323 9.9973E-05 0.00335021
0.309622 9.9982E-05 9.9982E-05 0.411412 0.222842 0.0457504 0.0101729
0.00587593 9.9973E-05 9.9973E-05 0.234829 0.0293166 0.729678 9.9973E-05
0.293425 0.428606 0.0300017 0.214378 9.9982E-05 9.9982E-05 0.033389
0.0326076 9.9964E-05 9.9964E-05 0.965137 9.9964E-05 9.9964E-05 0.00185593
0.297987 0.00910519 0.0187847 0.0694578 0.211247 0.37068 0.0227383
9.9964E-05 9.9964E-05 0.00413263 0.896432 0.0990358 9.9964E-05 9.9964E-05
9.9973E-05 9.9973E-05 0.0107917 0.187568 0.310234 0.491107 9.9973E-05
0.128127 9.9982E-05 0.00472145 0.168037 0.671602 0.0273115 9.9982E-05
0.00887229 0.0110183 0.899139 9.9973E-05 0.0806705 9.9973E-05 9.9973E-05
0.579285 9.9964E-05 9.9964E-05 0.0555422 0.364773 9.9964E-05 9.9964E-05
9.9973E-05 9.9973E-05 0.00701177 0.277275 0.451717 0.263696 9.9973E-05
0.195572 0.0027727 9.9991E-05 0.154536 0.288567 0.354352 0.004101
9.9973E-05 0.00786561 0.000544443 0.881645 0.109645 9.9973E-05 9.9973E-05
9.9955E-05 9.9955E-05 9.9955E-05 0.746743 0.252757 9.9955E-05 9.9955E-05
9.9955E-05 9.9955E-05 9.9955E-05 0.982051 0.0174489 9.9955E-05 9.9955E-05
0.685621 9.9982E-05 0.0123044 0.118257 0.152873 0.0307447 9.9982E-05
0.0772442 9.9955E-05 9.9955E-05 0.922256 9.9955E-05 9.9955E-05 9.9955E-05
0.00857828 9.9964E-05 9.9964E-05 0.979844 9.9964E-05 0.011178 9.9964E-05
0.656363 0.00296527 9.9973E-05 0.185757 9.9973E-05 0.154615 9.9973E-05
0.00854146 9.9955E-05 9.9955E-05 0.990959 9.9955E-05 9.9955E-05 9.9955E-05
0.239745 9.9982E-05 9.9982E-05 0.189888 0.162199 0.39476 0.0132073
9.9955E-05 9.9955E-05 9.9955E-05 0.526088 0.473412 9.9955E-05 9.9955E-05
0.180837 9.9982E-05 0.0213917 9.9982E-05 0.295607 0.473408 0.0285567
0.481459 0.00772313 9.9973E-05 9.9973E-05 0.109571 0.400947 9.9973E-05
0.0921197 9.9982E-05 0.0499138 0.081694 0.642373 0.133699 9.9982E-05
0.691595 9.9982E-05 9.9982E-05 0.078773 0.144116 0.079112 0.00620417
9.9973E-05 9.9973E-05 0.00597571 0.98441 9.9973E-05 0.00235592 0.0069583
9.9964E-05 9.9964E-05 9.9964E-05 0.794589 0.191987 0.0130241 9.9964E-05
9.9973E-05 0.00783751 9.9973E-05 0.724053 0.262551 9.9973E-05 0.00525858
0.0604485 0.0257658 9.9973E-05 0.673862 0.239623 9.9973E-05 9.9973E-05
9.995E-05 0.9994 9.995E-05 9.995E-05 9.995E-05 9.995E-05 9.995E-05
0.00233726 9.9964E-05 9.9964E-05 0.898502 9.9964E-05 0.0987606 9.9964E-05
9.9955E-05 9.9955E-05 9.9955E-05 0.866378 0.133122 9.9955E-05 9.9955E-05
9.995E-05 0.9994 9.995E-05 9.995E-05 9.995E-05 9.995E-05 9.995E-05
9.99549E-05 9.99549E-05 9.99549E-05 0.583001 0.416499 9.99549E-05 9.99549E-05
9.9973E-05 9.9973E-05 9.9973E-05 0.399739 0.370358 0.228443 0.00115971
9.9955E-05 9.9955E-05 9.9955E-05 0.660162 0.339339 9.9955E-05 9.9955E-05
9.9964E-05 9.9964E-05 0.00569889 0.497205 0.496696 9.9964E-05 9.9964E-05
0.407318 0.0332715 0.0151027 0.529405 9.9982E-05 9.9982E-05 0.0147029
0.187363 9.9982E-05 0.046499 0.203429 0.515103 0.0474057 9.9982E-05
0.133688 9.9973E-05 0.0430521 0.797402 9.9973E-05 9.9973E-05 0.025558
9.9964E-05 0.00301697 9.9964E-05 0.891137 0.105446 9.9964E-05 9.9964E-05
0.011437 0.00439199 9.9973E-05 0.978117 9.9973E-05 0.00575386 9.9973E-05
0.0153425 0.00407493 0.00199813 0.710781 0.267603 9.9982E-05 9.9982E-05
9.9955E-05 9.9955E-05 9.9955E-05 0.715097 0.284404 9.9955E-05 9.9955E-05
9.9955E-05 9.9955E-05 9.9955E-05 0.962801 0.0366988 9.9955E-05 9.9955E-05
0.0721722 9.9973E-05 0.849217 9.9973E-05 9.9973E-05 0.0699367 0.00837445
9.9973E-05 9.9973E-05 0.00270867 0.967898 9.9973E-05 0.0228614 0.00623201
0.150527 9.9991E-05 0.0262293 0.225076 0.507419 0.0661995 0.0244502
9.9973E-05 0.0107468 9.9973E-05 0.957498 0.0119363 0.0195194 9.9973E-05
0.00120442 9.9964E-05 9.9964E-05 0.992814 9.9964E-05 9.9964E-05 0.00558169
9.9964E-05 0.00295623 9.9964E-05 0.603062 0.393582 9.9964E-05 9.9964E-05
9.9964E-05 9.9964E-05 9.9964E-05 0.628987 0.357969 0.0126446 9.9964E-05
9.9973E-05 9.9973E-05 0.0246974 0.191674 0.0492752 0.734054 9.9973E-05
9.995E-05 0.9994 9.995E-05 9.995E-05 9.995E-05 9.995E-05 9.995E-05
0.283682 9.9973E-05 0.00389878 0.0644902 0.647629 9.9973E-05 9.9973E-05
0.107361 0.000454081 0.0297341 0.833673 9.9982E-05 9.9982E-05 0.0285784
9.9973E-05 9.9973E-05 0.00370732 0.777165 0.214665 9.9973E-05 0.00416344
0.0174768 9.9964E-05 0.031531 0.950592 9.9964E-05 9.9964E-05 9.9964E-05
9.9964E-05 9.9964E-05 9.9964E-05 0.986016 9.9964E-05 0.00817706 0.00540755
0.0406673 0.0274723 9.9973E-05 0.928926 9.9973E-05 9.9973E-05 0.00263408
9.99623E-05 9.99623E-05 9.99623E-05 0.973069 9.99623E-05 0.0264309 9.99623E-05
0.143223 9.9982E-05 0.00592939 0.167901 0.16555 0.517197 9.9982E-05
9.9964E-05 9.9964E-05 9.9964E-05 0.958754 0.021797 0.0190492 9.9964E-05
0.223324 0.0162322 0.671873 9.9982E-05 9.9982E-05 0.0880025 0.000368493
9.9973E-05 9.9973E-05 0.0146389 0.489788 0.492056 9.9973E-05 0.00321729
9.9982E-05 0.000452908 0.002134 0.906492 0.0863749 9.9982E-05 0.00434649
0.364416 0.389663 0.0598682 0.108978 9.9982E-05 9.9982E-05 0.0768748
0.490086 0.0470863 0.0119357 0.448926 9.9982E-05 9.9982E-05 0.00176531
0.307179 9.9964E-05 9.9964E-05 0.267656 0.424766 9.9964E-05 9.9964E-05
0.0189832 0.00321903 9.9982E-05 0.74737 0.210902 9.9982E-05 0.019325
0.0299745 9.9964E-05 0.00842622 0.961199 9.9964E-05 9.9964E-05 9.9964E-05
9.995E-05 9.995E-05 9.995E-05 9.995E-05 9.995E-05 9.995E-05 0.9994
9.99639E-05 0.000937682 9.99639E-05 0.483427 0.515235 9.99639E-05 9.99639E-05
9.99549E-05 9.99549E-05 9.99549E-05 0.532891 0.466609 9.99549E-05 9.99549E-05
0.0255692 9.9973E-05 9.9973E-05 0.175218 0.490304 0.308609 9.9973E-05
0.0467843 9.9991E-05 0.0220658 0.0897319 0.566924 0.272069 0.00232459
9.9964E-05 9.9964E-05 9.9964E-05 0.101453 0.312065 0.586083 9.9964E-05
0.00887588 9.9964E-05 0.00831505 0.982409 9.9964E-05 9.9964E-05 9.9964E-05
9.9955E-05 9.9955E-05 9.9955E-05 0.498116 0.501385 9.9955E-05 9.9955E-05
9.9964E-05 9.9964E-05 9.9964E-05 0.872239 0.125564 9.9964E-05 0.00179698
0.0327756 9.9982E-05 0.00675273 0.311057 0.643602 0.00561325 9.9982E-05
0.722386 0.00160231 9.9991E-05 0.130397 0.0556085 0.0866006 0.00330476
0.0288647 0.00255443 0.00873334 0.959548 9.9973E-05 9.9973E-05 9.9973E-05
0.199579 9.9982E-05 0.0522956 0.100291 0.52862 0.119015 9.9982E-05
0.139426 0.00877067 9.9991E-05 0.182381 0.631608 0.0324612 0.0052538
0.0953009 0.0147914 0.84836 9.9973E-05 9.9973E-05 0.0412477 9.9973E-05
9.9955E-05 9.9955E-05 9.9955E-05 0.513806 0.485694 9.9955E-05 9.9955E-05
9.9964E-05 9.9964E-05 9.9964E-05 0.930473 0.0540867 0.0150402 9.9964E-05
9.995E-05 9.995E-05 9.995E-05 0.9994 9.995E-05 9.995E-05 9.995E-05
0.00886986 0.0210887 9.9982E-05 0.0439138 0.431412 0.494516 9.9982E-05
9.995E-05 0.9994 9.995E-05 9.995E-05 9.995E-05 9.995E-05 9.995E-05
9.9973E-05 0.000613308 9.9973E-05 0.0752619 0.154283 0.769542 9.9973E-05
9.9964E-05 9.9964E-05 0.0321126 0.743455 0.224032 9.9964E-05 9.9964E-05
0.0400249 9.9964E-05 0.0255308 0.934044 9.9964E-05 9.9964E-05 9.9964E-05
9.9964E-05 9.9964E-05 9.9964E-05 0.134861 0.406449 0.45829 9.9964E-05
9.995E-05 0.9994 9.995E-05 9.995E-05 9.995E-05 9.995E-05 9.995E-05
0.323177 0.0250425 0.64453 9.9973E-05 9.9973E-05 9.9973E-05 0.00694972
9.9973E-05 0.00574121 9.9973E-05 0.656417 0.237696 0.0998462 9.9973E-05
9.9955E-05 9.9955E-05 9.9955E-05 0.714475 0.285025 9.9955E-05 9.9955E-05
9.9973E-05 9.9973E-05 0.0110275 0.183871 0.509036 0.295766 9.9973E-05
9.9955E-05 9.9955E-05 0.0202239 0.979276 9.9955E-05 9.9955E-05 9.9955E-05
0.371565 0.0522042 9.9982E-05 0.0585399 0.0454395 0.472052 9.9982E-05
0.160486 0.51392 0.150435 0.0653618 9.9991E-05 0.0134447 0.0962517
9.9973E-05 9.9973E-05 0.0315111 0.851956 0.108173 9.9973E-05 0.00806044
9.9964E-05 9.9964E-05 9.9964E-05 0.500625 0.46969 0.0292849 9.9964E-05
9.995E-05 9.995E-05 0.9994 9.995E-05 9.995E-05 9.995E-05 9.995E-05
9.9973E-05 0.00578993 9.9973E-05 0.830518 0.128357 0.0350355 9.9973E-05
9.9973E-05 9.9973E-05 0.00021502 0.374192 0.61349 0.0118031 9.9973E-05
9.9955E-05 9.9955E-05 9.9955E-05 0.774985 0.224515 9.9955E-05 9.9955E-05
9.9973E-05 9.9973E-05 9.9973E-05 0.277165 0.0412568 0.673871 0.00740735
0.106517 0.00467315 9.9982E-05 0.185939 0.346542 0.356129 9.9982E-05
0.326425 9.9973E-05 9.9973E-05 0.0853161 0.444246 0.143713 9.9973E-05
0.477793 9.9982E-05 9.9982E-05 0.0985968 0.0197359 0.386215 0.0174596
9.9964E-05 9.9964E-05 0.00971422 0.548682 0.441204 9.9964E-05 9.9964E-05
9.9973E-05 0.00433187 0.00635671 0.860763 0.128248 9.9973E-05 9.9973E-05
9.9973E-05 0.0191047 0.013094 0.621109 0.346392 9.9973E-05 9.9973E-05
0.0264279 0.861906 0.000165852 0.00752892 9.9991E-05 0.0426917 0.0611797
0.0767461 9.9973E-05 0.0373667 0.885416 0.000171308 9.9973E-05 9.9973E-05
0.01348 0.949461 0.0100287 9.9982E-05 0.0117481 9.9982E-05 0.0150824
9.9964E-05 9.9964E-05 0.014593 0.618363 0.366644 9.9964E-05 9.9964E-05
9.99549E-05 9.99549E-05 0.957198 0.0423025 9.99549E-05 9.99549E-05 9.99549E-05
9.99639E-05 9.99639E-05 0.00541818 9.99639E-05 0.490944 0.503238 9.99639E-05
0.0950482 9.9973E-05 9.9973E-05 0.1726 9.9973E-05 0.731152 0.000899905
0.00280633 9.9991E-05 0.0301753 0.135205 0.189408 0.607245 0.0350608
9.9964E-05 9.9964E-05 0.0155302 0.476659 0.507411 9.9964E-05 9.9964E-05
0.20959 0.0234237 0.0210487 0.21259 0.253215 0.278758 0.00137459
0.0117726 9.9964E-05 9.9964E-05 0.95038 0.0374479 9.9964E-05 9.9964E-05
9.9991E-05 0.00453468 0.0112668 0.381017 0.505201 0.0950757 0.00280568
0.630973 0.00691159 0.0143242 0.327214 9.9982E-05 9.9982E-05 0.0203771
0.121628 0.0122458 9.9973E-05 0.683235 0.182591 9.9973E-05 9.9973E-05
0.00769621 9.9982E-05 0.00277846 0.793238 0.178617 9.9982E-05 0.0174712
9.99639E-05 0.0110283 0.970656 0.017916 9.99639E-05 9.99639E-05 9.99639E-05
0.734635 9.9982E-05 0.0370847 0.0504879 0.173331 0.00426087 9.9982E-05
9.99551E-05 9.99551E-05 0.997599 9.99551E-05 9.99551E-05 0.00190112 9.99551E-05
9.9973E-05 0.00237806 0.00976744 0.633272 0.354282 9.9973E-05 9.9973E-05
0.615004 9.9982E-05 0.054663 0.209875 0.109035 9.9982E-05 0.0112228
0.710989 9.9973E-05 0.0263288 0.249809 0.0125732 9.9973E-05 9.9973E-05
9.9964E-05 0.0294038 9.9964E-05 0.695832 0.274364 9.9964E-05 9.9964E-05
9.9955E-05 9.9955E-05 9.9955E-05 0.987596 9.9955E-05 0.0119042 9.9955E-05
9.9964E-05 0.990988 0.00816447 9.9964E-05 9.9964E-05 9.9964E-05 0.000447669
0.676175 9.9964E-05 0.0443283 9.9964E-05 9.9964E-05 0.279097 9.9964E-05
9.9955E-05 9.9955E-05 9.9955E-05 0.684534 0.314966 9.9955E-05 9.9955E-05
0.323678 0.0432593 0.42497 0.173285 9.9982E-05 9.9982E-05 0.0346075
0.0106635 0.00945294 0.00372703 0.975857 9.9973E-05 9.9973E-05 9.9973E-05
9.995E-05 9.995E-05 9.995E-05 9.995E-05 9.995E-05 9.995E-05 0.9994
0.057707 0.0185785 9.9982E-05 0.811385 0.109491 9.9982E-05 0.00263855
0.234491 0.0131922 9.9973E-05 0.137965 9.9973E-05 9.9973E-05 0.614052
9.9982E-05 0.0216332 0.0209523 0.0781525 0.428087 0.450975 9.9982E-05
0.0190743 9.9973E-05 9.9973E-05 0.954919 9.9973E-05 0.0228646 0.00284177
9.995E-05 9.995E-05 9.995E-05 0.9994 9.995E-05 9.995E-05 9.995E-05
0.552289 9.9973E-05 0.00356416 0.0498515 9.9973E-05 0.393995 9.9973E-05
0.0834564 0.00105539 0.00895652 0.906232 9.9973E-05 9.9973E-05 9.9973E-05
9.9955E-05 9.9955E-05 0.972941 9.9955E-05 9.9955E-05 0.0265591 9.9955E-05
9.9964E-05 9.9964E-05 0.00643526 0.981299 0.0118661 9.9964E-05 9.9964E-05
9.995E-05 9.995E-05 9.995E-05 9.995E-05 9.995E-05 9.995E-05 0.9994
9.995E-05 9.995E-05 9.995E-05 0.9994 9.995E-05 9.995E-05 9.995E-05
0.130966 9.9982E-05 0.0227013 0.0791517 0.573153 0.193828 9.9982E-05
0.102008 0.0132017 9.9991E-05 0.250313 0.500237 0.127312 0.00682781
0.646944 9.9964E-05 9.9964E-05 9.9964E-05 0.207858 0.144798 9.9964E-05
0.49509 0.014304 9.9982E-05 0.147138 0.333779 9.9982E-05 0.00948848
0.712956 0.0339646 9.9982E-05 0.1191 0.116409 0.0173703 9.9982E-05
9.995E-05 9.995E-05 9.995E-05 0.9994 9.995E-05 9.995E-05 9.995E-05
9.9973E-05 9.9973E-05 0.0565163 0.280307 0.485473 0.177403 9.9973E-05
9.9964E-05 9.9964E-05 9.9964E-05 0.897456 0.0986376 9.9964E-05 0.0035063
0.354635 0.0187285 0.0267704 0.113253 0.486413 9.9982E-05 9.9982E-05
0.144272 9.9964E-05 9.9964E-05 0.107077 9.9964E-05 0.748251 9.9964E-05
0.0297697 9.9982E-05 0.0157527 0.859049 0.0832385 9.9982E-05 0.0119903
9.9964E-05 0.00110339 9.9964E-05 0.380978 0.617519 9.9964E-05 9.9964E-05
9.9982E-05 0.00268869 0.0170469 0.659524 0.316433 9.9982E-05 0.00410708
0.053709 9.9964E-05 9.9964E-05 0.921745 9.9964E-05 0.0241466 9.9964E-05
0.526924 0.00503163 0.0409681 0.39943 9.9982E-05 9.9982E-05 0.0274464
0.186896 0.00558464 9.9982E-05 0.233122 0.511016 0.0631813 9.9982E-05
0.271642 9.9982E-05 0.00997623 0.329663 0.374659 9.9982E-05 0.01386
0.0337928 9.9982E-05 0.0284108 9.9982E-05 0.0103814 0.00259525 0.92462
0.0788288 9.9964E-05 0.0063766 0.914395 9.9964E-05 9.9964E-05 9.9964E-05
0.0127751 9.9955E-05 9.9955E-05 0.986725 9.9955E-05 9.9955E-05 9.9955E-05
9.9964E-05 9.9964E-05 9.9964E-05 0.859339 0.130328 9.9964E-05 0.00993293
9.99549E-05 9.99549E-05 0.987398 0.0121025 9.99549E-05 9.99549E-05 9.99549E-05
0.0614961 9.9973E-05 9.9973E-05 0.643815 0.289667 9.9973E-05 0.00472146
0.636191 9.9973E-05 9.9973E-05 0.108897 0.0670735 0.187538 9.9973E-05
0.0466699 0.016451 9.9982E-05 0.329481 0.462743 0.144455 9.9982E-05
9.9955E-05 9.9955E-05 0.00310447 0.996396 9.9955E-05 9.9955E-05 9.9955E-05
0.059895 9.9982E-05 0.00435116 0.844992 0.0429683 0.0475936 9.9982E-05
9.9955E-05 9.9955E-05 9.9955E-05 0.993574 9.9955E-05 0.00592589 9.9955E-05
0.607834 0.0212068 9.9982E-05 0.06412 0.15713 0.149509 9.9982E-05
0.100758 0.0290143 0.0480128 0.0202055 9.9982E-05 9.9982E-05 0.80181
0.727389 9.9955E-05 9.9955E-05 9.9955E-05 9.9955E-05 0.272111 9.9955E-05
9.9982E-05 0.0268998 0.00164079 0.486465 0.387318 0.0974763 9.9982E-05
0.0175947 0.0125605 9.9964E-05 9.9964E-05 9.9964E-05 9.9964E-05 0.969445
0.0752238 9.9982E-05 0.0395094 0.539713 0.336065 9.9982E-05 0.00928922
9.99639E-05 9.99639E-05 9.99639E-05 0.275581 0.376022 0.347997 9.99639E-05
0.0660253 0.00742885 0.0288939 0.894542 9.9982E-05 0.00291001 9.9982E-05
9.9955E-05 0.000741198 9.9955E-05 0.998759 9.9955E-05 9.9955E-05 9.9955E-05
0.0300968 0.0164504 0.00242943 0.945816 9.9982E-05 0.00500749 9.9982E-05
0.258699 9.9964E-05 9.9964E-05 0.431528 0.309373 9.9964E-05 9.9964E-05
9.99549E-05 9.99549E-05 0.951005 0.0484954 9.99549E-05 9.99549E-05 9.99549E-05
9.9955E-05 9.9955E-05 9.9955E-05 0.958984 0.0405165 9.9955E-05 9.9955E-05
0.0789885 9.9973E-05 0.00837393 0.122631 9.9973E-05 0.789707 9.9973E-05
0.00870664 9.9982E-05 9.9982E-05 0.363475 0.597531 0.0272022 0.00288526
9.9964E-05 9.9964E-05 0.987408 9.9964E-05 0.00670557 9.9964E-05 0.00548649
0.353268 0.00129564 0.00213731 0.0584702 0.0710826 0.513647 9.9991E-05
0.768149 0.00166299 9.9982E-05 0.176772 0.0124988 9.9982E-05 0.0407167
0.267846 9.9982E-05 0.0227572 0.114377 0.449578 0.145241 9.9982E-05
9.9955E-05 9.9955E-05 0.906553 0.0929473 9.9955E-05 9.9955E-05 9.9955E-05
9.9964E-05 9.9964E-05 9.9964E-05 0.443543 0.504352 0.0517048 9.9964E-05
9.99549E-05 9.99549E-05 9.99549E-05 0.00660733 9.99549E-05 9.99549E-05 0.992893
9.9964E-05 9.9964E-05 9.9964E-05 0.488608 0.497847 9.9964E-05 0.0131449
9.9964E-05 0.00825516 9.9964E-05 0.887079 0.104266 9.9964E-05 9.9964E-05
9.995E-05 9.995E-05 9.995E-05 9.995E-05 9.995E-05 9.995E-05 0.9994
9.9955E-05 9.9955E-05 9.9955E-05 0.825303 0.174197 9.9955E-05 9.9955E-05
0.0236938 0.903839 0.0211858 0.00889895 0.00338867 0.0285659 0.0104282
0.16132 9.9973E-05 9.9973E-05 0.0878288 0.658242 0.0923085 9.9973E-05
0.0304548 9.9973E-05 0.0208892 0.899807 0.0485492 9.9973E-05 9.9973E-05
0.535275 9.9982E-05 0.0657061 0.126225 9.9982E-05 0.26776 0.00483349
0.0251979 9.9982E-05 9.9982E-05 0.65981 0.269106 0.0281484 0.0175378
0.0475884 0.0263333 9.9964E-05 9.9964E-05 9.9964E-05 9.9964E-05 0.925678
0.122007 9.9991E-05 0.00424615 0.195766 0.591417 0.0815503 0.0049139
