0.606075 9.9946E-05 9.9946E-05 0.012143 9.9946E-05 9.9946E-05 0.133973 9.9946E-05 0.247209 9.9946E-05
0.961788 9.9928E-05 0.0374127 9.9928E-05 9.9928E-05 9.9928E-05 9.9928E-05 9.9928E-05 9.9928E-05 9.9928E-05
0.941169 9.9937E-05 9.9937E-05 9.9937E-05 9.9937E-05 0.0121091 9.9937E-05 9.9937E-05 0.0460221 9.9937E-05
0.520685 0.00193727 0.0653499 0.00630894 0.0281556 9.9973E-05 9.9973E-05 0.005197 0.372066 9.9973E-05
0.0808861 9.9955E-05 9.9955E-05 9.9955E-05 0.0292106 0.0381511 9.9955E-05 0.429201 0.422052 9.9955E-05
0.0600533 9.9955E-05 0.7513 9.9955E-05 0.0338499 9.9955E-05 0.0780589 9.9955E-05 0.0762381 9.9955E-05
0.160656 9.994E-05 9.994E-05 9.994E-05 0.412944 9.994E-05 0.385749 0.0400512 9.994E-05 9.994E-05
9.9937E-05 9.9937E-05 0.294975 9.9937E-05 9.9937E-05 9.9937E-05 9.9937E-05 9.9937E-05 0.342852 0.361474
0.900482 0.0108774 9.9964E-05 0.0136513 9.9964E-05 9.9964E-05 9.9964E-05 0.00707085 0.0379959 0.0295223
0.689 9.9928E-05 9.9928E-05 9.9928E-05 9.9928E-05 9.9928E-05 9.9928E-05 9.9928E-05 0.3102 9.9928E-05
0.144343 9.9964E-05 9.9964E-05 0.00660618 0.0933133 0.0100595 9.9964E-05 9.9964E-05 0.334975 0.410302
9.9928E-05 9.9928E-05 9.9928E-05 9.9928E-05 9.9928E-05 9.9928E-05 0.845925 9.9928E-05 0.153275 9.9928E-05
0.139572 9.9955E-05 9.9955E-05 9.9955E-05 0.11474 9.9955E-05 0.0978999 9.9955E-05 0.467078 0.18021
0.0232999 9.99549E-05 0.851182 9.99549E-05 0.0547218 9.99549E-05 9.99549E-05 9.99549E-05 0.0158886 0.0544081
0.405363 0.00208584 9.99459E-05 0.00645642 9.99459E-05 9.99459E-05 9.99459E-05 9.99459E-05 0.585495 9.99459E-05
0.439497 9.99549E-05 0.172153 0.00600067 9.99549E-05 9.99549E-05 0.349135 0.0327153 9.99549E-05 9.99549E-05
0.184635 9.9937E-05 9.9937E-05 9.9937E-05 9.9937E-05 9.9937E-05 9.9937E-05 0.0850323 9.9937E-05 0.729633
0.171745 0.0208631 0.379884 0.426894 9.9955E-05 0.000114036 9.9955E-05 9.9955E-05 9.9955E-05 9.9955E-05
0.975694 0.0053778 9.9937E-05 9.9937E-05 0.0182286 9.9937E-05 9.9937E-05 9.9937E-05 9.9937E-05 9.9937E-05
0.104572 0.0254959 9.997E-05 0.00330724 0.552741 0.0285826 9.997E-05 9.997E-05 0.137274 0.147728
0.892926 9.9946E-05 9.9946E-05 9.9946E-05 9.9946E-05 0.00144731 0.0443481 9.9946E-05 0.0606793 9.9946E-05
0.166579 9.9946E-05 9.9946E-05 9.9946E-05 9.9946E-05 9.9946E-05 0.248595 9.9946E-05 0.214086 0.37014
0.136015 9.9955E-05 9.9955E-05 9.9955E-05 0.11848 0.000329566 0.235049 9.9955E-05 0.509626 9.9955E-05
9.99461E-05 9.99461E-05 0.0341405 0.0168781 9.99461E-05 0.863174 9.99461E-05 9.99461E-05 0.0852078 9.99461E-05
0.237256 9.9955E-05 9.9955E-05 9.9955E-05 9.9955E-05 0.0217237 9.9955E-05 0.0131042 0.448905 0.278511
0.147449 0.00416934 0.0262079 9.9964E-05 0.362533 9.9964E-05 9.9964E-05 9.9964E-05 0.206225 0.253016
0.845795 9.9946E-05 9.9946E-05 0.0127719 9.9946E-05 9.9946E-05 0.0147485 9.9946E-05 0.126085 9.9946E-05
0.727794 9.9937E-05 9.9937E-05 9.9937E-05 9.9937E-05 9.9937E-05 0.00274758 9.9937E-05 0.268759 9.9937E-05
0.967315 9.9928E-05 9.9928E-05 9.9928E-05 9.9928E-05 9.9928E-05 9.9928E-05 9.9928E-05 0.0318857 9.9928E-05
0.00324383 9.9946E-05 0.711649 9.9946E-05 9.9946E-05 9.9946E-05 0.263668 9.9946E-05 0.0208394 9.9946E-05
0.938347 9.9946E-05 0.00994343 9.9946E-05 0.0346328 9.9946E-05 0.0164773 9.9946E-05 9.9946E-05 9.9946E-05
0.949307 9.9928E-05 9.9928E-05 9.9928E-05 0.0498934 9.9928E-05 9.9928E-05 9.9928E-05 9.9928E-05 9.9928E-05
0.068085 9.9955E-05 0.514801 9.9955E-05 0.0198341 9.9955E-05 9.9955E-05 0.225244 9.9955E-05 0.171536
0.976023 9.9937E-05 9.9937E-05 9.9937E-05 9.9937E-05 0.00596026 9.9937E-05 0.017317 9.9937E-05 9.9937E-05
0.13494 0.0109924 9.9964E-05 9.9964E-05 0.282226 9.9964E-05 0.0252865 0.303552 0.242604 9.9964E-05
0.487637 9.9928E-05 9.9928E-05 9.9928E-05 9.9928E-05 9.9928E-05 9.9928E-05 9.9928E-05 0.511564 9.9928E-05
9.9946E-05 0.03471 9.9946E-05 9.9946E-05 0.0291351 9.9946E-05 0.891293 0.0442622 9.9946E-05 9.9946E-05
9.99549E-05 9.99549E-05 0.015509 0.0184061 9.99549E-05 9.99549E-05 0.14429 0.678865 9.99549E-05 0.142431
0.0514801 9.9964E-05 9.9964E-05 9.9964E-05 0.209607 0.0438926 0.110565 0.0240643 0.559991 9.9964E-05
0.10752 0.00461842 0.300843 0.00793724 0.344152 0.0186651 0.00768793 0.208376 9.9982E-05 9.9982E-05
0.972442 0.00498851 9.9955E-05 9.9955E-05 0.00192982 0.00789031 9.9955E-05 9.9955E-05 9.9955E-05 0.0122496
0.745034 9.9955E-05 9.9955E-05 9.9955E-05 0.0153177 9.9955E-05 0.00770514 9.9955E-05 0.2255 0.00594357
0.699256 0.00589861 9.9955E-05 0.000917581 9.9955E-05 9.9955E-05 9.9955E-05 9.9955E-05 0.285237 0.00819101
0.644533 9.9955E-05 0.0607165 0.0266469 0.0240409 9.9955E-05 9.9955E-05 9.9955E-05 0.243563 9.9955E-05
9.99201E-05 9.99201E-05 9.99201E-05 0.999101 9.99201E-05 9.99201E-05 9.99201E-05 9.99201E-05 9.99201E-05 9.99201E-05
0.854393 9.9964E-05 9.9964E-05 9.9964E-05 0.00250976 9.9964E-05 0.00349382 0.0671878 0.0297263 0.0422898
0.828425 9.9937E-05 9.9937E-05 0.00061838 9.9937E-05 9.9937E-05 9.9937E-05 9.9937E-05 0.170257 9.9937E-05
9.99201E-05 9.99201E-05 9.99201E-05 0.999101 9.99201E-05 9.99201E-05 9.99201E-05 9.99201E-05 9.99201E-05 9.99201E-05
0.519194 9.99279E-05 9.99279E-05 9.99279E-05 9.99279E-05 9.99279E-05 9.99279E-05 9.99279E-05 0.480007 9.99279E-05
0.355154 0.00322686 0.0159147 9.9964E-05 9.9964E-05 9.9964E-05 0.155435 9.9964E-05 0.329398 0.140472
0.60887 9.9928E-05 9.9928E-05 9.9928E-05 9.9928E-05 9.9928E-05 9.9928E-05 9.9928E-05 0.390331 9.9928E-05
0.457771 9.9955E-05 9.9955E-05 9.9955E-05 9.9955E-05 0.00470231 0.0694717 9.9955E-05 0.45708 0.0104757
0.443833 9.99459E-05 0.537421 0.0140102 9.99459E-05 0.00413604 9.99459E-05 9.99459E-05 9.99459E-05 9.99459E-05
0.210936 9.9973E-05 0.0893877 9.9973E-05 0.00252785 0.0350959 0.27262 0.0572295 0.331902 9.9973E-05
0.733544 0.0152588 0.221403 9.99459E-05 9.99459E-05 0.0291945 9.99459E-05 9.99459E-05 9.99459E-05 9.99459E-05
0.865296 9.9937E-05 9.9937E-05 0.00431611 9.9937E-05 9.9937E-05 9.9937E-05 9.9937E-05 0.129688 9.9937E-05
0.966827 9.9946E-05 9.9946E-05 0.00667218 9.9946E-05 9.9946E-05 0.0152071 9.9946E-05 9.9946E-05 0.0106941
0.671259 9.9973E-05 0.0218545 0.000166961 9.9973E-05 0.00842712 0.00933775 0.00749518 0.281159 9.9973E-05
0.67926 9.9928E-05 9.9928E-05 9.9928E-05 9.9928E-05 9.9928E-05 9.9928E-05 9.9928E-05 0.319941 9.9928E-05
0.931698 9.9946E-05 9.9946E-05 9.9946E-05 9.9946E-05 9.9946E-05 9.9946E-05 0.0121563 0.0541565 0.0013892
9.99461E-05 0.022126 0.0209019 9.99461E-05 0.122877 0.833495 9.99461E-05 9.99461E-05 9.99461E-05 9.99461E-05
0.96746 0.00486856 9.9955E-05 9.9955E-05 9.9955E-05 0.00293413 0.0017563 9.9955E-05 9.9955E-05 0.0224808
0.0909288 0.00652756 0.207943 9.9964E-05 9.9964E-05 0.0177196 0.167339 9.9964E-05 0.509143 9.9964E-05
0.935642 9.9946E-05 9.9946E-05 0.0134906 9.9946E-05 9.9946E-05 0.0279438 9.9946E-05 9.9946E-05 0.0223236
0.983584 0.00412668 9.9937E-05 9.9937E-05 0.0115893 9.9937E-05 9.9937E-05 9.9937E-05 9.9937E-05 9.9937E-05
0.575226 9.9955E-05 9.9955E-05 0.000656749 9.9955E-05 0.0132736 0.0549404 9.9955E-05 0.355403 9.9955E-05
0.580578 9.9937E-05 9.9937E-05 9.9937E-05 9.9937E-05 9.9937E-05 9.9937E-05 9.9937E-05 0.379756 0.0389655
0.0528379 9.9937E-05 9.9937E-05 9.9937E-05 9.9937E-05 9.9937E-05 0.768439 9.9937E-05 9.9937E-05 0.178024
9.99201E-05 9.99201E-05 9.99201E-05 0.999101 9.99201E-05 9.99201E-05 9.99201E-05 9.99201E-05 9.99201E-05 9.99201E-05
0.0272896 9.9973E-05 0.215862 9.9973E-05 0.0414796 0.00200086 9.9973E-05 0.0523671 0.58218 0.0785207
0.805533 0.0100169 0.162813 0.00103893 9.99549E-05 0.020098 9.99549E-05 9.99549E-05 9.99549E-05 9.99549E-05
0.719513 0.00780541 9.9955E-05 0.00303917 9.9955E-05 0.0200757 9.9955E-05 9.9955E-05 0.249067 9.9955E-05
0.960696 9.9937E-05 0.00502393 9.9937E-05 9.9937E-05 0.0335802 9.9937E-05 9.9937E-05 9.9937E-05 9.9937E-05
0.984119 0.0023112 9.9937E-05 9.9937E-05 9.9937E-05 9.9937E-05 9.9937E-05 9.9937E-05 9.9937E-05 0.0128702
0.926663 0.00143609 9.9964E-05 0.024934 0.0441947 9.9964E-05 9.9964E-05 0.00129529 9.9964E-05 0.00107693
0.953517 0.00136858 9.9946E-05 9.9946E-05 9.9946E-05 9.9946E-05 9.9946E-05 9.9946E-05 0.0409514 0.00356284
0.120275 9.9955E-05 0.1423 9.9955E-05 9.9955E-05 9.9955E-05 0.466423 9.9955E-05 0.0261782 0.244324
0.935106 9.9937E-05 9.9937E-05 9.9937E-05 9.9937E-05 9.9937E-05 9.9937E-05 9.9937E-05 0.0326867 0.0315081
9.9955E-05 9.9955E-05 0.193502 0.014931 9.9955E-05 0.652493 0.108196 0.0303779 9.9955E-05 9.9955E-05
0.473854 9.9973E-05 0.00306482 0.000774936 9.9973E-05 0.0209324 0.0546236 9.9973E-05 0.433855 0.0125951
0.891861 9.9955E-05 9.9955E-05 0.00693495 9.9955E-05 0.00110303 0.00487899 9.9955E-05 0.0947221 9.9955E-05
0.0192658 0.0668353 0.46913 0.382623 9.9964E-05 0.0357378 9.9964E-05 9.9964E-05 9.9964E-05 0.0260077
0.363959 9.9946E-05 0.607758 0.0262296 9.9946E-05 0.00145358 9.9946E-05 9.9946E-05 9.9946E-05 9.9946E-05
0.182882 9.99459E-05 0.254842 9.99459E-05 0.142559 9.99459E-05 9.99459E-05 9.99459E-05 0.419117 9.99459E-05
0.736782 0.00685086 0.0434867 0.00144664 9.9955E-05 9.9955E-05 9.9955E-05 9.9955E-05 0.210934 9.9955E-05
0.944404 9.9955E-05 0.00404016 9.9955E-05 9.9955E-05 0.0100332 0.021306 0.019717 9.9955E-05 9.9955E-05
9.99201E-05 0.999101 9.99201E-05 9.99201E-05 9.99201E-05 9.99201E-05 9.99201E-05 9.99201E-05 9.99201E-05 9.99201E-05
0.444722 9.99459E-05 9.99459E-05 0.00233276 9.99459E-05 9.99459E-05 0.076102 9.99459E-05 0.476243 9.99459E-05
0.479938 9.99369E-05 9.99369E-05 9.99369E-05 9.99369E-05 9.99369E-05 0.116416 9.99369E-05 0.402946 9.99369E-05
0.128732 9.9946E-05 9.9946E-05 9.9946E-05 9.9946E-05 9.9946E-05 0.443719 9.9946E-05 0.256014 0.170935
9.9937E-05 9.9937E-05 9.9937E-05 9.9937E-05 0.319399 9.9937E-05 9.9937E-05 9.9937E-05 0.627974 0.0519268
0.0730598 9.9937E-05 9.9937E-05 9.9937E-05 9.9937E-05 9.9937E-05 9.9937E-05 9.9937E-05 0.236414 0.689827
0.999101 9.99201E-05 9.99201E-05 9.99201E-05 9.99201E-05 9.99201E-05 9.99201E-05 9.99201E-05 9.99201E-05 9.99201E-05
0.447174 9.9937E-05 9.9937E-05 9.9937E-05 9.9937E-05 9.9937E-05 9.9937E-05 0.00585338 0.546274 9.9937E-05
0.83737 9.9928E-05 9.9928E-05 9.9928E-05 9.9928E-05 9.9928E-05 9.9928E-05 9.9928E-05 0.16183 9.9928E-05
0.25447 9.9946E-05 0.0446056 9.9946E-05 9.9946E-05 9.9946E-05 0.190488 9.9946E-05 0.509837 9.9946E-05
0.022931 9.9973E-05 0.675229 9.9973E-05 0.167687 9.9973E-05 0.045739 0.00412311 0.0455434 0.0384473
0.95376 0.00204896 0.0372919 9.9955E-05 9.9955E-05 0.00605611 9.9955E-05 9.9955E-05 9.9955E-05 0.000342892
0.169137 9.9955E-05 9.9955E-05 9.9955E-05 9.9955E-05 0.0399061 0.607604 0.0422861 0.140567 9.9955E-05
0.145498 0.00468259 9.9964E-05 0.0135938 0.259035 9.9964E-05 9.9964E-05 0.00177604 0.575014 9.9964E-05
9.99461E-05 9.99461E-05 9.99461E-05 0.022984 0.070324 0.870556 0.0355362 9.99461E-05 9.99461E-05 9.99461E-05
0.931482 9.9928E-05 9.9928E-05 9.9928E-05 9.9928E-05 9.9928E-05 0.0677184 9.9928E-05 9.9928E-05 9.9928E-05
0.999101 9.99201E-05 9.99201E-05 9.99201E-05 9.99201E-05 9.99201E-05 9.99201E-05 9.99201E-05 9.99201E-05 9.99201E-05
9.99549E-05 9.99549E-05 9.99549E-05 0.00706595 0.15799 9.99549E-05 9.99549E-05 0.000364622 0.296161 0.537918
9.99201E-05 9.99201E-05 9.99201E-05 0.999101 9.99201E-05 9.99201E-05 9.99201E-05 9.99201E-05 9.99201E-05 9.99201E-05
0.0216901 9.99459E-05 9.99459E-05 0.00876927 9.99459E-05 9.99459E-05 9.99459E-05 9.99459E-05 0.104273 0.864668
0.716364 9.9946E-05 9.9946E-05 9.9946E-05 9.9946E-05 0.0198498 0.136322 9.9946E-05 0.126865 9.9946E-05
0.945268 0.00344076 0.0255591 9.9946E-05 9.9946E-05 0.0251329 9.9946E-05 9.9946E-05 9.9946E-05 9.9946E-05
0.0488826 9.9946E-05 9.9946E-05 9.9946E-05 9.9946E-05 9.9946E-05 0.396372 9.9946E-05 0.217248 0.336898
9.99201E-05 9.99201E-05 9.99201E-05 0.999101 9.99201E-05 9.99201E-05 9.99201E-05 9.99201E-05 9.99201E-05 9.99201E-05
9.99371E-05 9.99371E-05 0.346586 0.01594 9.99371E-05 0.636775 9.99371E-05 9.99371E-05 9.99371E-05 9.99371E-05
0.602856 9.99405E-05 9.99405E-05 9.99405E-05 0.0467889 9.99405E-05 0.151924 9.99405E-05 0.197831 9.99405E-05
0.672358 9.9928E-05 9.9928E-05 9.9928E-05 9.9928E-05 9.9928E-05 9.9928E-05 9.9928E-05 0.326842 9.9928E-05
0.046638 9.99459E-05 9.99459E-05 9.99459E-05 0.25136 9.99459E-05 9.99459E-05 9.99459E-05 0.578714 0.122689
0.95017 9.9946E-05 9.9946E-05 9.9946E-05 9.9946E-05 0.0273629 9.9946E-05 0.0120554 9.9946E-05 0.00981195
9.99369E-05 9.99369E-05 0.427253 0.0176379 9.99369E-05 9.99369E-05 9.99369E-05 9.99369E-05 9.99369E-05 0.554409
9.9955E-05 0.0921144 0.244273 0.497124 9.9955E-05 0.115358 9.9955E-05 9.9955E-05 9.9955E-05 0.0506307
0.818005 9.9946E-05 9.9946E-05 9.9946E-05 9.9946E-05 0.0385894 0.00407655 9.9946E-05 0.138729 9.9946E-05
0.422858 9.99549E-05 9.99549E-05 9.99549E-05 0.0452999 9.99549E-05 0.0370844 9.99549E-05 0.433205 0.0610527
9.9928E-05 9.9928E-05 9.9928E-05 9.9928E-05 9.9928E-05 0.991822 9.9928E-05 9.9928E-05 9.9928E-05 0.00737863
0.786604 9.9955E-05 9.9955E-05 0.00232318 0.0138654 9.9955E-05 9.9955E-05 9.9955E-05 0.163884 0.032824
0.304183 9.9937E-05 9.9937E-05 9.9937E-05 9.9937E-05 9.9937E-05 0.198751 9.9937E-05 0.496366 9.9937E-05
0.747795 9.9928E-05 9.9928E-05 9.9928E-05 9.9928E-05 9.9928E-05 9.9928E-05 9.9928E-05 0.251405 9.9928E-05
0.208898 0.00717898 9.9937E-05 9.9937E-05 9.9937E-05 9.9937E-05 9.9937E-05 9.9937E-05 9.9937E-05 0.783223
0.1068 9.9964E-05 0.12479 9.9964E-05 0.0345019 9.9964E-05 0.138449 9.9964E-05 0.312148 0.282911
0.0344148 9.9937E-05 9.9937E-05 9.9937E-05 9.9937E-05 9.9937E-05 9.9937E-05 0.574831 0.390055 9.9937E-05
0.0320457 9.99549E-05 0.365266 9.99549E-05 9.99549E-05 9.99549E-05 0.036749 0.244111 9.99549E-05 0.321329
0.505871 9.9937E-05 9.9937E-05 9.9937E-05 9.9937E-05 0.0133498 9.9937E-05 9.9937E-05 0.48008 9.9937E-05
0.813311 9.9946E-05 9.9946E-05 0.00258564 9.9946E-05 0.00137979 9.9946E-05 9.9946E-05 0.182123 9.9946E-05
0.608307 9.995E-05 9.995E-05 0.0293849 9.995E-05 0.0058058 9.995E-05 9.995E-05 0.349212 0.00679076
9.9946E-05 0.0473841 0.0837372 0.859604 9.9946E-05 9.9946E-05 9.9946E-05 9.9946E-05 9.9946E-05 0.00867501
0.871817 9.9946E-05 0.0557141 9.9946E-05 9.9946E-05 0.025849 0.04602 9.9946E-05 9.9946E-05 9.9946E-05
9.9955E-05 0.0102363 9.9955E-05 0.956293 0.00100009 0.0170517 9.9955E-05 9.9955E-05 0.0149189 9.9955E-05
0.618156 9.9937E-05 9.9937E-05 9.9937E-05 9.9937E-05 0.00382459 9.9937E-05 9.9937E-05 0.37732 9.9937E-05
0.064536 9.99279E-05 9.99279E-05 9.99279E-05 9.99279E-05 0.934665 9.99279E-05 9.99279E-05 9.99279E-05 9.99279E-05
9.99459E-05 9.99459E-05 9.99459E-05 9.99459E-05 9.99459E-05 9.99459E-05 0.187712 0.0568592 0.33882 0.416009
0.055099 0.00651308 0.102045 9.9955E-05 9.9955E-05 9.9955E-05 0.438512 9.9955E-05 9.9955E-05 0.397331
0.0949473 0.0329699 9.99549E-05 9.99549E-05 9.99549E-05 0.0224911 0.384613 9.99549E-05 9.99549E-05 0.464479
0.396788 9.9946E-05 9.9946E-05 9.9946E-05 9.9946E-05 0.000621785 9.9946E-05 0.035688 0.566302 9.9946E-05
0.144108 0.00783123 0.0780036 0.0235895 0.223866 9.9982E-05 0.126336 0.0959964 0.300069 9.9982E-05
0.905034 9.9946E-05 0.00436519 0.00152097 9.9946E-05 9.9946E-05 9.9946E-05 9.9946E-05 0.0884803 9.9946E-05
0.330131 0.00405012 0.00589957 9.997E-05 9.997E-05 0.0161954 0.0482321 9.997E-05 0.454159 0.141033
0.249349 0.000350069 0.739347 9.9973E-05 0.00485813 0.00347701 0.000731583 0.00158689 9.9973E-05 9.9973E-05
0.665407 9.99639E-05 9.99639E-05 0.0147109 0.138313 0.00878588 9.99639E-05 0.0202266 0.152157 9.99639E-05
0.792001 0.00736714 0.0201467 9.9964E-05 9.9964E-05 0.00779719 0.0145165 9.9964E-05 0.157772 9.9964E-05
0.0322155 9.99459E-05 0.00593023 0.00186733 9.99459E-05 0.959387 9.99459E-05 9.99459E-05 9.99459E-05 9.99459E-05
0.0880115 9.9973E-05 0.44102 0.00592198 0.087168 0.0394271 0.17131 0.166841 9.9973E-05 9.9973E-05
9.99281E-05 9.99281E-05 9.99281E-05 9.99281E-05 9.99281E-05 0.98747 9.99281E-05 9.99281E-05 9.99281E-05 0.0117303
0.597341 9.9955E-05 9.9955E-05 0.00459461 9.9955E-05 0.000747014 0.0314947 9.9955E-05 0.365323 9.9955E-05
0.0249842 9.9946E-05 0.763368 9.9946E-05 9.9946E-05 0.0279988 9.9946E-05 9.9946E-05 0.183049 9.9946E-05
0.167604 9.9955E-05 0.609536 9.9955E-05 0.181052 0.0246655 9.9955E-05 0.0166436 9.9955E-05 9.9955E-05
0.669011 9.99459E-05 9.99459E-05 0.0179046 9.99459E-05 9.99459E-05 9.99459E-05 9.99459E-05 0.252721 0.0597633
0.983586 9.9937E-05 9.9937E-05 9.9937E-05 9.9937E-05 9.9937E-05 9.9937E-05 9.9937E-05 0.0135018 0.0022127
9.9928E-05 9.9928E-05 9.9928E-05 0.97971 9.9928E-05 0.0194906 9.9928E-05 9.9928E-05 9.9928E-05 9.9928E-05
9.99639E-05 9.99639E-05 0.333062 9.99639E-05 0.269324 0.0170713 0.0193119 0.354221 9.99639E-05 0.00660928
0.613167 9.9946E-05 9.9946E-05 0.00337288 9.9946E-05 9.9946E-05 9.9946E-05 0.0143838 0.368477 9.9946E-05
0.0829629 0.00600524 0.470577 0.0374321 9.9955E-05 0.402523 9.9955E-05 9.9955E-05 9.9955E-05 9.9955E-05
0.967624 9.9937E-05 0.0265081 0.00516872 9.9937E-05 9.9937E-05 9.9937E-05 9.9937E-05 9.9937E-05 9.9937E-05
9.99201E-05 0.999101 9.99201E-05 9.99201E-05 9.99201E-05 9.99201E-05 9.99201E-05 9.99201E-05 9.99201E-05 9.99201E-05
0.800159 9.995E-05 0.0628847 0.0130375 9.995E-05 9.995E-05 0.0136217 9.995E-05 0.109797 9.995E-05
0.0726918 0.579192 0.322682 0.0248345 9.9946E-05 9.9946E-05 9.9946E-05 9.9946E-05 9.9946E-05 9.9946E-05
0.0450607 0.00793783 9.9982E-05 0.0148736 9.9982E-05 0.0065333 0.169474 0.00939998 0.268459 0.478061
0.941789 0.00608269 0.000792566 9.9955E-05 0.0448204 0.00601557 9.9955E-05 9.9955E-05 9.9955E-05 9.9955E-05
0.998719 0.000481301 9.9928E-05 9.9928E-05 9.9928E-05 9.9928E-05 9.9928E-05 9.9928E-05 9.9928E-05 9.9928E-05
0.094108 0.00557026 9.99549E-05 0.01262 0.591831 9.99549E-05 9.99549E-05 0.295371 9.99549E-05 9.99549E-05
0.906668 9.9946E-05 0.0658481 9.9946E-05 0.0248866 0.00199754 9.9946E-05 9.9946E-05 9.9946E-05 9.9946E-05
9.99281E-05 9.99281E-05 9.99281E-05 9.99281E-05 9.99281E-05 0.965469 9.99281E-05 0.0337319 9.99281E-05 9.99281E-05
0.961474 9.9955E-05 9.9955E-05 0.00230665 0.0194038 0.00560541 9.9955E-05 9.9955E-05 0.0107108 9.9955E-05
9.99201E-05 0.999101 9.99201E-05 9.99201E-05 9.99201E-05 9.99201E-05 9.99201E-05 9.99201E-05 9.99201E-05 9.99201E-05
0.998942 9.9928E-05 9.9928E-05 9.9928E-05 9.9928E-05 9.9928E-05 0.000258388 9.9928E-05 9.9928E-05 9.9928E-05
0.064751 9.9955E-05 0.0401673 9.9955E-05 9.9955E-05 0.00276544 0.656125 9.9955E-05 0.235692 9.9955E-05
0.261083 0.0136545 0.0160988 0.0154752 0.024415 9.998E-05 0.240921 9.998E-05 0.334155 0.0939978
0.0666986 9.9937E-05 9.9937E-05 9.9937E-05 9.9937E-05 9.9937E-05 9.9937E-05 0.931597 0.00100496 9.9937E-05
0.197938 0.0168113 0.245972 0.00957836 0.099948 9.997E-05 9.997E-05 0.182532 0.24692 9.997E-05
0.0779118 9.99639E-05 0.527017 0.0446726 0.125244 9.99639E-05 0.211193 0.0135615 9.99639E-05 9.99639E-05
0.998179 9.99281E-05 9.99281E-05 0.0010217 9.99281E-05 9.99281E-05 9.99281E-05 9.99281E-05 9.99281E-05 9.99281E-05
0.209651 9.996E-05 9.996E-05 9.996E-05 0.0769775 0.0380803 0.202417 9.996E-05 0.466371 0.00610245
0.866904 0.00262299 9.9946E-05 9.9946E-05 9.9946E-05 0.00418847 9.9946E-05 9.9946E-05 0.125685 9.9946E-05
0.097505 9.99639E-05 0.218988 0.0252435 9.99639E-05 0.0365915 0.412287 9.99639E-05 0.208985 9.99639E-05
0.0262076 9.9955E-05 9.9955E-05 9.9955E-05 9.9955E-05 9.9955E-05 0.0255806 0.499201 0.0492306 0.39928
0.826214 0.00847394 0.0279611 9.997E-05 9.997E-05 0.00238425 0.0281696 0.0509166 0.0555809 9.997E-05
0.332338 9.9946E-05 9.9946E-05 0.00986507 9.9946E-05 9.9946E-05 0.00733345 9.9946E-05 0.649864 9.9946E-05
0.616718 9.9946E-05 9.9946E-05 0.00895398 9.9946E-05 0.00583244 9.9946E-05 9.9946E-05 0.367896 9.9946E-05
0.926978 9.9937E-05 0.0220331 9.9937E-05 0.0502888 9.9937E-05 9.9937E-05 9.9937E-05 9.9937E-05 9.9937E-05
0.34422 0.00815406 0.567482 0.00287562 9.9964E-05 0.0378103 9.9964E-05 0.0390578 9.9964E-05 9.9964E-05
0.234095 9.9964E-05 0.0568092 0.00508797 0.136063 9.9964E-05 0.234308 9.9964E-05 0.333236 9.9964E-05
0.274745 0.0158974 0.217827 9.9973E-05 0.0119281 9.9973E-05 0.233099 0.0414215 0.204782 9.9973E-05
9.9946E-05 0.868688 9.9946E-05 0.0143009 9.9946E-05 0.00829764 9.9946E-05 0.108114 9.9946E-05 9.9946E-05
0.90343 9.994E-05 0.0589502 9.994E-05 0.0359329 0.0010874 9.994E-05 9.994E-05 9.994E-05 9.994E-05
0.967886 9.9928E-05 0.0313146 9.9928E-05 9.9928E-05 9.9928E-05 9.9928E-05 9.9928E-05 9.9928E-05 9.9928E-05
0.833335 0.00640279 9.9946E-05 9.9946E-05 9.9946E-05 9.9946E-05 0.0264504 9.9946E-05 0.133213 9.9946E-05
0.0143917 9.99279E-05 9.99279E-05 9.99279E-05 9.99279E-05 0.984809 9.99279E-05 9.99279E-05 9.99279E-05 9.99279E-05
0.629048 0.0020678 0.0422552 9.9973E-05 9.9973E-05 0.000452565 0.113446 0.00460924 0.207821 9.9973E-05
0.120496 9.9937E-05 0.22057 9.9937E-05 0.658235 9.9937E-05 9.9937E-05 9.9937E-05 9.9937E-05 9.9937E-05
0.284207 9.9955E-05 9.9955E-05 9.9955E-05 9.9955E-05 0.0218798 9.9955E-05 0.1032 0.379337 0.210876
0.97437 0.0031148 0.0166581 0.00525752 9.9946E-05 9.9946E-05 9.9946E-05 9.9946E-05 9.9946E-05 9.9946E-05
0.831409 9.9964E-05 0.028825 9.9964E-05 0.0825406 0.0110521 0.0141911 9.9964E-05 0.0315818 9.9964E-05
0.999101 9.99201E-05 9.99201E-05 9.99201E-05 9.99201E-05 9.99201E-05 9.99201E-05 9.99201E-05 9.99201E-05 9.99201E-05
0.134128 9.9964E-05 0.146779 0.0317804 0.475081 9.9964E-05 0.0319258 0.179906 9.9964E-05 9.9964E-05
9.9946E-05 0.752359 0.180926 0.0279853 9.9946E-05 0.0381297 9.9946E-05 9.9946E-05 9.9946E-05 9.9946E-05
9.99216E-05 9.99216E-05 9.99216E-05 9.99216E-05 9.99216E-05 9.99216E-05 9.99216E-05 0.999101 9.99216E-05 9.99216E-05
0.478056 9.9964E-05 9.9964E-05 0.0212766 9.9964E-05 0.00139929 0.0637135 9.9964E-05 0.30403 0.131125
9.9937E-05 0.925333 0.0663059 0.00766178 9.9937E-05 9.9937E-05 9.9937E-05 9.9937E-05 9.9937E-05 9.9937E-05
0.540998 0.00347233 9.9964E-05 9.9964E-05 9.9964E-05 0.0264186 0.150428 0.0921236 0.18616 9.9964E-05
0.236653 9.99459E-05 9.99459E-05 9.99459E-05 9.99459E-05 9.99459E-05 0.267805 9.99459E-05 0.222062 0.27288
0.86222 9.99652E-05 0.0699733 0.00538256 0.00720875 0.0282632 9.99652E-05 9.99652E-05 9.99652E-05 0.0265522
0.98871 9.9937E-05 9.9937E-05 0.00598764 9.9937E-05 9.9937E-05 0.00460232 9.9937E-05 9.9937E-05 9.9937E-05
0.940527 0.0022968 9.9946E-05 0.0130204 0.0435557 9.9946E-05 9.9946E-05 9.9946E-05 9.9946E-05 9.9946E-05
0.412668 9.9946E-05 0.171226 9.9946E-05 9.9946E-05 9.9946E-05 0.343252 9.9946E-05 0.0722544 9.9946E-05
0.0569922 9.99279E-05 9.99279E-05 9.99279E-05 9.99279E-05 0.942208 9.99279E-05 9.99279E-05 9.99279E-05 9.99279E-05
0.958095 9.9937E-05 9.9937E-05 0.00238366 9.9937E-05 9.9937E-05 9.9937E-05 9.9937E-05 0.0388219 9.9937E-05
0.0683754 9.9946E-05 9.9946E-05 9.9946E-05 0.385817 9.9946E-05 0.134784 9.9946E-05 9.9946E-05 0.410424
0.340028 9.9955E-05 0.0178472 9.9955E-05 9.9955E-05 9.9955E-05 0.0029225 9.9955E-05 0.542079 0.0966238
0.00781923 0.0159072 9.99459E-05 9.99459E-05 9.99459E-05 0.96043 9.99459E-05 9.99459E-05 0.0152437 9.99459E-05
0.0439391 9.99369E-05 9.99369E-05 9.99369E-05 0.923693 9.99369E-05 9.99369E-05 9.99369E-05 0.0316683 9.99369E-05
9.994E-05 0.00419487 0.88993 9.994E-05 9.994E-05 9.994E-05 0.0207326 9.994E-05 0.0845431 9.994E-05
0.107922 9.9973E-05 0.145792 9.9973E-05 0.109992 0.0176079 0.326709 9.9973E-05 0.258458 0.033218
0.0696045 9.9937E-05 9.9937E-05 9.9937E-05 9.9937E-05 0.911367 9.9937E-05 9.9937E-05 0.0183289 9.9937E-05
0.382588 9.9937E-05 9.9937E-05 9.9937E-05 9.9937E-05 9.9937E-05 9.9937E-05 9.9937E-05 0.516438 0.100275
9.99201E-05 0.999101 9.99201E-05 9.99201E-05 9.99201E-05 9.99201E-05 9.99201E-05 9.99201E-05 9.99201E-05 9.99201E-05
0.458796 0.00457248 0.00629756 9.9964E-05 0.0144363 9.9964E-05 9.9964E-05 9.9964E-05 0.472775 0.0427231
0.858378 9.9937E-05 9.9937E-05 0.0109273 9.9937E-05 9.9937E-05 9.9937E-05 9.9937E-05 0.129995 9.9937E-05
9.99201E-05 0.999101 9.99201E-05 9.99201E-05 9.99201E-05 9.99201E-05 9.99201E-05 9.99201E-05 9.99201E-05 9.99201E-05
0.760432 9.9928E-05 9.9928E-05 9.9928E-05 9.9928E-05 9.9928E-05 9.9928E-05 9.9928E-05 0.238769 9.9928E-05
0.00393253 0.010302 9.9964E-05 0.894338 9.9964E-05 0.00848684 9.9964E-05 0.0702606 9.9964E-05 0.01228
0.125883 9.9955E-05 9.9955E-05 0.017064 9.9955E-05 9.9955E-05 0.491771 0.0222069 0.342575 9.9955E-05
0.857247 9.994E-05 0.0428473 9.994E-05 9.994E-05 0.020184 9.994E-05 9.994E-05 0.0791216 9.994E-05
0.115085 0.0102754 0.205608 9.99549E-05 0.629683 0.0388485 9.99549E-05 9.99549E-05 9.99549E-05 9.99549E-05
0.619237 0.0126356 0.0184022 9.996E-05 9.996E-05 9.996E-05 9.996E-05 0.0651151 0.269108 0.0151013
9.9937E-05 0.905724 0.0705711 0.0230055 9.9937E-05 9.9937E-05 9.9937E-05 9.9937E-05 9.9937E-05 9.9937E-05
0.161699 0.00313368 9.9973E-05 9.9973E-05 9.9973E-05 0.00550656 0.111666 0.191776 0.458105 0.0678138
