0.00703758 0.603261 0.0669358 9.9982E-05 9.9982E-05 0.0126068 0.309959
9.9955E-05 0.979872 9.9955E-05 0.0196282 9.9955E-05 9.9955E-05 9.9955E-05
0.0084359 0.940074 0.0105045 9.9991E-05 0.000175775 0.00450145 0.0362086
9.9982E-05 0.555001 9.9982E-05 0.063392 0.0038645 0.0107875 0.366755
0.0301589 0.0822341 0.059261 0.339996 9.9982E-05 9.9982E-05 0.48815
9.9973E-05 0.271476 9.9973E-05 0.673046 9.9973E-05 0.0175758 0.037602
9.9973E-05 0.0982984 0.408001 0.391719 9.9973E-05 9.9973E-05 0.101682
9.9973E-05 9.9973E-05 0.300007 0.30378 0.00573305 9.9973E-05 0.39018
0.00752091 0.916878 0.0247552 9.9991E-05 0.015789 0.0034302 0.0315266
9.9955E-05 0.725986 9.9955E-05 9.9955E-05 9.9955E-05 9.9955E-05 0.273515
9.9973E-05 0.211007 0.548138 9.9973E-05 9.9973E-05 0.0182315 0.222323
0.0282125 0.0453631 0.639757 0.0580885 9.9982E-05 9.9982E-05 0.228378
9.9973E-05 0.211347 0.434791 0.0149541 9.9973E-05 9.9973E-05 0.338609
9.9973E-05 0.243786 9.9973E-05 0.751995 0.00187008 0.00204878 9.9973E-05
0.00254652 0.4417 9.9973E-05 9.9973E-05 9.9973E-05 0.00582766 0.549626
9.9982E-05 0.477479 0.112086 0.255113 0.0140261 9.9982E-05 0.141097
9.9973E-05 0.140807 0.684574 0.128474 9.9973E-05 9.9973E-05 0.0458451
0.00896967 0.263479 9.9982E-05 0.256302 0.0331665 0.437884 9.9982E-05
9.9964E-05 0.984894 9.9964E-05 0.0119628 0.00274365 9.9964E-05 9.9964E-05
0.0233298 0.0661161 0.400239 0.322304 0.0255365 0.00568476 0.15679
9.9955E-05 0.885911 9.9955E-05 9.9955E-05 9.9955E-05 9.9955E-05 0.113589
0.00823091 0.189951 0.604612 9.9973E-05 9.9973E-05 9.9973E-05 0.196905
0.0166077 0.145654 0.158263 0.0914596 9.9982E-05 9.9982E-05 0.587815
0.90118 9.9982E-05 0.000248648 0.0287192 9.9982E-05 0.00829591 0.0613564
0.0289533 0.23656 0.366321 9.9982E-05 0.00215651 9.9982E-05 0.365809
9.999E-05 0.177022 0.525234 0.16827 0.0033142 0.0151266 0.110933
9.9955E-05 0.870823 9.9955E-05 9.9955E-05 9.9955E-05 9.9955E-05 0.128677
9.9955E-05 0.708329 9.9955E-05 9.9955E-05 9.9955E-05 9.9955E-05 0.291171
9.9955E-05 0.975371 9.9955E-05 9.9955E-05 9.9955E-05 9.9955E-05 0.0241296
0.0165382 0.194422 0.0729215 0.637948 9.9982E-05 9.9982E-05 0.07797
9.9955E-05 0.94101 9.9955E-05 0.0584905 9.9955E-05 9.9955E-05 9.9955E-05
9.9964E-05 0.97505 0.0219798 0.00257041 9.9964E-05 9.9964E-05 9.9964E-05
9.9973E-05 0.218578 0.137342 0.642231 9.9973E-05 9.9973E-05 0.00154877
0.00686071 0.986036 0.00422121 0.00258224 9.9973E-05 9.9973E-05 9.9973E-05
9.9982E-05 0.207491 0.385738 0.293524 0.010863 9.9982E-05 0.102185
9.9955E-05 0.503699 9.9955E-05 9.9955E-05 9.9955E-05 9.9955E-05 0.495801
0.0109918 9.9982E-05 0.518002 0.218788 0.0194085 9.9982E-05 0.232609
0.0103871 0.00667153 0.467647 0.492517 9.9991E-05 0.0195894 0.00308882
0.0537646 0.0772052 0.268757 0.0818992 9.9982E-05 9.9982E-05 0.518174
0.0153766 0.077118 9.9982E-05 0.702375 0.00189699 9.9982E-05 0.203034
0.00990947 0.988387 9.9964E-05 9.9964E-05 0.00130364 9.9964E-05 9.9964E-05
9.9964E-05 0.745026 0.0418354 9.9964E-05 9.9964E-05 9.9964E-05 0.212739
9.9973E-05 0.694359 9.9973E-05 9.9973E-05 0.00460123 0.000565513 0.300174
9.9973E-05 0.659606 9.9973E-05 0.0496392 9.9973E-05 0.0309487 0.259506
9.995E-05 9.995E-05 9.995E-05 9.995E-05 9.995E-05 0.9994 9.995E-05
9.9955E-05 0.885527 0.113973 9.9955E-05 9.9955E-05 9.9955E-05 9.9955E-05
9.9955E-05 0.824609 9.9955E-05 9.9955E-05 9.9955E-05 9.9955E-05 0.174891
9.995E-05 9.995E-05 9.995E-05 9.995E-05 9.995E-05 0.9994 9.995E-05
9.99549E-05 0.533423 9.99549E-05 9.99549E-05 9.99549E-05 9.99549E-05 0.466077
9.9973E-05 0.367871 0.240591 9.9973E-05 0.00586772 9.9973E-05 0.38537
9.9955E-05 0.620237 9.9955E-05 9.9955E-05 9.9955E-05 9.9955E-05 0.379264
9.9964E-05 0.45195 0.046945 9.9964E-05 9.9964E-05 9.9964E-05 0.500705
0.0215015 0.558835 9.9982E-05 0.361922 0.0196229 0.0379187 9.9982E-05
0.0527192 0.185877 0.072963 0.176266 9.9982E-05 9.9982E-05 0.511975
0.0413404 0.810544 9.9973E-05 0.119311 0.0285046 9.9973E-05 9.9973E-05
9.9964E-05 0.89115 9.9964E-05 9.9964E-05 9.9964E-05 0.00439183 0.104058
9.9964E-05 0.988851 0.00485449 9.9964E-05 9.9964E-05 0.0058949 9.9964E-05
0.00735848 0.676477 9.9973E-05 9.9973E-05 9.9973E-05 0.00485753 0.311008
9.9955E-05 0.689097 9.9955E-05 9.9955E-05 9.9955E-05 9.9955E-05 0.310403
9.9955E-05 0.913378 9.9955E-05 9.9955E-05 9.9955E-05 9.9955E-05 0.0861221
0.856812 9.99731E-05 0.0288036 0.108698 0.00538671 9.99731E-05 9.99731E-05
0.00795864 0.958485 0.0309919 9.9973E-05 0.00226481 9.9973E-05 9.9973E-05
0.0259127 0.217953 0.185965 0.139488 0.017709 0.00524447 0.407728
9.9973E-05 0.954031 0.0283451 9.9973E-05 9.9973E-05 0.00367476 0.0136491
0.00109329 0.996401 9.9973E-05 0.00199619 0.000209127 9.9973E-05 9.9973E-05
9.9964E-05 0.591869 9.9964E-05 9.9964E-05 9.9964E-05 0.00239787 0.405333
9.9964E-05 0.581717 0.0596073 9.9964E-05 9.9964E-05 9.9964E-05 0.358276
0.0263087 0.15781 0.805219 0.0103624 9.9973E-05 9.9973E-05 9.9973E-05
9.995E-05 9.995E-05 9.995E-05 9.995E-05 9.995E-05 0.9994 9.995E-05
9.9973E-05 0.0727979 0.0516096 0.257627 9.9973E-05 9.9973E-05 0.617666
0.0340798 0.849435 9.9982E-05 0.0815539 0.0265386 0.00819271 9.9982E-05
0.0127445 0.758208 9.9982E-05 9.9982E-05 0.00591527 0.000185842 0.222746
0.032886 0.966614 9.9955E-05 9.9955E-05 9.9955E-05 9.9955E-05 9.9955E-05
9.9964E-05 0.992085 0.00532794 9.9964E-05 0.00218689 9.9964E-05 9.9964E-05
9.9982E-05 0.938495 0.00724589 0.0210053 0.0117344 0.0213198 9.9982E-05
9.9973E-05 0.964367 0.00715985 9.9973E-05 0.000204345 9.9973E-05 0.0279691
9.9973E-05 0.115265 0.509368 0.214438 9.9973E-05 9.9973E-05 0.160629
9.9964E-05 0.923373 0.0419534 9.9964E-05 9.9964E-05 9.9964E-05 0.0342742
0.675199 0.0116705 0.0614861 0.249674 9.9982E-05 0.00176991 9.9982E-05
0.0169861 0.470677 0.0104834 9.9982E-05 0.000910395 9.9982E-05 0.500743
9.9955E-05 0.890464 9.9955E-05 9.9955E-05 9.9955E-05 9.9955E-05 0.109037
0.0491894 0.147143 9.9982E-05 0.317169 0.0754537 0.410845 9.9982E-05
0.0158156 0.49303 9.9982E-05 0.425332 0.0187395 0.0468826 9.9982E-05
9.9964E-05 0.257317 9.9964E-05 0.314546 9.9964E-05 9.9964E-05 0.427737
9.9982E-05 0.76656 9.9982E-05 0.010324 0.0107076 0.0039987 0.20821
0.0125323 0.962912 9.9964E-05 0.0241561 9.9964E-05 9.9964E-05 9.9964E-05
9.995E-05 9.995E-05 9.995E-05 9.995E-05 0.9994 9.995E-05 9.995E-05
9.9973E-05 0.451102 0.0168444 9.9973E-05 9.9973E-05 0.00208646 0.529667
9.9955E-05 0.459412 9.9955E-05 9.9955E-05 9.9955E-05 9.9955E-05 0.540089
9.9973E-05 0.161209 0.536485 0.0120822 9.9973E-05 9.9973E-05 0.289925
0.0165592 0.0329053 0.393821 0.0266821 0.0106878 9.9991E-05 0.519245
9.9964E-05 0.109048 0.886652 9.9964E-05 9.9964E-05 9.9964E-05 0.00390044
0.01016 0.980959 9.9964E-05 0.00848102 9.9964E-05 9.9964E-05 9.9964E-05
9.9955E-05 0.452692 9.9955E-05 9.9955E-05 9.9955E-05 9.9955E-05 0.546808
9.9955E-05 0.859274 9.9955E-05 9.9955E-05 9.9955E-05 9.9955E-05 0.140226
9.9973E-05 0.255604 0.0122735 0.0483824 9.9973E-05 9.9973E-05 0.68344
0.00974565 0.206712 0.0727086 0.696885 9.9991E-05 0.00847653 0.00537249
0.0181181 0.957458 9.9964E-05 0.0240245 9.9964E-05 9.9964E-05 9.9964E-05
0.0639107 0.0488453 0.0708062 0.182239 9.9982E-05 9.9982E-05 0.633999
9.9982E-05 0.121817 0.0768111 0.151924 9.9982E-05 0.0127937 0.636454
0.853761 9.9973E-05 0.0150933 0.127118 9.9973E-05 0.00372802 9.9973E-05
9.9964E-05 0.936515 0.0165114 9.9964E-05 9.9964E-05 9.9964E-05 0.0465734
9.995E-05 0.9994 9.995E-05 9.995E-05 9.995E-05 9.995E-05 9.995E-05
9.9982E-05 0.0240419 0.64215 0.0378985 9.9982E-05 0.0288659 0.266844
9.9955E-05 0.0107 9.9955E-05 9.9955E-05 9.9955E-05 0.9888 9.9955E-05
9.9964E-05 0.0485852 0.93508 9.9964E-05 9.9964E-05 0.0159354 9.9964E-05
0.0349799 0.725827 9.9964E-05 9.9964E-05 9.9964E-05 9.9964E-05 0.238793
0.0357074 0.943796 9.9973E-05 0.0175387 0.00265753 9.9973E-05 9.9973E-05
9.9964E-05 0.107961 0.739497 9.9964E-05 9.9964E-05 9.9964E-05 0.152142
9.995E-05 9.995E-05 9.995E-05 9.995E-05 9.995E-05 0.9994 9.995E-05
0.651722 9.9973E-05 9.9973E-05 0.295408 0.0110487 0.0415218 9.9973E-05
9.9964E-05 0.647803 0.165128 9.9964E-05 9.9964E-05 9.9964E-05 0.186669
9.9955E-05 0.680136 9.9955E-05 9.9955E-05 9.9955E-05 9.9955E-05 0.319364
0.00177456 0.157282 0.499801 9.9973E-05 9.9973E-05 9.9973E-05 0.340843
0.0277366 0.971764 9.9955E-05 9.9955E-05 9.9955E-05 9.9955E-05 9.9955E-05
9.9982E-05 0.0285208 0.388769 0.447955 9.9982E-05 0.0449654 0.0895894
0.134947 0.0679783 0.00455139 0.182233 0.101043 0.508816 0.000431902
0.0243004 0.835585 9.9973E-05 9.9973E-05 0.00691338 9.9973E-05 0.132901
9.9973E-05 0.431892 0.143443 9.9973E-05 9.9973E-05 0.00292708 0.421439
0.9994 9.995E-05 9.995E-05 9.995E-05 9.995E-05 9.995E-05 9.995E-05
9.99689E-05 0.821889 0.0484929 9.99689E-05 9.99689E-05 9.99689E-05 0.129218
0.00210695 0.31953 0.0575611 9.9973E-05 9.9973E-05 9.9973E-05 0.620502
9.9955E-05 0.728514 9.9955E-05 9.9955E-05 9.9955E-05 9.9955E-05 0.270986
9.9973E-05 0.247303 0.730891 9.9973E-05 0.0166179 0.00488792 9.9973E-05
9.9982E-05 0.201311 0.516704 0.0851561 9.9982E-05 0.0150688 0.181559
9.9964E-05 9.9964E-05 0.0324616 0.383002 9.9964E-05 9.9964E-05 0.584137
9.9973E-05 0.0804004 0.345275 0.565401 0.00862383 9.9973E-05 9.9973E-05
0.0153454 0.501815 9.9964E-05 9.9964E-05 9.9964E-05 9.9964E-05 0.48244
0.00819599 0.844421 9.9973E-05 9.9973E-05 9.9973E-05 0.00697192 0.140111
0.0072639 0.606324 0.00177055 9.9982E-05 9.9982E-05 0.0208868 0.363555
0.000198408 9.9982E-05 0.0431647 0.0271161 0.0595792 0.869742 9.9982E-05
0.0359773 0.886178 9.9973E-05 0.0517398 9.9973E-05 9.9973E-05 0.025805
0.00678355 9.9973E-05 9.9973E-05 9.9973E-05 0.00955555 0.967977 0.0153843
0.00522062 0.601197 9.9973E-05 9.9973E-05 9.9973E-05 0.00136753 0.391914
0.941657 0.0578436 9.99549E-05 9.99549E-05 9.99549E-05 9.99549E-05 9.99549E-05
0.00508689 9.9973E-05 0.706235 0.00206679 9.9973E-05 9.9973E-05 0.286311
9.9973E-05 0.107541 0.731738 0.151777 0.00864325 9.9973E-05 9.9973E-05
0.0432825 0.106985 0.699062 0.0327217 0.0398 9.9991E-05 0.0780489
0.00575979 0.435197 9.9973E-05 0.00398224 9.9973E-05 9.9973E-05 0.554761
0.00377948 0.199886 0.400004 0.220379 9.9991E-05 0.0326629 0.143189
0.00119089 0.924602 9.9973E-05 0.0112948 9.9973E-05 9.9973E-05 0.0626126
0.0201523 0.336617 0.121126 9.9991E-05 0.00291139 0.0018935 0.517199
0.00946023 0.392002 9.9982E-05 0.550886 0.0301474 0.0173045 9.9982E-05
9.9982E-05 0.655551 9.9982E-05 0.111849 0.00256373 0.0176715 0.212165
0.00377421 0.782541 9.9982E-05 0.0278384 0.00701158 9.9982E-05 0.178635
0.964898 0.0315314 9.99639E-05 9.99639E-05 9.99639E-05 0.00317045 9.99639E-05
0.0501964 0.11641 9.9973E-05 0.69476 9.9973E-05 9.9973E-05 0.138333
0.990256 9.99551E-05 0.00924442 9.99551E-05 9.99551E-05 9.99551E-05 9.99551E-05
9.9964E-05 0.57027 9.9964E-05 9.9964E-05 9.9964E-05 0.00449181 0.424838
0.0532826 0.266427 9.9991E-05 0.567474 0.0174548 0.00338043 0.0918805
0.0535758 0.3077 9.9973E-05 0.630419 9.9973E-05 9.9973E-05 0.00800558
9.9973E-05 0.68046 0.0278802 9.9973E-05 9.9973E-05 0.0244814 0.266879
9.9955E-05 0.963643 0.0358571 9.9955E-05 9.9955E-05 9.9955E-05 9.9955E-05
9.995E-05 9.995E-05 9.995E-05 9.995E-05 9.995E-05 0.9994 9.995E-05
0.05371 0.0456141 0.184122 0.716254 9.9973E-05 9.9973E-05 9.9973E-05
9.9955E-05 0.618423 9.9955E-05 9.9955E-05 9.9955E-05 9.9955E-05 0.381077
0.42686 0.213016 9.9982E-05 0.285193 0.0264581 0.0482719 9.9982E-05
0.00292447 0.974619 9.9973E-05 0.0191133 0.00304342 9.9973E-05 9.9973E-05
9.995E-05 9.995E-05 9.995E-05 9.995E-05 0.9994 9.995E-05 9.995E-05
9.9982E-05 0.824341 9.9982E-05 0.0365948 0.00720868 0.0155036 0.116151
9.9973E-05 0.152138 9.9973E-05 0.211352 0.609692 0.026518 9.9973E-05
0.0115069 0.0371668 0.580199 0.00103642 0.0115328 0.0263123 0.332246
0.000748703 0.968514 0.00283084 0.0208009 0.00690583 9.9982E-05 9.9982E-05
9.995E-05 0.9994 9.995E-05 9.995E-05 9.995E-05 9.995E-05 9.995E-05
0.00859432 0.0928191 0.300355 0.597609 0.000422236 9.9982E-05 9.9982E-05
0.0074087 0.907972 9.9973E-05 0.0840564 9.9973E-05 0.000262488 9.9973E-05
0.981037 9.99551E-05 0.0184635 9.99551E-05 9.99551E-05 9.99551E-05 9.99551E-05
9.9964E-05 0.986941 9.9964E-05 9.9964E-05 9.9964E-05 0.000401316 0.0122576
9.995E-05 9.995E-05 9.995E-05 9.995E-05 0.9994 9.995E-05 9.995E-05
9.9955E-05 0.988975 9.9955E-05 9.9955E-05 9.9955E-05 9.9955E-05 0.0105252
0.0275639 0.0335497 0.306092 0.144918 9.9982E-05 9.9982E-05 0.487676
0.0127193 0.270466 0.2942 0.0622184 0.0162002 0.0207584 0.323438
9.9973E-05 0.0477786 0.116872 0.643291 9.9973E-05 9.9973E-05 0.191758
9.9982E-05 0.191731 9.9982E-05 0.427625 0.0094427 0.0242891 0.346712
9.9973E-05 0.159962 9.9973E-05 0.666647 9.9973E-05 0.0453035 0.127787
9.9955E-05 0.991122 0.00837788 9.9955E-05 9.9955E-05 9.9955E-05 9.9955E-05
0.0512938 0.24772 0.269445 9.9973E-05 9.9973E-05 9.9973E-05 0.431242
9.99563E-05 0.866809 9.99563E-05 9.99563E-05 9.99563E-05 9.99563E-05 0.132691
0.0396003 0.12192 9.9982E-05 0.316002 9.9982E-05 0.0241427 0.498136
0.00297337 0.0445956 0.627206 0.258776 0.00581405 9.9991E-05 0.0605348
0.0188315 0.864868 9.9982E-05 0.022846 0.018865 9.9982E-05 0.0743896
9.9964E-05 0.281987 9.9964E-05 9.9964E-05 9.9964E-05 0.0114416 0.706171
0.00328109 0.632126 9.9982E-05 9.9982E-05 0.00198991 0.00643682 0.355966
9.9964E-05 0.939662 0.0345062 0.0254319 9.9964E-05 9.9964E-05 9.9964E-05
0.0535649 0.454482 9.9982E-05 0.446969 0.0271049 0.0176791 9.9982E-05
9.9973E-05 0.182352 0.0796311 0.19835 9.9973E-05 9.9973E-05 0.539366
0.0124988 0.368539 0.129965 0.223799 0.0251518 0.000920289 0.239126
0.0277145 9.9991E-05 0.0202707 0.0462106 0.88934 0.0105045 0.00585977
0.0181738 0.910428 9.9973E-05 0.0688021 9.9973E-05 0.00229603 9.9973E-05
9.9955E-05 0.990329 9.9955E-05 0.00917168 9.9955E-05 9.9955E-05 9.9955E-05
0.00114736 0.846105 9.9973E-05 9.9973E-05 0.00901097 9.9973E-05 0.143437
0.971659 0.027841 9.99549E-05 9.99549E-05 9.99549E-05 9.99549E-05 9.99549E-05
9.9973E-05 0.604182 9.9973E-05 0.0544987 0.0156279 9.9973E-05 0.325391
9.9973E-05 0.192504 0.163261 0.638988 9.9973E-05 9.9973E-05 0.00494717
9.9982E-05 0.277434 0.18537 0.0581512 9.9982E-05 0.00692155 0.471923
9.9964E-05 0.987782 9.9964E-05 9.9964E-05 0.000520256 0.0112974 9.9964E-05
0.00905455 0.863782 0.0759517 0.0425461 9.9982E-05 9.9982E-05 0.00846553
9.9964E-05 0.984418 0.00357206 9.9964E-05 9.9964E-05 9.9964E-05 0.01161
9.9982E-05 0.117089 0.233354 0.583671 9.9982E-05 0.0294917 0.0361951
0.034618 0.0300943 9.9982E-05 0.113237 0.78901 0.0328403 9.9982E-05
9.9964E-05 9.9964E-05 0.159493 0.785376 9.9964E-05 9.9964E-05 0.0547312
9.9973E-05 0.448114 0.165522 9.9973E-05 9.9973E-05 0.0208743 0.36519
9.9964E-05 9.9964E-05 9.9964E-05 0.0235355 0.959772 0.0162927 9.9964E-05
0.0368622 0.523135 9.9982E-05 0.0877862 0.00272681 9.9982E-05 0.34929
9.99639E-05 0.242224 0.479197 9.99639E-05 9.99639E-05 9.99639E-05 0.278179
0.0259556 0.886927 0.0253139 0.050303 0.0038887 0.0075113 9.9991E-05
9.995E-05 0.9994 9.995E-05 9.995E-05 9.995E-05 9.995E-05 9.995E-05
9.99747E-05 0.955074 0.0080032 0.0217642 9.99747E-05 0.014859 9.99747E-05
9.9973E-05 0.452465 0.0561601 0.250208 9.9973E-05 9.9973E-05 0.240867
0.930473 0.0690275 9.99549E-05 9.99549E-05 9.99549E-05 9.99549E-05 9.99549E-05
9.9964E-05 0.943416 9.9964E-05 9.9964E-05 9.9964E-05 0.00150898 0.0546748
9.9964E-05 0.0631486 0.763891 0.17256 9.9964E-05 9.9964E-05 9.9964E-05
9.9973E-05 0.334946 0.0833442 0.0113917 9.9973E-05 9.9973E-05 0.570018
0.965023 9.9964E-05 9.9964E-05 9.9964E-05 0.00849338 9.9964E-05 0.026084
0.005905 0.0778558 0.512158 0.403781 9.9973E-05 9.9973E-05 9.9973E-05
9.9973E-05 0.257831 9.9973E-05 0.682223 0.0442231 9.9973E-05 0.0154231
0.0240321 0.105543 0.25084 0.249558 9.9982E-05 9.9982E-05 0.369827
0.918869 0.0751034 9.9964E-05 9.9964E-05 9.9964E-05 9.9964E-05 0.0056277
9.9964E-05 0.383994 0.0836419 9.9964E-05 9.9964E-05 9.9964E-05 0.531964
9.995E-05 9.995E-05 9.995E-05 9.995E-05 0.9994 9.995E-05 9.995E-05
9.9973E-05 0.482666 0.0537261 9.9973E-05 0.00762133 9.9973E-05 0.455687
9.9973E-05 0.861281 9.9973E-05 9.9973E-05 0.00211757 0.0192215 0.11708
9.995E-05 9.995E-05 9.995E-05 9.995E-05 0.9994 9.995E-05 9.995E-05
9.9955E-05 0.784057 9.9955E-05 9.9955E-05 9.9955E-05 9.9955E-05 0.215444
0.0019437 9.9991E-05 0.0149111 0.0240575 0.0103412 0.919016 0.0296306
9.9982E-05 0.0869146 0.258545 0.0909001 9.9982E-05 0.00561128 0.557829
0.0218028 0.875761 9.9973E-05 0.0189034 9.9973E-05 9.9973E-05 0.0832328
0.0562404 0.139393 0.246767 0.551089 0.00631113 9.9982E-05 9.9982E-05
9.9982E-05 0.644568 0.0379167 0.0466073 0.0131082 9.9982E-05 0.2576
9.9964E-05 9.9964E-05 9.9964E-05 0.0549043 0.916467 0.0282293 9.9964E-05
9.9982E-05 0.10525 0.0298301 0.173421 0.00779352 9.9982E-05 0.683505
