9.9946E-05 0.00955485 9.9946E-05 9.9946E-05 9.9946E-05 0.619418 9.9946E-05 0.196847 0.17358 9.9946E-05
9.9928E-05 9.9928E-05 9.9928E-05 9.9928E-05 9.9928E-05 0.944573 9.9928E-05 9.9928E-05 9.9928E-05 0.0546278
0.0183776 9.9955E-05 9.9955E-05 0.0110996 0.000178649 0.934979 9.9955E-05 0.034865 9.9955E-05 9.9955E-05
0.00554834 0.0102702 0.00712289 9.9973E-05 9.9973E-05 0.536558 9.9973E-05 0.305381 0.0373228 0.097497
0.0400125 9.9964E-05 0.254164 9.9964E-05 9.9964E-05 0.126801 9.9964E-05 0.315098 0.14474 0.118784
0.00610812 9.9955E-05 9.9955E-05 9.9955E-05 9.9955E-05 0.120437 9.9955E-05 0.0232509 0.0970881 0.752616
9.9955E-05 9.9955E-05 0.637658 0.00309551 0.0111668 0.12487 9.9955E-05 9.9955E-05 0.222709 9.9955E-05
9.99371E-05 9.99371E-05 9.99371E-05 9.99371E-05 0.102466 9.99371E-05 9.99371E-05 0.568753 9.99371E-05 0.328081
0.00415083 0.0175483 9.9964E-05 9.9964E-05 0.0294267 0.909076 0.00866433 9.9964E-05 0.0307341 9.9964E-05
9.9928E-05 9.9928E-05 9.9928E-05 9.9928E-05 9.9928E-05 0.73777 9.9928E-05 0.261431 9.9928E-05 9.9928E-05
9.9964E-05 0.00299026 0.0771561 0.0437134 0.210026 0.111967 9.9964E-05 0.553748 9.9964E-05 9.9964E-05
9.9937E-05 9.9937E-05 0.26714 9.9937E-05 9.9937E-05 9.9937E-05 9.9937E-05 0.308434 0.423726 9.9937E-05
9.9955E-05 9.9955E-05 0.112703 9.9955E-05 0.0859173 0.158274 9.9955E-05 0.481959 0.160647 9.9955E-05
9.99459E-05 9.99459E-05 9.99459E-05 0.00223232 0.0814336 0.0713684 9.99459E-05 9.99459E-05 9.99459E-05 0.844366
9.99369E-05 9.99369E-05 9.99369E-05 9.99369E-05 9.99369E-05 0.431091 0.00301342 0.565196 9.99369E-05 9.99369E-05
0.0172716 0.00682029 0.082357 9.99729E-05 9.99729E-05 0.429386 0.00598412 9.99729E-05 0.283111 0.17477
9.9955E-05 9.9955E-05 9.9955E-05 0.00284022 0.752484 0.13376 9.9955E-05 0.0423685 9.9955E-05 0.0680481
9.9955E-05 0.418411 9.9955E-05 0.0471776 9.9955E-05 0.244407 0.0189949 9.9955E-05 9.9955E-05 0.270509
9.9946E-05 9.9946E-05 0.025837 9.9946E-05 9.9946E-05 0.966085 0.0050252 9.9946E-05 9.9946E-05 0.00245333
9.9973E-05 9.9973E-05 0.431277 0.067793 0.0991705 0.0770258 0.0226392 0.262944 9.9973E-05 0.0388508
9.9928E-05 9.9928E-05 9.9928E-05 9.9928E-05 9.9928E-05 0.89439 9.9928E-05 9.9928E-05 0.104811 9.9928E-05
0.0120626 9.9955E-05 9.9955E-05 9.9955E-05 0.393064 0.166991 9.9955E-05 0.109623 0.31776 9.9955E-05
0.00391776 0.000463056 0.0446389 9.9964E-05 9.9964E-05 0.206265 9.9964E-05 0.209609 0.534707 9.9964E-05
0.541927 9.9937E-05 9.9937E-05 0.41514 9.9937E-05 9.9937E-05 9.9937E-05 0.0422331 9.9937E-05 9.9937E-05
0.00985266 0.00352736 0.0934585 9.9964E-05 9.9964E-05 0.113403 9.9964E-05 9.9964E-05 0.389848 0.389511
9.9955E-05 9.9955E-05 0.00667716 0.0613107 0.203341 0.225154 9.9955E-05 0.503018 9.9955E-05 9.9955E-05
9.9955E-05 9.9955E-05 0.316683 9.9955E-05 0.231445 0.16388 0.00199042 0.285502 9.9955E-05 9.9955E-05
9.9946E-05 0.00521899 9.9946E-05 9.9946E-05 9.9946E-05 0.880437 9.9946E-05 0.0993777 0.0143671 9.9946E-05
9.9937E-05 9.9937E-05 9.9937E-05 9.9937E-05 9.9937E-05 0.736135 9.9937E-05 0.182248 0.0809175 9.9937E-05
9.9946E-05 9.9946E-05 9.9946E-05 9.9946E-05 0.000899679 0.992293 9.9946E-05 0.00248972 0.00371796 9.9946E-05
9.9955E-05 9.9955E-05 0.0205881 0.0290808 9.9955E-05 0.0863643 9.9955E-05 9.9955E-05 0.229991 0.633476
9.9937E-05 9.9937E-05 0.0272171 9.9937E-05 9.9937E-05 0.95023 9.9937E-05 9.9937E-05 9.9937E-05 0.021853
9.9937E-05 9.9937E-05 0.0357388 0.00214191 9.9937E-05 0.96142 9.9937E-05 9.9937E-05 9.9937E-05 9.9937E-05
0.00635431 9.9955E-05 0.016881 9.9955E-05 0.227574 0.118725 9.9955E-05 9.9955E-05 9.9955E-05 0.629966
0.00331998 9.9937E-05 9.9937E-05 9.9937E-05 9.9937E-05 0.976022 9.9937E-05 9.9937E-05 9.9937E-05 0.0199584
9.9973E-05 9.9973E-05 0.4414 9.9973E-05 0.0303902 0.156222 0.013532 0.272438 0.00409215 0.0816257
9.9928E-05 9.9928E-05 9.9928E-05 9.9928E-05 9.9928E-05 0.513159 9.9928E-05 0.486042 9.9928E-05 9.9928E-05
9.9955E-05 9.9955E-05 0.221232 0.0511901 0.111146 9.9955E-05 0.0216306 9.9955E-05 0.594302 9.9955E-05
9.996E-05 0.00328665 0.222073 0.0136273 0.281126 9.996E-05 9.996E-05 9.996E-05 0.16505 0.314437
0.0486619 9.9973E-05 0.144203 9.9973E-05 0.0384455 0.109231 9.9973E-05 0.520079 0.124364 0.0147169
0.0174767 0.00338645 0.399826 9.9973E-05 9.9973E-05 0.125826 0.0108836 9.9973E-05 0.0878169 0.354485
0.015296 9.9955E-05 0.0142725 0.00521797 9.9955E-05 0.959824 0.00488991 9.9955E-05 9.9955E-05 9.9955E-05
9.9946E-05 9.9946E-05 9.9946E-05 9.9946E-05 0.0114891 0.767768 9.9946E-05 0.160005 0.0601385 9.9946E-05
0.00130399 9.9946E-05 9.9946E-05 9.9946E-05 9.9946E-05 0.723397 0.0095928 0.265107 9.9946E-05 9.9946E-05
9.9955E-05 0.0275229 9.9955E-05 9.9955E-05 9.9955E-05 0.700632 9.9955E-05 0.0995698 0.132323 0.0394519
9.99201E-05 0.999101 9.99201E-05 9.99201E-05 9.99201E-05 9.99201E-05 9.99201E-05 9.99201E-05 9.99201E-05 9.99201E-05
9.9946E-05 9.9946E-05 0.0905042 9.9946E-05 0.0400484 0.853934 9.9946E-05 0.0149134 9.9946E-05 9.9946E-05
9.9937E-05 9.9937E-05 9.9937E-05 9.9937E-05 9.9937E-05 0.873972 9.9937E-05 0.0354945 0.0898342 9.9937E-05
9.99201E-05 0.999101 9.99201E-05 9.99201E-05 9.99201E-05 9.99201E-05 9.99201E-05 9.99201E-05 9.99201E-05 9.99201E-05
9.99369E-05 9.99369E-05 9.99369E-05 9.99369E-05 9.99369E-05 0.555677 9.99369E-05 0.362978 0.0806454 9.99369E-05
9.995E-05 9.995E-05 9.995E-05 9.995E-05 0.172625 0.385602 0.00301918 0.239099 0.199154 9.995E-05
9.99365E-05 9.99365E-05 9.99365E-05 9.99365E-05 9.99365E-05 0.629685 9.99365E-05 0.369516 9.99365E-05 9.99365E-05
0.00510482 9.9946E-05 9.9946E-05 9.9946E-05 9.9946E-05 0.470615 9.9946E-05 0.283641 0.24004 9.9946E-05
9.99549E-05 0.0167584 9.99549E-05 0.0334752 9.99549E-05 0.491415 0.0101791 9.99549E-05 9.99549E-05 0.447672
0.0455312 9.99549E-05 9.99549E-05 9.99549E-05 9.99549E-05 0.240901 9.99549E-05 0.0633694 0.56266 0.0870381
0.0417619 9.99549E-05 9.99549E-05 0.000757434 9.99549E-05 0.76177 0.0154957 9.99549E-05 9.99549E-05 0.179715
9.9937E-05 0.00410622 9.9937E-05 9.9937E-05 9.9937E-05 0.885685 9.9937E-05 0.109509 9.9937E-05 9.9937E-05
9.9964E-05 0.00935489 0.000720251 9.9964E-05 0.00533861 0.966527 9.9964E-05 9.9964E-05 0.00283463 0.0148252
0.00507557 0.00212676 9.9964E-05 9.9964E-05 9.9964E-05 0.664593 9.9964E-05 0.240588 0.0502131 0.0370039
9.9937E-05 9.9937E-05 9.9937E-05 9.9937E-05 9.9937E-05 0.715426 9.9937E-05 0.227385 0.0564895 9.9937E-05
9.9946E-05 9.9946E-05 9.9946E-05 0.00256915 9.9946E-05 0.960334 9.9946E-05 0.0292551 0.00724234 9.9946E-05
0.133553 9.9928E-05 9.9928E-05 0.865648 9.9928E-05 9.9928E-05 9.9928E-05 9.9928E-05 9.9928E-05 9.9928E-05
0.016833 9.9955E-05 9.9955E-05 9.9955E-05 0.031975 0.939842 0.0078372 9.9955E-05 0.00301334 9.9955E-05
9.9973E-05 9.9973E-05 0.0328907 0.0753439 9.9973E-05 0.175019 0.0108729 0.533377 0.0298027 0.142394
9.9937E-05 0.00880524 9.9937E-05 9.9937E-05 0.0273879 0.963107 9.9937E-05 9.9937E-05 9.9937E-05 9.9937E-05
9.9937E-05 9.9937E-05 0.0114482 9.9937E-05 9.9937E-05 0.985768 0.00208473 9.9937E-05 9.9937E-05 9.9937E-05
9.9955E-05 0.00169938 9.9955E-05 0.00320365 9.9955E-05 0.612052 9.9955E-05 0.216947 0.165598 9.9955E-05
9.9946E-05 9.9946E-05 9.9946E-05 9.9946E-05 0.0379525 0.633361 9.9946E-05 0.299086 0.0290006 9.9946E-05
9.9946E-05 9.9946E-05 0.114546 9.9946E-05 0.353441 0.0709353 9.9946E-05 9.9946E-05 0.460478 9.9946E-05
9.99201E-05 0.999101 9.99201E-05 9.99201E-05 9.99201E-05 9.99201E-05 9.99201E-05 9.99201E-05 9.99201E-05 9.99201E-05
0.0203542 9.9955E-05 9.9955E-05 9.9955E-05 9.9955E-05 0.040338 9.9955E-05 0.56495 0.103076 0.270782
0.032264 9.99459E-05 9.99459E-05 9.99459E-05 9.99459E-05 0.816695 0.0181521 9.99459E-05 9.99459E-05 0.13229
0.0192184 0.0101132 9.9955E-05 9.9955E-05 9.9955E-05 0.752512 0.0083069 0.20935 9.9955E-05 9.9955E-05
0.0208807 9.9937E-05 9.9937E-05 0.0243297 9.9937E-05 0.95409 9.9937E-05 9.9937E-05 9.9937E-05 9.9937E-05
0.0182065 0.00535433 9.9955E-05 9.9955E-05 9.9955E-05 0.967438 0.00152337 9.9955E-05 9.9955E-05 0.0069776
9.99549E-05 0.0270848 0.0596567 9.99549E-05 9.99549E-05 0.894185 0.00506465 9.99549E-05 9.99549E-05 0.0135095
9.9946E-05 9.9946E-05 9.9946E-05 9.9946E-05 9.9946E-05 0.978616 0.00518326 0.00264727 0.0129535 9.9946E-05
0.00639954 9.9982E-05 0.0493872 0.0116257 0.405299 0.158729 9.9982E-05 0.0571768 0.201174 0.110009
9.9937E-05 9.9937E-05 9.9937E-05 9.9937E-05 0.027451 0.934411 9.9937E-05 0.0374389 9.9937E-05 9.9937E-05
9.9937E-05 9.9937E-05 9.9937E-05 0.925243 9.9937E-05 0.0396011 9.9937E-05 9.9937E-05 0.0344566 9.9937E-05
0.0208783 9.9946E-05 9.9946E-05 9.9946E-05 9.9946E-05 0.499252 9.9946E-05 0.321556 0.157715 9.9946E-05
9.9946E-05 0.00414944 9.9946E-05 9.9946E-05 9.9946E-05 0.910175 9.9946E-05 0.0440475 0.0410282 9.9946E-05
9.996E-05 0.370445 9.996E-05 0.185762 0.00519294 0.102143 0.0621798 9.996E-05 9.996E-05 0.273877
0.0177181 0.0271769 9.9955E-05 9.9955E-05 9.9955E-05 0.411357 0.00340502 9.9955E-05 9.9955E-05 0.539843
9.99459E-05 9.99459E-05 0.0732749 9.99459E-05 9.99459E-05 0.231933 9.99459E-05 0.441319 9.99459E-05 0.252874
9.996E-05 0.000828683 9.996E-05 9.996E-05 9.996E-05 0.767434 0.00751895 0.161173 0.0289767 0.033669
9.9946E-05 9.9946E-05 0.00173611 0.0221798 9.9946E-05 0.956516 9.9946E-05 9.9946E-05 9.9946E-05 0.0189679
9.99201E-05 9.99201E-05 9.99201E-05 9.99201E-05 9.99201E-05 9.99201E-05 0.999101 9.99201E-05 9.99201E-05 9.99201E-05
9.99369E-05 9.99369E-05 9.99369E-05 9.99369E-05 9.99369E-05 0.481894 9.99369E-05 0.257022 0.260384 9.99369E-05
9.99369E-05 9.99369E-05 9.99369E-05 9.99369E-05 9.99369E-05 0.485238 9.99369E-05 0.235556 0.278506 9.99369E-05
9.9946E-05 9.9946E-05 9.9946E-05 9.9946E-05 0.238898 0.161284 9.9946E-05 0.0650185 0.534201 9.9946E-05
9.9955E-05 9.9955E-05 0.205617 0.0255686 0.0359095 0.0250019 9.9955E-05 0.707403 9.9955E-05 9.9955E-05
9.9946E-05 9.9946E-05 0.0610499 9.9946E-05 0.474203 0.0425204 9.9946E-05 0.421627 9.9946E-05 9.9946E-05
0.00968004 9.9937E-05 9.9937E-05 9.9937E-05 9.9937E-05 0.984223 9.9937E-05 9.9937E-05 9.9937E-05 0.00539745
9.9937E-05 9.9937E-05 9.9937E-05 9.9937E-05 9.9937E-05 0.499539 9.9937E-05 0.497874 0.00188719 9.9937E-05
9.9928E-05 9.9928E-05 9.9928E-05 9.9928E-05 9.9928E-05 0.845808 9.9928E-05 0.153393 9.9928E-05 9.9928E-05
0.000782139 9.9946E-05 9.9946E-05 9.9946E-05 9.9946E-05 0.330083 9.9946E-05 0.368547 0.299988 9.9946E-05
9.9955E-05 9.9955E-05 0.185313 9.9955E-05 0.0327958 0.0999841 9.9955E-05 0.0456414 9.9955E-05 0.635766
9.9946E-05 9.9946E-05 0.0058981 0.00597802 9.9946E-05 0.970775 9.9946E-05 9.9946E-05 9.9946E-05 0.0167494
0.0463364 9.9946E-05 0.0344916 9.9946E-05 9.9946E-05 0.159273 9.9946E-05 9.9946E-05 0.759299 9.9946E-05
9.9964E-05 0.0056988 0.174467 9.9964E-05 9.9964E-05 0.188922 0.012668 0.598713 9.9964E-05 0.0191308
0.249633 9.9937E-05 9.9937E-05 0.744831 9.9937E-05 9.9937E-05 9.9937E-05 9.9937E-05 0.00483616 9.9937E-05
9.99369E-05 9.99369E-05 9.99369E-05 9.99369E-05 9.99369E-05 0.501188 9.99369E-05 0.460193 0.0379196 9.99369E-05
9.9946E-05 9.9946E-05 0.00614159 9.9946E-05 0.00926611 0.925847 9.9946E-05 9.9946E-05 0.0581455 9.9946E-05
9.99201E-05 9.99201E-05 9.99201E-05 9.99201E-05 9.99201E-05 0.999101 9.99201E-05 9.99201E-05 9.99201E-05 9.99201E-05
9.9955E-05 0.00236584 0.200071 9.9955E-05 0.269665 9.9955E-05 9.9955E-05 0.421174 0.106225 9.9955E-05
9.99201E-05 0.999101 9.99201E-05 9.99201E-05 9.99201E-05 9.99201E-05 9.99201E-05 9.99201E-05 9.99201E-05 9.99201E-05
9.99459E-05 0.0117888 9.99459E-05 9.99459E-05 0.885814 0.0223537 9.99459E-05 0.079444 9.99459E-05 9.99459E-05
0.0279862 9.9937E-05 9.9937E-05 9.9937E-05 9.9937E-05 0.73759 9.9937E-05 9.9937E-05 0.233724 9.9937E-05
9.9946E-05 9.9946E-05 9.9946E-05 0.0281615 9.9946E-05 0.935533 0.00744465 9.9946E-05 9.9946E-05 0.0282612
9.9946E-05 9.9946E-05 9.9946E-05 9.9946E-05 0.390314 0.0739519 9.9946E-05 0.178603 0.356531 9.9946E-05
9.99201E-05 0.999101 9.99201E-05 9.99201E-05 9.99201E-05 9.99201E-05 9.99201E-05 9.99201E-05 9.99201E-05 9.99201E-05
9.99369E-05 0.00421939 9.99369E-05 0.916349 9.99369E-05 9.99369E-05 9.99369E-05 9.99369E-05 9.99369E-05 0.0787323
9.9955E-05 9.9955E-05 0.0503286 9.9955E-05 0.0148333 0.627057 9.9955E-05 0.0974423 0.209839 9.9955E-05
9.9928E-05 9.9928E-05 9.9928E-05 9.9928E-05 9.9928E-05 0.707265 9.9928E-05 0.291935 9.9928E-05 9.9928E-05
9.9946E-05 9.9946E-05 0.183139 9.9946E-05 0.058314 0.0549586 9.9946E-05 0.702989 9.9946E-05 9.9946E-05
0.0182699 9.9937E-05 9.9937E-05 0.0184983 9.9937E-05 0.962532 9.9937E-05 9.9937E-05 9.9937E-05 9.9937E-05
9.9964E-05 0.0455955 0.0805243 0.00676704 0.506591 0.0407266 9.9964E-05 9.9964E-05 9.9964E-05 0.319396
9.9964E-05 0.49794 9.9964E-05 0.219242 0.0444258 0.06537 0.101347 9.9964E-05 9.9964E-05 0.0712752
0.0321736 9.9955E-05 9.9955E-05 9.9955E-05 9.9955E-05 0.876457 0.00158138 0.0608929 0.0283953 9.9955E-05
9.9946E-05 9.9946E-05 0.0237596 9.9946E-05 9.9946E-05 0.477552 9.9946E-05 0.361561 0.136527 9.9946E-05
0.961593 9.99371E-05 9.99371E-05 0.0346078 0.00309967 9.99371E-05 9.99371E-05 9.99371E-05 9.99371E-05 9.99371E-05
9.9946E-05 0.00165569 9.9946E-05 9.9946E-05 0.0527708 0.833665 9.9946E-05 0.111309 9.9946E-05 9.9946E-05
9.99369E-05 9.99369E-05 9.99369E-05 9.99369E-05 9.99369E-05 0.374626 9.99369E-05 0.230912 0.393763 9.99369E-05
9.9937E-05 9.9937E-05 9.9937E-05 9.9937E-05 9.9937E-05 0.813185 9.9937E-05 0.17069 0.0154255 9.9937E-05
9.9946E-05 9.9946E-05 9.9946E-05 0.01884 0.747595 0.231706 0.00125885 9.9946E-05 9.9946E-05 9.9946E-05
9.9973E-05 0.00182971 0.107936 9.9973E-05 0.18513 0.126472 9.9973E-05 0.363042 0.116027 0.0992639
9.9973E-05 9.9973E-05 0.0285168 0.0386089 0.206319 0.0768821 9.9973E-05 0.232421 0.183671 0.233282
9.99459E-05 9.99459E-05 9.99459E-05 9.99459E-05 0.450547 9.99459E-05 0.00522342 9.99459E-05 0.0255256 0.518104
0.0175903 9.994E-05 9.994E-05 9.994E-05 9.994E-05 0.549554 9.994E-05 0.386512 0.0457432 9.994E-05
0.00852924 0.00481573 9.9946E-05 9.9946E-05 9.9946E-05 0.822633 9.9946E-05 0.163423 9.9946E-05 9.9946E-05
0.0180073 0.0244149 9.995E-05 9.995E-05 9.995E-05 0.60392 9.995E-05 0.325677 0.0274804 9.995E-05
9.9955E-05 0.842987 9.9955E-05 0.0348944 0.0510595 9.9955E-05 0.0661536 9.9955E-05 9.9955E-05 0.00440559
0.00754194 9.9955E-05 9.9955E-05 0.0239227 9.9955E-05 0.888381 9.9955E-05 9.9955E-05 0.0361562 0.0434987
0.0144851 0.95404 9.9946E-05 9.9946E-05 9.9946E-05 9.9946E-05 0.0145031 9.9946E-05 0.0163724 9.9946E-05
0.0157589 9.9946E-05 9.9946E-05 9.9946E-05 9.9946E-05 0.649952 9.9946E-05 0.300775 0.032915 9.9946E-05
0.948671 9.99279E-05 9.99279E-05 9.99279E-05 9.99279E-05 0.0505298 9.99279E-05 9.99279E-05 9.99279E-05 9.99279E-05
9.99459E-05 9.99459E-05 9.99459E-05 0.00592928 0.492142 9.99459E-05 9.99459E-05 0.271537 0.229792 9.99459E-05
9.9955E-05 9.9955E-05 0.278675 0.0210415 0.469178 0.126558 9.9955E-05 9.9955E-05 0.104049 9.9955E-05
0.0464797 9.9982E-05 0.0466838 9.9982E-05 0.487108 0.063979 0.0270829 0.14625 0.160175 0.0220415
9.9937E-05 9.9937E-05 9.9937E-05 0.0259324 9.9937E-05 0.450228 9.9937E-05 0.52314 9.9937E-05 9.9937E-05
9.99857E-05 0.0161747 0.327432 0.0243151 9.99857E-05 0.146198 0.00480431 0.375507 0.0371305 0.0682386
9.99371E-05 9.99371E-05 9.99371E-05 9.99371E-05 9.99371E-05 0.9654 9.99371E-05 0.0306389 9.99371E-05 0.00326116
0.00654986 9.9955E-05 9.9955E-05 9.9955E-05 0.0826468 0.374326 9.9955E-05 0.343707 0.192271 9.9955E-05
9.99459E-05 9.99459E-05 9.99459E-05 0.0469384 9.99459E-05 0.312152 0.00635098 9.99459E-05 9.99459E-05 0.633959
9.9964E-05 0.00988551 0.11051 9.9964E-05 9.9964E-05 0.687835 0.00238679 0.153123 9.9964E-05 0.0358595
9.996E-05 9.996E-05 9.996E-05 0.00302353 9.996E-05 0.777545 0.00925223 0.117122 0.0560829 0.0365751
0.961718 0.00612233 9.99459E-05 9.99459E-05 9.99459E-05 0.00363751 9.99459E-05 9.99459E-05 9.99459E-05 0.0279221
0.0480987 0.00377033 0.0764782 9.996E-05 9.996E-05 0.0415341 9.996E-05 9.996E-05 0.23608 0.593639
0.906294 9.99371E-05 9.99371E-05 0.0851684 0.00783796 9.99371E-05 9.99371E-05 9.99371E-05 9.99371E-05 9.99371E-05
9.99369E-05 9.99369E-05 9.99369E-05 9.99369E-05 9.99369E-05 0.60414 9.99369E-05 0.201864 0.193296 9.99369E-05
9.995E-05 9.995E-05 9.995E-05 0.0940648 9.995E-05 0.150337 9.995E-05 0.103555 0.0274433 0.624099
0.0344259 9.9964E-05 0.0907453 0.00195295 9.9964E-05 0.222191 9.9964E-05 9.9964E-05 0.00396531 0.646319
9.9946E-05 0.0223273 9.9946E-05 9.9946E-05 0.0319915 0.700566 9.9946E-05 0.244516 9.9946E-05 9.9946E-05
9.9946E-05 9.9946E-05 0.00166186 9.9946E-05 0.00201745 0.97182 9.9946E-05 0.0239005 9.9946E-05 9.9946E-05
0.0083877 0.990813 9.9928E-05 9.9928E-05 9.9928E-05 9.9928E-05 9.9928E-05 9.9928E-05 9.9928E-05 9.9928E-05
9.99549E-05 9.99549E-05 0.473521 0.0785002 0.0539993 0.0326215 9.99549E-05 9.99549E-05 9.99549E-05 0.360858
9.9946E-05 9.9946E-05 9.9946E-05 0.00177701 9.9946E-05 0.663761 9.9946E-05 0.333136 0.000726747 9.9946E-05
9.99549E-05 0.0211993 9.99549E-05 0.570768 9.99549E-05 0.157427 0.00977994 9.99549E-05 9.99549E-05 0.240326
9.9937E-05 0.0113207 9.9937E-05 9.9937E-05 9.9937E-05 0.958736 9.9937E-05 9.9937E-05 9.9937E-05 0.0292434
9.99201E-05 9.99201E-05 9.99201E-05 9.99201E-05 9.99201E-05 9.99201E-05 0.999101 9.99201E-05 9.99201E-05 9.99201E-05
9.9964E-05 0.0129097 9.9964E-05 9.9964E-05 9.9964E-05 0.840845 0.00146255 0.0321566 0.0634226 0.0488041
9.9946E-05 0.0204124 9.9946E-05 9.9946E-05 9.9946E-05 0.11956 0.604632 9.9946E-05 9.9946E-05 0.254796
9.9964E-05 0.0181358 9.9964E-05 0.0187607 0.396253 0.049303 9.9964E-05 0.151216 0.365932 9.9964E-05
9.9946E-05 9.9946E-05 0.0373362 0.00758425 9.9946E-05 0.953361 0.00111912 9.9946E-05 9.9946E-05 9.9946E-05
9.9928E-05 9.9928E-05 9.9928E-05 9.9928E-05 9.9928E-05 0.995448 0.00375295 9.9928E-05 9.9928E-05 9.9928E-05
0.00367342 9.99459E-05 0.835113 9.99459E-05 9.99459E-05 0.142215 0.018399 9.99459E-05 9.99459E-05 9.99459E-05
0.00395183 0.00408372 0.0427199 9.9964E-05 9.9964E-05 0.908816 0.00166475 9.9964E-05 9.9964E-05 0.0383635
0.782292 9.99371E-05 9.99371E-05 0.208338 9.99371E-05 9.99371E-05 9.99371E-05 9.99371E-05 0.00867081 9.99371E-05
9.9937E-05 0.00668494 0.0117477 9.9937E-05 9.9937E-05 0.980868 9.9937E-05 9.9937E-05 9.9937E-05 9.9937E-05
9.99201E-05 9.99201E-05 9.99201E-05 9.99201E-05 9.99201E-05 9.99201E-05 0.999101 9.99201E-05 9.99201E-05 9.99201E-05
0.00170952 9.9946E-05 9.9946E-05 9.9946E-05 9.9946E-05 0.980979 9.9946E-05 0.00946254 0.00724968 9.9946E-05
9.9973E-05 9.9973E-05 0.103591 0.036275 9.9973E-05 0.075726 0.000268021 0.340114 0.427593 0.0161333
9.9973E-05 0.0156808 0.0614518 9.9973E-05 0.0394719 0.287006 0.0178083 0.178547 0.399734 9.9973E-05
9.9937E-05 9.9937E-05 9.9937E-05 9.9937E-05 0.135979 9.9937E-05 9.9937E-05 9.9937E-05 0.267154 0.596168
0.00298878 0.0126472 0.140291 9.9982E-05 9.9982E-05 0.221124 0.0139256 0.216692 0.0525771 0.339554
0.0111363 0.0494632 0.356445 9.996E-05 9.996E-05 0.155954 9.996E-05 9.996E-05 0.0566634 0.369939
9.9928E-05 9.9928E-05 9.9928E-05 9.9928E-05 0.0214893 0.977711 9.9928E-05 9.9928E-05 9.9928E-05 9.9928E-05
0.0464111 9.99639E-05 0.084643 9.99639E-05 0.038638 0.232441 9.99639E-05 0.453393 0.144074 9.99639E-05
0.0026116 9.9946E-05 9.9946E-05 9.9946E-05 9.9946E-05 0.89019 9.9946E-05 0.083422 0.0231769 9.9946E-05
9.9973E-05 0.0171797 0.0136403 0.0668842 9.9973E-05 0.184705 9.9973E-05 0.00138239 0.5563 0.159609
0.0220346 9.9973E-05 0.000334353 9.9973E-05 0.689049 0.0364292 0.00617532 9.9973E-05 0.0183417 0.227336
9.9955E-05 9.9955E-05 9.9955E-05 0.0287446 9.9955E-05 0.821986 0.0039461 9.9955E-05 0.110381 0.0344421
9.99459E-05 0.00589972 9.99459E-05 9.99459E-05 9.99459E-05 0.379653 9.99459E-05 0.444934 0.168914 9.99459E-05
9.99549E-05 0.0141462 9.99549E-05 0.0118941 9.99549E-05 0.650484 9.99549E-05 0.317158 0.00581789 9.99549E-05
9.9946E-05 9.9946E-05 0.0659469 0.00475155 9.9946E-05 0.920394 9.9946E-05 9.9946E-05 9.9946E-05 0.00830777
0.0568851 0.00379745 9.9955E-05 9.9955E-05 9.9955E-05 0.37231 0.018404 9.9955E-05 9.9955E-05 0.548104
9.9964E-05 0.00844834 0.165748 9.9964E-05 9.9964E-05 0.289457 9.9964E-05 0.174124 0.348928 0.0128942
9.997E-05 9.997E-05 0.036147 0.0421428 9.997E-05 0.337946 0.01626 0.0807177 0.3057 0.180787
9.9964E-05 0.00116052 0.0259047 0.059503 0.00777763 9.9964E-05 0.890522 9.9964E-05 0.0147328 9.9964E-05
9.994E-05 9.994E-05 0.0443592 0.00875046 9.994E-05 0.913217 9.994E-05 9.994E-05 9.994E-05 0.0330733
9.9928E-05 9.9928E-05 9.9928E-05 9.9928E-05 9.9928E-05 0.995415 9.9928E-05 9.9928E-05 9.9928E-05 0.00378533
9.9946E-05 9.9946E-05 9.9946E-05 9.9946E-05 9.9946E-05 0.864514 0.00618947 0.014463 0.114233 9.9946E-05
0.971094 9.9928E-05 9.9928E-05 9.9928E-05 9.9928E-05 0.0281061 9.9928E-05 9.9928E-05 9.9928E-05 9.9928E-05
9.9955E-05 9.9955E-05 9.9955E-05 9.9955E-05 9.9955E-05 0.676071 0.000215062 0.0263271 0.286112 0.0107744
9.9964E-05 0.00233432 0.497311 0.00731995 9.9964E-05 0.121955 9.9964E-05 9.9964E-05 0.0499126 0.320767
0.0184114 9.9964E-05 9.9964E-05 9.9964E-05 0.165831 0.301468 9.9964E-05 0.333854 0.13815 0.0418862
0.00190025 0.0046085 9.9955E-05 9.9955E-05 9.9955E-05 0.955749 0.00468055 9.9955E-05 9.9955E-05 0.0325621
9.9946E-05 9.9946E-05 0.109382 0.00997494 9.9946E-05 0.825001 9.9946E-05 0.0550424 9.9946E-05 9.9946E-05
9.99281E-05 9.99281E-05 9.99281E-05 9.99281E-05 9.99281E-05 0.98852 9.99281E-05 0.0106802 9.99281E-05 9.99281E-05
9.9955E-05 0.0299868 0.559835 9.9955E-05 9.9955E-05 0.122622 9.9955E-05 0.0396501 9.9955E-05 0.247406
0.0384935 0.0355517 9.9964E-05 9.9964E-05 9.9964E-05 0.022607 0.781869 0.00587154 9.9964E-05 0.115207
9.9937E-05 9.9937E-05 0.275737 9.9937E-05 0.188367 9.9937E-05 9.9937E-05 9.9937E-05 9.9937E-05 0.535197
0.00651268 0.0238852 9.996E-05 9.996E-05 0.175004 0.50031 9.996E-05 0.281903 0.011986 9.996E-05
9.9937E-05 0.0157345 9.9937E-05 9.9937E-05 9.9937E-05 9.9937E-05 0.939457 9.9937E-05 9.9937E-05 0.0441089
0.0305084 9.9964E-05 9.9964E-05 9.9964E-05 9.9964E-05 0.567433 0.00562683 0.00595229 0.343298 0.0467819
9.99459E-05 9.99459E-05 9.99459E-05 9.99459E-05 0.306906 0.247797 9.99459E-05 0.17991 0.264788 9.99459E-05
9.9964E-05 0.00126474 9.9964E-05 0.0346281 0.0190067 0.891005 0.00354224 9.9964E-05 9.9964E-05 0.0501531
9.9928E-05 9.9928E-05 9.9928E-05 9.9928E-05 9.9928E-05 0.979127 9.9928E-05 9.9928E-05 0.0200735 9.9928E-05
9.994E-05 0.0218729 0.0310988 0.0114012 9.994E-05 0.935027 9.994E-05 9.994E-05 9.994E-05 9.994E-05
9.9955E-05 9.9955E-05 0.0714543 9.9955E-05 9.9955E-05 0.441546 9.9955E-05 0.0302415 0.296824 0.159434
0.972492 9.99279E-05 9.99279E-05 9.99279E-05 9.99279E-05 0.0267086 9.99279E-05 9.99279E-05 9.99279E-05 9.99279E-05
9.9937E-05 0.0033312 9.9937E-05 9.9937E-05 9.9937E-05 0.96426 9.9937E-05 0.0317095 9.9937E-05 9.9937E-05
9.9946E-05 9.9946E-05 0.388255 9.9946E-05 0.449129 0.0431359 9.9946E-05 0.11888 9.9946E-05 9.9946E-05
9.9955E-05 9.9955E-05 9.9955E-05 9.9955E-05 0.0489358 0.343082 9.9955E-05 0.55071 0.0261309 0.0306411
0.962927 9.9946E-05 9.9946E-05 9.9946E-05 9.9946E-05 0.00111107 0.0191274 9.9946E-05 0.0162353 9.9946E-05
9.99369E-05 9.99369E-05 0.839931 9.99369E-05 9.99369E-05 0.0673494 9.99369E-05 0.0920197 9.99369E-05 9.99369E-05
9.9955E-05 9.9955E-05 9.9955E-05 9.9955E-05 9.9955E-05 0.127715 0.0151058 0.00030529 0.0383069 0.818068
9.9973E-05 9.9973E-05 0.0719252 0.0589649 0.0623494 0.0831835 9.9973E-05 0.248061 0.297877 0.177339
0.915988 0.0116339 9.9946E-05 9.9946E-05 0.0247501 0.0470286 9.9946E-05 9.9946E-05 9.9946E-05 9.9946E-05
9.9946E-05 9.9946E-05 9.9946E-05 9.9946E-05 0.0626753 0.401512 9.9946E-05 0.492237 0.0429762 9.9946E-05
9.99201E-05 9.99201E-05 9.99201E-05 9.99201E-05 9.99201E-05 9.99201E-05 0.999101 9.99201E-05 9.99201E-05 9.99201E-05
9.996E-05 0.00240548 9.996E-05 0.00966833 9.996E-05 0.485457 0.00391975 0.410625 0.0875242 9.996E-05
9.9946E-05 0.0122308 9.9946E-05 9.9946E-05 9.9946E-05 0.87255 9.9946E-05 0.0548248 0.0597951 9.9946E-05
9.99201E-05 9.99201E-05 9.99201E-05 9.99201E-05 9.99201E-05 9.99201E-05 0.999101 9.99201E-05 9.99201E-05 9.99201E-05
9.9928E-05 9.9928E-05 9.9928E-05 9.9928E-05 9.9928E-05 0.834467 9.9928E-05 0.164734 9.9928E-05 9.9928E-05
0.0253196 0.895891 0.00789079 0.00670217 0.0328609 0.00256743 0.0117926 9.9991E-05 0.00449148 0.0123843
9.9946E-05 0.00247403 9.9946E-05 9.9946E-05 9.9946E-05 0.133735 9.9946E-05 0.107934 0.755258 9.9946E-05
0.0206517 9.9955E-05 9.9955E-05 0.0072577 9.9955E-05 0.898243 9.9955E-05 0.0354161 9.9955E-05 0.0379316
0.0579632 9.9955E-05 0.645546 9.9955E-05 9.9955E-05 0.152878 0.0122533 9.9955E-05 9.9955E-05 0.13086
9.996E-05 9.996E-05 9.996E-05 9.996E-05 0.0406603 0.650071 0.0106033 0.230221 0.0103837 0.0576612
9.9937E-05 0.0234348 9.9937E-05 9.9937E-05 9.9937E-05 9.9937E-05 0.914297 9.9937E-05 9.9937E-05 0.0615688
9.9964E-05 9.9964E-05 0.0156806 9.9964E-05 0.0274457 0.22204 0.0145352 0.0944379 0.625461 9.9964E-05
