0.565717 9.9964E-05 9.9964E-05 0.32435 9.9964E-05 0.0929899 0.0131625 9.9964E-05 0.00338043
0.974052 9.9937E-05 9.9937E-05 9.9937E-05 9.9937E-05 9.9937E-05 9.9937E-05 9.9937E-05 0.0252488
0.935314 9.9955E-05 9.9955E-05 0.0522761 0.00473223 9.9955E-05 9.9955E-05 0.00717762 9.9955E-05
0.507067 0.0902685 0.0101194 0.381663 9.9964E-05 9.9964E-05 0.0104824 9.9964E-05 9.9964E-05
0.11937 0.443963 9.9964E-05 0.341191 9.9964E-05 0.0529701 9.9964E-05 0.042106 9.9964E-05
0.135187 0.191647 9.9955E-05 9.9955E-05 9.9955E-05 0.0850746 9.9955E-05 9.9955E-05 0.587591
0.204628 0.479491 9.9955E-05 9.9955E-05 0.177415 0.137966 9.9955E-05 9.9955E-05 9.9955E-05
9.9964E-05 0.132757 9.9964E-05 0.378346 0.0353671 0.244872 9.9964E-05 9.9964E-05 0.208258
0.876769 9.9991E-05 0.0132296 0.0634695 0.0107 0.00235682 0.0169718 0.0069558 0.00944705
0.668029 9.9937E-05 9.9937E-05 0.331271 9.9937E-05 9.9937E-05 9.9937E-05 9.9937E-05 9.9937E-05
0.19761 0.0016161 9.9973E-05 0.209162 0.000420621 0.575326 0.0155662 9.9973E-05 9.9973E-05
0.11636 9.9955E-05 9.9955E-05 0.0189528 9.9955E-05 0.857264 0.00692339 9.9955E-05 9.9955E-05
0.153032 0.147284 9.9964E-05 0.399624 0.0279009 0.27176 9.9964E-05 9.9964E-05 9.9964E-05
0.00506255 0.0696018 9.99639E-05 0.0433682 9.99639E-05 0.0231946 9.99639E-05 9.99639E-05 0.858373
0.317584 9.9955E-05 0.0044448 0.670318 9.9955E-05 9.9955E-05 0.00715427 9.9955E-05 9.9955E-05
0.444274 0.164695 0.00907872 0.111845 9.9982E-05 0.117272 0.00834047 9.9982E-05 0.144293
0.153564 9.9955E-05 9.9955E-05 9.9955E-05 0.213659 0.563303 9.9955E-05 9.9955E-05 0.0689732
0.155901 9.9964E-05 0.0120749 9.9964E-05 9.9964E-05 9.9964E-05 0.418631 0.00329769 0.409695
0.979094 0.00801502 0.00638051 9.9964E-05 9.9964E-05 9.9964E-05 0.00443719 9.9964E-05 0.00167376
0.143372 0.31655 0.0235192 0.101914 0.354 9.9982E-05 0.0108421 0.0496039 9.9982E-05
0.887834 0.00103558 9.9955E-05 0.101067 9.9955E-05 0.00956395 9.9955E-05 9.9955E-05 9.9955E-05
0.164928 9.9964E-05 9.9964E-05 0.139882 0.0303761 0.664251 9.9964E-05 0.00016222 9.9964E-05
0.0990295 0.142166 9.9964E-05 0.59458 0.131294 9.9964E-05 9.9964E-05 0.0325311 9.9964E-05
9.9964E-05 9.9964E-05 9.9964E-05 0.0424808 0.00277542 0.047229 0.0204769 0.886638 9.9964E-05
0.207047 0.61038 9.9964E-05 0.09314 9.9964E-05 9.9964E-05 9.9964E-05 0.0106155 0.0784179
0.193269 9.99727E-05 9.99727E-05 0.422553 0.0793791 0.297896 9.99727E-05 0.00650328 9.99727E-05
0.17504 0.22101 9.9973E-05 0.220261 0.328775 0.0418992 9.9973E-05 9.9973E-05 0.0127154
0.805535 9.9946E-05 9.9946E-05 0.190483 9.9946E-05 9.9946E-05 0.00338184 9.9946E-05 9.9946E-05
0.67573 9.9946E-05 9.9946E-05 0.320526 9.9946E-05 0.00314344 9.9946E-05 9.9946E-05 9.9946E-05
0.943745 9.9937E-05 9.9937E-05 0.0555554 9.9937E-05 9.9937E-05 9.9937E-05 9.9937E-05 9.9937E-05
0.153103 0.17991 9.9964E-05 9.9964E-05 9.9964E-05 0.157253 9.9964E-05 0.00127236 0.508061
0.961253 0.035872 9.9946E-05 9.9946E-05 9.9946E-05 9.9946E-05 9.9946E-05 9.9946E-05 0.00227501
0.988674 0.00445996 9.9946E-05 9.9946E-05 0.00626588 9.9946E-05 9.9946E-05 9.9946E-05 9.9946E-05
0.166204 0.338775 9.9955E-05 9.9955E-05 0.073042 9.9955E-05 9.9955E-05 9.9955E-05 0.42148
0.973832 9.9955E-05 9.9955E-05 9.9955E-05 0.00285103 9.9955E-05 9.9955E-05 0.00691413 0.0159029
0.221711 0.348517 0.0183978 0.0640439 0.256262 0.0857754 9.9982E-05 9.9982E-05 0.00509318
0.357811 9.9937E-05 9.9937E-05 0.64149 9.9937E-05 9.9937E-05 9.9937E-05 9.9937E-05 9.9937E-05
0.0366427 0.203771 0.0247224 0.135743 0.338989 0.241407 9.9982E-05 9.9982E-05 0.018525
0.0632607 0.614207 9.99639E-05 9.99639E-05 0.25775 9.99639E-05 9.99639E-05 0.0146457 0.0497368
0.0576672 0.123885 9.9973E-05 0.471556 9.9973E-05 0.288779 9.9973E-05 0.0465184 0.0112943
0.00738491 0.206312 9.9973E-05 0.135393 0.102932 9.9973E-05 9.9973E-05 0.00668097 0.540997
0.96451 9.9955E-05 0.00785329 9.9955E-05 9.9955E-05 0.0120468 9.9955E-05 0.0150906 9.9955E-05
0.730421 9.9955E-05 9.9955E-05 0.228235 0.00406085 0.0367835 9.9955E-05 9.9955E-05 9.9955E-05
0.614311 9.9955E-05 0.0115669 0.364287 9.9955E-05 9.9955E-05 9.9955E-05 9.9955E-05 0.00933606
0.623778 0.0616201 9.9964E-05 0.279722 9.9964E-05 9.9964E-05 0.0261118 9.9964E-05 0.00836803
9.993E-05 9.993E-05 9.993E-05 9.993E-05 9.993E-05 9.993E-05 0.999201 9.993E-05 9.993E-05
0.882586 0.0615729 9.9946E-05 9.9946E-05 0.0552416 9.9946E-05 9.9946E-05 9.9946E-05 9.9946E-05
0.792842 9.9937E-05 9.9937E-05 0.206458 9.9937E-05 9.9937E-05 9.9937E-05 9.9937E-05 9.9937E-05
9.993E-05 9.993E-05 9.993E-05 9.993E-05 9.993E-05 9.993E-05 0.999201 9.993E-05 9.993E-05
0.462583 9.9937E-05 9.9937E-05 0.536718 9.9937E-05 9.9937E-05 9.9937E-05 9.9937E-05 9.9937E-05
0.284869 9.9964E-05 9.9964E-05 0.374757 0.0713284 0.238042 9.9964E-05 9.9964E-05 0.030604
0.569624 9.99377E-05 9.99377E-05 0.429676 9.99377E-05 9.99377E-05 9.99377E-05 9.99377E-05 9.99377E-05
0.413959 0.0390781 9.9964E-05 0.443903 9.9964E-05 0.0978823 9.9964E-05 0.0047776 9.9964E-05
0.469492 9.9955E-05 9.9955E-05 9.9955E-05 9.9955E-05 9.9955E-05 0.0254725 0.0022767 0.502259
0.138213 0.15192 9.9973E-05 0.468381 9.9973E-05 0.0872103 9.9973E-05 0.054615 0.0993614
0.716193 9.99549E-05 0.00789646 9.99549E-05 9.99549E-05 9.99549E-05 9.99549E-05 0.0299823 0.245429
0.86127 9.9937E-05 9.9937E-05 0.13803 9.9937E-05 9.9937E-05 9.9937E-05 9.9937E-05 9.9937E-05
0.968502 9.9955E-05 9.9955E-05 9.9955E-05 0.0220752 0.00457882 0.00434408 9.9955E-05 9.9955E-05
0.607883 9.9946E-05 9.9946E-05 0.348318 9.9946E-05 9.9946E-05 9.9946E-05 9.9946E-05 0.0431993
0.626989 9.9937E-05 9.9937E-05 0.372311 9.9937E-05 9.9937E-05 9.9937E-05 9.9937E-05 9.9937E-05
0.905748 9.9946E-05 9.9946E-05 0.0914833 0.00216898 9.9946E-05 9.9946E-05 9.9946E-05 9.9946E-05
9.99551E-05 9.99551E-05 0.0105129 9.99551E-05 0.10563 9.99551E-05 9.99551E-05 0.811654 0.0717026
0.963221 9.9955E-05 0.00602296 9.9955E-05 9.9955E-05 0.0241767 9.9955E-05 0.00607966 9.9955E-05
0.140133 9.9973E-05 0.021673 0.346661 9.9973E-05 0.299394 9.9973E-05 0.0359211 0.155918
0.924885 9.9955E-05 9.9955E-05 0.0183481 9.9955E-05 0.0431428 0.0131241 9.9955E-05 9.9955E-05
0.99469 9.99387E-05 0.00461006 9.99387E-05 9.99387E-05 9.99387E-05 9.99387E-05 9.99387E-05 9.99387E-05
0.510059 0.0299066 9.9955E-05 0.452412 9.9955E-05 9.9955E-05 0.00712203 9.9955E-05 9.9955E-05
0.532556 9.9946E-05 9.9946E-05 0.425384 9.9946E-05 0.0414605 9.9946E-05 9.9946E-05 9.9946E-05
0.135764 9.9964E-05 0.00171386 9.9964E-05 0.119048 0.726962 9.9964E-05 0.0161123 9.9964E-05
9.993E-05 9.993E-05 9.993E-05 9.993E-05 9.993E-05 9.993E-05 0.999201 9.993E-05 9.993E-05
0.0362961 0.335196 9.9973E-05 0.5517 0.0346602 9.9973E-05 9.9973E-05 0.00878847 0.0330589
0.814871 9.99549E-05 0.0201776 9.99549E-05 9.99549E-05 9.99549E-05 9.99549E-05 0.016432 0.14802
0.695527 9.9964E-05 0.000760362 0.29111 9.9964E-05 9.9964E-05 0.00208897 0.0101133 9.9964E-05
0.955582 9.9946E-05 9.9946E-05 9.9946E-05 9.9946E-05 9.9946E-05 9.9946E-05 0.0370625 0.00675605
0.980318 9.9955E-05 0.000101261 9.9955E-05 9.9955E-05 0.0185169 9.9955E-05 0.000564332 9.9955E-05
0.929012 0.0286692 0.00822221 9.9964E-05 9.9964E-05 9.9964E-05 0.0293765 9.9964E-05 0.00431986
0.943515 9.9955E-05 0.00096683 0.0500879 0.0049303 9.9955E-05 9.9955E-05 9.9955E-05 9.9955E-05
0.148354 9.9955E-05 9.9955E-05 9.9955E-05 0.035025 0.631225 9.9955E-05 9.9955E-05 0.184896
0.916994 9.9946E-05 9.9946E-05 0.0454034 0.0370026 9.9946E-05 9.9946E-05 9.9946E-05 9.9946E-05
9.9955E-05 9.9955E-05 9.9955E-05 9.9955E-05 0.104576 9.9955E-05 0.0173428 0.665796 0.211785
0.392135 9.9964E-05 9.9964E-05 0.512309 9.9964E-05 0.062738 9.9964E-05 0.0200669 0.0123512
0.861072 9.9955E-05 9.9955E-05 0.131498 9.9955E-05 9.9955E-05 0.00589774 0.00103278 9.9955E-05
0.0567588 9.9973E-05 0.0637649 9.9973E-05 9.9973E-05 0.0149677 0.390195 0.0410093 0.433004
0.33001 9.99459E-05 9.99459E-05 9.99459E-05 9.99459E-05 9.99459E-05 0.025545 9.99459E-05 0.643846
0.23569 0.279001 9.99549E-05 0.368567 9.99549E-05 9.99549E-05 9.99549E-05 9.99549E-05 0.116242
0.68706 9.9955E-05 9.9955E-05 0.2581 9.9955E-05 9.9955E-05 0.00190983 9.9955E-05 0.0524306
0.949476 9.9955E-05 9.9955E-05 9.9955E-05 9.9955E-05 0.00980736 9.9955E-05 0.007911 0.032306
9.993E-05 9.993E-05 0.999201 9.993E-05 9.993E-05 9.993E-05 9.993E-05 9.993E-05 9.993E-05
0.365451 9.99549E-05 9.99549E-05 0.569476 9.99549E-05 0.0609367 0.00363622 9.99549E-05 9.99549E-05
0.39358 9.9955E-05 9.9955E-05 0.5706 9.9955E-05 0.0290037 9.9955E-05 0.00631672 9.9955E-05
0.14586 0.0612803 9.9955E-05 0.267296 9.9955E-05 0.525064 9.9955E-05 9.9955E-05 9.9955E-05
9.9955E-05 0.0917306 9.9955E-05 0.601171 0.295712 9.9955E-05 9.9955E-05 0.0108872 9.9955E-05
0.0461968 9.9955E-05 9.9955E-05 0.230119 0.33522 0.387964 9.9955E-05 9.9955E-05 9.9955E-05
0.968231 9.9946E-05 9.9946E-05 9.9946E-05 9.9946E-05 9.9946E-05 9.9946E-05 0.00493196 0.0262372
0.360319 9.9946E-05 9.9946E-05 0.631068 9.9946E-05 9.9946E-05 9.9946E-05 9.9946E-05 0.00801367
0.831361 9.9946E-05 0.00255509 0.165485 9.9946E-05 9.9946E-05 9.9946E-05 9.9946E-05 9.9946E-05
0.203166 0.00255116 9.9964E-05 0.619239 9.9964E-05 0.14439 9.9964E-05 9.9964E-05 0.0302544
0.0854386 0.200494 9.9955E-05 9.9955E-05 0.0968197 9.9955E-05 9.9955E-05 9.9955E-05 0.616748
0.970354 0.00508675 9.9964E-05 9.9964E-05 9.9964E-05 9.9964E-05 0.000592528 0.00487798 0.0186894
0.105676 0.237042 9.9973E-05 0.434369 0.0488761 0.121174 9.9973E-05 0.0525627 9.9973E-05
0.0621209 0.22472 0.00659007 0.680499 9.9973E-05 9.9973E-05 0.00577239 9.9973E-05 0.0199983
9.9946E-05 0.160079 9.9946E-05 9.9946E-05 9.9946E-05 9.9946E-05 0.0172877 0.822033 9.9946E-05
0.400691 9.9946E-05 9.9946E-05 0.575891 0.0228182 9.9946E-05 9.9946E-05 9.9946E-05 9.9946E-05
0.944234 9.9946E-05 9.9946E-05 0.0246061 9.9946E-05 0.0305601 9.9946E-05 9.9946E-05 9.9946E-05
0.999201 9.993E-05 9.993E-05 9.993E-05 9.993E-05 9.993E-05 9.993E-05 9.993E-05 9.993E-05
9.99639E-05 0.138555 9.99639E-05 0.317459 0.42037 0.117586 0.00563041 9.99639E-05 9.99639E-05
0.00113317 9.9937E-05 9.9937E-05 9.9937E-05 9.9937E-05 9.9937E-05 0.998167 9.9937E-05 9.9937E-05
9.99369E-05 9.99369E-05 9.99369E-05 0.223735 0.775565 9.99369E-05 9.99369E-05 9.99369E-05 9.99369E-05
0.682143 9.9955E-05 9.9955E-05 0.209023 9.9955E-05 0.0663126 9.9955E-05 0.042022 9.9955E-05
0.942996 0.0106946 0.00280096 9.9964E-05 9.9964E-05 9.9964E-05 9.9964E-05 0.0247509 0.0183579
0.139246 9.9946E-05 9.9946E-05 0.0315167 9.9946E-05 0.828638 9.9946E-05 9.9946E-05 9.9946E-05
9.993E-05 9.993E-05 9.993E-05 9.993E-05 9.993E-05 9.993E-05 0.999201 9.993E-05 9.993E-05
9.9946E-05 9.9946E-05 9.9946E-05 9.9946E-05 9.9946E-05 9.9946E-05 0.0239392 0.623644 0.351817
0.606761 0.0292466 9.9973E-05 0.208115 0.0118386 0.135562 0.00817688 9.9973E-05 9.9973E-05
0.622571 9.9937E-05 9.9937E-05 0.376729 9.9937E-05 9.9937E-05 9.9937E-05 9.9937E-05 9.9937E-05
0.0693584 9.9964E-05 9.9964E-05 0.48648 0.267284 0.175571 9.9964E-05 0.000905846 9.9964E-05
0.965292 9.9946E-05 9.9946E-05 9.9946E-05 9.9946E-05 9.9946E-05 9.9946E-05 0.026256 0.00785182
9.9973E-05 0.124152 9.9973E-05 0.0427645 0.114116 0.322086 0.0211601 9.9973E-05 0.375422
9.9964E-05 9.9964E-05 0.0892401 9.9964E-05 9.9964E-05 0.0370752 0.501021 0.119511 0.252753
0.790013 9.9946E-05 9.9946E-05 0.167672 9.9946E-05 9.9946E-05 9.9946E-05 0.0417151 9.9946E-05
0.368884 0.0271405 9.9964E-05 0.53984 0.0600742 0.00366139 9.9964E-05 9.9964E-05 9.9964E-05
9.9937E-05 9.9937E-05 9.9937E-05 9.9937E-05 9.9937E-05 0.0127892 9.9937E-05 0.986511 9.9937E-05
0.770294 9.9955E-05 9.9955E-05 0.177233 0.0455274 9.9955E-05 0.0064459 9.9955E-05 9.9955E-05
0.236114 0.012363 9.9964E-05 0.622967 9.9964E-05 0.127705 9.9964E-05 0.000450965 9.9964E-05
0.694878 9.9937E-05 9.9937E-05 0.304423 9.9937E-05 9.9937E-05 9.9937E-05 9.9937E-05 9.9937E-05
0.236249 9.9937E-05 9.9937E-05 9.9937E-05 0.763051 9.9937E-05 9.9937E-05 9.9937E-05 9.9937E-05
0.175766 0.112916 9.9973E-05 0.22306 9.9973E-05 0.463865 0.0139298 9.9973E-05 0.0101634
0.0490021 0.239342 9.9964E-05 0.384629 0.225226 9.9964E-05 9.9964E-05 9.9964E-05 0.101401
9.99459E-05 9.99459E-05 9.99459E-05 9.99459E-05 0.309638 0.157877 9.99459E-05 9.99459E-05 0.531886
0.439296 9.9946E-05 9.9946E-05 0.542208 9.9946E-05 9.9946E-05 9.9946E-05 0.017896 9.9946E-05
0.787535 9.9955E-05 9.9955E-05 0.201152 9.9955E-05 9.9955E-05 0.00308981 0.00772372 9.9955E-05
0.505761 9.9955E-05 9.9955E-05 0.443811 9.9955E-05 9.9955E-05 0.0316965 0.0182316 9.9955E-05
9.9955E-05 9.9955E-05 0.0552801 9.9955E-05 9.9955E-05 0.014109 0.860423 9.9955E-05 0.0696877
0.834771 9.9955E-05 9.9955E-05 0.0675566 9.9955E-05 9.9955E-05 9.9955E-05 0.0173401 0.0798327
9.9964E-05 0.0154784 0.02022 0.00285125 9.9964E-05 9.9964E-05 0.955225 0.00582583 9.9964E-05
0.485172 9.9955E-05 9.9955E-05 0.487789 9.9955E-05 0.0164765 9.9955E-05 9.9955E-05 0.010063
0.040681 9.99369E-05 9.99369E-05 9.99369E-05 9.99369E-05 9.99369E-05 9.99369E-05 0.958619 9.99369E-05
9.99459E-05 9.99459E-05 9.99459E-05 0.34307 0.41326 0.24307 9.99459E-05 9.99459E-05 9.99459E-05
0.172457 0.0346406 9.9973E-05 9.9973E-05 0.729264 0.0434034 9.9973E-05 0.0071809 0.0127541
0.0977347 9.9973E-05 0.0341647 0.086222 0.162088 0.585971 9.9973E-05 0.033519 9.9973E-05
0.357309 0.00427243 9.9964E-05 0.569971 0.0538643 9.9964E-05 9.9964E-05 0.0141839 9.9964E-05
0.259669 0.208431 0.0089483 0.0125274 9.9982E-05 0.442418 0.0259592 9.9982E-05 0.0418462
0.891664 0.00575897 9.9955E-05 0.0997596 9.9955E-05 9.9955E-05 0.00231773 9.9955E-05 9.9955E-05
0.187688 9.9973E-05 9.9973E-05 0.635296 0.0548508 0.050349 9.9973E-05 0.0130393 0.058477
0.224774 9.99369E-05 9.99369E-05 9.99369E-05 9.99369E-05 9.99369E-05 9.99369E-05 9.99369E-05 0.774526
0.649044 0.119343 0.00178896 0.193491 9.9973E-05 9.9973E-05 0.0135908 9.9973E-05 0.022442
0.732696 9.9964E-05 0.0124521 0.214187 9.9964E-05 9.9964E-05 9.9964E-05 0.00160059 0.0386643
0.0242793 9.99459E-05 9.99459E-05 9.99459E-05 9.99459E-05 9.99459E-05 0.0126462 0.962475 9.99459E-05
0.165276 0.540257 9.99549E-05 9.99549E-05 9.99549E-05 9.99549E-05 9.99549E-05 0.0455164 0.248451
9.99371E-05 9.99371E-05 9.99371E-05 9.99371E-05 9.99371E-05 0.0188387 9.99371E-05 0.980462 9.99371E-05
0.555719 0.00377293 9.9973E-05 0.41504 9.9973E-05 0.0218571 0.00239955 0.000911928 9.9973E-05
0.169594 0.131712 0.00168036 0.0617471 9.9982E-05 0.0275952 9.9982E-05 0.0408024 0.566669
0.187858 0.154962 9.9964E-05 0.0244514 9.9964E-05 9.9964E-05 9.9964E-05 0.0253786 0.60695
0.622496 9.9955E-05 9.9955E-05 0.343278 9.9955E-05 0.0093729 0.0243534 9.9955E-05 9.9955E-05
0.971801 9.9937E-05 9.9937E-05 9.9937E-05 9.9937E-05 0.0274995 9.9937E-05 9.9937E-05 9.9937E-05
9.9937E-05 9.9937E-05 9.9937E-05 9.9937E-05 9.9937E-05 9.9937E-05 0.991594 0.00770637 9.9937E-05
9.99549E-05 0.0368633 9.99549E-05 9.99549E-05 0.355739 9.99549E-05 9.99549E-05 0.0180553 0.588842
0.555359 0.00795491 9.9955E-05 0.431602 9.9955E-05 9.9955E-05 0.0045838 9.9955E-05 9.9955E-05
0.0796299 9.99639E-05 0.00858437 9.99639E-05 9.99639E-05 9.99639E-05 0.0248537 0.387533 0.498999
0.963924 0.0116293 9.9964E-05 9.9964E-05 9.9964E-05 9.9964E-05 0.00714166 0.0146413 0.00226378
9.993E-05 9.993E-05 0.999201 9.993E-05 9.993E-05 9.993E-05 9.993E-05 9.993E-05 9.993E-05
0.772 9.9964E-05 0.00146358 0.140865 9.9964E-05 9.9964E-05 0.00939722 9.9964E-05 0.0758743
0.0748513 9.9955E-05 0.620463 9.9955E-05 9.9955E-05 9.9955E-05 0.0109838 9.9955E-05 0.293202
9.9964E-05 9.9964E-05 9.9964E-05 0.42188 0.350217 0.198182 0.0102228 9.9964E-05 0.0190978
0.961834 0.0021657 0.0133212 9.9982E-05 0.00637387 0.00969787 9.9982E-05 0.00193435 0.00447317
0.990236 0.00545958 0.00370432 9.9946E-05 9.9946E-05 9.9946E-05 9.9946E-05 9.9946E-05 9.9946E-05
0.118617 0.466999 0.00488625 9.9973E-05 0.235793 9.9973E-05 9.9973E-05 0.00459614 0.168808
0.899398 0.00711292 9.9955E-05 9.9955E-05 9.9955E-05 9.9955E-05 9.9955E-05 0.0125848 0.0804046
9.99371E-05 9.99371E-05 9.99371E-05 9.99371E-05 0.0334968 9.99371E-05 9.99371E-05 0.965804 9.99371E-05
0.959458 9.9955E-05 9.9955E-05 0.0287574 9.9955E-05 9.9955E-05 0.00533509 0.00594925 9.9955E-05
9.993E-05 9.993E-05 0.999201 9.993E-05 9.993E-05 9.993E-05 9.993E-05 9.993E-05 9.993E-05
0.966123 9.9937E-05 9.9937E-05 0.033177 9.9937E-05 9.9937E-05 9.9937E-05 9.9937E-05 9.9937E-05
0.0538849 0.0480389 9.9973E-05 0.255503 9.9973E-05 0.558169 9.9973E-05 0.0147805 0.0693234
0.191555 0.232019 0.0158744 0.415312 9.9964E-05 0.144839 9.9964E-05 9.9964E-05 9.9964E-05
9.9955E-05 0.211877 9.9955E-05 0.107211 0.225759 9.9955E-05 9.9955E-05 9.9955E-05 0.454652
0.30616 0.539569 0.0195878 0.111705 9.99639E-05 9.99639E-05 0.0225789 9.99639E-05 9.99639E-05
0.18189 0.484673 9.99549E-05 9.99549E-05 9.99549E-05 9.99549E-05 0.0446925 9.99549E-05 0.288245
0.998602 9.9937E-05 9.9937E-05 9.9937E-05 0.000698666 9.9937E-05 9.9937E-05 9.9937E-05 9.9937E-05
0.188498 0.00765111 9.9964E-05 0.410162 9.9964E-05 0.341007 9.9964E-05 0.0522827 9.9964E-05
0.807991 9.9937E-05 9.9937E-05 0.191309 9.9937E-05 9.9937E-05 9.9937E-05 9.9937E-05 9.9937E-05
0.175101 0.425909 9.9973E-05 0.315819 9.9973E-05 0.015345 0.022469 0.0450571 9.9973E-05
0.10438 9.99549E-05 9.99549E-05 9.99549E-05 0.769955 9.99549E-05 9.99549E-05 0.011217 0.113948
0.786335 9.9964E-05 0.0159788 0.136178 9.9964E-05 9.9964E-05 9.9964E-05 0.0161056 0.0450026
0.208523 9.9946E-05 9.9946E-05 0.774399 9.9946E-05 9.9946E-05 0.0164783 9.9946E-05 9.9946E-05
0.573709 9.9955E-05 9.9955E-05 0.397643 9.9955E-05 9.9955E-05 0.0166548 0.0114933 9.9955E-05
0.933834 0.0274852 9.9955E-05 9.9955E-05 0.0348092 9.9955E-05 9.9955E-05 9.9955E-05 0.00337165
0.3018 9.9955E-05 0.00448165 9.9955E-05 9.9955E-05 9.9955E-05 9.9955E-05 0.051227 0.641991
0.17292 0.272482 9.9982E-05 0.492612 0.00018836 0.0180076 9.9982E-05 0.0032804 0.0403097
0.390431 0.290815 0.0243947 0.133233 9.9982E-05 0.127368 9.9982E-05 0.00152679 0.0320309
9.9964E-05 9.9964E-05 0.887871 9.9964E-05 0.0499315 9.9964E-05 0.00290136 0.0400038 0.0188929
0.921963 0.0199305 9.9955E-05 9.9955E-05 9.9955E-05 9.9955E-05 9.9955E-05 0.00619433 0.051412
0.965103 9.9937E-05 9.9937E-05 9.9937E-05 9.9937E-05 9.9937E-05 9.9937E-05 9.9937E-05 0.0341971
0.832952 0.0164404 0.0058284 0.124747 9.9964E-05 0.019633 9.9964E-05 9.9964E-05 9.9964E-05
0.0143073 9.99369E-05 9.99369E-05 9.99369E-05 9.99369E-05 9.99369E-05 9.99369E-05 0.984993 9.99369E-05
0.591269 0.0454355 0.00672023 0.29652 9.997E-05 0.0224922 9.997E-05 9.997E-05 0.0372633
0.179453 0.663325 9.9946E-05 9.9946E-05 9.9946E-05 9.9946E-05 9.9946E-05 9.9946E-05 0.156623
0.214977 0.0736248 9.9982E-05 0.518421 0.163508 9.9982E-05 0.00445168 0.0227787 0.00203852
0.971988 9.9946E-05 9.9946E-05 0.00555856 9.9946E-05 9.9946E-05 9.9946E-05 9.9946E-05 0.0218538
0.867046 0.0899908 9.9973E-05 9.9973E-05 0.0135831 0.0182502 9.9973E-05 0.00703451 0.00379577
0.972078 9.9946E-05 9.9946E-05 0.00395501 9.9946E-05 0.0233674 9.9946E-05 9.9946E-05 9.9946E-05
0.180788 0.778261 9.99549E-05 9.99549E-05 9.99549E-05 9.99549E-05 0.0279446 9.99549E-05 0.0125062
9.9964E-05 9.9964E-05 0.774582 0.00515541 9.9964E-05 9.9964E-05 0.0231896 0.0413876 0.155285
9.99459E-05 0.334265 9.99459E-05 9.99459E-05 0.245159 9.99459E-05 9.99459E-05 9.99459E-05 0.419976
0.40623 0.0437175 9.9973E-05 0.391783 0.0292889 0.108285 0.020396 9.9973E-05 9.9973E-05
9.9946E-05 9.9946E-05 0.942347 9.9946E-05 9.9946E-05 9.9946E-05 0.0178594 9.9946E-05 0.0391944
0.472307 0.0802292 0.00883693 0.313802 9.9982E-05 0.0406665 9.9982E-05 0.0218671 0.0620911
0.218624 9.99549E-05 9.99549E-05 0.290016 0.216517 0.274343 9.99549E-05 9.99549E-05 9.99549E-05
0.89064 0.00867479 9.9973E-05 9.9973E-05 0.00585966 9.9973E-05 0.0117832 0.0307394 0.0520027
0.993609 0.00330213 9.9946E-05 9.9946E-05 9.9946E-05 9.9946E-05 0.00248954 9.9946E-05 9.9946E-05
0.943612 0.0417706 9.9955E-05 9.9955E-05 9.9955E-05 9.9955E-05 0.0136303 0.000487229 9.9955E-05
0.485038 0.230663 9.9964E-05 0.0829894 9.9964E-05 0.14984 9.9964E-05 9.9964E-05 0.0510701
0.0587171 9.99369E-05 9.99369E-05 9.99369E-05 9.99369E-05 9.99369E-05 9.99369E-05 0.940583 9.99369E-05
0.940266 9.9937E-05 9.9937E-05 0.0590347 9.9937E-05 9.9937E-05 9.9937E-05 9.9937E-05 9.9937E-05
0.0763867 9.9955E-05 9.9955E-05 9.9955E-05 0.344721 0.482494 9.9955E-05 9.9955E-05 0.0958984
0.241766 0.0337041 9.9964E-05 0.630636 9.9964E-05 0.0856297 9.9964E-05 9.9964E-05 0.00786408
9.99459E-05 9.99459E-05 0.0161792 0.0323235 9.99459E-05 9.99459E-05 9.99459E-05 0.950898 9.99459E-05
0.140945 0.574895 9.9964E-05 9.9964E-05 0.25362 0.0265114 9.9964E-05 0.00362876 9.9964E-05
0.00555778 9.9955E-05 0.00461679 0.117703 9.9955E-05 9.9955E-05 9.9955E-05 9.9955E-05 0.871622
0.200859 0.324262 9.9964E-05 0.0843882 9.9964E-05 0.379573 9.9964E-05 0.0105191 9.9964E-05
0.0839483 9.9955E-05 9.9955E-05 0.00644328 9.9955E-05 9.9955E-05 0.00436171 0.904747 9.9955E-05
0.306499 9.9946E-05 9.9946E-05 0.606325 0.0865763 9.9946E-05 9.9946E-05 9.9946E-05 9.9946E-05
0.000787883 9.9937E-05 0.998513 9.9937E-05 9.9937E-05 9.9937E-05 9.9937E-05 9.9937E-05 9.9937E-05
0.393765 0.000123305 0.010465 0.547162 9.9991E-05 0.0322054 0.0035316 0.000273311 0.0123745
0.8554 9.9946E-05 9.9946E-05 0.131778 9.9946E-05 9.9946E-05 0.0122227 9.9946E-05 9.9946E-05
9.99371E-05 9.99371E-05 0.992019 9.99371E-05 0.00728108 9.99371E-05 9.99371E-05 9.99371E-05 9.99371E-05
0.761938 9.9937E-05 9.9937E-05 0.237363 9.9937E-05 9.9937E-05 9.9937E-05 9.9937E-05 9.9937E-05
0.01411 9.9964E-05 9.9964E-05 9.9964E-05 0.0449051 9.9964E-05 0.909612 0.0156654 0.0153079
0.0637384 0.0649835 9.9964E-05 0.418298 9.9964E-05 0.406514 9.9964E-05 9.9964E-05 0.0460661
0.859423 9.9955E-05 9.9955E-05 0.0919944 9.9955E-05 9.9955E-05 9.9955E-05 0.0211833 0.0268991
0.0992167 0.202572 9.9973E-05 9.9973E-05 0.106123 0.12875 9.9973E-05 0.0569228 0.406115
0.548923 9.9964E-05 0.0158394 0.348361 0.0455491 9.9964E-05 9.9964E-05 9.9964E-05 0.0409272
9.9946E-05 9.9946E-05 0.913447 9.9946E-05 9.9946E-05 9.9946E-05 0.0252192 9.9946E-05 0.0607346
0.077762 0.17386 0.000619918 0.580966 0.155858 9.9973E-05 9.9973E-05 0.0106339 9.9973E-05
