9.9982E-05 9.9982E-05 0.198983 0.794283 0.00653459
9.9982E-05 0.00137519 9.9982E-05 0.993964 0.00446122
0.0212418 9.9973E-05 9.9973E-05 0.978458 9.9973E-05
9.999E-05 0.00557886 0.208771 0.776068 0.00948279
0.0633398 0.00664071 0.501487 0.409155 0.0193775
0.12067 0.0628455 0.273198 0.469385 0.0739021
0.0585076 0.0131814 0.574803 0.353408 9.9991E-05
0.0155246 0.0252713 0.619994 0.321469 0.0177411
0.0156728 0.0106086 9.9991E-05 0.957721 0.0158973
9.9973E-05 9.9973E-05 0.0990063 0.900694 9.9973E-05
9.9982E-05 9.9982E-05 0.541085 0.447937 0.0107775
0.0182803 9.9982E-05 0.661994 0.319525 9.9982E-05
9.9973E-05 9.9973E-05 0.533908 0.465792 9.9973E-05
0.120786 0.0916134 0.294292 0.426876 0.0664325
9.9973E-05 9.9973E-05 0.259057 0.740644 9.9973E-05
0.0309576 0.03861 0.274929 0.63797 0.017534
9.9982E-05 0.00217008 0.649154 0.348476 9.9982E-05
0.0936272 0.0700283 9.9991E-05 0.365377 0.470868
9.9982E-05 0.0119169 9.9982E-05 0.985804 0.00207926
0.0543234 0.0610746 0.550452 0.305712 0.0284376
0.000203572 9.9991E-05 0.0162919 0.98088 0.00252417
9.9973E-05 9.9973E-05 0.597431 0.402269 9.9973E-05
0.0152485 9.9982E-05 0.491014 0.493538 9.9982E-05
0.907879 9.9982E-05 0.0788582 9.9982E-05 0.0130624
9.9973E-05 9.9973E-05 0.493241 0.506459 9.9973E-05
0.00597146 0.0235421 0.550102 0.410294 0.0100903
9.9982E-05 9.9982E-05 0.0131505 0.981373 0.00527682
9.9973E-05 9.9973E-05 0.0840472 0.915653 9.9973E-05
9.997E-05 9.997E-05 9.997E-05 0.9996 9.997E-05
0.136772 0.0741588 0.361852 0.404249 0.0229692
9.9973E-05 0.00835473 9.9973E-05 0.991345 9.9973E-05
0.00714278 0.00155169 9.9982E-05 0.991106 9.9982E-05
0.101536 0.0799902 0.372252 0.406993 0.0392288
0.0110716 9.9973E-05 9.9973E-05 0.988629 9.9973E-05
9.9991E-05 0.0525872 0.530334 0.404205 0.0127743
9.9973E-05 9.9973E-05 0.214704 0.784997 9.9973E-05
0.0378196 0.0418643 0.685669 0.234547 9.9991E-05
0.0857668 0.0355699 0.621028 0.206686 0.0509485
0.0333109 9.9982E-05 0.54803 0.418459 9.9982E-05
0.13079 0.0751388 0.378522 0.37474 0.0408094
0.00814321 0.00980825 9.9982E-05 0.981849 9.9982E-05
9.9973E-05 9.9973E-05 0.100068 0.899632 9.9973E-05
0.00118296 0.00475408 0.112647 0.881316 9.9991E-05
0.00134112 9.9991E-05 0.112802 0.851997 0.0337598
9.997E-05 9.997E-05 9.997E-05 9.997E-05 0.9996
9.9973E-05 9.9973E-05 0.0716061 0.928094 9.9973E-05
9.9973E-05 9.9973E-05 0.0156373 0.984063 9.9973E-05
9.997E-05 9.997E-05 9.997E-05 9.997E-05 0.9996
9.9973E-05 9.9973E-05 0.190317 0.809383 9.9973E-05
9.9973E-05 9.9973E-05 0.402126 0.597574 9.9973E-05
9.9973E-05 9.9973E-05 0.132879 0.866821 9.9973E-05
9.9973E-05 9.9973E-05 0.274872 0.724828 9.9973E-05
0.0973408 0.0793502 0.0192673 0.745064 0.0589774
0.087911 9.9982E-05 0.429968 0.481921 9.9982E-05
0.0705504 0.0577062 9.9991E-05 0.861274 0.010369
9.9973E-05 9.9973E-05 9.9973E-05 0.996824 0.00287653
9.9982E-05 0.00473914 9.9982E-05 0.990071 0.00498985
0.00458062 9.9982E-05 0.143252 0.851968 9.9982E-05
9.9973E-05 9.9973E-05 0.117852 0.881849 9.9973E-05
9.997E-05 9.997E-05 9.997E-05 0.9996 9.997E-05
0.895824 0.0231707 0.0808057 9.9982E-05 9.9982E-05
0.015564 0.0122609 9.9982E-05 0.971975 9.9982E-05
0.0465607 0.0249207 0.436098 0.489961 0.00245958
9.9973E-05 9.9973E-05 9.9973E-05 0.986129 0.0135713
0.00488187 0.0104748 9.9982E-05 0.984443 9.9982E-05
9.9973E-05 9.9973E-05 0.194112 0.805588 9.9973E-05
9.9973E-05 9.9973E-05 0.19896 0.80074 9.9973E-05
0.00502154 9.9982E-05 0.662161 0.332618 9.9982E-05
9.997E-05 9.997E-05 9.997E-05 9.997E-05 0.9996
0.0328419 0.00306523 0.507418 0.452083 0.00459133
0.0515277 0.0485026 9.9991E-05 0.881801 0.0180685
0.00548556 0.00364847 0.0544802 0.936286 9.9991E-05
0.054246 9.9973E-05 9.9973E-05 0.945454 9.9973E-05
9.9973E-05 0.00913504 9.9973E-05 0.990565 9.9973E-05
9.9982E-05 0.0155987 9.9982E-05 0.951509 0.0326925
9.997E-05 9.997E-05 9.997E-05 0.9996 9.997E-05
0.038206 9.9982E-05 0.584368 0.377226 9.9982E-05
9.9973E-05 9.9973E-05 0.0212387 0.978461 9.9973E-05
0.741143 0.02316 0.104275 0.101142 0.0302803
0.0122666 9.9982E-05 0.24486 0.742673 9.9982E-05
0.00354263 0.00240178 0.00893643 0.976743 0.00837612
0.132159 0.121469 0.081586 0.24368 0.421105
0.127648 0.0647869 0.010786 0.700695 0.0960836
0.00971961 0.0186416 0.379338 0.562264 0.0300369
9.9991E-05 0.00566908 0.0867386 0.903334 0.00415856
0.0239496 0.00165078 9.9982E-05 0.9742 9.9982E-05
9.997E-05 0.9996 9.997E-05 9.997E-05 9.997E-05
9.9973E-05 9.9973E-05 0.260127 0.739573 9.9973E-05
9.9973E-05 9.9973E-05 0.245559 0.754141 9.9973E-05
9.9973E-05 9.9973E-05 0.588021 0.411679 9.9973E-05
9.9973E-05 9.9973E-05 0.613637 0.386063 9.9973E-05
9.9973E-05 9.9973E-05 0.676559 0.323141 9.9973E-05
0.00564737 0.00392408 9.9982E-05 0.990229 9.9982E-05
9.9973E-05 9.9973E-05 0.247473 0.752227 9.9973E-05
9.9973E-05 9.9973E-05 0.0255475 0.974153 9.9973E-05
9.9973E-05 9.9973E-05 0.388624 0.611076 9.9973E-05
0.120111 0.0721478 0.35138 0.389148 0.0672139
0.017008 0.00566471 9.9991E-05 0.976416 0.00081102
0.0696637 9.9982E-05 0.502751 0.427386 9.9982E-05
9.9991E-05 0.00451289 0.471132 0.512431 0.0118245
0.87153 9.9982E-05 0.104322 9.9982E-05 0.0239487
9.9973E-05 9.9973E-05 9.9973E-05 0.997188 0.00251236
9.997E-05 9.997E-05 9.997E-05 0.9996 9.997E-05
9.9982E-05 9.9982E-05 0.715081 0.26896 0.0157591
9.997E-05 9.997E-05 9.997E-05 9.997E-05 0.9996
9.9973E-05 9.9973E-05 0.749894 0.249806 9.9973E-05
0.0227938 9.9982E-05 0.0959445 0.881062 9.9982E-05
0.0263978 0.021139 9.9982E-05 0.952263 9.9982E-05
9.9973E-05 9.9973E-05 0.649703 0.349997 9.9973E-05
9.997E-05 9.997E-05 9.997E-05 9.997E-05 0.9996
0.735671 0.0318432 0.0802729 0.0960909 0.0561217
9.9982E-05 9.9982E-05 0.202285 0.797255 0.000260162
9.9973E-05 9.9973E-05 0.105735 0.893965 9.9973E-05
9.9973E-05 9.9973E-05 0.593389 0.406311 9.9973E-05
0.0248312 0.00165411 9.9991E-05 0.96841 0.00500427
0.0388183 0.0109524 0.569446 0.283081 0.0977021
0.161132 0.12481 0.0644241 0.12222 0.527414
0.0463207 9.9982E-05 0.0168433 0.936636 9.9982E-05
9.9973E-05 9.9973E-05 0.30695 0.69275 9.9973E-05
0.9996 9.997E-05 9.997E-05 9.997E-05 9.997E-05
9.9973E-05 9.9973E-05 0.0595101 0.94019 9.9973E-05
9.9973E-05 9.9973E-05 0.366828 0.632872 9.9973E-05
9.9973E-05 9.9973E-05 0.0589465 0.940754 9.9973E-05
9.9982E-05 0.0125913 0.564885 0.422324 9.9982E-05
9.9991E-05 0.00153724 0.564905 0.425595 0.00786222
0.0294951 0.00337279 0.542853 0.388116 0.0361637
0.0508679 0.087128 0.510278 0.337541 0.0141849
9.9973E-05 9.9973E-05 0.221481 0.778219 9.9973E-05
0.00571035 9.9991E-05 0.0219415 0.971838 0.000409933
0.00172334 9.9991E-05 0.1609 0.824193 0.0130836
9.9991E-05 0.0669823 0.0259068 0.0258686 0.881142
0.0534101 9.9982E-05 0.0066083 0.939782 9.9982E-05
0.00164779 0.00417394 0.0129758 0.00680856 0.974394
9.9973E-05 9.9973E-05 0.179707 0.819993 9.9973E-05
0.952702 9.99729E-05 9.99729E-05 0.0469983 9.99729E-05
9.9973E-05 9.9973E-05 0.733328 0.266372 9.9973E-05
0.0113745 0.026734 0.659406 0.302386 9.9991E-05
0.0304799 0.0316057 0.638593 0.299221 9.9991E-05
9.9973E-05 9.9973E-05 0.283822 0.715878 9.9973E-05
0.0203444 0.0178425 0.497798 0.419189 0.0448265
0.0112148 9.9973E-05 9.9973E-05 0.988485 9.9973E-05
9.9973E-05 9.9973E-05 0.391976 0.607724 9.9973E-05
0.126452 0.102271 0.132889 0.584934 0.0534543
9.9991E-05 0.011191 0.135571 0.83285 0.0202882
0.0124197 0.012129 0.0459043 0.929447 9.9991E-05
0.977074 9.99729E-05 9.99729E-05 0.0226265 9.99729E-05
0.172596 0.0606595 0.339317 0.372063 0.0553645
0.99646 9.9973E-05 0.00324011 9.9973E-05 9.9973E-05
9.9973E-05 9.9973E-05 0.186642 0.813058 9.9973E-05
0.169895 0.0820825 0.239769 0.476336 0.0319177
0.146935 0.0769695 0.224982 0.494735 0.0563786
9.9982E-05 9.9982E-05 0.123248 0.857904 0.0186485
9.997E-05 9.997E-05 9.997E-05 0.9996 9.997E-05
0.00768571 9.9973E-05 9.9973E-05 9.9973E-05 0.992014
0.163634 0.0582268 0.456332 0.273195 0.0486124
9.9973E-05 9.9973E-05 0.170695 0.829005 9.9973E-05
0.534727 0.079686 0.00121477 0.311674 0.0726989
0.00161926 0.00177101 9.9991E-05 0.980508 0.0160018
9.997E-05 0.9996 9.997E-05 9.997E-05 9.997E-05
9.9991E-05 0.0168418 0.0493239 0.921023 0.0127109
0.0405715 0.652506 0.0152002 0.23968 0.0520426
9.9973E-05 9.9973E-05 0.657202 0.342498 9.9973E-05
0.00126397 0.0146846 9.9982E-05 0.983851 9.9982E-05
9.9973E-05 0.011985 9.9973E-05 0.987715 9.9973E-05
0.0957175 0.0598586 0.507976 0.288418 0.0480306
0.0290223 0.0175913 9.9991E-05 0.950141 0.00314542
0.978672 9.9973E-05 0.0210282 9.9973E-05 9.9973E-05
9.9973E-05 9.9973E-05 9.9973E-05 0.996342 0.00335814
9.997E-05 0.9996 9.997E-05 9.997E-05 9.997E-05
9.997E-05 9.997E-05 9.997E-05 0.9996 9.997E-05
0.0355619 9.9982E-05 0.571251 0.392987 9.9982E-05
9.9991E-05 0.0139657 0.452476 0.523255 0.0102026
0.093071 0.0554466 0.504199 0.315483 0.0318006
0.0538704 0.0539005 0.355099 0.489262 0.0478685
0.106307 0.0473823 0.348856 0.385145 0.112309
9.997E-05 9.997E-05 9.997E-05 0.9996 9.997E-05
0.0358516 9.9982E-05 0.44481 0.519139 9.9982E-05
0.00353559 9.9982E-05 0.0163855 0.979879 9.9982E-05
0.0839852 0.0102297 0.424366 0.427843 0.0535755
0.0217168 0.0399168 0.650442 0.287825 9.9991E-05
0.02266 0.014771 0.0257292 0.93674 9.9991E-05
9.9973E-05 9.9973E-05 0.333631 0.666069 9.9973E-05
9.9982E-05 9.9982E-05 0.129576 0.863073 0.00715144
0.0129326 0.0081586 9.9982E-05 0.978709 9.9982E-05
0.170704 0.0980058 0.0681065 0.615266 0.0479177
0.00278158 0.00159247 0.442953 0.536608 0.0160648
0.0555391 0.0489142 0.322236 0.571841 0.00147016
0.0309472 0.915487 0.0403649 9.9991E-05 0.0131009
0.0262577 0.0111487 9.9991E-05 0.957661 0.0048326
0.00212332 9.9973E-05 9.9973E-05 0.997577 9.9973E-05
9.9991E-05 0.00772149 0.0487219 0.94189 0.00156666
0.982073 9.99729E-05 9.99729E-05 0.017627 9.99729E-05
0.0120514 0.00914098 0.151807 0.8269 9.9991E-05
0.0985445 0.0482984 0.437578 0.357425 0.0581541
9.9973E-05 9.9973E-05 0.419973 0.579727 9.9973E-05
0.00100106 0.00279601 9.9991E-05 0.986506 0.00959667
0.0274772 9.9982E-05 0.0660579 0.906265 9.9982E-05
9.997E-05 9.997E-05 9.997E-05 0.9996 9.997E-05
0.0718478 0.0424017 0.475159 0.316796 0.0937961
0.0739653 0.809764 0.00833312 0.0717597 0.0361774
0.081329 0.0720762 0.528939 0.270212 0.0474439
9.9982E-05 9.9982E-05 0.286927 0.699312 0.0135607
0.00942446 0.976309 9.9982E-05 9.9982E-05 0.0140671
0.039727 0.0126029 0.207426 0.740144 9.9991E-05
9.9973E-05 9.9973E-05 0.521899 0.477801 9.9973E-05
0.0451298 0.00876029 0.00216494 0.929835 0.0141103
9.9973E-05 9.9973E-05 9.9973E-05 0.994846 0.00485376
0.0107795 0.00780211 9.9991E-05 0.965144 0.0161742
0.036876 0.00765578 0.278032 0.667388 0.0100486
0.958232 9.99729E-05 9.99729E-05 0.0414677 9.99729E-05
9.997E-05 9.997E-05 9.997E-05 0.9996 9.997E-05
0.0244827 0.00471181 0.691623 0.279082 9.9991E-05
9.9973E-05 9.9973E-05 0.366884 0.632816 9.9973E-05
0.972161 0.00200709 9.9982E-05 0.0256323 9.9982E-05
0.0651522 0.0130587 0.610922 0.285187 0.0256804
0.121969 0.13271 0.224062 0.466959 0.0543005
0.059267 9.9991E-05 0.529703 0.39902 0.0119098
0.909892 9.9973E-05 9.9973E-05 0.0898078 9.9973E-05
9.9973E-05 9.9973E-05 0.330356 0.669344 9.9973E-05
9.997E-05 0.9996 9.997E-05 9.997E-05 9.997E-05
9.9973E-05 9.9973E-05 0.275631 0.724069 9.9973E-05
9.9982E-05 9.9982E-05 0.0135789 0.969369 0.016852
9.997E-05 0.9996 9.997E-05 9.997E-05 9.997E-05
9.9973E-05 9.9973E-05 0.0499971 0.949703 9.9973E-05
0.0200185 0.00510588 0.0274762 0.0256773 0.921722
9.9973E-05 9.9973E-05 0.579242 0.420458 9.9973E-05
0.036253 0.000350107 9.9982E-05 0.963197 9.9982E-05
0.173747 0.0722067 0.419167 0.320793 0.0140864
9.9991E-05 0.01208 0.165339 0.819793 0.00268778
9.9982E-05 0.947625 9.9982E-05 0.0305268 0.0216478
0.0039809 0.00281711 0.51568 0.477422 9.9991E-05
