9.9982E-05 0.779154 9.9982E-05 0.00512562 0.21552
0.0680479 0.931652 9.9973E-05 9.9973E-05 9.9973E-05
0.0081043 0.972434 9.9982E-05 0.0192612 9.9982E-05
0.0336828 0.703296 0.0209819 0.00146666 0.240573
0.245922 0.2702 0.0116745 0.0347057 0.437497
0.715388 0.211175 0.0051446 0.0204451 0.0478474
0.448345 0.149124 9.9982E-05 9.9982E-05 0.402331
0.318294 0.131506 0.0067871 0.00460051 0.538812
0.0283508 0.939032 0.0214885 9.9991E-05 0.0110291
9.9973E-05 0.859052 9.9973E-05 9.9973E-05 0.140648
0.0289109 0.362138 9.9991E-05 0.0281255 0.580725
0.0984238 0.198784 9.9991E-05 0.0314334 0.671259
0.0401053 0.377567 9.9982E-05 9.9982E-05 0.582128
0.846429 0.133191 9.9982E-05 9.9982E-05 0.0201804
9.9973E-05 0.678296 9.9973E-05 9.9973E-05 0.321404
0.296761 0.532203 0.00812094 9.9991E-05 0.162815
0.221018 0.190218 9.9982E-05 9.9982E-05 0.588564
0.297977 0.200742 0.401589 0.0995928 9.9991E-05
0.0409787 0.955358 0.00346377 9.9982E-05 9.9982E-05
0.393859 0.0977999 0.0263583 0.0357818 0.446201
0.00829741 0.94725 9.9991E-05 0.0117069 0.032646
0.00755372 0.334391 9.9991E-05 0.0142676 0.643688
0.0436588 0.420615 9.9991E-05 0.0215908 0.514036
0.0116701 9.9982E-05 9.9982E-05 0.90131 0.08682
9.9982E-05 0.444436 9.9982E-05 0.0141112 0.541253
0.241655 0.254174 9.9982E-05 9.9982E-05 0.503971
9.9982E-05 0.959368 9.9982E-05 0.00230731 0.038125
9.9973E-05 0.874077 9.9973E-05 9.9973E-05 0.125623
9.997E-05 0.9996 9.997E-05 9.997E-05 9.997E-05
0.704959 0.164271 9.9991E-05 0.0154276 0.115242
0.0602397 0.93946 9.9973E-05 9.9973E-05 9.9973E-05
0.0325072 0.967193 9.9973E-05 9.9973E-05 9.9973E-05
0.704323 0.15958 9.9982E-05 9.9982E-05 0.135897
0.0306852 0.969015 9.9973E-05 9.9973E-05 9.9973E-05
0.35215 0.2244 0.0019901 9.9991E-05 0.42136
9.9973E-05 0.727956 9.9973E-05 9.9973E-05 0.271744
0.303318 0.0946631 0.00215619 0.00567121 0.594192
0.576713 9.9982E-05 9.9982E-05 0.0116332 0.411454
0.0515197 0.326702 9.9991E-05 0.0581207 0.563558
0.674348 0.13098 0.00346515 0.0184048 0.172801
0.0105948 0.973646 0.00334889 0.01231 9.9991E-05
9.9973E-05 0.871314 9.9973E-05 9.9973E-05 0.128386
9.9982E-05 0.847247 0.00461901 9.9982E-05 0.147934
0.0587374 0.79378 0.00747643 0.0115901 0.128416
9.9982E-05 0.0339183 0.823193 0.142689 9.9982E-05
0.0464085 0.901916 9.9982E-05 9.9982E-05 0.051476
9.9973E-05 0.930374 9.9973E-05 9.9973E-05 0.0693259
9.9982E-05 0.0269266 0.8286 0.144273 9.9982E-05
9.9973E-05 0.735547 9.9973E-05 9.9973E-05 0.264153
9.9982E-05 0.542965 0.00468457 9.9982E-05 0.45215
9.9973E-05 0.80718 9.9973E-05 9.9973E-05 0.19252
9.9982E-05 0.6474 9.9982E-05 0.00694252 0.345458
0.428095 0.514733 0.0436914 0.013381 9.9991E-05
0.141033 0.390879 9.9991E-05 0.0538592 0.414129
0.174686 0.773304 0.0121613 0.0397479 9.9991E-05
9.9982E-05 0.983321 9.9982E-05 0.00152492 0.0149539
0.0424461 0.957254 9.9973E-05 9.9973E-05 9.9973E-05
0.00845401 0.826292 0.00260225 0.00522751 0.157424
9.9973E-05 0.843692 9.9973E-05 9.9973E-05 0.156008
0.0157354 0.983965 9.9973E-05 9.9973E-05 9.9973E-05
0.131267 9.9982E-05 9.9982E-05 0.865586 0.00294666
0.0136731 0.96995 0.00608735 0.0101899 9.9991E-05
0.155347 0.390681 0.0287795 0.0209195 0.404273
0.0198669 0.967896 9.9982E-05 9.9982E-05 0.0120372
0.0334377 0.966262 9.9973E-05 9.9973E-05 9.9973E-05
9.9973E-05 0.761998 9.9973E-05 9.9973E-05 0.237702
9.9973E-05 0.742762 9.9973E-05 9.9973E-05 0.256938
0.137877 0.223696 9.9991E-05 0.00623371 0.632094
9.9973E-05 9.9973E-05 0.833585 0.166115 9.9973E-05
0.177429 0.322321 0.00440127 0.018239 0.47761
0.142646 0.807711 0.025946 0.0235968 9.9991E-05
9.9991E-05 0.880989 0.0121779 0.00994609 0.0967872
0.0552122 0.91223 9.9982E-05 0.0323578 9.9982E-05
0.0127219 0.986978 9.9973E-05 9.9973E-05 9.9973E-05
0.076675 0.898329 0.0247962 9.9982E-05 9.9982E-05
9.997E-05 0.9996 9.997E-05 9.997E-05 9.997E-05
0.277716 0.225206 9.9982E-05 9.9982E-05 0.496879
0.00516911 0.972942 9.9982E-05 9.9982E-05 0.0216894
0.277517 9.9982E-05 9.9982E-05 0.701139 0.0211441
9.9982E-05 0.680225 9.9982E-05 0.00872962 0.310846
9.9982E-05 0.971111 0.0064791 9.9982E-05 0.0222098
0.365784 0.111307 0.386738 0.13607 9.9991E-05
0.515496 0.418325 0.0474368 0.018642 9.9991E-05
0.24346 0.461372 0.00527881 9.9991E-05 0.28979
9.9982E-05 0.875138 0.0141282 9.9982E-05 0.110534
0.0617468 0.937953 9.9973E-05 9.9973E-05 9.9973E-05
9.997E-05 9.997E-05 0.9996 9.997E-05 9.997E-05
9.99729E-05 0.655178 9.99729E-05 9.99729E-05 0.344522
9.9973E-05 0.688567 9.9973E-05 9.9973E-05 0.311133
0.0638428 0.338285 9.9982E-05 9.9982E-05 0.597672
0.0175166 0.298178 0.00906496 0.0078393 0.667401
0.00115678 0.251663 9.9982E-05 9.9982E-05 0.74698
0.0238701 0.971999 9.9982E-05 0.00393121 9.9982E-05
9.9973E-05 0.697657 9.9973E-05 9.9973E-05 0.302044
9.9973E-05 0.943362 9.9973E-05 9.9973E-05 0.0563378
9.9973E-05 0.55806 9.9973E-05 9.9973E-05 0.44164
0.749597 0.139105 0.0135741 9.9991E-05 0.0976234
0.0498648 0.949835 9.9973E-05 9.9973E-05 9.9973E-05
0.114521 0.342187 9.9991E-05 0.0620419 0.481151
0.0556523 0.42764 0.0317621 0.00239168 0.482554
0.127075 9.9982E-05 9.9982E-05 0.851092 0.0216335
0.0138804 0.95563 9.9982E-05 9.9982E-05 0.0302901
9.997E-05 0.9996 9.997E-05 9.997E-05 9.997E-05
0.0809086 0.173688 0.0201844 9.9991E-05 0.725119
9.9982E-05 0.0341323 0.818461 0.147207 9.9982E-05
0.0580719 0.167337 0.0211094 9.9991E-05 0.753382
9.9982E-05 0.824212 9.9982E-05 0.0528611 0.122727
0.0446887 0.923421 9.9982E-05 0.0316903 9.9982E-05
9.9973E-05 0.29053 9.9973E-05 9.9973E-05 0.70917
9.9982E-05 0.00788474 0.825078 0.166837 9.9982E-05
0.326554 9.9982E-05 0.0187218 0.654524 9.9982E-05
0.0101512 0.752168 9.9982E-05 9.9982E-05 0.237481
9.9973E-05 0.838507 9.9973E-05 9.9973E-05 0.161193
9.9982E-05 0.359643 9.9982E-05 0.00672529 0.633432
0.0262357 0.956106 9.9982E-05 0.0174584 9.9982E-05
0.556978 0.0525454 0.00485115 9.9991E-05 0.385525
0.194848 0.0544779 0.525773 0.224801 9.9991E-05
9.9982E-05 0.907047 9.9982E-05 0.0483312 0.0444219
9.9973E-05 0.655093 9.9973E-05 9.9973E-05 0.344607
9.9973E-05 9.9973E-05 9.9973E-05 0.999028 0.000672122
9.9982E-05 0.900888 0.000869369 9.9982E-05 0.0980427
9.9973E-05 0.559343 9.9973E-05 9.9973E-05 0.440357
9.9973E-05 0.892041 9.9973E-05 9.9973E-05 0.107659
0.157443 0.304283 9.9982E-05 9.9982E-05 0.538075
0.140424 0.329097 0.0165411 9.9991E-05 0.513838
0.33475 0.198522 9.9982E-05 9.9982E-05 0.466528
0.644531 0.0524838 9.9982E-05 9.9982E-05 0.302786
9.9982E-05 0.708874 9.9982E-05 0.00875134 0.282174
9.9991E-05 0.9319 0.00160485 0.0148888 0.0515062
9.9982E-05 0.768124 9.9982E-05 0.0204728 0.211203
0.0736778 0.011473 0.771357 0.143393 9.9991E-05
0.0669447 0.90887 9.9982E-05 0.0239853 9.9982E-05
0.00879452 0.0188711 0.802431 0.167203 0.00269978
9.9982E-05 0.782695 9.9982E-05 0.00304809 0.214057
9.99729E-05 0.0302755 9.99729E-05 0.969425 9.99729E-05
0.0526085 0.175053 0.000632691 0.00700606 0.764699
0.315454 0.118052 9.9982E-05 9.9982E-05 0.566294
0.141635 0.166241 0.0212864 0.0253013 0.645535
9.9982E-05 0.661283 9.9982E-05 0.014871 0.323646
0.257378 0.281885 0.0204322 0.0152389 0.425065
0.0194856 0.980081 9.9982E-05 0.000233759 9.9982E-05
9.9991E-05 0.54587 0.00309702 0.0124865 0.438447
0.681393 0.288466 0.0222608 0.00778019 9.9991E-05
0.114977 0.756496 0.0144129 9.9991E-05 0.114014
0.0270804 0.89502 0.0127253 0.00435354 0.0608205
9.99729E-05 0.0390691 9.99729E-05 0.960631 9.99729E-05
0.703222 0.105974 9.9991E-05 0.0611058 0.129598
9.9973E-05 9.9973E-05 9.9973E-05 0.973136 0.0265643
9.9973E-05 0.757382 9.9973E-05 9.9973E-05 0.242318
0.648943 0.230841 0.0056586 0.0569598 0.0575976
0.707915 0.245658 9.9991E-05 0.0367484 0.00957882
9.9982E-05 0.827623 0.010886 9.9982E-05 0.161292
0.00662619 0.993074 9.9973E-05 9.9973E-05 9.9973E-05
9.9982E-05 0.0176273 0.796796 0.185376 9.9982E-05
0.787594 9.9982E-05 9.9982E-05 0.0262582 0.185948
9.9973E-05 0.798504 9.9973E-05 9.9973E-05 0.201196
0.384917 0.141324 0.0607844 0.412874 9.9991E-05
0.0438076 0.943691 0.00575502 0.00664654 9.9991E-05
9.997E-05 9.997E-05 0.9996 9.997E-05 9.997E-05
0.063164 0.875672 0.0194712 9.9991E-05 0.0415928
0.242282 0.103837 0.653681 9.9982E-05 9.9982E-05
0.0439392 0.2226 0.0262127 0.0120254 0.695223
0.0618641 0.937836 9.9973E-05 9.9973E-05 9.9973E-05
9.9973E-05 0.997984 0.00171585 9.9973E-05 9.9973E-05
0.677961 0.0412296 9.9991E-05 0.00416628 0.276543
0.0900494 0.905108 0.0011381 0.00360442 9.9991E-05
9.9973E-05 9.9973E-05 9.9973E-05 0.979102 0.0205986
0.000795494 0.995439 9.9982E-05 0.00356576 9.9982E-05
9.997E-05 9.997E-05 0.9996 9.997E-05 9.997E-05
9.997E-05 0.9996 9.997E-05 9.997E-05 9.997E-05
0.138779 0.273132 9.9991E-05 0.0346083 0.55338
0.0837896 0.430658 0.0217983 9.9991E-05 0.463654
0.65736 0.0507993 9.9982E-05 9.9982E-05 0.291641
0.429857 0.309131 0.0349971 0.00157037 0.224445
0.668739 0.150099 0.0293001 0.0268041 0.125057
9.997E-05 0.9996 9.997E-05 9.997E-05 9.997E-05
9.9982E-05 0.444949 9.9982E-05 0.054792 0.500059
9.9982E-05 0.957451 9.9982E-05 0.00617899 0.0361697
0.265787 0.293765 0.011703 0.0694773 0.359268
0.392567 0.0631905 9.9982E-05 9.9982E-05 0.544043
0.0511046 0.904933 0.0102384 0.0119478 0.0217758
9.9973E-05 0.602358 9.9973E-05 9.9973E-05 0.397342
9.9991E-05 0.802004 0.00552137 0.0114791 0.180896
0.0736851 0.926015 9.9973E-05 9.9973E-05 9.9973E-05
0.539948 0.380471 0.0411081 0.0383728 9.9991E-05
0.140254 0.425088 0.0192225 9.9991E-05 0.415335
0.232937 0.464446 0.0192293 0.00482136 0.278567
0.0475119 9.9982E-05 0.928504 9.9982E-05 0.0237846
0.0948966 0.893369 9.9982E-05 0.0115349 9.9982E-05
0.0248634 0.974837 9.9973E-05 9.9973E-05 9.9973E-05
9.9982E-05 0.929152 0.00250051 9.9982E-05 0.0681479
9.99729E-05 0.0247737 9.99729E-05 0.974926 9.99729E-05
0.0400331 0.798585 9.9982E-05 9.9982E-05 0.161182
0.693483 0.10693 9.9982E-05 9.9982E-05 0.199387
0.0119225 0.498017 0.000203612 0.0174179 0.472439
0.00202243 0.996996 0.000781481 9.9982E-05 9.9982E-05
0.0726657 0.88102 9.9982E-05 9.9982E-05 0.0461146
0.00225995 0.99744 9.9973E-05 9.9973E-05 9.9973E-05
0.670197 0.0856246 0.00109654 9.9991E-05 0.242982
0.138891 0.0143684 0.846541 9.9982E-05 9.9982E-05
0.782644 9.9973E-05 9.9973E-05 9.9973E-05 0.217056
9.9991E-05 0.654598 0.00353672 0.0114617 0.330304
9.997E-05 9.997E-05 0.9996 9.997E-05 9.997E-05
0.043313 0.680576 0.0136787 0.0384667 0.223966
9.9973E-05 0.417921 9.9973E-05 9.9973E-05 0.581779
0.0749742 0.904357 0.00537398 0.0151947 9.9991E-05
0.0128168 0.986048 9.9982E-05 0.000935653 9.9982E-05
0.054847 0.936402 0.00855152 9.9982E-05 9.9982E-05
0.251228 0.54297 9.9991E-05 0.00744122 0.198261
9.99729E-05 0.0610359 9.99729E-05 0.938664 9.99729E-05
0.00603438 0.993666 9.9973E-05 9.9973E-05 9.9973E-05
0.347205 0.0690243 9.9982E-05 9.9982E-05 0.58357
9.9973E-05 0.570063 9.9973E-05 9.9973E-05 0.429637
9.9973E-05 0.0137045 9.9973E-05 0.985996 9.9973E-05
0.500125 0.0683529 9.9982E-05 9.9982E-05 0.431322
0.767291 0.19592 0.036589 9.9982E-05 9.9982E-05
0.262723 0.25438 9.9991E-05 0.0342712 0.448526
9.9973E-05 0.0780755 9.9973E-05 0.921625 9.9973E-05
9.9973E-05 0.616375 9.9973E-05 9.9973E-05 0.383325
9.997E-05 9.997E-05 0.9996 9.997E-05 9.997E-05
9.9982E-05 0.688276 0.00574681 9.9982E-05 0.305777
9.9982E-05 0.953374 0.00499547 9.9982E-05 0.0414301
9.99731E-05 9.99731E-05 0.997511 9.99731E-05 0.00218869
9.9973E-05 0.919558 9.9973E-05 9.9973E-05 0.080142
0.0404386 0.049713 0.733307 0.16882 0.00772142
0.08021 0.343754 9.9982E-05 9.9982E-05 0.575836
0.020718 0.953652 9.9982E-05 0.0254304 9.9982E-05
0.659123 0.0793437 9.9991E-05 0.0617529 0.199681
0.0126678 0.789212 0.0148452 9.9991E-05 0.183175
0.050129 9.9973E-05 0.949571 9.9973E-05 9.9973E-05
0.070112 0.383572 0.00653046 0.0257554 0.51403
