9.9955E-05 9.9955E-05 0.577683 9.9955E-05 0.00846442 9.9955E-05 0.0161722 0.0951988 0.301982 9.9955E-05
9.9928E-05 9.9928E-05 0.957433 9.9928E-05 9.9928E-05 0.0417675 9.9928E-05 9.9928E-05 9.9928E-05 9.9928E-05
9.9946E-05 9.9946E-05 0.932957 0.0224813 9.9946E-05 9.9946E-05 9.9946E-05 9.9946E-05 0.0372623 0.00669939
0.0101048 9.9964E-05 0.516355 0.0299782 0.00514992 0.0793324 9.9964E-05 9.9964E-05 0.35868 9.9964E-05
9.9964E-05 9.9964E-05 0.0352368 9.9964E-05 9.9964E-05 0.285242 0.122878 0.0459483 0.470947 0.0393483
9.9946E-05 9.9946E-05 0.236427 9.9946E-05 0.0125893 0.612465 9.9946E-05 0.137919 9.9946E-05 9.9946E-05
9.9955E-05 9.9955E-05 0.108802 0.029644 9.9955E-05 0.15154 0.114367 0.595147 9.9955E-05 9.9955E-05
9.9937E-05 9.9937E-05 9.9937E-05 0.501914 9.9937E-05 0.235937 9.9937E-05 9.9937E-05 0.261449 9.9937E-05
0.012238 9.9973E-05 0.91385 0.0169737 0.01398 0.00789929 0.00108927 9.9973E-05 0.0336698 9.9973E-05
9.9928E-05 9.9928E-05 0.665121 9.9928E-05 9.9928E-05 9.9928E-05 9.9928E-05 9.9928E-05 0.334079 9.9928E-05
9.9964E-05 9.9964E-05 0.138467 0.222169 0.0119715 9.9964E-05 0.224958 9.9964E-05 0.393427 0.00860788
9.9937E-05 9.9937E-05 9.9937E-05 9.9937E-05 9.9937E-05 9.9937E-05 0.238701 0.518478 0.242122 9.9937E-05
9.9955E-05 9.9955E-05 0.0669218 0.0103302 9.9955E-05 0.0713528 0.319538 9.9955E-05 0.531358 9.9955E-05
9.9964E-05 0.00620721 0.152988 0.0308094 9.9964E-05 0.799159 0.00866536 9.9964E-05 0.00177147 9.9964E-05
9.9946E-05 9.9946E-05 0.372427 0.0572541 0.00275088 9.9946E-05 9.9946E-05 9.9946E-05 0.566969 9.9946E-05
0.00430627 0.00873398 0.480468 9.9973E-05 0.00559289 0.12881 9.9973E-05 0.329249 0.0425399 9.9973E-05
9.9946E-05 9.9946E-05 0.184633 0.738913 9.9946E-05 9.9946E-05 0.0355385 0.0403161 9.9946E-05 9.9946E-05
9.99549E-05 0.197823 0.237533 9.99549E-05 0.369804 0.172595 9.99549E-05 9.99549E-05 9.99549E-05 0.0217443
0.00312464 9.9937E-05 0.979721 9.9937E-05 9.9937E-05 0.0164553 9.9937E-05 9.9937E-05 9.9937E-05 9.9937E-05
0.0151696 9.9964E-05 0.167015 0.643235 0.0086881 0.14041 9.9964E-05 9.9964E-05 9.9964E-05 0.0250827
0.00151322 9.9946E-05 0.883894 9.9946E-05 9.9946E-05 9.9946E-05 9.9946E-05 0.0529477 0.0610449 9.9946E-05
9.9955E-05 9.9955E-05 0.105181 0.24527 9.9955E-05 9.9955E-05 0.263596 0.0875817 0.297871 9.9955E-05
9.9964E-05 9.9964E-05 0.0969493 9.9964E-05 9.9964E-05 0.0668881 0.0709817 0.182399 0.565284 0.0170985
9.9955E-05 9.9955E-05 9.9955E-05 9.9955E-05 0.0139207 0.00132288 0.0452757 9.9955E-05 0.0423784 0.896603
9.9955E-05 0.0302452 0.0460979 9.9955E-05 9.9955E-05 0.468181 9.9955E-05 0.172822 0.282154 9.9955E-05
9.9955E-05 9.9955E-05 0.194858 0.0344052 9.9955E-05 9.9955E-05 0.331282 9.9955E-05 0.409809 0.0291465
0.00434426 9.9991E-05 0.174521 0.4419 0.00197545 0.109637 0.0884996 0.00307583 0.172771 0.00317547
9.9955E-05 9.9955E-05 0.858582 9.9955E-05 0.00798376 9.9955E-05 9.9955E-05 0.0242034 0.108383 0.000347894
9.9928E-05 9.9928E-05 0.662802 9.9928E-05 9.9928E-05 9.9928E-05 9.9928E-05 9.9928E-05 0.336398 9.9928E-05
9.9937E-05 9.9937E-05 0.957517 9.9937E-05 9.9937E-05 9.9937E-05 0.0105689 9.9937E-05 0.0312146 9.9937E-05
9.9973E-05 0.0533777 0.139514 9.9973E-05 9.9973E-05 0.545557 0.0586884 0.170095 0.0296047 0.00286333
9.9946E-05 9.9946E-05 0.941078 9.9946E-05 9.9946E-05 0.0329768 0.00851396 0.016832 9.9946E-05 9.9946E-05
9.9928E-05 9.9928E-05 0.964677 9.9928E-05 9.9928E-05 9.9928E-05 0.0345235 9.9928E-05 9.9928E-05 9.9928E-05
9.9946E-05 9.9946E-05 0.184269 0.165944 9.9946E-05 0.602473 0.046714 9.9946E-05 9.9946E-05 9.9946E-05
9.9946E-05 9.9946E-05 0.96498 9.9946E-05 9.9946E-05 0.00600377 0.0194685 9.9946E-05 9.9946E-05 0.00894819
9.9964E-05 0.0260392 0.102118 0.173284 9.9964E-05 0.279935 0.170568 9.9964E-05 0.247655 9.9964E-05
9.9928E-05 9.9928E-05 0.435303 9.9928E-05 9.9928E-05 9.9928E-05 9.9928E-05 9.9928E-05 0.563898 9.9928E-05
0.0270626 9.9937E-05 9.9937E-05 9.9937E-05 9.9937E-05 9.9937E-05 0.0330422 0.939196 9.9937E-05 9.9937E-05
9.99639E-05 9.99639E-05 9.99639E-05 0.0121311 0.0156329 0.36993 0.414023 0.185571 9.99639E-05 0.00231273
9.9964E-05 9.9964E-05 0.0517849 0.288519 9.9964E-05 0.0298105 9.9964E-05 0.054553 0.516386 0.058547
0.0154355 9.9964E-05 0.0585286 9.9964E-05 9.9964E-05 0.630989 0.0517919 0.140873 0.101982 9.9964E-05
0.00121088 0.00522154 0.973603 9.9955E-05 9.9955E-05 9.9955E-05 0.0112724 9.9955E-05 9.9955E-05 0.00819281
9.9937E-05 9.9937E-05 0.745353 9.9937E-05 9.9937E-05 9.9937E-05 0.00954458 9.9937E-05 0.244403 9.9937E-05
9.9937E-05 0.0226605 0.66165 9.9937E-05 9.9937E-05 9.9937E-05 9.9937E-05 9.9937E-05 0.31499 9.9937E-05
9.9964E-05 0.002187 0.630989 9.9964E-05 0.0245742 0.0496892 9.9964E-05 0.0456222 0.246538 9.9964E-05
0.00587512 9.9937E-05 9.9937E-05 9.9937E-05 0.992909 0.000515869 9.9937E-05 9.9937E-05 9.9937E-05 9.9937E-05
9.9946E-05 9.9946E-05 0.882752 0.0271066 9.9946E-05 9.9946E-05 0.0642465 0.0252956 9.9946E-05 9.9946E-05
9.9928E-05 9.9928E-05 0.796358 9.9928E-05 9.9928E-05 9.9928E-05 9.9928E-05 9.9928E-05 0.202843 9.9928E-05
9.99201E-05 9.99201E-05 9.99201E-05 9.99201E-05 0.999101 9.99201E-05 9.99201E-05 9.99201E-05 9.99201E-05 9.99201E-05
9.99279E-05 9.99279E-05 0.509997 9.99279E-05 9.99279E-05 9.99279E-05 9.99279E-05 9.99279E-05 0.489204 9.99279E-05
9.9955E-05 0.0179658 0.302291 9.9955E-05 9.9955E-05 9.9955E-05 0.126266 0.144934 0.408043 9.9955E-05
9.9928E-05 9.9928E-05 0.577641 9.9928E-05 9.9928E-05 9.9928E-05 9.9928E-05 9.9928E-05 0.421559 9.9928E-05
9.9955E-05 9.9955E-05 0.432601 9.9955E-05 9.9955E-05 9.9955E-05 0.0525759 0.0316362 0.467903 0.0147843
9.99549E-05 0.0266978 0.550598 9.99549E-05 0.0257864 0.383725 9.99549E-05 9.99549E-05 9.99549E-05 0.0126922
9.9964E-05 9.9964E-05 0.209611 9.9964E-05 0.00240075 0.0838638 9.9964E-05 0.414287 0.257123 0.0323152
0.00803337 0.0333541 0.791325 9.99549E-05 9.99549E-05 0.131843 9.99549E-05 9.99549E-05 9.99549E-05 0.0349453
9.9937E-05 9.9937E-05 0.86249 9.9937E-05 0.00892024 9.9937E-05 9.9937E-05 9.9937E-05 0.12789 9.9937E-05
0.000580803 9.9946E-05 0.971543 0.0220927 0.00518334 9.9946E-05 9.9946E-05 9.9946E-05 9.9946E-05 9.9946E-05
9.9955E-05 0.0169179 0.631185 9.9955E-05 9.9955E-05 0.0201647 9.9955E-05 9.9955E-05 0.326328 0.00490418
9.9928E-05 9.9928E-05 0.672756 9.9928E-05 9.9928E-05 9.9928E-05 9.9928E-05 9.9928E-05 0.326445 9.9928E-05
9.9928E-05 9.9928E-05 0.916081 9.9928E-05 9.9928E-05 9.9928E-05 9.9928E-05 9.9928E-05 0.0831195 9.9928E-05
0.0176817 9.99551E-05 9.99551E-05 0.0319871 9.99551E-05 0.0761382 0.0388373 9.99551E-05 9.99551E-05 0.834856
0.00937192 0.00158466 0.95087 0.00770478 9.9964E-05 9.9964E-05 0.0260604 9.9964E-05 9.9964E-05 0.00400876
0.00542758 0.0237126 0.114836 0.0298332 9.9991E-05 0.140701 0.00196768 0.155724 0.492814 0.0348845
9.9946E-05 9.9946E-05 0.939746 0.00529476 0.00124391 9.9946E-05 9.9946E-05 0.0531153 9.9946E-05 9.9946E-05
9.9937E-05 9.9937E-05 0.981108 9.9937E-05 9.9937E-05 0.0158981 0.00229402 9.9937E-05 9.9937E-05 9.9937E-05
9.9937E-05 9.9937E-05 0.533815 9.9937E-05 9.9937E-05 9.9937E-05 9.9937E-05 0.105272 0.360214 9.9937E-05
9.9937E-05 9.9937E-05 0.51451 9.9937E-05 9.9937E-05 9.9937E-05 0.0287301 9.9937E-05 0.45606 9.9937E-05
9.99369E-05 9.99369E-05 0.0971718 9.99369E-05 9.99369E-05 9.99369E-05 0.564186 0.337942 9.99369E-05 9.99369E-05
9.99201E-05 9.99201E-05 9.99201E-05 9.99201E-05 0.999101 9.99201E-05 9.99201E-05 9.99201E-05 9.99201E-05 9.99201E-05
9.9955E-05 9.9955E-05 0.0271396 0.158325 9.9955E-05 0.244774 9.9955E-05 9.9955E-05 0.558009 0.0112531
9.99459E-05 0.0428755 0.843138 9.99459E-05 9.99459E-05 0.0838833 9.99459E-05 9.99459E-05 9.99459E-05 0.0295037
0.00646287 9.9955E-05 0.709353 9.9955E-05 0.00819552 9.9955E-05 9.9955E-05 9.9955E-05 0.25489 0.0205989
9.9946E-05 0.00828399 0.939954 9.9946E-05 9.9946E-05 0.00211975 9.9946E-05 9.9946E-05 9.9946E-05 0.0490428
9.99281E-05 9.99281E-05 0.990127 0.00907314 9.99281E-05 9.99281E-05 9.99281E-05 9.99281E-05 9.99281E-05 9.99281E-05
0.00552439 9.9955E-05 0.932286 9.9955E-05 0.025085 0.0312789 0.00532648 9.9955E-05 9.9955E-05 9.9955E-05
0.00147676 9.9946E-05 0.945534 9.9946E-05 9.9946E-05 9.9946E-05 0.00854738 9.9946E-05 0.043842 9.9946E-05
9.9964E-05 0.0258368 0.178197 0.0114328 9.9964E-05 0.00243101 0.295108 0.486594 9.9964E-05 9.9964E-05
9.9946E-05 9.9946E-05 0.922148 0.033446 9.9946E-05 9.9946E-05 9.9946E-05 0.0034498 0.0403564 9.9946E-05
9.9964E-05 0.0554776 9.9964E-05 9.9964E-05 0.00248615 0.108206 0.0348566 0.109634 9.9964E-05 0.68894
9.9964E-05 0.00924732 0.408907 0.026928 9.9964E-05 9.9964E-05 9.9964E-05 0.00737335 0.52445 0.0226944
9.9937E-05 0.00471889 0.869254 9.9937E-05 9.9937E-05 9.9937E-05 9.9937E-05 9.9937E-05 0.125328 9.9937E-05
9.9973E-05 0.341254 0.111898 0.0102299 0.300805 0.171027 0.00974452 9.9973E-05 9.9973E-05 0.054741
0.00367391 0.00816581 0.438058 9.9964E-05 0.0403118 0.502801 9.9964E-05 9.9964E-05 9.9964E-05 0.00658936
9.9946E-05 9.9946E-05 0.215668 0.040239 9.9946E-05 0.303498 9.9946E-05 9.9946E-05 0.439995 9.9946E-05
0.00851069 0.00853879 0.697717 9.9955E-05 9.9955E-05 0.0166509 9.9955E-05 9.9955E-05 0.268083 9.9955E-05
9.9955E-05 0.00698499 0.951064 9.9955E-05 9.9955E-05 0.00136491 9.9955E-05 0.0192792 9.9955E-05 0.0208068
0.998962 9.9928E-05 0.000238318 9.9928E-05 9.9928E-05 9.9928E-05 9.9928E-05 9.9928E-05 9.9928E-05 9.9928E-05
9.99549E-05 9.99549E-05 0.407236 9.99549E-05 0.00885192 9.99549E-05 0.00594392 0.0468648 0.530604 9.99549E-05
9.9937E-05 9.9937E-05 0.432584 9.9937E-05 9.9937E-05 9.9937E-05 9.9937E-05 0.0678557 0.498861 9.9937E-05
9.9946E-05 9.9946E-05 0.085335 9.9946E-05 9.9946E-05 9.9946E-05 0.278987 0.320266 0.314812 9.9946E-05
0.00856104 9.9955E-05 9.9955E-05 9.9955E-05 9.9955E-05 0.0394116 0.372553 9.9955E-05 0.557545 0.0214293
9.9928E-05 9.9928E-05 9.9928E-05 9.9928E-05 9.9928E-05 9.9928E-05 0.660716 9.9928E-05 0.338484 9.9928E-05
9.99281E-05 9.99281E-05 0.994574 9.99281E-05 9.99281E-05 9.99281E-05 9.99281E-05 9.99281E-05 9.99281E-05 0.00462617
9.9946E-05 0.00139267 0.396812 0.032366 9.9946E-05 9.9946E-05 9.9946E-05 9.9946E-05 0.568829 9.9946E-05
9.9937E-05 9.9937E-05 0.814301 9.9937E-05 0.00270761 9.9937E-05 9.9937E-05 9.9937E-05 0.182292 9.9937E-05
9.9955E-05 0.0145941 0.209713 0.028068 9.9955E-05 9.9955E-05 9.9955E-05 0.150035 0.597091 9.9955E-05
9.9955E-05 9.9955E-05 0.124176 9.9955E-05 0.0112832 0.707219 0.117149 9.9955E-05 0.0396728 9.9955E-05
9.9946E-05 9.9946E-05 0.960513 9.9946E-05 9.9946E-05 0.0269531 0.0109991 9.9946E-05 9.9946E-05 0.000934735
9.9946E-05 9.9946E-05 0.168143 9.9946E-05 9.9946E-05 9.9946E-05 9.9946E-05 0.731098 0.0907725 0.00938641
0.00147342 9.9973E-05 0.0555965 0.0518662 0.0128852 0.185828 0.0209689 9.9973E-05 0.671082 9.9973E-05
9.99551E-05 9.99551E-05 9.99551E-05 9.99551E-05 0.0222705 0.0514713 0.0641727 0.00989321 9.99551E-05 0.851693
9.9937E-05 9.9937E-05 0.427261 9.9937E-05 9.9937E-05 9.9937E-05 0.00838436 9.9937E-05 0.563655 9.9937E-05
9.9937E-05 9.9937E-05 0.903314 9.9937E-05 9.9937E-05 9.9937E-05 9.9937E-05 0.0882774 0.00770939 9.9937E-05
9.99201E-05 9.99201E-05 0.999101 9.99201E-05 9.99201E-05 9.99201E-05 9.99201E-05 9.99201E-05 9.99201E-05 9.99201E-05
9.99549E-05 9.99549E-05 0.0283247 0.516125 0.0202308 9.99549E-05 0.199096 9.99549E-05 0.235724 9.99549E-05
9.9928E-05 9.9928E-05 0.0133531 9.9928E-05 0.985847 9.9928E-05 9.9928E-05 9.9928E-05 9.9928E-05 9.9928E-05
9.99549E-05 9.99549E-05 0.000917634 0.355284 0.00103894 9.99549E-05 0.504981 9.99549E-05 0.137278 9.99549E-05
9.994E-05 9.994E-05 0.694323 9.994E-05 9.994E-05 9.994E-05 9.994E-05 0.143763 0.141944 0.01937
9.9955E-05 0.0224068 0.9295 9.9955E-05 9.9955E-05 0.0292976 9.9955E-05 0.00128454 9.9955E-05 0.0170114
9.9955E-05 9.9955E-05 0.0338352 0.174522 9.9955E-05 9.9955E-05 0.371634 0.090517 0.328992 9.9955E-05
9.99201E-05 9.99201E-05 9.99201E-05 9.99201E-05 0.999101 9.99201E-05 9.99201E-05 9.99201E-05 9.99201E-05 9.99201E-05
9.9946E-05 0.00379257 9.9946E-05 9.9946E-05 0.0260336 0.319827 9.9946E-05 9.9946E-05 9.9946E-05 0.649747
9.9946E-05 9.9946E-05 0.597826 9.9946E-05 9.9946E-05 9.9946E-05 0.0811913 0.144428 0.175956 9.9946E-05
9.9928E-05 9.9928E-05 0.653509 9.9928E-05 9.9928E-05 9.9928E-05 9.9928E-05 9.9928E-05 0.345691 9.9928E-05
9.9955E-05 0.0168624 0.0378767 9.9955E-05 9.9955E-05 9.9955E-05 0.368242 9.9955E-05 0.573841 0.00267816
9.9937E-05 9.9937E-05 0.971932 9.9937E-05 9.9937E-05 9.9937E-05 0.00356166 9.9937E-05 9.9937E-05 0.0238063
9.99639E-05 0.0492975 9.99639E-05 0.0148727 0.020389 0.361777 0.471981 9.99639E-05 0.0812835 9.99639E-05
9.99639E-05 0.319203 0.00629591 9.99639E-05 0.425415 0.0170425 9.99639E-05 0.0900979 9.99639E-05 0.141546
0.00190187 0.0073808 0.79212 9.9955E-05 9.9955E-05 9.9955E-05 9.9955E-05 9.9955E-05 0.160543 0.0375537
9.9946E-05 9.9946E-05 0.384304 9.9946E-05 9.9946E-05 9.9946E-05 0.0888454 0.00661461 0.519636 9.9946E-05
9.9928E-05 9.9928E-05 9.9928E-05 9.9928E-05 9.9928E-05 9.9928E-05 0.0169796 9.9928E-05 9.9928E-05 0.982221
9.9955E-05 9.9955E-05 0.783204 0.0285299 0.00542188 9.9955E-05 0.00533617 9.9955E-05 0.177008 9.9955E-05
9.9937E-05 9.9937E-05 0.263767 9.9937E-05 9.9937E-05 9.9937E-05 9.9937E-05 0.188391 0.547142 9.9937E-05
9.9928E-05 9.9928E-05 0.732649 9.9928E-05 9.9928E-05 9.9928E-05 9.9928E-05 9.9928E-05 0.266551 9.9928E-05
9.9937E-05 0.0191034 0.166356 9.9937E-05 9.9937E-05 9.9937E-05 0.813841 9.9937E-05 9.9937E-05 9.9937E-05
0.000697981 9.9973E-05 0.0837817 9.9973E-05 0.00439553 0.119778 0.387579 0.0449394 0.358529 9.9973E-05
9.9946E-05 9.9946E-05 0.116411 0.446759 9.9946E-05 0.186851 9.9946E-05 9.9946E-05 0.249379 9.9946E-05
0.00574028 9.99549E-05 0.0956858 0.450639 9.99549E-05 0.388073 9.99549E-05 0.0593619 9.99549E-05 9.99549E-05
9.9946E-05 0.0060957 0.448595 9.9946E-05 9.9946E-05 9.9946E-05 9.9946E-05 9.9946E-05 0.520438 0.0242717
9.9946E-05 9.9946E-05 0.808067 9.9946E-05 0.00421371 9.9946E-05 9.9946E-05 9.9946E-05 0.183767 0.0033523
9.99459E-05 9.99459E-05 0.535252 9.99459E-05 0.0236148 9.99459E-05 9.99459E-05 9.99459E-05 0.414244 0.0262887
0.00523474 0.0925068 9.9955E-05 0.0497463 0.842011 0.0100009 9.9955E-05 9.9955E-05 9.9955E-05 9.9955E-05
9.9973E-05 0.0109183 0.875544 9.9973E-05 9.9973E-05 0.0338267 0.00948348 0.0346306 0.0102489 0.0250483
9.9937E-05 0.0451296 9.9937E-05 9.9937E-05 0.943918 9.9937E-05 9.9937E-05 9.9937E-05 0.0102528 9.9937E-05
9.9937E-05 9.9937E-05 0.556818 9.9937E-05 9.9937E-05 9.9937E-05 9.9937E-05 9.9937E-05 0.427988 0.014494
9.99279E-05 9.99279E-05 0.0355687 9.99279E-05 9.99279E-05 9.99279E-05 9.99279E-05 9.99279E-05 9.99279E-05 0.963632
9.99459E-05 9.99459E-05 9.99459E-05 0.367311 9.99459E-05 9.99459E-05 0.194789 0.116595 0.320705 9.99459E-05
0.0163065 9.9955E-05 0.0878774 9.9955E-05 9.9955E-05 0.0248411 0.709795 0.16068 9.9955E-05 9.9955E-05
9.99459E-05 9.99459E-05 0.150689 0.657325 9.99459E-05 9.99459E-05 0.0216702 0.169717 9.99459E-05 9.99459E-05
9.9946E-05 9.9946E-05 0.392856 0.0466038 9.9946E-05 9.9946E-05 9.9946E-05 9.9946E-05 0.552178 0.0077627
0.00305894 9.9973E-05 0.177398 0.272639 0.0317276 0.132692 9.9973E-05 0.207417 0.174768 9.9973E-05
9.9937E-05 9.9937E-05 0.88371 9.9937E-05 9.9937E-05 0.0254247 9.9937E-05 9.9937E-05 0.0901656 9.9937E-05
0.0113327 9.9973E-05 0.255523 9.9973E-05 9.9973E-05 0.00346808 0.107243 0.0242129 0.57475 0.0231708
0.000999648 0.0450678 0.342358 9.99549E-05 9.99549E-05 0.601465 9.99549E-05 9.99549E-05 9.99549E-05 0.00960974
0.00165641 9.9955E-05 0.627133 9.9955E-05 0.00584096 0.132243 9.9955E-05 9.9955E-05 0.232627 9.9955E-05
0.0108471 0.00754837 0.751352 9.9973E-05 0.00434652 0.0225531 9.9973E-05 0.0143508 0.188702 9.9973E-05
9.99459E-05 9.99459E-05 0.0206447 9.99459E-05 0.00758195 0.00415111 9.99459E-05 9.99459E-05 9.99459E-05 0.967023
9.9955E-05 9.9955E-05 0.0959496 9.9955E-05 0.00349202 0.589261 9.9955E-05 0.287652 9.9955E-05 0.0231459
9.99281E-05 9.99281E-05 9.99281E-05 9.99281E-05 9.99281E-05 9.99281E-05 0.0145771 9.99281E-05 9.99281E-05 0.984624
9.9946E-05 9.9946E-05 0.569514 9.9946E-05 0.00793625 9.9946E-05 9.9946E-05 0.0551975 0.366753 9.9946E-05
9.9973E-05 0.0236227 0.226166 0.0350048 9.9973E-05 0.52911 9.9973E-05 0.0913767 0.0469973 0.0474227
9.99589E-05 9.99589E-05 0.223174 9.99589E-05 9.99589E-05 0.716246 9.99589E-05 0.0121355 0.0238895 0.0240548
9.99549E-05 0.00426716 0.633298 0.0426561 0.0156701 9.99549E-05 9.99549E-05 9.99549E-05 0.303609 9.99549E-05
9.9937E-05 9.9937E-05 0.968886 9.9937E-05 9.9937E-05 9.9937E-05 0.0194011 9.9937E-05 0.0110131 9.9937E-05
9.9928E-05 9.9928E-05 9.9928E-05 9.9928E-05 0.991468 9.9928E-05 9.9928E-05 9.9928E-05 9.9928E-05 0.0077324
9.99639E-05 9.99639E-05 0.0114839 0.0253007 9.99639E-05 0.604104 0.217097 0.0921102 9.99639E-05 0.0495038
9.9937E-05 9.9937E-05 0.580097 9.9937E-05 0.00788223 9.9937E-05 9.9937E-05 9.9937E-05 0.411321 9.9937E-05
9.99549E-05 0.0546245 0.165098 9.99549E-05 0.0212154 0.356212 9.99549E-05 9.99549E-05 9.99549E-05 0.402351
9.9946E-05 0.00118618 0.966641 9.9946E-05 0.00394315 0.0276295 9.9946E-05 9.9946E-05 9.9946E-05 9.9946E-05
0.999101 9.99201E-05 9.99201E-05 9.99201E-05 9.99201E-05 9.99201E-05 9.99201E-05 9.99201E-05 9.99201E-05 9.99201E-05
9.9973E-05 0.0178993 0.82298 0.0159725 0.0035976 0.00211215 9.9973E-05 0.0613913 0.075747 9.9973E-05
9.99201E-05 0.999101 9.99201E-05 9.99201E-05 9.99201E-05 9.99201E-05 9.99201E-05 9.99201E-05 9.99201E-05 9.99201E-05
9.9982E-05 0.00485675 0.00911025 0.37425 0.0144778 9.9982E-05 0.178612 0.0278892 0.385869 0.00473543
0.00154833 9.9955E-05 0.944568 9.9955E-05 9.9955E-05 0.0203764 0.0276488 9.9955E-05 9.9955E-05 0.00535846
9.99281E-05 0.00878422 0.990416 9.99281E-05 9.99281E-05 9.99281E-05 9.99281E-05 9.99281E-05 9.99281E-05 9.99281E-05
0.00589905 9.9982E-05 0.0629018 0.0949777 0.00405071 0.465024 0.259919 0.0929667 9.9982E-05 0.0140616
0.00613375 9.9955E-05 0.910269 9.9955E-05 0.00745112 0.072786 9.9955E-05 9.9955E-05 9.9955E-05 0.00286049
9.99281E-05 9.99281E-05 9.99281E-05 9.99281E-05 9.99281E-05 9.99281E-05 0.0351641 9.99281E-05 9.99281E-05 0.964037
9.9946E-05 9.9946E-05 0.953281 9.9946E-05 0.00926997 9.9946E-05 9.9946E-05 9.9946E-05 0.0326776 0.00417193
0.993204 9.99281E-05 9.99281E-05 9.99281E-05 9.99281E-05 9.99281E-05 0.00599615 9.99281E-05 9.99281E-05 9.99281E-05
9.9937E-05 9.9937E-05 0.96066 9.9937E-05 9.9937E-05 9.9937E-05 9.9937E-05 0.0145877 0.0240522 9.9937E-05
9.9955E-05 0.00631277 0.0540211 0.098308 9.9955E-05 9.9955E-05 9.9955E-05 0.521491 0.319367 9.9955E-05
9.9973E-05 0.0309999 0.217281 0.112696 0.00282229 9.9973E-05 0.00691352 0.286597 0.34239 9.9973E-05
9.9946E-05 9.9946E-05 9.9946E-05 0.12681 9.9946E-05 0.61481 9.9946E-05 0.0411643 0.216617 9.9946E-05
9.9973E-05 0.0198511 0.163287 0.0741266 0.0137944 0.444205 9.9973E-05 0.0582032 0.226233 9.9973E-05
9.99549E-05 0.044377 0.138253 9.99549E-05 0.0426287 0.398653 9.99549E-05 0.375588 9.99549E-05 9.99549E-05
9.9928E-05 9.9928E-05 0.978633 9.9928E-05 9.9928E-05 9.9928E-05 0.0205676 9.9928E-05 9.9928E-05 9.9928E-05
9.99549E-05 9.99549E-05 0.18899 9.99549E-05 9.99549E-05 9.99549E-05 0.0922231 0.205988 0.477787 0.0345116
9.9928E-05 9.9928E-05 0.843156 9.9928E-05 9.9928E-05 9.9928E-05 9.9928E-05 9.9928E-05 0.156044 9.9928E-05
9.99549E-05 9.99549E-05 0.230632 9.99549E-05 0.0381558 9.99549E-05 9.99549E-05 0.717275 0.00146294 0.0119741
9.9937E-05 9.9937E-05 0.0887041 0.829256 9.9937E-05 0.0813406 9.9937E-05 9.9937E-05 9.9937E-05 9.9937E-05
0.0144511 9.9973E-05 0.862093 0.00969572 9.9973E-05 0.0178042 9.9973E-05 0.0129831 0.0730667 0.00960601
9.9955E-05 9.9955E-05 0.287674 0.031709 0.00401451 9.9955E-05 9.9955E-05 0.0283766 0.647726 9.9955E-05
0.00561918 0.00463303 0.580437 9.9964E-05 0.00203155 9.9964E-05 9.9964E-05 9.9964E-05 0.395474 0.011405
9.9955E-05 9.9955E-05 0.919129 0.0187566 9.9955E-05 0.0304791 0.0142418 0.0168941 9.9955E-05 9.9955E-05
9.9946E-05 0.0655141 0.431472 9.9946E-05 9.9946E-05 0.449671 9.9946E-05 9.9946E-05 9.9946E-05 0.0527435
0.00179096 9.9973E-05 0.206722 9.9973E-05 0.00811117 0.102951 0.0845053 0.242911 0.352708 9.9973E-05
0.00882442 0.0276618 0.338385 0.033878 9.9982E-05 0.1781 9.9982E-05 0.178256 0.234063 0.000631287
0.689226 0.267674 9.9946E-05 0.0143137 9.9946E-05 9.9946E-05 9.9946E-05 9.9946E-05 9.9946E-05 0.0281858
9.9937E-05 9.9937E-05 0.901513 9.9937E-05 9.9937E-05 0.0836126 9.9937E-05 9.9937E-05 9.9937E-05 0.0141752
9.99201E-05 9.99201E-05 0.982581 9.99201E-05 9.99201E-05 0.0166193 9.99201E-05 9.99201E-05 9.99201E-05 9.99201E-05
0.0154627 9.9946E-05 0.819581 9.9946E-05 9.9946E-05 9.9946E-05 9.9946E-05 0.0630884 0.101268 9.9946E-05
9.99279E-05 9.99279E-05 0.0416906 9.99279E-05 9.99279E-05 9.99279E-05 9.99279E-05 9.99279E-05 9.99279E-05 0.95751
0.00560356 9.9955E-05 0.613 9.9955E-05 9.9955E-05 0.0235071 9.9955E-05 0.0998841 0.257505 9.9955E-05
9.9955E-05 9.9955E-05 0.125609 0.0748512 9.9955E-05 0.606748 0.175276 0.0170155 9.9955E-05 9.9955E-05
9.9964E-05 9.9964E-05 0.265493 0.193 9.9964E-05 0.0321727 0.017739 9.9964E-05 0.469279 0.0219171
9.9946E-05 0.00206147 0.989223 0.00335589 0.00476032 9.9946E-05 9.9946E-05 9.9946E-05 9.9946E-05 9.9946E-05
9.9964E-05 9.9964E-05 0.816708 9.9964E-05 9.9964E-05 0.0374981 0.0246616 0.0525601 0.0459812 0.0221912
9.9937E-05 9.9937E-05 0.970303 0.0229258 9.9937E-05 9.9937E-05 9.9937E-05 9.9937E-05 0.00607197 9.9937E-05
9.9964E-05 9.9964E-05 0.0802284 9.9964E-05 0.023362 0.54284 0.242507 0.0640258 0.0466374 9.9964E-05
0.313968 0.685233 9.99279E-05 9.99279E-05 9.99279E-05 9.99279E-05 9.99279E-05 9.99279E-05 9.99279E-05 9.99279E-05
9.9946E-05 9.9946E-05 9.9946E-05 0.165212 9.9946E-05 0.700266 0.107147 9.9946E-05 0.0267762 9.9946E-05
9.9964E-05 9.9964E-05 0.461853 0.113267 0.0133911 9.9964E-05 0.0399182 0.0701499 0.301022 9.9964E-05
0.873649 0.073362 9.9946E-05 9.9946E-05 0.0242477 0.0281412 9.9946E-05 9.9946E-05 9.9946E-05 9.9946E-05
9.9964E-05 0.0243661 0.488527 9.9964E-05 9.9964E-05 0.0148628 9.9964E-05 0.208606 0.242855 0.0203834
9.99459E-05 9.99459E-05 0.161002 9.99459E-05 9.99459E-05 9.99459E-05 0.333604 0.109566 0.395228 9.99459E-05
9.9964E-05 9.9964E-05 0.892339 9.9964E-05 0.0062867 0.0513639 0.00803155 0.0142325 9.9964E-05 0.0273463
9.9937E-05 9.9937E-05 0.978026 9.9937E-05 9.9937E-05 9.9937E-05 9.9937E-05 0.0118056 0.0094693 9.9937E-05
0.000893812 9.9955E-05 0.938004 9.9955E-05 0.0211156 0.0285997 0.0108871 9.9955E-05 9.9955E-05 9.9955E-05
9.9946E-05 9.9946E-05 0.447238 9.9946E-05 9.9946E-05 0.10793 9.9946E-05 0.374432 0.069801 9.9946E-05
9.99279E-05 9.99279E-05 0.0445996 9.99279E-05 9.99279E-05 9.99279E-05 9.99279E-05 9.99279E-05 9.99279E-05 0.954601
9.9946E-05 9.9946E-05 0.939662 9.9946E-05 0.00539182 9.9946E-05 9.9946E-05 0.00651523 0.0478311 9.9946E-05
9.9946E-05 9.9946E-05 0.0679611 9.9946E-05 9.9946E-05 0.0732661 0.848151 9.9946E-05 9.9946E-05 0.0100218
9.9955E-05 9.9955E-05 0.236999 0.0324871 9.9955E-05 0.0619649 9.9955E-05 0.0257051 0.642344 9.9955E-05
0.0145446 9.99369E-05 9.99369E-05 9.99369E-05 9.99369E-05 9.99369E-05 9.99369E-05 0.0260476 9.99369E-05 0.958708
9.9955E-05 9.9955E-05 0.0355234 9.9955E-05 0.00187115 0.276626 0.455642 0.229838 9.9955E-05 9.9955E-05
0.0409698 0.000391853 0.143438 9.9955E-05 9.9955E-05 0.751891 9.9955E-05 9.9955E-05 0.0628096 9.9955E-05
9.9973E-05 9.9973E-05 0.185923 0.296454 0.00379607 0.015374 9.9973E-05 0.406 0.072293 0.0198594
9.9946E-05 9.9946E-05 0.058173 0.0297128 9.9946E-05 9.9946E-05 9.9946E-05 9.9946E-05 0.00370006 0.907814
9.9937E-05 9.9937E-05 0.299915 9.9937E-05 9.9937E-05 9.9937E-05 0.0828574 9.9937E-05 0.616528 9.9937E-05
0.982434 9.99369E-05 0.0127414 9.99369E-05 0.00412486 9.99369E-05 9.99369E-05 9.99369E-05 9.99369E-05 9.99369E-05
0.00696874 9.99639E-05 0.433784 0.039132 0.00730818 9.99639E-05 9.99639E-05 0.0420084 0.470399 9.99639E-05
9.99386E-05 9.99386E-05 0.864387 9.99386E-05 0.00814775 9.99386E-05 9.99386E-05 9.99386E-05 0.126766 9.99386E-05
0.978771 9.99371E-05 9.99371E-05 0.00556264 9.99371E-05 9.99371E-05 0.0149669 9.99371E-05 9.99371E-05 9.99371E-05
9.9937E-05 0.00244518 0.778574 9.9937E-05 9.9937E-05 9.9937E-05 9.9937E-05 9.9937E-05 0.218281 9.9937E-05
9.9964E-05 0.0232424 9.9964E-05 0.0470532 0.898019 0.00779673 9.9964E-05 9.9964E-05 0.0128855 0.0106032
9.9955E-05 9.9955E-05 0.0836336 9.9955E-05 0.00782151 9.9955E-05 0.200054 0.316087 0.391905 9.9955E-05
9.9955E-05 0.0175785 0.85752 9.9955E-05 9.9955E-05 0.020764 9.9955E-05 9.9955E-05 0.0917793 0.0118586
9.9964E-05 0.028789 0.0798133 9.9964E-05 9.9964E-05 0.514413 0.267237 0.0522452 9.9964E-05 0.0571027
0.0164889 9.9955E-05 0.583845 9.9955E-05 9.9955E-05 0.0533884 0.027724 9.9955E-05 0.318054 9.9955E-05
0.797845 0.1374 9.9946E-05 9.9946E-05 0.0180699 0.0460857 9.9946E-05 9.9946E-05 9.9946E-05 9.9946E-05
0.00869154 9.9964E-05 0.13448 0.184331 9.9964E-05 0.0553152 9.9964E-05 0.15592 0.460863 9.9964E-05
