9.9973E-05 9.9973E-05 0.323991 9.9973E-05 0.625688 0.0299634 0.0200573
9.9955E-05 0.0523727 9.9955E-05 9.9955E-05 0.947127 9.9955E-05 9.9955E-05
0.00928551 0.00505309 0.0287496 9.9982E-05 0.956262 0.000449717 9.9982E-05
9.998E-05 0.0567297 0.315859 0.00871935 0.612436 9.998E-05 0.00605569
0.0377496 0.303379 0.494082 9.9982E-05 0.0965046 0.0680843 9.9982E-05
9.997E-05 0.728238 0.0787936 9.997E-05 0.1816 9.997E-05 0.0110686
9.9973E-05 0.322917 0.0269442 9.9973E-05 0.154151 0.495688 9.9973E-05
9.9964E-05 0.321147 0.539671 9.9964E-05 9.9964E-05 0.138782 9.9964E-05
0.0138005 0.00242425 0.0365812 0.0128148 0.919698 0.00303091 0.0116506
9.9955E-05 9.9955E-05 0.247659 9.9955E-05 0.751841 9.9955E-05 9.9955E-05
0.0079834 9.9982E-05 0.358275 9.9982E-05 0.204597 0.407447 0.0214972
0.00925999 0.0774079 0.498846 9.9982E-05 0.0333885 0.380897 9.9982E-05
9.997E-05 0.0393155 0.533905 9.997E-05 0.209167 0.217313 9.997E-05
9.9973E-05 0.822932 0.00764006 9.9973E-05 0.159769 0.00935913 9.9973E-05
9.9955E-05 9.9955E-05 0.489173 9.9955E-05 0.510328 9.9955E-05 9.9955E-05
9.999E-05 0.296661 0.178501 0.000461192 0.462968 0.0546152 0.00669319
9.9973E-05 0.0457507 0.0305064 9.9973E-05 0.198862 0.724581 9.9973E-05
0.0252398 0.322408 9.9982E-05 0.0311282 0.199262 9.9982E-05 0.421762
9.9964E-05 0.0369227 9.9964E-05 0.00649308 0.956184 9.9964E-05 9.9964E-05
0.0224665 0.297928 0.237967 0.0259631 0.0660881 0.338878 0.0107098
0.00327253 9.9973E-05 0.0950299 0.00218722 0.89921 9.9973E-05 9.9973E-05
0.00849685 9.9973E-05 0.309583 9.9973E-05 0.204939 0.476681 9.9973E-05
0.00718414 0.12143 0.620465 9.9982E-05 0.201059 0.0496621 9.9982E-05
0.909633 0.00923404 0.0683777 9.997E-05 9.997E-05 9.997E-05 0.0124549
0.011075 9.9973E-05 0.446033 9.9973E-05 0.307141 0.235451 9.9973E-05
9.998E-05 0.202195 0.319961 0.0010517 0.136725 0.339868 9.998E-05
9.9964E-05 9.9964E-05 0.11858 9.9964E-05 0.877154 9.9964E-05 0.00386586
9.9955E-05 9.9955E-05 0.23629 9.9955E-05 0.76321 9.9955E-05 9.9955E-05
9.9955E-05 9.9955E-05 0.0280199 9.9955E-05 0.97148 9.9955E-05 9.9955E-05
9.9964E-05 0.714529 0.177872 9.9964E-05 0.107199 9.9964E-05 9.9964E-05
9.995E-05 0.0697225 9.995E-05 9.995E-05 0.929778 9.995E-05 9.995E-05
9.9955E-05 0.0148774 9.9955E-05 9.9955E-05 0.984623 9.9955E-05 9.9955E-05
9.9982E-05 0.665394 0.0210119 0.00313961 0.159603 0.150652 9.9982E-05
0.00634912 0.0159818 9.9964E-05 9.9964E-05 0.977269 9.9964E-05 9.9964E-05
9.998E-05 0.343783 0.264983 0.00599826 0.146436 0.2386 9.998E-05
9.9955E-05 9.9955E-05 0.436632 9.9955E-05 0.562868 9.9955E-05 9.9955E-05
0.0194829 0.205843 0.277784 0.032992 9.9982E-05 0.463697 9.9982E-05
9.9973E-05 0.485072 0.0703618 9.9973E-05 9.9973E-05 0.437239 0.00702691
0.0425379 0.100188 0.658348 9.9982E-05 0.0921363 0.10659 9.9982E-05
0.00512134 0.711612 0.158003 0.00846495 0.0583253 0.0583735 9.999E-05
0.0194535 9.997E-05 9.997E-05 0.00448268 0.966919 0.00884463 9.997E-05
9.9964E-05 9.9964E-05 0.197071 9.9964E-05 0.789752 0.0127772 9.9964E-05
9.9973E-05 9.9973E-05 0.253352 0.00344594 0.734602 9.9973E-05 0.00830028
9.997E-05 0.0626146 0.221901 9.997E-05 0.68559 9.997E-05 0.0295952
9.995E-05 9.995E-05 9.995E-05 9.995E-05 9.995E-05 9.995E-05 0.9994
9.9964E-05 0.0110013 9.9964E-05 9.9964E-05 0.883849 0.10475 9.9964E-05
9.9955E-05 9.9955E-05 0.127421 9.9955E-05 0.872079 9.9955E-05 9.9955E-05
9.995E-05 9.995E-05 9.995E-05 9.995E-05 9.995E-05 9.995E-05 0.9994
9.99549E-05 9.99549E-05 0.386951 9.99549E-05 0.61255 9.99549E-05 9.99549E-05
9.9973E-05 9.9973E-05 0.45441 0.00713226 0.380634 0.157524 9.9973E-05
9.9955E-05 9.9955E-05 0.311893 9.9955E-05 0.687607 9.9955E-05 9.9955E-05
0.00669588 9.9964E-05 0.471889 9.9964E-05 0.521015 9.9964E-05 9.9964E-05
0.0257313 0.410786 9.998E-05 0.0152394 0.51335 9.998E-05 0.0346933
0.0454854 0.192297 0.523015 9.9982E-05 0.227798 0.0112047 9.9982E-05
0.0496879 0.137465 9.9973E-05 0.0187381 0.793809 9.9973E-05 9.9973E-05
9.9964E-05 9.9964E-05 0.0832665 9.9964E-05 0.914261 9.9964E-05 0.00207268
9.9982E-05 0.0349802 9.9982E-05 0.00144694 0.948971 0.0111487 0.00325329
0.00937242 0.00877413 0.258277 9.9982E-05 0.720684 9.9982E-05 0.00269255
9.9955E-05 9.9955E-05 0.280165 9.9955E-05 0.719335 9.9955E-05 9.9955E-05
9.9955E-05 9.9955E-05 0.0404866 9.9955E-05 0.959014 9.9955E-05 9.9955E-05
0.856593 0.058532 9.997E-05 0.017952 9.997E-05 0.0666234 9.997E-05
0.0102709 9.997E-05 9.997E-05 0.0107713 0.960928 0.0177301 9.997E-05
0.0447603 0.173881 0.560536 0.0185182 0.19217 0.0100341 9.9991E-05
9.9973E-05 9.9973E-05 0.00807294 9.9973E-05 0.952438 0.0247417 0.0144471
9.9955E-05 0.00363747 9.9955E-05 9.9955E-05 0.995863 9.9955E-05 9.9955E-05
9.9964E-05 9.9964E-05 0.366188 9.9964E-05 0.632562 9.9964E-05 0.00085014
9.9964E-05 9.9964E-05 0.332055 9.9964E-05 0.643821 0.0237239 9.9964E-05
0.0293131 9.9973E-05 0.0205856 9.9973E-05 0.187208 0.762593 9.9973E-05
9.995E-05 9.995E-05 9.995E-05 9.995E-05 9.995E-05 9.995E-05 0.9994
0.000195667 0.273699 0.635739 9.9973E-05 0.0900667 9.9973E-05 9.9973E-05
0.0183991 0.112489 9.998E-05 0.0192363 0.840057 9.998E-05 0.00961926
0.0164263 9.9973E-05 0.191868 0.00425634 0.78715 9.9973E-05 9.9973E-05
0.0394953 0.0131981 9.996E-05 9.996E-05 0.946907 9.996E-05 9.996E-05
9.9955E-05 9.9955E-05 9.9955E-05 0.00222449 0.997276 9.9955E-05 9.9955E-05
9.998E-05 0.0422306 9.998E-05 0.00120544 0.929305 0.00481841 0.022241
9.9973E-05 9.9973E-05 0.00178514 0.00356948 0.977533 0.0168127 9.9973E-05
9.9973E-05 0.177382 0.213858 9.9973E-05 0.151125 0.457335 9.9973E-05
9.9964E-05 9.9964E-05 0.0179635 9.9964E-05 0.946364 0.0352722 9.9964E-05
0.692944 0.235259 9.997E-05 9.997E-05 9.997E-05 0.0599491 0.0115483
0.0258012 9.9964E-05 0.448075 9.9964E-05 0.525724 9.9964E-05 9.9964E-05
0.000855961 9.998E-05 0.0670188 0.00258221 0.923936 9.998E-05 0.00540698
0.0506189 0.386132 9.9982E-05 0.0660496 0.0936411 9.9982E-05 0.403358
0.00196788 0.502308 9.9982E-05 0.0125647 0.436908 9.9982E-05 0.0460515
9.9973E-05 0.300871 0.403165 0.000485069 0.29518 9.9973E-05 9.9973E-05
9.998E-05 0.0189777 0.179064 0.0022716 0.792267 9.998E-05 0.00722006
0.00724436 0.0428207 9.9973E-05 9.9973E-05 0.943628 0.00600705 9.9973E-05
9.995E-05 9.995E-05 9.995E-05 0.9994 9.995E-05 9.995E-05 9.995E-05
9.996E-05 9.996E-05 0.492972 9.996E-05 0.49886 9.996E-05 0.00776753
9.99549E-05 9.99549E-05 0.465083 9.99549E-05 0.534417 9.99549E-05 9.99549E-05
9.9973E-05 0.0324202 0.44959 9.9973E-05 0.188216 0.329474 9.9973E-05
0.0252154 9.9982E-05 0.611459 0.00945436 0.0967824 0.256889 9.9982E-05
9.9964E-05 9.9964E-05 0.265855 9.9964E-05 0.0995564 0.634189 9.9964E-05
0.00384413 0.00276779 9.9964E-05 9.9964E-05 0.992988 9.9964E-05 9.9964E-05
9.9955E-05 9.9955E-05 0.498926 9.9955E-05 0.500574 9.9955E-05 9.9955E-05
9.9964E-05 9.9964E-05 0.103695 9.9964E-05 0.892455 9.9964E-05 0.00344988
0.000485086 0.0263539 0.632656 9.9973E-05 0.340205 9.9973E-05 9.9973E-05
9.9982E-05 0.759224 0.081792 9.9982E-05 0.100605 0.0564713 0.00170795
0.00125806 0.026088 9.9964E-05 9.9964E-05 0.972254 9.9964E-05 9.9964E-05
0.0788324 0.132113 0.484996 9.998E-05 0.169503 0.134355 9.998E-05
9.9982E-05 0.139637 0.596875 9.9982E-05 0.220768 0.0282921 0.0142275
0.862339 0.0815766 9.9973E-05 9.9973E-05 9.9973E-05 0.0386775 0.0171074
9.9964E-05 9.9964E-05 0.0242929 9.9964E-05 0.96075 0.014557 9.9964E-05
9.995E-05 9.995E-05 9.995E-05 9.995E-05 0.9994 9.995E-05 9.995E-05
9.9982E-05 0.0595417 0.487702 9.9982E-05 0.00242776 0.420456 0.029673
9.995E-05 9.995E-05 9.995E-05 9.995E-05 9.995E-05 9.995E-05 0.9994
9.9973E-05 9.9973E-05 0.0861699 9.9973E-05 0.0630901 0.843032 0.00740796
0.0358598 9.9964E-05 0.223138 9.9964E-05 0.740602 9.9964E-05 9.9964E-05
0.0220156 0.0504164 9.9964E-05 9.9964E-05 0.927168 9.9964E-05 9.9964E-05
9.9964E-05 9.9964E-05 0.441857 9.9964E-05 0.108641 0.449102 9.9964E-05
9.995E-05 9.995E-05 9.995E-05 9.995E-05 9.995E-05 9.995E-05 0.9994
0.657357 0.313779 9.9964E-05 9.9964E-05 9.9964E-05 9.9964E-05 0.0284642
9.9973E-05 9.9973E-05 0.166355 9.9973E-05 0.675336 0.155614 0.00239496
9.9955E-05 9.9955E-05 0.264745 9.9955E-05 0.734755 9.9955E-05 9.9955E-05
9.9964E-05 9.9964E-05 0.47837 9.9964E-05 0.192663 0.328567 9.9964E-05
0.0248123 0.014545 9.9964E-05 9.9964E-05 0.960243 9.9964E-05 9.9964E-05
9.998E-05 0.368559 0.0336405 9.998E-05 0.0530538 0.492826 0.0517209
0.132113 0.169233 9.9991E-05 0.0963412 0.0569177 0.0226858 0.52261
0.0357632 9.9982E-05 0.0984057 0.000730372 0.863247 0.0016541 9.9982E-05
9.9964E-05 9.9964E-05 0.420823 9.9964E-05 0.505995 0.0727828 9.9964E-05
0.9994 9.995E-05 9.995E-05 9.995E-05 9.995E-05 9.995E-05 9.995E-05
9.997E-05 9.997E-05 0.0918878 9.997E-05 0.858517 0.0469898 0.00230565
0.00120694 9.9964E-05 0.604858 9.9964E-05 0.393535 9.9964E-05 9.9964E-05
9.9955E-05 9.9955E-05 0.200643 9.9955E-05 0.798857 9.9955E-05 9.9955E-05
9.9964E-05 9.9964E-05 9.9964E-05 0.0120618 0.270325 0.717214 9.9964E-05
9.9982E-05 0.113122 0.406922 9.9982E-05 0.175111 0.292697 0.0119483
9.9973E-05 0.371802 0.48783 9.9973E-05 0.0337749 0.106294 9.9973E-05
9.997E-05 0.480722 9.997E-05 0.0160467 0.0897518 0.413179 9.997E-05
0.00839006 9.9964E-05 0.42703 9.9964E-05 0.56418 9.9964E-05 9.9964E-05
0.00520912 9.997E-05 0.123377 9.997E-05 0.867083 9.997E-05 0.00403125
0.00626603 9.997E-05 0.334115 9.997E-05 0.640496 9.997E-05 0.0188231
0.001325 0.0370266 9.9991E-05 0.061194 0.00691252 0.0286259 0.864816
0.0282702 0.0482668 9.9973E-05 9.9973E-05 0.910454 0.0127095 9.9973E-05
0.00877456 0.00398469 0.0120251 0.0124994 9.998E-05 9.998E-05 0.962516
9.9955E-05 9.9955E-05 0.3554 9.9955E-05 0.6441 9.9955E-05 9.9955E-05
0.948023 9.995E-05 9.995E-05 9.995E-05 0.0514769 9.995E-05 9.995E-05
9.99639E-05 9.99639E-05 0.419353 9.99639E-05 0.0287345 0.551512 9.99639E-05
9.9973E-05 0.122136 9.9973E-05 0.0153248 0.117727 0.744513 9.9973E-05
0.0281494 0.00653749 0.192344 0.0371465 0.122867 0.612856 9.9991E-05
0.0101556 9.9964E-05 0.489397 9.9964E-05 0.500048 9.9964E-05 9.9964E-05
0.00347755 0.24971 0.323747 9.9991E-05 0.167841 0.234491 0.0206346
0.00183466 0.0221011 0.0375672 9.9973E-05 0.938197 9.9973E-05 9.9973E-05
0.0144772 9.9982E-05 0.504432 0.00384608 0.384136 0.0929088 9.9982E-05
0.00651295 0.637701 9.9982E-05 0.0216316 0.325353 9.9982E-05 0.00860209
9.9973E-05 0.125094 0.185124 9.9973E-05 0.675197 9.9973E-05 0.014286
0.0101761 0.018335 0.160604 0.00771465 0.80297 9.998E-05 9.998E-05
0.970452 9.99639E-05 9.99639E-05 9.99639E-05 0.0234733 9.99639E-05 0.0056747
0.0363719 0.718119 0.15219 9.998E-05 0.0765648 0.016555 9.998E-05
0.995377 9.99551E-05 9.99551E-05 9.99551E-05 9.99551E-05 0.00412366 9.99551E-05
9.9955E-05 9.9955E-05 0.352498 9.9955E-05 0.647003 9.9955E-05 9.9955E-05
0.0527643 0.626908 0.090583 0.00988556 0.219659 9.998E-05 9.998E-05
0.0260777 0.725032 0.0326608 9.9973E-05 0.21593 9.9973E-05 9.9973E-05
9.9973E-05 9.9973E-05 0.263894 0.00268233 0.711285 9.9973E-05 0.0218386
9.9955E-05 9.9955E-05 9.9955E-05 9.9955E-05 0.991065 0.00843494 9.9955E-05
0.00856189 9.9955E-05 9.9955E-05 9.9955E-05 9.9955E-05 9.9955E-05 0.990938
0.0456969 0.67878 9.9964E-05 9.9964E-05 9.9964E-05 0.275123 9.9964E-05
9.9955E-05 9.9955E-05 0.316582 9.9955E-05 0.682918 9.9955E-05 9.9955E-05
0.417774 0.338415 9.9982E-05 0.0241586 0.182564 9.9982E-05 0.0368884
9.996E-05 0.0209942 9.996E-05 9.996E-05 0.969609 9.996E-05 0.00899716
9.995E-05 9.995E-05 9.995E-05 0.9994 9.995E-05 9.995E-05 9.995E-05
9.9982E-05 0.0353346 0.106293 0.00364075 0.841787 9.9982E-05 0.0127451
9.997E-05 0.229592 9.997E-05 0.611225 0.131442 9.997E-05 0.0274424
0.0176756 9.9991E-05 0.45765 0.00566515 0.0724472 0.425779 0.0206832
9.997E-05 0.0248745 9.997E-05 0.00195127 0.968147 0.00472763 9.997E-05
9.9955E-05 9.9955E-05 9.9955E-05 0.00689906 0.992601 9.9955E-05 9.9955E-05
0.00767981 0.515412 9.998E-05 9.998E-05 0.0553945 0.413831 0.00748295
9.9964E-05 0.0909385 9.9964E-05 0.00382709 0.904835 9.9964E-05 9.9964E-05
0.969505 9.9955E-05 9.9955E-05 9.9955E-05 9.9955E-05 0.0299953 9.9955E-05
0.00197634 9.99671E-05 9.99671E-05 9.99671E-05 0.989287 9.99671E-05 0.00833727
9.995E-05 9.995E-05 9.995E-05 0.9994 9.995E-05 9.995E-05 9.995E-05
9.995E-05 9.995E-05 9.995E-05 9.995E-05 0.9994 9.995E-05 9.995E-05
0.0254047 0.187698 0.656976 9.9982E-05 0.0472145 0.0825062 9.9982E-05
9.999E-05 0.0566565 0.417455 0.0110443 0.296184 0.192048 0.0265122
9.9964E-05 0.64774 0.270198 9.9964E-05 9.9964E-05 0.0816618 9.9964E-05
9.9982E-05 0.49308 0.287498 0.00656886 0.197255 9.9982E-05 0.015398
9.9982E-05 0.643152 0.138428 9.9982E-05 0.126715 0.0343468 0.0571578
9.9955E-05 9.9955E-05 9.9955E-05 9.9955E-05 0.996113 0.00338707 9.9955E-05
0.0422839 9.9973E-05 0.456405 9.9973E-05 0.296296 0.204715 9.9973E-05
9.9955E-05 9.9955E-05 0.108586 9.9955E-05 0.890915 9.9955E-05 9.9955E-05
0.049922 0.305437 0.486132 9.998E-05 0.137183 9.998E-05 0.0211262
9.9982E-05 0.191009 0.0191654 0.0121586 0.0969685 0.680498 9.9982E-05
0.0130783 0.018628 0.0855359 0.0175427 0.865015 9.998E-05 9.998E-05
9.9964E-05 9.9964E-05 0.59614 9.9964E-05 0.399451 9.9964E-05 0.0040089
0.00537306 9.9973E-05 0.298854 9.9973E-05 0.693907 9.9973E-05 0.00156579
9.9964E-05 0.0416196 9.9964E-05 9.9964E-05 0.916127 0.0418532 9.9964E-05
0.0404861 0.520344 9.9982E-05 0.0155865 0.403553 9.9982E-05 0.0198311
9.998E-05 0.162915 0.448043 9.998E-05 0.288028 0.0946424 0.00617215
0.00604633 0.296924 0.345696 0.0133922 0.337741 9.9982E-05 9.9982E-05
0.0294682 0.0679982 9.9964E-05 0.902134 9.9964E-05 9.9964E-05 9.9964E-05
0.0128271 0.0794954 9.996E-05 9.996E-05 0.907278 9.996E-05 9.996E-05
9.995E-05 0.0251396 9.995E-05 9.995E-05 0.974361 9.995E-05 9.995E-05
9.9973E-05 9.9973E-05 0.132652 0.00831147 0.856249 9.9973E-05 0.00248764
0.975743 9.99549E-05 9.99549E-05 9.99549E-05 0.0237569 9.99549E-05 9.99549E-05
0.00398591 0.0375313 0.288117 0.0038151 0.666351 9.998E-05 9.998E-05
9.9973E-05 0.661471 0.0629212 9.9973E-05 0.100917 0.174391 9.9973E-05
0.0246386 0.0216573 0.431606 9.9991E-05 0.335273 0.183484 0.00324166
0.0044236 0.00732304 9.9982E-05 0.00304719 0.980736 9.9982E-05 0.0042704
0.0114611 0.0479991 0.00907526 9.9982E-05 0.865076 0.0661882 9.9982E-05
9.9955E-05 9.9955E-05 9.9955E-05 9.9955E-05 0.996987 0.00251358 9.9955E-05
9.998E-05 0.587866 0.0449983 9.998E-05 0.091896 0.249718 0.0253219
0.0217058 0.122238 9.9982E-05 0.790189 0.0333343 9.9982E-05 0.032333
9.9955E-05 0.766901 9.9955E-05 9.9955E-05 9.9955E-05 0.232599 9.9955E-05
0.00573102 9.998E-05 0.34415 9.998E-05 0.491892 0.131622 0.0264043
9.996E-05 0.0305602 9.996E-05 0.947409 9.996E-05 9.996E-05 0.0216306
0.0308859 0.0889643 0.323458 0.00478878 0.551703 9.998E-05 9.998E-05
9.996E-05 9.996E-05 0.361621 9.996E-05 0.275653 0.362327 9.996E-05
0.0264135 0.0694372 9.9991E-05 0.00524879 0.881941 0.0164356 0.000424331
9.9964E-05 0.000133087 9.9964E-05 9.9964E-05 0.994612 9.9964E-05 0.00485488
9.998E-05 0.027878 9.998E-05 0.0066732 0.939779 0.011623 0.0138465
9.996E-05 0.298228 0.297761 9.996E-05 0.403612 9.996E-05 9.996E-05
0.9621 9.99549E-05 9.99549E-05 9.99549E-05 0.0374006 9.99549E-05 9.99549E-05
9.9964E-05 9.9964E-05 0.0370282 9.9964E-05 0.958794 9.9964E-05 0.00377748
9.9973E-05 0.127553 0.0145635 9.9973E-05 0.116988 0.740595 9.9973E-05
9.996E-05 0.0280022 0.593024 9.996E-05 0.378574 9.996E-05 9.996E-05
0.959747 9.996E-05 9.996E-05 0.0117935 0.02806 9.996E-05 9.996E-05
0.000556746 0.325639 9.9973E-05 9.9973E-05 0.0564919 0.617012 9.9973E-05
9.9982E-05 0.756586 0.0163144 0.0387731 0.185676 9.9982E-05 0.00245033
0.0396212 0.235012 0.375657 9.9982E-05 0.108667 0.240843 9.9982E-05
0.913768 9.9964E-05 9.9964E-05 9.9964E-05 0.0826556 9.9964E-05 0.00317647
9.9964E-05 9.9964E-05 0.506547 9.9964E-05 0.452768 0.0402847 9.9964E-05
9.995E-05 9.995E-05 9.995E-05 0.9994 9.995E-05 9.995E-05 9.995E-05
9.997E-05 9.997E-05 0.458485 0.00810487 0.525345 9.997E-05 0.00776469
9.9964E-05 9.9964E-05 0.0969796 9.9964E-05 0.891368 9.9964E-05 0.0112527
9.9955E-05 9.9955E-05 9.9955E-05 0.991426 9.9955E-05 0.00807418 9.9955E-05
9.9955E-05 9.9955E-05 0.152224 9.9955E-05 0.847276 9.9955E-05 9.9955E-05
0.0356789 0.0101255 0.00606589 0.0064678 9.9991E-05 0.0485872 0.892975
9.9982E-05 0.153776 0.671577 9.9982E-05 0.0948121 0.0785101 0.00112453
0.0283785 0.00834056 0.0746884 9.997E-05 0.888293 9.997E-05 9.997E-05
0.059427 0.545175 9.9982E-05 0.00955762 0.121482 0.264158 9.9982E-05
9.9982E-05 0.0248067 0.25985 0.0183107 0.681385 0.0154485 9.9982E-05
9.9964E-05 0.0696519 9.9964E-05 0.913487 9.9964E-05 9.9964E-05 0.0164614
9.9982E-05 0.156886 0.64132 0.0133427 0.16745 0.0208016 9.9982E-05
