0.00795414 9.9973E-05 9.9973E-05 0.219487 9.9973E-05 0.772259
9.9964E-05 9.9964E-05 0.0551964 9.9964E-05 9.9964E-05 0.944404
9.99739E-05 9.99739E-05 9.99739E-05 0.00212654 0.0194691 0.978104
0.00799769 0.00939897 0.0365012 0.231124 9.9991E-05 0.714878
9.9982E-05 9.9982E-05 0.27088 0.428231 0.0443801 0.256309
0.00575552 9.9991E-05 0.730228 0.0731297 0.00228043 0.188506
9.9973E-05 9.9973E-05 0.429427 0.417177 9.9973E-05 0.153096
0.00705594 0.00412548 0.32509 0.536583 0.0050395 0.122106
0.0111816 0.0110023 0.00893982 0.00630601 0.00913044 0.95344
9.9964E-05 9.9964E-05 9.9964E-05 0.140975 9.9964E-05 0.858626
0.0205146 9.9991E-05 0.036697 0.584793 0.000617908 0.357278
0.00373012 9.9991E-05 0.096949 0.680015 0.0142637 0.204942
9.9973E-05 9.9973E-05 0.0381378 0.591273 9.9973E-05 0.370289
9.9973E-05 9.9973E-05 0.860175 0.0156023 9.9973E-05 0.123923
0.00166755 9.9973E-05 9.9973E-05 0.332032 9.9973E-05 0.666001
9.9982E-05 0.0094499 0.300762 0.169254 9.9982E-05 0.520334
9.9973E-05 9.9973E-05 0.188624 0.602819 9.9973E-05 0.208257
0.422365 0.0374029 0.336056 9.9991E-05 0.0232425 0.180834
9.9973E-05 0.00481197 0.0589197 9.9973E-05 9.9973E-05 0.935968
0.00209408 0.0218292 0.394252 0.449308 0.0162524 0.116264
9.9982E-05 0.00560222 9.9982E-05 0.0231549 0.0108368 0.960206
9.9982E-05 0.000728927 9.9982E-05 0.646986 0.0200026 0.332082
9.9982E-05 9.9982E-05 0.0506753 0.51708 0.0254527 0.406592
0.0185997 9.9973E-05 9.9973E-05 0.0842673 0.896833 9.9973E-05
9.9982E-05 0.00453277 9.9982E-05 0.537918 0.0176881 0.439661
9.9973E-05 9.9973E-05 0.256854 0.511957 9.9973E-05 0.230889
0.00450097 0.000591064 9.9991E-05 0.0325039 0.00128141 0.961023
9.9964E-05 9.9964E-05 9.9964E-05 0.120889 9.9964E-05 0.878711
9.996E-05 9.996E-05 9.996E-05 9.996E-05 9.996E-05 0.9995
9.999E-05 0.00969225 0.685111 0.155884 0.00497817 0.144235
9.9964E-05 9.9964E-05 0.0779943 9.9964E-05 9.9964E-05 0.921606
9.9964E-05 9.9964E-05 0.0302415 9.9964E-05 9.9964E-05 0.969359
9.9973E-05 9.9973E-05 0.71615 0.135919 9.9973E-05 0.14763
9.9964E-05 9.9964E-05 0.0254963 9.9964E-05 9.9964E-05 0.974104
9.9982E-05 0.00632022 0.36553 0.402324 9.9982E-05 0.225626
9.9964E-05 9.9964E-05 9.9964E-05 0.273016 9.9964E-05 0.726584
9.9991E-05 0.0213945 0.303272 0.602647 0.0176461 0.0549405
0.00560748 9.9982E-05 0.573047 0.405958 0.0151875 9.9982E-05
9.9982E-05 9.9982E-05 0.0196422 0.585118 0.0692111 0.325829
9.9991E-05 0.00739062 0.70214 0.175394 0.00850247 0.106473
9.9982E-05 0.00906178 0.02093 9.9982E-05 0.0108218 0.958986
9.9964E-05 9.9964E-05 9.9964E-05 0.137363 9.9964E-05 0.862237
0.00487903 0.00646697 9.9982E-05 0.146062 9.9982E-05 0.842392
0.0277268 9.9982E-05 0.0405016 0.123871 9.9982E-05 0.8077
0.9995 9.996E-05 9.996E-05 9.996E-05 9.996E-05 9.996E-05
9.9973E-05 9.9973E-05 0.0569012 0.0535952 9.9973E-05 0.889204
9.9964E-05 9.9964E-05 9.9964E-05 0.0628253 9.9964E-05 0.936775
0.9995 9.996E-05 9.996E-05 9.996E-05 9.996E-05 9.996E-05
9.9964E-05 9.9964E-05 9.9964E-05 0.260789 9.9964E-05 0.738811
9.9982E-05 0.0071625 0.00358849 0.448792 9.9982E-05 0.540257
9.9964E-05 9.9964E-05 9.9964E-05 0.175204 9.9964E-05 0.824396
9.9973E-05 9.9973E-05 9.9973E-05 0.332076 0.00946506 0.658159
0.0360829 0.0137097 0.426406 9.9991E-05 0.0190046 0.504697
9.9982E-05 9.9982E-05 0.131502 0.404472 0.0614974 0.402329
9.9982E-05 0.0283476 0.170963 9.9982E-05 0.0403257 0.760164
0.00753482 9.9973E-05 9.9973E-05 0.0316288 9.9973E-05 0.960536
0.00939396 0.00561132 0.0188807 9.9982E-05 9.9982E-05 0.965914
0.00817823 9.9982E-05 9.9982E-05 0.171879 0.0074775 0.812265
9.9964E-05 9.9964E-05 9.9964E-05 0.173291 9.9964E-05 0.826309
9.9964E-05 9.9964E-05 9.9964E-05 0.0163926 9.9964E-05 0.983208
9.9982E-05 0.0209612 0.143559 0.00787184 0.827408 9.9982E-05
9.9982E-05 0.018118 0.00557584 9.9982E-05 0.0137806 0.962326
0.000364953 0.0307733 0.124806 0.410938 0.033411 0.399706
0.0180943 9.9991E-05 0.00156992 0.00885989 0.0047899 0.966586
9.9973E-05 0.00184202 0.0265938 9.9973E-05 9.9973E-05 0.971264
0.00222181 9.9973E-05 9.9973E-05 0.248118 9.9973E-05 0.74936
9.9964E-05 9.9964E-05 9.9964E-05 0.253964 9.9964E-05 0.745636
9.9982E-05 9.9982E-05 0.149649 0.63049 0.0191785 0.200483
0.9995 9.996E-05 9.996E-05 9.996E-05 9.996E-05 9.996E-05
9.9991E-05 0.0063094 0.184514 0.459624 0.0200745 0.329378
0.00538992 0.0258897 0.118907 9.9991E-05 0.0211322 0.828581
0.00938487 9.9982E-05 9.9982E-05 0.107461 0.0173599 0.865595
9.9973E-05 9.9973E-05 0.0406931 9.9973E-05 0.0346394 0.924368
0.000253394 0.000381395 0.00315466 9.9982E-05 9.9982E-05 0.996011
0.0239923 0.0024779 0.0878614 9.9982E-05 9.9982E-05 0.885468
9.996E-05 9.996E-05 9.996E-05 9.996E-05 9.996E-05 0.9995
9.9982E-05 9.9982E-05 0.248374 0.515509 0.0210009 0.214916
0.000769968 9.9973E-05 9.9973E-05 0.0402347 9.9973E-05 0.958695
0.0128165 9.9982E-05 0.26303 0.0273981 0.696556 9.9982E-05
9.9973E-05 9.9973E-05 9.9973E-05 0.305591 0.0204606 0.673649
0.00804582 9.9973E-05 9.9973E-05 0.0214427 9.9973E-05 0.970212
0.395018 0.0758403 0.394771 9.9991E-05 0.0612733 0.0729979
0.053412 0.0119526 0.517208 9.9982E-05 9.9982E-05 0.417228
0.00829522 9.9982E-05 0.248603 0.308019 9.9982E-05 0.434883
0.00407796 0.0101892 0.0193074 0.0916613 9.9991E-05 0.874664
9.9973E-05 9.9973E-05 0.0564226 9.9973E-05 0.0127679 0.93051
9.996E-05 0.9995 9.996E-05 9.996E-05 9.996E-05 9.996E-05
9.99639E-05 9.99639E-05 9.99639E-05 0.336973 9.99639E-05 0.662627
9.99639E-05 9.99639E-05 9.99639E-05 0.307881 9.99639E-05 0.691719
9.9973E-05 9.9973E-05 0.031279 0.621758 9.9973E-05 0.346663
9.9991E-05 0.0167735 0.0125018 0.661323 0.0229333 0.286369
0.00705689 9.9982E-05 0.0229037 0.739374 9.9982E-05 0.230466
9.9973E-05 9.9973E-05 0.0368713 9.9973E-05 0.000781233 0.962048
9.9964E-05 9.9964E-05 9.9964E-05 0.297715 9.9964E-05 0.701885
9.9964E-05 9.9964E-05 9.9964E-05 0.057428 9.9964E-05 0.942172
9.9973E-05 9.9973E-05 9.9973E-05 0.437803 0.00308476 0.558812
0.00751206 9.9982E-05 0.778611 0.091648 9.9982E-05 0.122029
9.9964E-05 9.9964E-05 0.0480382 9.9964E-05 9.9964E-05 0.951562
9.9982E-05 9.9982E-05 0.117408 0.499328 0.0695753 0.313489
0.0130376 0.00120543 0.0667737 0.486765 9.9991E-05 0.432119
0.00970184 9.9982E-05 0.103644 0.0266138 0.859841 9.9982E-05
9.9964E-05 9.9964E-05 9.9964E-05 0.0170306 9.9964E-05 0.98257
9.996E-05 9.996E-05 9.996E-05 9.996E-05 9.996E-05 0.9995
0.0292489 9.9982E-05 0.0961821 0.717181 9.9982E-05 0.157188
0.9995 9.996E-05 9.996E-05 9.996E-05 9.996E-05 9.996E-05
0.0153131 0.00873074 0.0600044 0.765767 9.9991E-05 0.150084
9.9973E-05 9.9973E-05 9.9973E-05 0.130267 0.0285224 0.84091
9.9982E-05 0.00599767 0.0498171 9.9982E-05 0.0208212 0.923164
9.9964E-05 9.9964E-05 9.9964E-05 0.735536 9.9964E-05 0.264065
0.9995 9.996E-05 9.996E-05 9.996E-05 9.996E-05 9.996E-05
0.0254385 0.0133099 0.326527 9.9982E-05 0.634525 9.9982E-05
0.00388834 9.9991E-05 0.00396792 0.237063 0.00519212 0.749788
9.9964E-05 9.9964E-05 9.9964E-05 0.149061 9.9964E-05 0.85054
9.9973E-05 9.9973E-05 9.9973E-05 0.623928 0.0105207 0.365252
9.9973E-05 9.9973E-05 0.0190981 9.9973E-05 0.0236095 0.956992
0.0365793 9.9982E-05 0.541784 0.385605 9.9982E-05 0.0358314
0.510859 0.104707 0.182456 0.0106758 0.143447 0.0478553
9.99771E-05 9.99771E-05 9.99771E-05 0.0476602 0.042088 0.909952
9.99639E-05 9.99639E-05 9.99639E-05 0.351625 9.99639E-05 0.647975
9.996E-05 9.996E-05 9.996E-05 9.996E-05 0.9995 9.996E-05
0.00979669 9.9973E-05 9.9973E-05 0.0866706 9.9973E-05 0.903233
9.9964E-05 9.9964E-05 9.9964E-05 0.426085 9.9964E-05 0.573515
9.9964E-05 9.9964E-05 9.9964E-05 0.0998395 9.9964E-05 0.899761
9.9982E-05 0.0133662 0.142475 0.555436 9.9982E-05 0.288523
0.0120877 0.000751461 0.136211 0.530664 9.9991E-05 0.320186
9.9973E-05 9.9973E-05 0.319159 0.46134 9.9973E-05 0.219201
9.9982E-05 0.00965225 0.631107 0.303888 9.9982E-05 0.055153
9.9973E-05 9.9973E-05 9.9973E-05 0.2647 0.0148419 0.720158
0.00680576 9.9982E-05 9.9982E-05 0.0462446 0.0111758 0.935574
0.0241366 9.9982E-05 9.9982E-05 0.208933 0.00779929 0.758931
0.861185 0.0640861 0.0467614 0.0115098 9.9991E-05 0.0163572
9.9973E-05 9.9973E-05 0.0648727 9.9973E-05 0.0215518 0.913276
0.963934 0.0100825 0.00380575 0.0142172 0.00786012 9.9991E-05
9.9964E-05 9.9964E-05 9.9964E-05 0.228915 9.9964E-05 0.770685
9.99639E-05 9.99639E-05 9.99639E-05 9.99639E-05 0.950617 0.0489833
9.9982E-05 9.9982E-05 0.0246008 0.772459 0.00805921 0.194681
9.9982E-05 0.00472997 0.320948 0.566936 9.9982E-05 0.107186
9.9991E-05 0.0343766 0.140931 0.629713 0.0176159 0.177264
9.9973E-05 9.9973E-05 9.9973E-05 0.344913 0.00301847 0.651768
0.0321531 0.000684171 0.267243 0.423625 9.9991E-05 0.276195
9.9964E-05 9.9964E-05 0.00654066 9.9964E-05 9.9964E-05 0.993059
9.9982E-05 0.00862741 9.9982E-05 0.436187 0.0144412 0.540544
0.002251 0.0297518 0.665925 9.9991E-05 0.0114814 0.290491
0.00599613 9.9991E-05 0.113105 0.0986214 0.00534346 0.776834
9.9991E-05 0.011761 0.0203744 0.0691222 0.00255426 0.896088
0.0103833 9.99729E-05 9.99729E-05 9.99729E-05 0.962812 0.026505
9.9982E-05 9.9982E-05 0.712426 0.133776 0.0682768 0.0853212
9.9964E-05 9.9964E-05 9.9964E-05 0.012542 0.987058 9.9964E-05
0.00429282 9.9973E-05 9.9973E-05 0.228918 9.9973E-05 0.766489
9.9991E-05 0.0056875 0.635759 0.0566066 0.0581844 0.243663
0.00255596 9.9991E-05 0.724271 0.0108548 0.0241759 0.238042
0.0232726 9.9973E-05 9.9973E-05 0.159014 9.9973E-05 0.817414
9.996E-05 9.996E-05 9.996E-05 9.996E-05 9.996E-05 0.9995
0.994159 9.9964E-05 9.9964E-05 9.9964E-05 0.00544119 9.9964E-05
9.9973E-05 9.9973E-05 0.777947 0.18986 0.0318926 9.9973E-05
9.9973E-05 0.000848627 9.9973E-05 0.203618 9.9973E-05 0.795233
0.0439224 0.0225134 0.373898 9.9991E-05 0.416248 0.143318
0.000450099 9.9973E-05 0.0391607 9.9973E-05 9.9973E-05 0.960089
9.996E-05 0.9995 9.996E-05 9.996E-05 9.996E-05 9.996E-05
0.00831421 0.0107342 0.0459137 0.0373475 9.9991E-05 0.89759
0.010277 0.608056 0.248901 9.9982E-05 9.9982E-05 0.132566
0.0222323 0.012067 0.0246426 0.702074 0.0173245 0.22166
9.9973E-05 0.000447837 0.0592656 9.9973E-05 9.9973E-05 0.939987
9.9964E-05 0.00570176 9.9964E-05 9.9964E-05 9.9964E-05 0.993898
9.9973E-05 9.9973E-05 0.671442 0.279045 9.9973E-05 0.0492131
9.99746E-05 0.00467063 0.104324 9.99746E-05 9.99746E-05 0.890706
9.9964E-05 9.9964E-05 9.9964E-05 0.0252658 0.974334 9.9964E-05
0.00343506 9.9973E-05 9.9973E-05 9.9973E-05 0.00555809 0.990707
9.996E-05 0.9995 9.996E-05 9.996E-05 9.996E-05 9.996E-05
9.996E-05 9.996E-05 9.996E-05 9.996E-05 9.996E-05 0.9995
9.9982E-05 9.9982E-05 0.13897 0.569445 0.0388511 0.252534
0.0222942 0.0124958 0.0664018 0.463349 9.9991E-05 0.435359
9.9973E-05 9.9973E-05 0.668504 0.274717 9.9973E-05 0.056479
0.0139652 0.0153968 0.450334 0.220416 0.000975142 0.298914
0.0530698 9.9991E-05 0.663119 0.142854 0.000777604 0.14008
9.996E-05 9.996E-05 9.996E-05 9.996E-05 9.996E-05 0.9995
0.00437441 9.9982E-05 9.9982E-05 0.491244 0.0391392 0.465043
9.9973E-05 0.00321021 9.9973E-05 0.0312147 9.9973E-05 0.965275
0.0271847 9.9991E-05 0.243159 0.370411 0.0597738 0.299371
9.99816E-05 9.99816E-05 0.363975 0.537512 9.99816E-05 0.0982128
9.9991E-05 0.0148959 0.0249251 0.0277711 0.0321985 0.900109
0.00913028 9.9973E-05 9.9973E-05 0.402061 9.9973E-05 0.588508
9.9982E-05 0.00308071 9.9982E-05 0.187469 0.0142622 0.794988
9.9964E-05 9.9964E-05 0.0762363 9.9964E-05 9.9964E-05 0.923364
0.0115627 0.0199784 0.538781 9.9991E-05 0.0519291 0.377649
0.00982205 0.00148529 0.150585 0.434056 9.9991E-05 0.403951
9.9991E-05 0.019935 0.218522 0.277062 0.0166535 0.467727
0.00582483 0.905082 0.0265643 0.0292984 0.03313 9.9991E-05
9.9973E-05 9.9973E-05 0.0912692 9.9973E-05 0.00584942 0.902581
9.9964E-05 9.9964E-05 0.0227674 9.9964E-05 9.9964E-05 0.976833
9.9973E-05 0.00736162 9.9973E-05 0.0598953 9.9973E-05 0.932443
0.0012994 9.9973E-05 9.9973E-05 9.9973E-05 0.961291 0.03711
9.9982E-05 0.0175308 0.0264097 0.171886 9.9982E-05 0.783974
9.9973E-05 9.9973E-05 0.704644 0.187321 9.9973E-05 0.107735
0.0005649 9.9991E-05 0.00403192 0.458602 0.0195429 0.517158
0.000516927 0.00467193 0.000501869 9.9991E-05 0.00460411 0.989605
9.9982E-05 9.9982E-05 0.0914117 0.0439103 0.0218012 0.842677
9.996E-05 9.996E-05 9.996E-05 9.996E-05 9.996E-05 0.9995
0.0368497 9.9982E-05 0.634448 0.249285 9.9982E-05 0.0792177
0.0419209 0.79079 0.114554 9.9991E-05 0.0383338 0.0143014
9.9964E-05 9.9964E-05 0.787885 0.211715 9.9964E-05 9.9964E-05
0.0253183 9.9973E-05 9.9973E-05 0.323449 9.9973E-05 0.650932
0.0144042 0.960459 0.0248366 9.9973E-05 9.9973E-05 9.9973E-05
0.00495161 0.0179273 0.0528567 0.223015 0.0416224 0.659627
9.9964E-05 9.9964E-05 9.9964E-05 0.578364 9.9964E-05 0.421236
0.00043197 9.9982E-05 0.0947317 9.9982E-05 0.0256277 0.879009
0.00843428 9.9973E-05 0.0136076 9.9973E-05 9.9973E-05 0.977658
0.0128715 9.9973E-05 0.0487288 9.9973E-05 9.9973E-05 0.9381
9.9973E-05 9.9973E-05 0.268261 0.215659 9.9973E-05 0.515779
9.99639E-05 9.99639E-05 9.99639E-05 9.99639E-05 0.948144 0.0514564
0.00475162 9.9964E-05 9.9964E-05 9.9964E-05 9.9964E-05 0.994849
9.9973E-05 9.9973E-05 0.32602 0.609139 9.9973E-05 0.0645407
9.9964E-05 9.9964E-05 9.9964E-05 0.414163 9.9964E-05 0.585437
9.9973E-05 0.0136079 9.9973E-05 9.9973E-05 0.960433 0.0256593
9.9973E-05 9.9973E-05 0.481331 0.470454 9.9973E-05 0.047915
0.000604292 0.0386203 0.790625 9.9982E-05 9.9982E-05 0.16995
9.9982E-05 9.9982E-05 0.252614 0.463459 0.0341408 0.249587
9.9964E-05 9.9964E-05 9.9964E-05 9.9964E-05 0.921195 0.0784048
9.9964E-05 9.9964E-05 9.9964E-05 0.408284 9.9964E-05 0.591316
9.996E-05 0.9995 9.996E-05 9.996E-05 9.996E-05 9.996E-05
0.00971694 9.9973E-05 9.9973E-05 0.318386 9.9973E-05 0.671597
0.010199 9.9973E-05 9.9973E-05 0.0462915 9.9973E-05 0.94321
9.996E-05 0.9995 9.996E-05 9.996E-05 9.996E-05 9.996E-05
9.9964E-05 9.9964E-05 9.9964E-05 0.0789065 9.9964E-05 0.920694
0.905502 0.00953754 0.0396728 0.0119394 0.018294 0.0150541
0.012012 9.9982E-05 0.0755123 0.571408 9.9982E-05 0.340868
9.9982E-05 9.9982E-05 0.0498417 0.0014608 0.0156675 0.93283
9.9982E-05 9.9982E-05 0.638331 0.203791 0.0771448 0.0805326
9.9982E-05 0.0143816 0.0405449 0.175446 9.9982E-05 0.769428
0.0187248 0.921267 0.0597087 9.9973E-05 9.9973E-05 9.9973E-05
9.9991E-05 0.0123408 0.0936584 0.509597 0.00965076 0.374653
