0.193869 9.9982E-05 0.805931 9.9982E-05
9.9982E-05 0.0051277 0.994672 9.9982E-05
9.9982E-05 9.9982E-05 0.988796 0.0110043
0.200712 0.0141381 0.78505 9.9991E-05
0.498121 0.0245981 0.394623 0.0826575
0.288298 0.1298 0.452326 0.129575
0.555197 0.0122168 0.370253 0.062333
0.611335 0.0374707 0.308674 0.0425206
9.999E-05 0.0271732 0.958601 0.0141259
0.0932537 9.9982E-05 0.906546 9.9982E-05
0.574407 9.9982E-05 0.425393 9.9982E-05
0.653919 9.9991E-05 0.342167 0.00381325
0.546578 9.9982E-05 0.453222 9.9982E-05
0.290637 0.148305 0.427656 0.133402
0.267644 9.9982E-05 0.732156 9.9982E-05
0.257288 0.0506347 0.666075 0.0260029
0.635526 9.9991E-05 0.354021 0.0103532
9.9991E-05 0.458075 0.369048 0.172777
9.9991E-05 0.0122024 0.98445 0.00324773
0.560433 0.0818402 0.306527 0.0511993
0.0156898 9.9991E-05 0.980354 0.00385654
0.60241 9.9982E-05 0.39739 9.9982E-05
0.489997 9.9982E-05 0.509803 9.9982E-05
0.0862029 9.9982E-05 9.9982E-05 0.913597
0.415224 0.0698817 0.417652 0.0972422
0.488598 9.9982E-05 0.511202 9.9982E-05
0.573907 0.0261905 0.399803 9.9991E-05
0.0193667 9.9991E-05 0.975396 0.00513756
0.0989351 9.9982E-05 0.900865 9.9982E-05
9.998E-05 9.998E-05 0.9997 9.998E-05
0.339373 0.0885361 0.443044 0.129047
9.9982E-05 0.00796631 0.991834 9.9982E-05
9.9991E-05 0.00968538 0.987516 0.00269887
0.367088 0.119885 0.42333 0.0896978
9.9982E-05 9.9982E-05 0.994109 0.00569056
0.516913 0.0661946 0.416793 9.9991E-05
0.209334 9.9982E-05 0.790466 9.9982E-05
0.675292 0.0290132 0.263871 0.0318236
0.606152 0.0815984 0.223025 0.0892251
0.542687 9.9991E-05 0.414182 0.0430309
0.383532 0.124099 0.372244 0.120124
9.9991E-05 0.0121531 0.970941 0.0168055
0.106486 9.9982E-05 0.893314 9.9982E-05
0.111537 9.9982E-05 0.888263 9.9982E-05
0.120958 0.024389 0.840723 0.0139303
9.9991E-05 0.831076 0.0106767 0.158148
0.0844159 9.9991E-05 0.910696 0.00478842
0.0262033 9.9982E-05 0.973597 9.9982E-05
9.9991E-05 0.838812 0.025757 0.135331
0.198902 9.9982E-05 0.800898 9.9982E-05
0.410052 9.9982E-05 0.589748 9.9982E-05
0.143693 9.9982E-05 0.856107 9.9982E-05
0.283549 9.9982E-05 0.716251 9.9982E-05
0.0138447 0.133751 0.731343 0.121061
0.426303 9.9991E-05 0.501348 0.0722491
9.9991E-05 0.0513478 0.869697 0.0788547
0.00409818 9.9982E-05 0.995702 9.9982E-05
9.9982E-05 0.0128022 0.986998 9.9982E-05
0.137914 9.9982E-05 0.861886 9.9982E-05
0.103806 9.9982E-05 0.895994 9.9982E-05
0.0021947 9.9982E-05 0.997605 9.9982E-05
0.105847 0.0142602 9.9991E-05 0.879793
9.9991E-05 0.00499882 0.979982 0.0149197
0.428787 0.0330569 0.499339 0.038817
9.998E-05 9.998E-05 0.9997 9.998E-05
9.9982E-05 0.0122654 0.987535 9.9982E-05
0.190569 9.9982E-05 0.809231 9.9982E-05
0.216828 9.9982E-05 0.782972 9.9982E-05
0.638823 9.9991E-05 0.338523 0.0225543
9.9991E-05 0.842666 0.023456 0.133778
0.510491 0.0123233 0.463598 0.0135884
9.9991E-05 0.0564138 0.889909 0.0535772
0.0656078 0.00422317 0.921104 0.00906478
9.9982E-05 9.9982E-05 0.95208 0.0477201
9.9982E-05 0.00606302 0.993737 9.9982E-05
9.9991E-05 0.0507725 0.948941 0.000186768
9.9982E-05 0.00555455 0.994245 9.9982E-05
0.578829 9.9991E-05 0.386481 0.0345893
0.00593277 9.9982E-05 0.993867 9.9982E-05
0.131887 0.0488476 0.0749115 0.744353
0.264984 9.9982E-05 0.734816 9.9982E-05
0.00457148 0.00815614 0.987172 9.9991E-05
0.0659458 0.477551 0.262189 0.194314
0.0131725 0.145246 0.718216 0.123365
0.38059 0.0472891 0.56845 0.00367102
0.0949042 0.0219069 0.883089 9.9991E-05
9.9982E-05 9.9982E-05 0.975644 0.0241561
9.998E-05 0.9997 9.998E-05 9.998E-05
0.267123 9.9982E-05 0.732677 9.9982E-05
0.240495 9.9982E-05 0.759305 9.9982E-05
0.58561 9.9982E-05 0.41419 9.9982E-05
0.61789 9.9982E-05 0.38191 9.9982E-05
0.659298 9.9982E-05 0.340502 9.9982E-05
9.9982E-05 9.9982E-05 0.99374 0.00605954
0.248084 9.9982E-05 0.751716 9.9982E-05
0.0465684 9.9982E-05 0.953232 9.9982E-05
0.402973 9.9982E-05 0.596827 9.9982E-05
0.333245 0.13939 0.409431 0.117933
9.9991E-05 0.00707584 0.985653 0.00717145
0.496413 9.9991E-05 0.415356 0.0881302
0.459441 0.0227637 0.517695 9.9991E-05
0.0969852 0.00685474 9.9991E-05 0.89606
0.235692 9.9982E-05 0.764108 9.9982E-05
0.0219315 9.9982E-05 0.977869 9.9982E-05
9.998E-05 9.998E-05 0.9997 9.998E-05
0.703749 9.9982E-05 0.296051 9.9982E-05
9.9991E-05 0.826573 0.0411827 0.132144
0.724711 9.9982E-05 0.275089 9.9982E-05
0.0973844 9.9991E-05 0.871349 0.0311667
9.9982E-05 9.9982E-05 0.95042 0.0493801
0.631608 9.9982E-05 0.368192 9.9982E-05
9.9991E-05 0.852547 0.0186872 0.128665
0.0745283 0.0681434 0.111331 0.745997
0.205245 9.9982E-05 0.794555 9.9982E-05
0.0968943 9.9982E-05 0.902906 9.9982E-05
0.579212 9.9982E-05 0.420588 9.9982E-05
9.9982E-05 9.9982E-05 0.976549 0.0232514
0.54732 0.103884 0.279395 0.0694018
0.0587935 0.572964 0.110714 0.257529
0.025863 9.9991E-05 0.934692 0.0393447
0.300625 9.9982E-05 0.699175 9.9982E-05
9.998E-05 9.998E-05 9.998E-05 0.9997
0.0632207 9.9982E-05 0.936579 9.9982E-05
0.363788 9.9982E-05 0.636012 9.9982E-05
0.0589787 9.9982E-05 0.940821 9.9982E-05
0.581217 0.00838247 0.410301 9.9991E-05
0.545693 0.00822577 0.445981 9.9991E-05
0.535779 0.0246022 0.393704 0.0459154
0.514097 0.11125 0.328599 0.0460546
0.225361 9.9991E-05 0.773838 0.000701052
0.0161606 9.9991E-05 0.972755 0.0109843
0.166458 9.9991E-05 0.826252 0.00718946
9.9991E-05 0.794796 0.0663097 0.138795
9.9982E-05 9.9982E-05 0.936723 0.0630768
9.9991E-05 0.803389 0.0371744 0.159337
0.175205 9.9982E-05 0.824595 9.9982E-05
9.99819E-05 9.99819E-05 0.0415289 0.958271
0.71774 9.9982E-05 0.28206 9.9982E-05
0.650512 0.0321075 0.313474 0.00390693
0.655031 0.0274903 0.291118 0.0263611
0.293606 9.9982E-05 0.706194 9.9982E-05
0.497449 0.0531962 0.417432 0.0319227
9.9991E-05 0.00675072 0.988403 0.00474625
0.384535 9.9982E-05 0.615265 9.9982E-05
0.111278 0.151927 0.592832 0.143963
0.132335 0.0293758 0.833504 0.00478536
0.0518618 0.0122444 0.924244 0.0116496
9.9982E-05 9.9982E-05 0.0156437 0.984156
0.35346 0.113189 0.359936 0.173415
0.00153056 9.9982E-05 9.9982E-05 0.998269
0.190225 9.9982E-05 0.809575 9.9982E-05
0.259941 0.108562 0.47089 0.160607
0.217987 0.132221 0.494267 0.155526
0.139384 0.00277806 0.857738 9.9991E-05
9.9982E-05 0.00320312 0.996597 9.9982E-05
9.9991E-05 0.815478 0.0156867 0.168736
0.466594 0.0920825 0.267651 0.173673
0.166818 9.9982E-05 0.832982 9.9982E-05
0.0049693 0.134131 0.323992 0.536907
9.9982E-05 0.013449 0.986351 9.9982E-05
9.998E-05 0.9997 9.998E-05 9.998E-05
0.0445621 0.022396 0.931935 0.00110736
0.012549 0.734195 0.245064 0.00819217
0.643705 0.00442327 0.351772 9.9991E-05
9.9991E-05 0.00197183 0.991076 0.00685214
9.9982E-05 0.00371656 0.996083 9.9982E-05
0.495756 0.106464 0.301527 0.0962538
9.9991E-05 0.020202 0.957423 0.0222753
0.0220056 9.9982E-05 9.9982E-05 0.977794
9.9982E-05 9.9982E-05 0.991112 0.00868819
9.998E-05 0.9997 9.998E-05 9.998E-05
9.998E-05 9.998E-05 0.9997 9.998E-05
0.610554 9.9991E-05 0.372029 0.0173169
0.452126 0.0134308 0.534343 9.9991E-05
0.494451 0.0847751 0.315917 0.104856
0.353716 0.0889367 0.491612 0.0657356
0.356371 0.14152 0.369715 0.132394
9.998E-05 9.998E-05 0.9997 9.998E-05
0.442206 9.9991E-05 0.533878 0.0238158
0.00321096 0.00164603 0.995043 9.9991E-05
0.427707 0.045391 0.430635 0.0962671
0.648599 0.038676 0.284377 0.0283478
0.0283786 0.0117649 0.936788 0.0230689
0.332481 9.9982E-05 0.66732 9.9982E-05
0.14542 0.00141959 0.850313 0.00284728
9.9982E-05 9.9982E-05 0.984886 0.0149136
0.072582 0.14746 0.619773 0.160184
0.442156 0.0117849 0.541505 0.00455366
0.324785 0.056021 0.572236 0.0469579
0.0500778 0.949722 9.9982E-05 9.9982E-05
9.9991E-05 0.00763572 0.968383 0.023881
9.998E-05 9.998E-05 0.9997 9.998E-05
0.0447223 0.00825893 0.946919 9.9991E-05
9.9982E-05 9.9982E-05 0.0146555 0.985145
0.162596 9.9991E-05 0.831472 0.00583204
0.424307 0.089113 0.372843 0.113737
0.428919 9.9991E-05 0.567011 0.00397064
9.9982E-05 0.00333673 0.996463 9.9982E-05
0.0563797 0.00359883 0.915625 0.0243962
9.998E-05 9.998E-05 0.9997 9.998E-05
0.465216 0.124432 0.333485 0.0768664
0.0497043 0.882837 0.0512044 0.0162543
0.516805 0.117105 0.283337 0.0827537
0.299142 9.9982E-05 0.700658 9.9982E-05
9.998E-05 0.9997 9.998E-05 9.998E-05
0.209943 0.0141321 0.741238 0.0346871
0.508655 9.9982E-05 0.491145 9.9982E-05
9.9991E-05 0.0108692 0.939643 0.0493875
9.9982E-05 0.002281 0.997519 9.9982E-05
9.9991E-05 0.0188268 0.980648 0.00042528
0.280813 0.0215859 0.661693 0.035909
9.99819E-05 9.99819E-05 0.0422733 0.957527
9.998E-05 9.998E-05 0.9997 9.998E-05
0.702562 9.9991E-05 0.271996 0.0253419
0.372923 9.9982E-05 0.626877 9.9982E-05
9.9982E-05 9.9982E-05 0.0311027 0.968697
0.602242 0.0461903 0.28589 0.0656777
0.221396 0.187956 0.469607 0.121041
0.529282 0.00518248 0.398397 0.0671385
9.9982E-05 9.9982E-05 0.0883698 0.91143
0.321701 9.9982E-05 0.678099 9.9982E-05
9.998E-05 0.9997 9.998E-05 9.998E-05
0.273737 9.9982E-05 0.726063 9.9982E-05
0.0125018 0.0127718 0.974626 9.9991E-05
9.998E-05 0.9997 9.998E-05 9.998E-05
0.0592373 9.9982E-05 0.940563 9.9982E-05
9.9991E-05 0.748495 0.0862594 0.165146
0.566007 9.9982E-05 0.433793 9.9982E-05
9.9982E-05 9.9982E-05 0.962435 0.0373648
0.411276 0.087113 0.336666 0.164946
0.161832 0.0151144 0.822954 9.9991E-05
9.998E-05 0.9997 9.998E-05 9.998E-05
0.508187 0.0117881 0.478732 0.00129372
