9.9982E-05 0.815468 0.184332 9.9982E-05
0.0120725 0.987728 9.9982E-05 9.9982E-05
9.9982E-05 0.983136 9.9982E-05 0.0166644
0.0189538 0.777106 0.203841 9.9991E-05
0.0197973 0.41859 0.491384 0.0702278
0.125248 0.456219 0.276723 0.141811
9.999E-05 0.358763 0.560883 0.0802535
0.0407519 0.317751 0.598863 0.0426345
0.0316798 0.95545 9.9991E-05 0.0127698
9.9982E-05 0.902067 0.0977333 9.9982E-05
9.9982E-05 0.454757 0.545043 9.9982E-05
9.999E-05 0.338933 0.659264 0.00170317
9.9982E-05 0.454908 0.544892 9.9982E-05
0.149754 0.431588 0.279363 0.139295
9.9982E-05 0.747915 0.251885 9.9982E-05
0.0535729 0.643166 0.272682 0.0305788
9.9991E-05 0.360138 0.635213 0.00454914
0.466885 0.371953 9.9991E-05 0.161062
0.010632 0.989168 9.9982E-05 9.9982E-05
0.073676 0.33363 0.542722 0.0499723
0.00182437 0.986161 0.00554173 0.0064732
9.9982E-05 0.41514 0.58466 9.9982E-05
9.9982E-05 0.510277 0.489523 9.9982E-05
9.9982E-05 9.9982E-05 0.0992618 0.900538
0.0783119 0.42943 0.414621 0.0776372
9.9982E-05 0.525397 0.474403 9.9982E-05
0.0302163 0.414102 0.552734 0.00294743
9.9991E-05 0.972887 0.0170445 0.00996904
9.9982E-05 0.908109 0.0916909 9.9982E-05
9.998E-05 0.9997 9.998E-05 9.998E-05
0.098147 0.425318 0.350404 0.12613
0.00908746 0.990713 9.9982E-05 9.9982E-05
9.9982E-05 0.998759 9.9982E-05 0.00104136
0.119874 0.420357 0.354822 0.104947
9.9982E-05 0.996476 9.9982E-05 0.00332419
0.0641705 0.405458 0.530272 9.9991E-05
9.9982E-05 0.777379 0.222421 9.9982E-05
0.0339641 0.259914 0.663913 0.042209
0.0833408 0.214921 0.610531 0.0912078
9.9991E-05 0.431724 0.537361 0.030815
0.125339 0.373758 0.386764 0.114138
0.0108463 0.975488 9.9991E-05 0.0135658
9.9982E-05 0.909423 0.0903773 9.9982E-05
9.9982E-05 0.900484 0.0993164 9.9982E-05
0.0190118 0.863863 0.108123 0.00900132
0.823635 0.0180749 9.9991E-05 0.158191
0.00159067 0.941119 0.0552362 0.00205371
9.9982E-05 0.967135 0.0326649 9.9982E-05
0.824973 0.0234351 9.9991E-05 0.151492
9.9982E-05 0.799147 0.200653 9.9982E-05
9.9982E-05 0.604176 0.395624 9.9982E-05
9.9982E-05 0.856895 0.142905 9.9982E-05
9.9982E-05 0.70962 0.29018 9.9982E-05
0.134581 0.716523 0.0224924 0.126404
9.9991E-05 0.517733 0.415665 0.0665024
0.0493148 0.859487 9.9991E-05 0.0910981
9.9982E-05 0.998837 9.9982E-05 0.000963027
0.0124137 0.987386 9.9982E-05 9.9982E-05
9.9982E-05 0.85677 0.14303 9.9982E-05
9.9982E-05 0.891644 0.108156 9.9982E-05
9.998E-05 0.9997 9.998E-05 9.998E-05
0.00272245 0.0243557 0.083095 0.889827
0.00786842 0.975166 9.9991E-05 0.0168652
0.0339838 0.492381 0.435751 0.0378847
0.00183043 0.99797 9.9982E-05 9.9982E-05
0.00258452 0.997216 9.9982E-05 9.9982E-05
9.9982E-05 0.824149 0.175651 9.9982E-05
9.9982E-05 0.800208 0.199592 9.9982E-05
9.9991E-05 0.344634 0.648204 0.00706257
0.826568 0.0186165 9.9991E-05 0.154715
0.00662365 0.464482 0.509421 0.0194734
0.0594529 0.877601 9.9991E-05 0.0628459
9.9991E-05 0.928211 0.05775 0.0139393
9.9982E-05 0.948087 9.9982E-05 0.0517128
9.9982E-05 0.995929 9.9982E-05 0.00387086
0.0424144 0.957386 9.9982E-05 9.9982E-05
9.998E-05 0.9997 9.998E-05 9.998E-05
9.9991E-05 0.385161 0.576514 0.0382242
9.9982E-05 0.990374 0.0094259 9.9982E-05
0.041506 0.0854734 0.109312 0.763708
9.9982E-05 0.731676 0.268124 9.9982E-05
0.00593358 0.985402 0.00157209 0.00709245
0.476678 0.262598 0.0735275 0.187196
0.158291 0.695161 0.0166629 0.129886
0.0398053 0.580826 0.370795 0.0085735
0.0196686 0.890917 0.0893146 9.9991E-05
9.9982E-05 0.979118 9.9982E-05 0.0206821
0.9997 9.998E-05 9.998E-05 9.998E-05
9.9982E-05 0.732417 0.267384 9.9982E-05
9.9982E-05 0.759056 0.240744 9.9982E-05
9.9982E-05 0.431291 0.568509 9.9982E-05
9.9982E-05 0.403154 0.596646 9.9982E-05
9.9982E-05 0.328047 0.671753 9.9982E-05
9.9982E-05 0.995246 9.9982E-05 0.00455362
9.9982E-05 0.755539 0.244261 9.9982E-05
0.000451706 0.967582 0.0318659 9.9991E-05
9.9982E-05 0.606994 0.392806 9.9982E-05
0.140155 0.397463 0.340119 0.122263
0.00493031 0.979667 9.9991E-05 0.0153026
9.9991E-05 0.439416 0.495082 0.0654016
0.024764 0.512826 0.462311 9.9991E-05
9.9982E-05 9.9982E-05 0.0978629 0.901937
9.9982E-05 0.77435 0.22545 9.9982E-05
9.9982E-05 0.977553 0.0222475 9.9982E-05
9.998E-05 0.9997 9.998E-05 9.998E-05
0.00824653 0.294642 0.697011 9.9991E-05
0.817782 0.0427037 9.9991E-05 0.139414
9.9982E-05 0.283581 0.716219 9.9982E-05
9.9991E-05 0.871132 0.0982265 0.030542
0.00672697 0.967297 9.9991E-05 0.0258756
9.9982E-05 0.358836 0.640964 9.9982E-05
0.832891 0.0122476 9.9991E-05 0.154761
0.0828553 0.10043 0.0689161 0.747799
9.9982E-05 0.791354 0.208446 9.9982E-05
9.9982E-05 0.905893 0.0939073 9.9982E-05
9.9982E-05 0.436647 0.563153 9.9982E-05
0.00446566 0.970985 9.9991E-05 0.0244497
0.0904643 0.290752 0.53672 0.0820637
0.568515 0.131847 0.0526084 0.24703
9.9991E-05 0.93573 0.0253885 0.0387815
9.9982E-05 0.732993 0.266807 9.9982E-05
9.998E-05 9.998E-05 9.998E-05 0.9997
9.9982E-05 0.932607 0.0671927 9.9982E-05
9.9982E-05 0.638376 0.361424 9.9982E-05
9.9982E-05 0.949711 0.0500886 9.9982E-05
0.0110799 0.425845 0.562975 9.9991E-05
0.00152418 0.440725 0.557651 9.9991E-05
0.0187928 0.40472 0.539404 0.0370835
0.104171 0.333769 0.510979 0.0510806
9.9991E-05 0.770769 0.226683 0.00244805
9.9991E-05 0.973142 0.0192181 0.00754005
9.9991E-05 0.839833 0.154711 0.00535637
0.798792 0.0481313 9.9991E-05 0.152976
9.9982E-05 0.939407 9.9982E-05 0.0603933
0.805456 0.0301145 9.9991E-05 0.16433
9.9982E-05 0.827356 0.172444 9.9982E-05
9.99819E-05 0.0396571 9.99819E-05 0.960143
9.9982E-05 0.278397 0.721403 9.9982E-05
0.0176647 0.323554 0.640999 0.0177832
0.033418 0.319237 0.629051 0.0182943
9.9982E-05 0.722625 0.277175 9.9982E-05
0.0531125 0.414676 0.500582 0.0316299
9.9982E-05 0.993097 9.9982E-05 0.00670326
9.9982E-05 0.624869 0.374931 9.9982E-05
0.149151 0.586157 0.122429 0.142263
0.0257721 0.836281 0.125429 0.0125174
0.00890935 0.931643 0.0505905 0.00885711
9.9982E-05 0.0237891 9.9982E-05 0.976011
0.114184 0.362168 0.351063 0.172585
9.9982E-05 9.9982E-05 0.0054494 0.994351
9.9982E-05 0.81778 0.18202 9.9982E-05
0.10929 0.472737 0.25318 0.164793
0.132398 0.494368 0.220923 0.152312
0.00103678 0.873011 0.125852 9.9991E-05
0.000669638 0.99913 9.9982E-05 9.9982E-05
0.810329 0.00132678 9.9991E-05 0.188244
0.0936176 0.271252 0.452368 0.182763
9.9982E-05 0.839328 0.160472 9.9982E-05
0.12447 0.327626 9.9991E-05 0.547804
0.0171055 0.968806 9.9991E-05 0.0139885
0.9997 9.998E-05 9.998E-05 9.998E-05
0.0295811 0.923134 0.0471845 9.9991E-05
0.719976 0.25556 0.0224289 0.00203522
0.00101867 0.363292 0.63559 9.9991E-05
0.00420609 0.97681 9.9991E-05 0.0188841
0.00648211 0.993318 9.9982E-05 9.9982E-05
0.0957661 0.299752 0.517374 0.087108
0.0139699 0.953297 9.9991E-05 0.0326329
9.9982E-05 9.9982E-05 0.0190953 0.980705
9.9982E-05 0.998518 9.9982E-05 0.00128201
0.9997 9.998E-05 9.998E-05 9.998E-05
9.998E-05 0.9997 9.998E-05 9.998E-05
9.9991E-05 0.398172 0.577832 0.023896
0.0260385 0.5293 0.444562 9.9991E-05
0.0856185 0.322183 0.498766 0.0934328
0.105222 0.483381 0.335241 0.0761563
0.136339 0.377939 0.353956 0.131765
9.998E-05 0.9997 9.998E-05 9.998E-05
9.9991E-05 0.523897 0.440308 0.0356958
9.9982E-05 0.987443 0.0123572 9.9982E-05
0.0386946 0.441186 0.417583 0.102536
0.0332562 0.304528 0.645186 0.0170303
0.0117805 0.942329 0.0278684 0.0180219
9.9982E-05 0.678687 0.321113 9.9982E-05
9.9991E-05 0.856265 0.138403 0.00523233
0.0032653 0.97784 0.000263592 0.0186312
0.140559 0.62899 0.0598273 0.170624
0.0127659 0.562238 0.424896 9.9991E-05
0.0534922 0.573433 0.321012 0.0520625
0.947324 9.9982E-05 0.0524763 9.9982E-05
0.0168092 0.946511 9.9991E-05 0.03658
9.998E-05 0.9997 9.998E-05 9.998E-05
0.00887644 0.948109 0.0429143 9.9991E-05
9.9982E-05 0.0302135 9.9982E-05 0.969587
9.9991E-05 0.825475 0.173561 0.00086425
0.085876 0.371996 0.444458 0.0976703
9.9991E-05 0.57179 0.424388 0.00372207
0.00527666 0.993374 9.9991E-05 0.00124955
9.9991E-05 0.922635 0.0555331 0.0217319
9.998E-05 0.9997 9.998E-05 9.998E-05
0.112794 0.350308 0.44897 0.0879285
0.872464 0.0717471 0.0335791 0.0222103
0.121971 0.284006 0.506697 0.0873254
9.9982E-05 0.699006 0.300794 9.9982E-05
0.9997 9.998E-05 9.998E-05 9.998E-05
0.0056306 0.740786 0.212491 0.0410921
9.9982E-05 0.496074 0.503726 9.9982E-05
0.0187283 0.937966 9.9991E-05 0.0432062
0.00177114 0.991619 9.9991E-05 0.0065097
0.0246958 0.961913 9.9991E-05 0.0132908
0.0243744 0.656403 0.291946 0.0272759
9.99819E-05 0.0445151 9.99819E-05 0.955285
9.998E-05 0.9997 9.998E-05 9.998E-05
9.9991E-05 0.302968 0.672471 0.0244619
9.9982E-05 0.622233 0.377568 9.9982E-05
9.9982E-05 0.0304152 9.9982E-05 0.969385
0.0507329 0.295181 0.594954 0.0591322
0.190306 0.471984 0.208208 0.129503
0.00592135 0.397571 0.526349 0.0701585
9.9982E-05 0.0861947 9.9982E-05 0.913605
9.9982E-05 0.675133 0.324667 9.9982E-05
0.9997 9.998E-05 9.998E-05 9.998E-05
9.9982E-05 0.730247 0.269553 9.9982E-05
0.00552348 0.986005 0.00837143 9.9991E-05
0.9997 9.998E-05 9.998E-05 9.998E-05
9.9982E-05 0.95147 0.0483298 9.9982E-05
0.747272 0.0737683 0.00241626 0.176544
9.9982E-05 0.426463 0.573337 9.9982E-05
9.9982E-05 0.974385 9.9982E-05 0.0254151
0.0869206 0.356222 0.390101 0.166756
0.0098097 0.836267 0.153823 9.9991E-05
0.985775 0.0140255 9.9982E-05 9.9982E-05
0.00696852 0.509146 0.475369 0.0085164
