0.22569 9.9973E-05 0.013292 9.9973E-05 0.760718 9.9973E-05
9.9964E-05 0.0596561 9.9964E-05 9.9964E-05 0.939944 9.9964E-05
9.9973E-05 0.00588834 9.9973E-05 9.9973E-05 0.979919 0.0138929
0.218645 0.0126906 0.0128479 0.0119564 0.74376 9.9991E-05
0.439482 0.259847 0.0024863 9.9991E-05 0.267393 0.0306915
0.0583256 0.719144 0.0248674 9.9991E-05 0.195859 0.00170326
0.404797 0.447237 9.9973E-05 9.9973E-05 0.147666 9.9973E-05
0.532521 0.331252 0.00514679 0.00217029 0.12881 9.9991E-05
9.999E-05 0.0312697 0.0128629 0.00974166 0.94293 0.00309593
0.130537 9.9964E-05 9.9964E-05 9.9964E-05 0.869063 9.9964E-05
0.57944 0.0448005 0.0201964 9.9982E-05 0.355363 9.9982E-05
0.659897 0.123588 9.9982E-05 9.9982E-05 0.206207 0.0101075
0.582802 0.0276356 9.9973E-05 9.9973E-05 0.389262 9.9973E-05
0.0110922 0.86691 9.9973E-05 9.9973E-05 0.121698 9.9973E-05
0.320134 9.9973E-05 0.00286249 9.9973E-05 0.676704 9.9973E-05
0.187551 0.290862 0.00387261 0.0055801 0.512034 9.9991E-05
0.559583 0.235409 9.9973E-05 9.9973E-05 0.204708 9.9973E-05
9.999E-05 0.346092 0.432463 0.0314606 0.174833 0.0150511
9.9982E-05 0.0496924 0.00205763 0.00608954 0.941961 9.9982E-05
0.432753 0.358568 0.0100687 0.0186016 0.144707 0.0353013
0.0213084 0.00359789 9.9982E-05 9.9982E-05 0.969591 0.00530245
0.623382 0.00732508 9.9982E-05 9.9982E-05 0.354626 0.0144666
0.507965 0.0518415 0.00187278 9.9991E-05 0.418227 0.0199932
0.0640712 0.029334 0.0150306 9.9982E-05 9.9982E-05 0.891364
0.255417 0.52625 9.9982E-05 9.9982E-05 0.20836 0.00977349
0.5112 9.9982E-05 9.9982E-05 0.00350435 0.472813 0.0122827
0.507085 0.24748 9.9982E-05 0.00818662 0.237048 9.9982E-05
0.0316273 9.9973E-05 0.00198824 9.9973E-05 0.966085 9.9973E-05
0.142574 9.9964E-05 9.9964E-05 9.9964E-05 0.857026 9.9964E-05
9.996E-05 9.996E-05 9.996E-05 9.996E-05 0.9995 9.996E-05
0.12231 0.680744 9.9982E-05 9.9982E-05 0.178477 0.0182683
9.9964E-05 0.0650044 9.9964E-05 9.9964E-05 0.934596 9.9964E-05
9.9964E-05 0.0347264 9.9964E-05 9.9964E-05 0.964874 9.9964E-05
0.134008 0.720418 9.9973E-05 9.9973E-05 0.145274 9.9973E-05
9.9964E-05 0.0293131 9.9964E-05 9.9964E-05 0.970287 9.9964E-05
0.391703 0.362146 0.00125494 0.0125571 0.232239 9.9991E-05
0.270712 9.9964E-05 9.9964E-05 9.9964E-05 0.728888 9.9964E-05
0.581384 0.302684 9.9991E-05 0.0166093 0.0951409 0.00408188
0.415127 0.56434 0.00826158 9.9982E-05 9.9982E-05 0.0120707
0.570339 0.0439168 9.9991E-05 0.000238569 0.333855 0.0515506
0.163122 0.728848 9.9991E-05 0.00307502 0.0924928 0.012362
9.9982E-05 0.030216 9.9982E-05 0.00270628 0.949325 0.0175528
0.116273 9.9964E-05 9.9964E-05 9.9964E-05 0.883327 9.9964E-05
0.142192 9.9991E-05 0.000863716 0.00191321 0.85273 0.00220103
0.122427 0.0399083 0.0267184 9.9982E-05 0.810746 9.9982E-05
9.996E-05 9.996E-05 0.9995 9.996E-05 9.996E-05 9.996E-05
0.066204 0.0649955 9.9973E-05 9.9973E-05 0.868501 9.9973E-05
0.0562196 9.9964E-05 9.9964E-05 9.9964E-05 0.943381 9.9964E-05
9.996E-05 9.996E-05 0.9995 9.996E-05 9.996E-05 9.996E-05
0.26165 9.9964E-05 9.9964E-05 9.9964E-05 0.73795 9.9964E-05
0.444466 9.9973E-05 9.9973E-05 0.0141055 0.541129 9.9973E-05
0.188599 9.9964E-05 9.9964E-05 9.9964E-05 0.811001 9.9964E-05
0.321326 9.9973E-05 9.9973E-05 9.9973E-05 0.668956 0.00941787
9.9991E-05 0.428248 0.0367598 0.0179361 0.503471 0.0134857
0.397674 0.167165 9.9982E-05 9.9982E-05 0.37565 0.059311
9.9991E-05 0.171853 0.000724163 0.0232528 0.764226 0.039844
0.01327 9.9982E-05 0.0060841 9.9982E-05 0.973948 0.00649792
9.9973E-05 0.0130956 0.00698452 9.9973E-05 0.97962 9.9973E-05
0.172853 0.00628938 0.00289811 9.9991E-05 0.798148 0.0197108
0.149736 9.9964E-05 9.9964E-05 9.9964E-05 0.849864 9.9964E-05
0.00573829 0.00197601 9.9973E-05 9.9973E-05 0.991986 9.9973E-05
0.0111474 0.132948 9.9982E-05 0.00841314 9.9982E-05 0.847291
9.9982E-05 0.0246176 9.9982E-05 0.0155679 0.954162 0.00545201
0.422016 0.124196 9.99963E-05 0.0224705 0.392279 0.0389374
0.010032 0.00648957 0.0135473 9.9982E-05 0.969731 9.9982E-05
9.9973E-05 0.0440272 9.9973E-05 0.00455364 0.951119 9.9973E-05
0.245518 9.9982E-05 0.00211819 0.000517188 0.751646 9.9982E-05
0.25003 9.9964E-05 9.9964E-05 9.9964E-05 0.74957 9.9964E-05
0.615777 0.137379 9.9982E-05 9.9982E-05 0.224851 0.0217931
9.996E-05 9.996E-05 0.9995 9.996E-05 9.996E-05 9.996E-05
0.47346 0.181303 0.00161088 9.9991E-05 0.319564 0.0239624
9.9991E-05 0.116177 0.00682423 0.0231254 0.824577 0.0291968
0.114305 9.9991E-05 0.0113408 0.00419233 0.866739 0.0033228
9.9973E-05 0.0480483 9.9973E-05 9.9973E-05 0.923389 0.0282624
9.9964E-05 9.9964E-05 9.9964E-05 0.00661903 0.992981 9.9964E-05
9.9982E-05 0.0706265 0.0208056 0.00880935 0.899559 9.9982E-05
0.00590456 9.9973E-05 9.9973E-05 0.0037502 0.990045 9.9973E-05
0.503274 0.250801 9.9982E-05 9.9982E-05 0.227434 0.0182902
0.0232058 9.9964E-05 9.9964E-05 9.9964E-05 0.976394 9.9964E-05
0.0458398 0.243089 0.0158575 9.9982E-05 9.9982E-05 0.695013
0.303912 9.9982E-05 9.9982E-05 0.00267505 0.678688 0.0145247
0.0319159 9.9982E-05 0.00474107 0.00704798 0.956095 9.9982E-05
9.9991E-05 0.371554 0.394823 0.084294 0.0853818 0.0638466
9.9991E-05 0.51267 0.0464848 0.00810516 0.418038 0.0146023
0.296826 0.248812 0.010464 9.9982E-05 0.443698 9.9982E-05
0.102766 0.0105855 0.00905574 0.00492184 0.872571 9.9991E-05
9.9973E-05 0.0680293 9.9973E-05 9.9973E-05 0.922899 0.00877132
9.996E-05 9.996E-05 9.996E-05 0.9995 9.996E-05 9.996E-05
0.330149 9.99729E-05 0.00278909 9.99729E-05 0.666762 9.99729E-05
0.300062 9.99639E-05 9.99639E-05 9.99639E-05 0.699538 9.99639E-05
0.602691 0.056873 9.9973E-05 9.9973E-05 0.340136 9.9973E-05
0.63319 0.0258834 9.9991E-05 0.0115585 0.313254 0.0160141
0.73224 9.9964E-05 9.9964E-05 9.9964E-05 0.26736 9.9964E-05
9.9973E-05 0.0180658 9.9973E-05 9.9973E-05 0.978744 0.00289061
0.307199 9.9964E-05 9.9964E-05 9.9964E-05 0.692401 9.9964E-05
0.0496485 9.9964E-05 9.9964E-05 9.9964E-05 0.949952 9.9964E-05
0.45268 9.9973E-05 9.9973E-05 9.9973E-05 0.543118 0.00390207
0.092372 0.772393 0.010272 9.9982E-05 0.124763 9.9982E-05
9.9982E-05 0.0542385 9.9982E-05 0.000745044 0.944238 0.000578862
0.479088 0.133142 9.9982E-05 9.9982E-05 0.319514 0.0680563
0.477556 0.0620925 0.0217152 0.00552921 0.433007 9.9991E-05
0.0448484 0.0955682 0.0200363 9.9982E-05 9.9982E-05 0.839347
0.302457 9.9964E-05 9.9964E-05 9.9964E-05 0.697144 9.9964E-05
0.0442013 9.9973E-05 0.00225432 9.9973E-05 0.953244 9.9973E-05
9.996E-05 9.996E-05 9.996E-05 9.996E-05 0.9995 9.996E-05
0.707695 0.0919671 0.0230424 9.9982E-05 0.177096 9.9982E-05
9.996E-05 9.996E-05 0.9995 9.996E-05 9.996E-05 9.996E-05
0.772469 0.045607 0.0141346 0.00383253 0.163857 9.9991E-05
0.115321 9.9982E-05 0.00173013 9.9982E-05 0.844121 0.0386283
9.9982E-05 0.0536265 9.9982E-05 0.00078352 0.927142 0.0182478
0.708261 9.9982E-05 0.000736427 9.9982E-05 0.281822 0.00898002
9.996E-05 9.996E-05 0.9995 9.996E-05 9.996E-05 9.996E-05
9.9982E-05 0.328096 0.0282376 0.00362364 9.9982E-05 0.639843
0.24543 9.9973E-05 0.00157214 9.9973E-05 0.752698 9.9973E-05
0.148027 9.9964E-05 9.9964E-05 9.9964E-05 0.851573 9.9964E-05
0.625418 9.9973E-05 9.9973E-05 9.9973E-05 0.371954 0.00232881
9.9973E-05 0.0134373 9.9973E-05 9.9973E-05 0.968543 0.0177196
0.393207 0.523058 0.044669 9.9982E-05 0.0388657 9.9982E-05
0.0125604 0.191377 0.501766 0.0967896 0.0531505 0.144357
0.043269 9.9982E-05 9.9982E-05 0.0050319 0.910706 0.0407936
0.358958 9.99639E-05 9.99639E-05 9.99639E-05 0.640642 9.99639E-05
9.996E-05 9.996E-05 9.996E-05 9.996E-05 9.996E-05 0.9995
0.089219 9.9973E-05 0.00424949 9.9973E-05 0.906232 9.9973E-05
0.427767 9.9964E-05 9.9964E-05 9.9964E-05 0.571833 9.9964E-05
0.0997717 9.9964E-05 9.9964E-05 9.9964E-05 0.899828 9.9964E-05
0.55717 0.134843 9.9982E-05 0.016316 0.291471 9.9982E-05
0.511336 0.162547 0.00618658 9.9982E-05 0.31973 9.9982E-05
0.464229 0.308424 9.9982E-05 9.9982E-05 0.226988 0.000159263
0.296565 0.635471 9.9982E-05 0.00759808 0.0601665 9.9982E-05
0.267114 9.9973E-05 9.9973E-05 9.9973E-05 0.715979 0.0166065
0.0500023 9.9982E-05 0.00213868 9.9982E-05 0.943721 0.0039382
0.192667 9.9982E-05 0.0172593 9.9982E-05 0.772705 0.017169
9.9991E-05 0.0769481 0.847823 0.0656238 0.000441419 0.00906382
9.9973E-05 0.0637947 9.9973E-05 9.9973E-05 0.905199 0.030706
0.0214442 9.9973E-05 0.963661 0.0145952 9.9973E-05 9.9973E-05
0.218349 9.9973E-05 9.9973E-05 9.9973E-05 0.778475 0.00287565
9.99639E-05 9.99639E-05 9.99639E-05 9.99639E-05 0.0381979 0.961402
0.771546 0.0540814 9.9973E-05 9.9973E-05 0.174072 9.9973E-05
0.568345 0.268591 9.9982E-05 0.00416336 0.158701 9.9982E-05
0.623424 0.128779 9.9991E-05 0.0419589 0.178108 0.0276297
0.327997 9.9973E-05 9.9973E-05 9.9973E-05 0.668409 0.00329424
0.421232 0.258701 0.0373058 0.000420564 0.277759 0.004581
9.9964E-05 0.0148574 9.9964E-05 9.9964E-05 0.984743 9.9964E-05
0.421207 9.9991E-05 0.0107951 0.00411104 0.555785 0.00800158
9.9991E-05 0.662291 0.0109508 0.0161265 0.302701 0.00783114
0.104261 0.106353 0.0111405 9.9982E-05 0.778046 9.9982E-05
0.0880153 0.0245893 9.9982E-05 0.0159334 0.871262 9.9982E-05
9.99729E-05 9.99729E-05 0.00588796 9.99729E-05 0.0393312 0.954481
0.134912 0.703865 9.9982E-05 9.9982E-05 0.100323 0.0607001
0.0126153 9.9964E-05 9.9964E-05 9.9964E-05 9.9964E-05 0.986985
0.22988 9.9973E-05 0.00354596 9.9973E-05 0.766274 9.9973E-05
0.0498892 0.643834 9.9991E-05 0.0024946 0.233217 0.0704653
0.00235422 0.701064 0.00791224 9.9991E-05 0.261837 0.0267324
0.162102 9.9973E-05 0.0187852 9.9973E-05 0.818812 9.9973E-05
9.996E-05 9.996E-05 9.996E-05 9.996E-05 0.9995 9.996E-05
9.9964E-05 9.9964E-05 0.992958 9.9964E-05 9.9964E-05 0.0066417
0.184326 0.789258 9.9973E-05 9.9973E-05 9.9973E-05 0.0261164
0.191166 9.9973E-05 0.00139605 9.9973E-05 0.807138 9.9973E-05
9.9991E-05 0.386146 0.0454171 0.0294044 0.133915 0.405018
9.9964E-05 0.0544749 9.9964E-05 9.9964E-05 0.945125 9.9964E-05
9.996E-05 9.996E-05 9.996E-05 0.9995 9.996E-05 9.996E-05
0.0293336 0.0321805 0.012253 0.0088807 0.917252 9.9991E-05
9.9982E-05 0.211387 0.0210646 0.628732 0.138617 9.9982E-05
0.666178 0.0348796 0.0284529 0.0123121 0.248093 0.0100845
9.9964E-05 0.0625492 9.9964E-05 9.9964E-05 0.937051 9.9964E-05
9.9964E-05 9.9964E-05 9.9964E-05 0.0120278 0.987572 9.9964E-05
0.286895 0.680244 9.9982E-05 9.9982E-05 0.0214102 0.0112505
9.9964E-05 0.112853 9.9964E-05 9.9964E-05 0.886747 9.9964E-05
0.025494 9.9964E-05 9.9964E-05 9.9964E-05 9.9964E-05 0.974106
9.9973E-05 9.9973E-05 0.00280593 9.9973E-05 0.989775 0.00711901
9.996E-05 9.996E-05 9.996E-05 0.9995 9.996E-05 9.996E-05
9.996E-05 9.996E-05 9.996E-05 9.996E-05 0.9995 9.996E-05
0.550051 0.154619 9.9982E-05 9.9982E-05 0.273842 0.0212886
0.452752 0.0786459 0.0116535 0.0112936 0.445555 9.9991E-05
0.26487 0.672943 9.9973E-05 9.9973E-05 0.0618871 9.9973E-05
0.218845 0.424059 0.0211892 0.014423 0.321384 9.9991E-05
0.123789 0.684889 0.0593147 9.9991E-05 0.130543 0.00136468
9.996E-05 9.996E-05 9.996E-05 9.996E-05 0.9995 9.996E-05
0.495481 9.9982E-05 0.00375713 9.9982E-05 0.448204 0.0523571
0.0431726 9.9964E-05 9.9964E-05 9.9964E-05 0.956428 9.9964E-05
0.360654 0.246523 0.0314029 9.9991E-05 0.312674 0.0486449
0.521252 0.386468 9.9982E-05 0.00361555 0.0884642 9.9982E-05
0.0311002 0.0407903 9.9991E-05 0.0060195 0.907642 0.0143479
0.40069 9.9964E-05 9.9964E-05 9.9964E-05 0.59891 9.9964E-05
0.172481 9.9982E-05 0.0105114 9.9982E-05 0.813121 0.00368645
9.9964E-05 0.0731779 9.9964E-05 9.9964E-05 0.926422 9.9964E-05
9.9991E-05 0.547594 0.0165091 0.0227641 0.369581 0.0434514
0.411188 0.168937 0.00388885 9.9982E-05 0.415786 9.9982E-05
0.240316 0.260384 9.9991E-05 0.0113243 0.476537 0.011339
0.0375121 0.0463473 0.00512767 0.894232 9.9991E-05 0.0166812
9.9973E-05 0.097769 9.9973E-05 9.9973E-05 0.895808 0.00612339
9.9964E-05 0.0345819 9.9964E-05 9.9964E-05 0.965018 9.9964E-05
0.0529566 9.9973E-05 9.9973E-05 0.00899533 0.937748 9.9973E-05
9.99639E-05 9.99639E-05 9.99639E-05 9.99639E-05 0.00678256 0.992818
0.170982 0.0355252 9.9991E-05 0.00438842 0.782294 0.00670959
0.185679 0.707751 9.9973E-05 9.9973E-05 0.10627 9.9973E-05
0.444632 0.0331974 0.00876372 9.9991E-05 0.503623 0.00968444
9.9982E-05 0.00392566 0.00131449 0.00837698 0.986183 9.9982E-05
0.035999 0.0861603 9.9982E-05 9.9982E-05 0.87135 0.00629116
9.9964E-05 0.00342141 9.9964E-05 9.9964E-05 0.996179 9.9964E-05
0.257493 0.62232 0.0313952 9.9982E-05 0.0885922 9.9982E-05
9.9991E-05 0.0894722 0.0296955 0.801019 0.0341166 0.045597
0.230769 0.768831 9.9964E-05 9.9964E-05 9.9964E-05 9.9964E-05
0.344863 9.9973E-05 0.0232999 9.9973E-05 0.631538 9.9973E-05
9.9982E-05 0.0135831 0.0200976 0.960434 9.9982E-05 0.0056849
0.231392 0.0596981 9.9991E-05 0.0115312 0.658789 0.0384899
0.571533 9.9964E-05 9.9964E-05 9.9964E-05 0.428068 9.9964E-05
9.9991E-05 0.0889078 0.00823045 0.000590529 0.880661 0.0215107
9.9964E-05 0.0122627 9.9964E-05 9.9964E-05 0.987337 9.9964E-05
9.9982E-05 0.0387977 0.0132085 0.000548712 0.947245 9.9982E-05
0.224735 0.22819 9.9973E-05 9.9973E-05 0.546774 9.9973E-05
9.99639E-05 9.99639E-05 9.99639E-05 9.99639E-05 0.064744 0.934856
9.996E-05 9.996E-05 9.996E-05 9.996E-05 0.9995 9.996E-05
0.603227 0.30608 9.9973E-05 9.9973E-05 0.0903927 9.9973E-05
0.429976 9.9964E-05 9.9964E-05 9.9964E-05 0.569624 9.9964E-05
9.9973E-05 9.9973E-05 9.9973E-05 0.00626625 0.0129951 0.980439
0.423259 0.497457 9.9973E-05 9.9973E-05 0.0789843 9.9973E-05
9.9991E-05 0.768361 0.00515957 0.0380825 0.181259 0.00703741
0.445953 0.250663 0.00241681 9.9991E-05 0.262173 0.0386938
9.9964E-05 9.9964E-05 9.9964E-05 9.9964E-05 0.0849913 0.914609
0.392792 9.9964E-05 9.9964E-05 9.9964E-05 0.606808 9.9964E-05
9.996E-05 9.996E-05 9.996E-05 0.9995 9.996E-05 9.996E-05
0.305718 9.9973E-05 0.00734842 9.9973E-05 0.686634 9.9973E-05
0.0375861 9.9973E-05 0.0143828 9.9973E-05 0.947731 9.9973E-05
0.0156566 9.9964E-05 9.9964E-05 0.983944 9.9964E-05 9.9964E-05
0.088574 9.9964E-05 9.9964E-05 9.9964E-05 0.911026 9.9964E-05
0.0217601 0.0326198 0.903521 0.0077087 0.0187806 0.0156098
0.559001 0.0833993 0.0144704 9.9982E-05 0.342929 9.9982E-05
9.9973E-05 0.0231385 9.9973E-05 9.9973E-05 0.94125 0.0353115
0.188779 0.663907 9.9982E-05 9.9982E-05 0.06541 0.0817043
0.177999 0.0213898 0.00391857 0.0178084 0.778784 9.9991E-05
9.9973E-05 0.0541818 0.0222497 0.923269 9.9973E-05 9.9973E-05
0.491451 0.108934 9.9991E-05 0.0136236 0.38317 0.00272092
