9.9982E-05 0.802205 9.9982E-05 0.197595
9.9982E-05 0.988858 0.0109421 9.9982E-05
0.0135366 0.986263 9.9982E-05 9.9982E-05
0.00459333 0.77269 0.0123974 0.210319
0.0704856 0.40902 0.0194699 0.501024
0.123359 0.460405 0.134302 0.281935
0.0630867 0.365936 0.00451261 0.566465
0.0380841 0.309558 0.0445336 0.607824
9.9982E-05 0.968331 0.0314689 9.9982E-05
9.9982E-05 0.905255 9.9982E-05 0.0945455
9.9982E-05 0.429793 9.9982E-05 0.570007
0.010993 0.318019 9.9991E-05 0.670888
9.9982E-05 0.448531 9.9982E-05 0.551269
0.12369 0.448238 0.14765 0.280422
9.9982E-05 0.735303 9.9982E-05 0.264497
0.0347412 0.641714 0.0522801 0.271264
9.9982E-05 0.366079 9.9982E-05 0.633721
0.161335 0.361132 0.477434 9.9991E-05
9.9982E-05 0.972654 0.0271459 9.9982E-05
0.0583165 0.327301 0.0677744 0.546608
0.0123199 0.978111 9.9991E-05 0.00946882
9.9982E-05 0.413827 9.9982E-05 0.585973
9.9982E-05 0.490375 9.9982E-05 0.509425
0.905553 0.00716427 9.9991E-05 0.0871823
9.9982E-05 0.525816 9.9982E-05 0.473984
0.00879834 0.403421 0.0316577 0.556123
0.00788336 0.983363 9.9991E-05 0.00865384
9.9982E-05 0.899884 9.9982E-05 0.0999159
9.998E-05 0.9997 9.998E-05 9.998E-05
0.137654 0.403925 0.0973213 0.3611
0.00145697 0.991703 0.00673981 9.9991E-05
0.00112508 0.997629 0.0011464 9.9991E-05
0.0897259 0.414398 0.120643 0.375232
0.0167233 0.983077 9.9982E-05 9.9982E-05
9.9991E-05 0.413213 0.0611391 0.525548
9.9982E-05 0.78155 9.9982E-05 0.21825
0.0311317 0.259776 0.02982 0.679272
0.0817454 0.209755 0.0905425 0.617957
0.0350486 0.411334 9.9991E-05 0.553518
0.128959 0.350369 0.12374 0.396931
0.00820333 0.981204 0.010493 9.9991E-05
9.9982E-05 0.89051 9.9982E-05 0.10929
9.9991E-05 0.879908 0.00199342 0.117998
0.00599052 0.855165 0.0228148 0.11603
0.126251 0.0316501 0.841999 9.9991E-05
9.9982E-05 0.935531 9.9982E-05 0.0642688
9.9982E-05 0.976464 9.9982E-05 0.0233356
0.131834 0.0201347 0.847931 9.9991E-05
9.9982E-05 0.804283 9.9982E-05 0.195517
9.9982E-05 0.604142 9.9982E-05 0.395658
9.9982E-05 0.860575 9.9982E-05 0.139225
9.9982E-05 0.715235 9.9982E-05 0.284565
0.12243 0.723352 0.129128 0.0250905
0.0647205 0.515089 9.9991E-05 0.420091
0.0850332 0.852275 0.0625919 9.9991E-05
9.998E-05 0.9997 9.998E-05 9.998E-05
9.9982E-05 0.985119 0.014681 9.9982E-05
0.010952 0.85249 9.9991E-05 0.136458
9.9982E-05 0.877194 9.9982E-05 0.122606
9.998E-05 0.9997 9.998E-05 9.998E-05
0.899249 0.00404501 0.0139824 0.082724
0.00904882 0.978064 0.0127875 9.9991E-05
0.044586 0.502267 0.0181587 0.434988
9.998E-05 0.9997 9.998E-05 9.998E-05
9.9982E-05 0.990953 0.0088471 9.9982E-05
9.9982E-05 0.797921 9.9982E-05 0.201879
9.9982E-05 0.79225 9.9982E-05 0.20755
0.018917 0.323833 9.9991E-05 0.65715
0.134373 0.0146072 0.85092 9.9991E-05
0.0348638 0.452344 0.0051854 0.507607
0.0548645 0.887878 0.0571578 9.9991E-05
0.00297129 0.921431 0.00259655 0.0730009
0.045835 0.953965 9.9982E-05 9.9982E-05
9.998E-05 0.9997 9.998E-05 9.998E-05
9.9982E-05 0.957277 0.0425225 9.9982E-05
9.998E-05 0.9997 9.998E-05 9.998E-05
0.0339206 0.38977 9.9991E-05 0.576209
9.9982E-05 0.992473 9.9982E-05 0.00732682
0.753921 0.0875442 0.0446938 0.113841
0.00136683 0.733819 9.9991E-05 0.264714
9.9991E-05 0.986043 0.0065013 0.00735572
0.185308 0.2565 0.494563 0.0636294
0.133112 0.698392 0.148823 0.0196725
0.00385263 0.560725 0.0455228 0.389899
9.9991E-05 0.898036 0.0163049 0.0855591
0.0249802 0.97482 9.9982E-05 9.9982E-05
9.998E-05 9.998E-05 0.9997 9.998E-05
9.9982E-05 0.721159 9.9982E-05 0.278641
9.9982E-05 0.75604 9.9982E-05 0.24376
9.9982E-05 0.427933 9.9982E-05 0.571867
9.9982E-05 0.382715 9.9982E-05 0.617085
9.9982E-05 0.32045 9.9982E-05 0.67935
0.00857324 0.991227 9.9982E-05 9.9982E-05
9.9982E-05 0.758726 9.9982E-05 0.241074
9.9982E-05 0.962703 9.9982E-05 0.0370966
9.9982E-05 0.595534 9.9982E-05 0.404266
0.113489 0.403759 0.133979 0.348773
0.00774455 0.983327 0.00882817 9.9991E-05
0.0703556 0.424956 9.9991E-05 0.504588
9.9991E-05 0.499456 0.0186676 0.481777
0.909717 9.9991E-05 0.010772 0.079411
9.9982E-05 0.997074 9.9982E-05 0.00272569
9.998E-05 0.9997 9.998E-05 9.998E-05
9.9982E-05 0.278563 9.9982E-05 0.721237
0.12703 0.0239463 0.848924 9.9991E-05
9.9982E-05 0.271766 9.9982E-05 0.728034
0.040937 0.865635 9.9991E-05 0.0933275
0.0351704 0.961615 0.003115 9.9991E-05
9.9982E-05 0.346886 9.9982E-05 0.652914
0.125095 0.0168872 0.857918 9.9991E-05
0.752436 0.0904732 0.0721207 0.08497
9.9982E-05 0.783685 9.9982E-05 0.216115
9.9982E-05 0.895594 9.9982E-05 0.104206
9.9982E-05 0.419688 9.9982E-05 0.580112
0.0238903 0.97591 9.9982E-05 9.9982E-05
0.056379 0.282851 0.0936565 0.567114
0.244585 0.134708 0.572863 0.047844
0.0437154 0.931947 9.9991E-05 0.0242376
9.9982E-05 0.687567 9.9982E-05 0.312233
0.9997 9.998E-05 9.998E-05 9.998E-05
9.9982E-05 0.927861 9.9982E-05 0.0719386
9.9982E-05 0.642537 9.9982E-05 0.357263
9.9982E-05 0.945912 9.9982E-05 0.0538876
9.9991E-05 0.398658 0.00780129 0.59344
9.9991E-05 0.428524 0.0105593 0.560816
0.0497682 0.378731 0.0267283 0.544772
0.0570813 0.333722 0.0988783 0.510318
9.9982E-05 0.778607 9.9982E-05 0.221193
0.00529583 0.96966 9.9991E-05 0.0249446
0.013017 0.832146 0.00173726 0.1531
0.133709 0.0643301 0.801861 9.9991E-05
0.0540681 0.945732 9.9982E-05 9.9982E-05
0.162101 0.0231477 0.814651 9.9991E-05
9.9982E-05 0.833251 9.9982E-05 0.166549
0.961984 0.0378163 9.99819E-05 9.99819E-05
9.9982E-05 0.272588 9.9982E-05 0.727212
0.00463756 0.304781 0.0203844 0.670197
0.0208662 0.297959 0.0167952 0.664379
9.9982E-05 0.719166 9.9982E-05 0.280634
0.0345413 0.423588 0.0569115 0.484959
0.000217934 0.999582 9.9982E-05 9.9982E-05
9.9982E-05 0.623767 9.9982E-05 0.376033
0.145198 0.588257 0.150448 0.116098
0.0164435 0.806096 0.0346034 0.142857
0.0130784 0.932747 0.00641409 0.0477602
0.979739 0.0200615 9.9982E-05 9.9982E-05
0.162424 0.374209 0.111683 0.351685
0.998785 9.9982E-05 9.9982E-05 0.00101499
9.9982E-05 0.823255 9.9982E-05 0.176545
0.166896 0.454119 0.115073 0.263911
0.164579 0.482793 0.133806 0.218822
9.9991E-05 0.871399 0.00378351 0.124718
9.998E-05 0.9997 9.998E-05 9.998E-05
0.158955 0.0141845 0.826761 9.9991E-05
0.173804 0.260728 0.101296 0.464172
9.9982E-05 0.848992 9.9982E-05 0.150808
0.537595 0.332076 0.130228 9.9991E-05
0.00338298 0.986033 0.0104838 9.9991E-05
9.998E-05 9.998E-05 0.9997 9.998E-05
0.00209507 0.936229 0.02431 0.0373657
0.0119672 0.244384 0.721366 0.0222829
9.9991E-05 0.334728 0.00905658 0.656116
0.0184712 0.968296 0.0131327 9.9991E-05
9.9982E-05 0.991096 0.00870359 9.9982E-05
0.104493 0.297165 0.0878684 0.510474
0.0191481 0.961626 0.0191263 9.9991E-05
0.978608 9.9982E-05 9.9982E-05 0.0211922
0.0132858 0.986514 9.9982E-05 9.9982E-05
9.998E-05 9.998E-05 0.9997 9.998E-05
9.998E-05 0.9997 9.998E-05 9.998E-05
0.0402204 0.373037 9.9991E-05 0.586642
9.9991E-05 0.534884 0.0154132 0.449603
0.0996339 0.340674 0.0777271 0.481965
0.0707612 0.492317 0.0924235 0.344498
0.115897 0.394449 0.138929 0.350725
9.998E-05 0.9997 9.998E-05 9.998E-05
0.0171679 0.539925 9.9991E-05 0.442807
9.9991E-05 0.976597 0.00393257 0.01937
0.109784 0.445032 0.0357723 0.409412
0.0436893 0.294374 0.0174008 0.644536
0.0244894 0.93103 0.0158071 0.0286738
9.9982E-05 0.673693 9.9982E-05 0.326107
0.00735883 0.859578 9.9991E-05 0.132963
0.0171719 0.971428 9.9991E-05 0.0112996
0.163148 0.626765 0.137381 0.0727058
0.00617214 0.5343 0.0243684 0.435159
0.0400883 0.578873 0.0529396 0.328099
9.9982E-05 9.9982E-05 0.945131 0.0546689
0.0299592 0.957348 0.0125923 9.9991E-05
0.00184882 0.997951 9.9982E-05 9.9982E-05
9.9991E-05 0.936639 0.0122117 0.0510491
0.9997 9.998E-05 9.998E-05 9.998E-05
0.00590079 0.843108 9.9991E-05 0.150891
0.0985544 0.363783 0.0910482 0.446614
0.00144767 0.57237 9.9991E-05 0.426083
9.9982E-05 0.988106 0.0116939 9.9982E-05
0.0170499 0.916414 0.00535264 0.0611832
9.998E-05 0.9997 9.998E-05 9.998E-05
0.0849868 0.341938 0.115416 0.457659
0.0245424 0.0691951 0.868932 0.0373305
0.0919573 0.264091 0.123042 0.520909
9.9982E-05 0.699241 9.9982E-05 0.300559
9.998E-05 9.998E-05 0.9997 9.998E-05
0.0444199 0.754113 0.0012315 0.200236
9.9982E-05 0.477596 9.9982E-05 0.522204
0.0451443 0.926864 0.0278916 9.9991E-05
9.9982E-05 0.995586 0.00421363 9.9982E-05
0.0067347 0.974359 0.0188066 9.9991E-05
0.0400704 0.649797 0.0223503 0.287782
0.965232 0.034568 9.99819E-05 9.99819E-05
0.00242662 0.997373 9.9982E-05 9.9982E-05
0.0306428 0.271649 9.9991E-05 0.697608
9.9982E-05 0.628204 9.9982E-05 0.371596
0.982319 0.0174811 9.9982E-05 9.9982E-05
0.0712908 0.289985 0.0382118 0.600513
0.124181 0.478287 0.18046 0.217072
0.0629507 0.40666 9.9991E-05 0.53029
0.932492 0.0673085 9.9982E-05 9.9982E-05
9.9982E-05 0.668452 9.9982E-05 0.331349
9.998E-05 9.998E-05 0.9997 9.998E-05
9.9982E-05 0.71399 9.9982E-05 0.28581
9.9991E-05 0.986018 0.00503681 0.00884539
9.998E-05 9.998E-05 0.9997 9.998E-05
9.9982E-05 0.956281 9.9982E-05 0.0435187
0.139023 0.0684367 0.783955 0.00858471
9.9982E-05 0.434215 9.9982E-05 0.565585
0.0308704 0.968059 9.9991E-05 0.000970985
0.163309 0.329575 0.0977758 0.40934
9.9991E-05 0.814559 0.0131249 0.172216
9.9982E-05 0.0173207 0.982479 9.9982E-05
0.0140306 0.487957 9.9991E-05 0.497913
