0.0179885 9.9973E-05 0.00973397 0.637015 9.9973E-05 9.9973E-05 0.334962
9.9955E-05 9.9955E-05 9.9955E-05 0.956046 0.043454 9.9955E-05 9.9955E-05
9.9964E-05 9.9964E-05 9.9964E-05 0.960487 9.9964E-05 0.019226 0.0198877
0.00199834 0.0179177 9.9982E-05 0.59125 0.053203 9.9982E-05 0.335431
0.000776039 9.9991E-05 0.156287 0.146281 0.270529 0.0293187 0.396708
0.0019029 9.9982E-05 9.9982E-05 0.20296 0.719333 0.00761152 0.0679922
9.9973E-05 9.9973E-05 0.507299 0.133811 0.298035 9.9973E-05 0.0605548
9.9964E-05 9.9964E-05 0.143884 9.9964E-05 0.333157 9.9964E-05 0.522559
0.0146381 0.00711307 0.0205933 0.915032 0.00204135 0.00869364 0.031888
9.9955E-05 9.9955E-05 9.9955E-05 0.748329 9.9955E-05 9.9955E-05 0.251171
0.0213377 9.9982E-05 0.349355 0.197182 9.9982E-05 0.020001 0.411925
0.00287518 9.9991E-05 0.294845 0.0221084 0.105408 0.0116254 0.563038
9.9982E-05 0.00561699 0.302827 0.23041 0.0110117 9.9982E-05 0.449934
9.9973E-05 9.9973E-05 0.0294376 0.153023 0.81219 9.9973E-05 0.00504922
0.00598029 9.9964E-05 9.9964E-05 0.490818 9.9964E-05 9.9964E-05 0.502802
9.9982E-05 0.00343472 0.0590143 0.445136 0.293365 9.9982E-05 0.198849
9.9973E-05 9.9973E-05 0.608353 0.16306 0.0586286 9.9973E-05 0.169658
0.43048 0.0244987 9.9982E-05 0.205077 0.323517 0.0162264 9.9982E-05
9.9964E-05 0.00595799 9.9964E-05 0.962259 0.0313833 9.9964E-05 9.9964E-05
0.00545629 0.025751 0.389466 0.0657263 0.270689 0.0242851 0.218626
9.9973E-05 0.0021277 9.9973E-05 0.918933 9.9973E-05 0.00398814 0.0746509
9.9973E-05 9.9973E-05 0.401665 0.188529 9.9973E-05 0.0124816 0.397025
9.9982E-05 9.9982E-05 0.122052 0.218689 0.0715267 0.0181561 0.569377
0.011212 9.9982E-05 0.00110853 9.9982E-05 0.00876518 0.904895 0.0738197
9.9973E-05 9.9973E-05 0.229819 0.274607 9.9973E-05 0.0137824 0.481492
0.00468788 9.9982E-05 0.316497 0.143392 0.202177 9.9982E-05 0.333047
0.0081831 9.9973E-05 9.9973E-05 0.875222 9.9973E-05 0.00070367 0.115591
9.9955E-05 9.9955E-05 9.9955E-05 0.746379 9.9955E-05 9.9955E-05 0.253121
9.9955E-05 9.9955E-05 9.9955E-05 0.98593 9.9955E-05 9.9955E-05 0.0135703
9.9982E-05 9.9982E-05 0.0833102 0.126995 0.676688 0.00317468 0.109632
9.9955E-05 9.9955E-05 9.9955E-05 0.952359 0.0471415 9.9955E-05 9.9955E-05
9.9964E-05 9.9964E-05 0.00351739 0.972993 0.0230896 9.9964E-05 9.9964E-05
9.9964E-05 9.9964E-05 0.17601 0.142055 0.681534 9.9964E-05 9.9964E-05
9.9964E-05 9.9964E-05 9.9964E-05 0.966849 0.0183336 0.0144178 9.9964E-05
9.9982E-05 0.0104036 0.392904 0.162386 0.260311 9.9982E-05 0.173795
9.9955E-05 9.9955E-05 9.9955E-05 0.532261 9.9955E-05 9.9955E-05 0.467239
9.9982E-05 0.0190484 0.456916 9.9982E-05 0.170202 0.0197527 0.333881
0.00671138 9.9973E-05 0.415658 9.9973E-05 0.472414 9.9973E-05 0.104918
9.999E-05 0.00640953 0.15668 0.101015 0.0618489 0.0543275 0.619619
9.9982E-05 9.9982E-05 0.0180911 0.0469367 0.736184 0.00666679 0.191921
9.9973E-05 0.00756471 0.00423154 0.975095 9.9973E-05 0.0128086 9.9973E-05
9.9964E-05 9.9964E-05 0.0182657 0.787426 9.9964E-05 9.9964E-05 0.193909
0.000424522 0.00785822 9.9973E-05 0.722825 9.9973E-05 9.9973E-05 0.268592
0.0210221 9.9973E-05 9.9973E-05 0.680807 0.0720758 9.9973E-05 0.225796
0.9994 9.995E-05 9.995E-05 9.995E-05 9.995E-05 9.995E-05 9.995E-05
9.9973E-05 9.9973E-05 0.103828 0.886784 0.00502561 9.9973E-05 0.00406251
9.9955E-05 9.9955E-05 9.9955E-05 0.848514 9.9955E-05 9.9955E-05 0.150986
0.9994 9.995E-05 9.995E-05 9.995E-05 9.995E-05 9.995E-05 9.995E-05
9.99549E-05 9.99549E-05 9.99549E-05 0.582059 9.99549E-05 9.99549E-05 0.417441
9.9973E-05 0.0100258 0.148027 0.380085 9.9973E-05 9.9973E-05 0.461563
9.9955E-05 9.9955E-05 9.9955E-05 0.683981 9.9955E-05 9.9955E-05 0.315519
9.9955E-05 9.9955E-05 9.9955E-05 0.516084 9.9955E-05 9.9955E-05 0.483416
0.0263447 0.0188772 9.9982E-05 0.533917 0.420344 0.000318056 9.9982E-05
9.9973E-05 9.9973E-05 9.9973E-05 0.184101 0.216964 0.0509698 0.547665
9.9973E-05 0.0301128 9.9973E-05 0.795686 0.136908 0.0369936 9.9973E-05
0.00351776 9.9964E-05 9.9964E-05 0.901532 9.9964E-05 9.9964E-05 0.0945506
0.00118712 9.9973E-05 0.00587599 0.967543 0.0250938 9.9973E-05 9.9973E-05
0.00658467 9.9964E-05 9.9964E-05 0.710844 9.9964E-05 9.9964E-05 0.282171
9.9955E-05 9.9955E-05 9.9955E-05 0.712577 9.9955E-05 9.9955E-05 0.286924
9.9955E-05 9.9955E-05 9.9955E-05 0.961257 9.9955E-05 9.9955E-05 0.0382434
9.99731E-05 0.00876687 0.0781973 9.99731E-05 0.0640069 0.848729 9.99731E-05
9.9973E-05 0.0107272 0.0287971 0.95352 9.9973E-05 0.00665624 9.9973E-05
9.9991E-05 0.0212455 0.0271609 0.192855 0.165492 0.0296064 0.56354
0.00415009 9.9973E-05 0.016321 0.954547 9.9973E-05 9.9973E-05 0.0246825
9.9964E-05 0.00148325 9.9964E-05 0.99352 0.00459707 9.9964E-05 9.9964E-05
0.000917328 9.9973E-05 0.000821783 0.647601 9.9973E-05 9.9973E-05 0.35036
9.9964E-05 9.9964E-05 0.00835353 0.631736 9.9964E-05 9.9964E-05 0.359511
9.9973E-05 9.9973E-05 0.745931 0.190449 9.9973E-05 0.00714674 0.056174
0.9994 9.995E-05 9.995E-05 9.995E-05 9.995E-05 9.995E-05 9.995E-05
9.9973E-05 9.9973E-05 9.9973E-05 0.0926607 0.278698 0.00152534 0.626816
0.0116624 0.0178361 9.9982E-05 0.825969 0.120024 0.0243076 9.9982E-05
9.9973E-05 0.00733348 9.9973E-05 0.795758 9.9973E-05 0.00734294 0.189265
9.9964E-05 9.9964E-05 9.9964E-05 0.946889 0.0175413 0.0351695 9.9964E-05
0.000238683 0.00196341 9.9964E-05 0.997398 9.9964E-05 9.9964E-05 9.9964E-05
0.0280364 0.00195965 0.0144686 0.918263 0.037072 9.9982E-05 9.9982E-05
9.9973E-05 0.00243107 0.00051274 0.973233 9.9973E-05 9.9973E-05 0.0235237
9.9982E-05 9.9982E-05 0.377285 0.10476 0.213713 0.00550804 0.298533
9.9964E-05 9.9964E-05 0.0108758 0.940541 9.9964E-05 9.9964E-05 0.0481833
0.0207528 9.9982E-05 0.0804744 0.00679789 0.222136 0.669639 9.9982E-05
9.9964E-05 9.9964E-05 9.9964E-05 0.52543 9.9964E-05 0.023973 0.450197
0.00547314 0.00553622 9.9982E-05 0.905983 9.9982E-05 0.00254306 0.0802649
0.384757 0.076975 0.00801682 0.10494 0.367604 0.057607 9.9991E-05
0.0402393 0.00641216 9.9982E-05 0.454332 0.495561 0.00325518 9.9982E-05
0.00102596 9.9973E-05 9.9973E-05 0.25396 0.317853 9.9973E-05 0.426861
0.00247467 0.00644383 9.9982E-05 0.776939 0.018528 9.9982E-05 0.195415
9.9964E-05 9.9964E-05 9.9964E-05 0.963594 0.0236067 0.0123989 9.9964E-05
9.995E-05 0.9994 9.995E-05 9.995E-05 9.995E-05 9.995E-05 9.995E-05
0.00429495 9.99639E-05 9.99639E-05 0.502847 9.99639E-05 9.99639E-05 0.492458
9.99549E-05 9.99549E-05 9.99549E-05 0.518292 9.99549E-05 9.99549E-05 0.481208
9.9973E-05 9.9973E-05 0.298432 0.147885 0.0453815 9.9973E-05 0.508002
9.9982E-05 0.00140551 0.359661 0.122545 9.9982E-05 0.0219215 0.494267
9.9964E-05 9.9964E-05 0.572081 0.100122 9.9964E-05 9.9964E-05 0.327398
9.9964E-05 9.9964E-05 9.9964E-05 0.974351 0.0175706 0.00767898 9.9964E-05
9.9955E-05 9.9955E-05 9.9955E-05 0.509156 9.9955E-05 9.9955E-05 0.490344
9.9955E-05 9.9955E-05 9.9955E-05 0.881678 9.9955E-05 9.9955E-05 0.117822
9.9964E-05 9.9964E-05 9.9964E-05 0.341022 0.0413035 9.9964E-05 0.617275
0.00448893 9.9982E-05 0.100543 0.102521 0.749142 9.9982E-05 0.0431047
9.9964E-05 9.9964E-05 9.9964E-05 0.956255 0.0429428 0.000401926 9.9964E-05
9.9982E-05 9.9982E-05 0.097042 0.114928 0.175187 0.0624772 0.550166
0.0106716 0.0101152 0.0408121 0.191683 0.131905 9.9991E-05 0.614713
0.0200081 9.9973E-05 0.072562 9.9973E-05 0.0555857 0.851544 9.9973E-05
9.9964E-05 9.9964E-05 0.0221872 0.95587 9.9964E-05 9.9964E-05 0.0215429
9.995E-05 9.995E-05 9.995E-05 0.9994 9.995E-05 9.995E-05 9.995E-05
0.0330965 9.9973E-05 0.502689 0.0415389 9.9973E-05 9.9973E-05 0.422375
0.9994 9.995E-05 9.995E-05 9.995E-05 9.995E-05 9.995E-05 9.995E-05
0.0146305 9.9973E-05 0.769187 0.0428881 9.9973E-05 9.9973E-05 0.172995
9.9964E-05 9.9964E-05 9.9964E-05 0.748137 9.9964E-05 0.027614 0.22385
9.9973E-05 0.00535063 9.9973E-05 0.926817 0.0508776 0.016655 9.9973E-05
9.9964E-05 9.9964E-05 0.404475 0.101987 9.9964E-05 9.9964E-05 0.493138
0.9994 9.995E-05 9.995E-05 9.995E-05 9.995E-05 9.995E-05 9.995E-05
0.0277618 9.9964E-05 9.9964E-05 9.9964E-05 0.340111 0.631727 9.9964E-05
9.9964E-05 9.9964E-05 0.10221 0.659498 9.9964E-05 9.9964E-05 0.237892
9.9955E-05 9.9955E-05 9.9955E-05 0.742105 9.9955E-05 9.9955E-05 0.257395
9.9964E-05 9.9964E-05 0.342806 0.180294 9.9964E-05 9.9964E-05 0.476501
9.9964E-05 9.9964E-05 0.00839433 0.964656 9.9964E-05 0.0265496 9.9964E-05
0.0546064 9.9982E-05 0.509511 0.0720458 0.313319 9.9982E-05 0.0503179
0.514721 0.108625 0.00580539 0.0560051 0.176282 0.134626 0.00393598
9.9973E-05 0.00198976 9.9973E-05 0.864765 9.9973E-05 0.0376571 0.0952885
9.9964E-05 9.9964E-05 0.0802687 0.486714 9.9964E-05 9.9964E-05 0.432618
9.9955E-05 9.9955E-05 0.000687671 9.9955E-05 9.9955E-05 0.998813 9.9955E-05
9.9964E-05 9.9964E-05 0.0484455 0.8453 9.9964E-05 9.9964E-05 0.105855
9.9964E-05 9.9964E-05 9.9964E-05 0.368142 9.9964E-05 0.00471343 0.626745
9.9955E-05 9.9955E-05 9.9955E-05 0.781364 9.9955E-05 9.9955E-05 0.218136
9.9964E-05 0.00488666 0.727416 0.267297 9.9964E-05 9.9964E-05 9.9964E-05
0.0112077 9.9982E-05 0.383513 0.186735 0.0869389 9.9982E-05 0.331406
0.000810676 9.9982E-05 0.0693492 0.0352635 0.354806 9.9982E-05 0.539571
9.9982E-05 0.016586 0.386042 0.0762189 0.471596 9.9982E-05 0.0493576
9.9964E-05 9.9964E-05 9.9964E-05 0.558717 9.9964E-05 0.00179348 0.43909
9.9964E-05 9.9964E-05 9.9964E-05 0.872947 9.9964E-05 0.00956005 0.117093
0.018529 9.9973E-05 9.9973E-05 0.622604 9.9973E-05 0.00961069 0.348957
0.86718 0.0630345 0.0332537 0.0102728 0.0260593 9.9982E-05 9.9982E-05
9.9973E-05 9.9973E-05 9.9973E-05 0.873483 0.0534971 0.0386672 0.0340528
0.965482 0.00725062 9.9973E-05 9.9973E-05 9.9973E-05 0.00486432 0.0221031
9.9964E-05 9.9964E-05 9.9964E-05 0.614548 9.9964E-05 0.0169776 0.368075
9.99549E-05 9.99549E-05 9.99549E-05 0.0600867 9.99549E-05 0.939414 9.99549E-05
9.9973E-05 9.9973E-05 0.499127 0.00016518 9.9973E-05 0.00139132 0.499017
9.9973E-05 0.0145609 0.775464 0.153232 0.0564431 9.9973E-05 9.9973E-05
9.9991E-05 0.0249268 0.434198 0.0553451 0.0782381 0.0344797 0.372713
9.9964E-05 9.9964E-05 9.9964E-05 0.502167 9.9964E-05 0.000533327 0.496899
0.0297027 9.9982E-05 0.251877 0.159216 0.244861 9.9982E-05 0.314143
9.9964E-05 9.9964E-05 9.9964E-05 0.933798 0.0137476 9.9964E-05 0.0520547
0.00195842 0.0037618 0.0980493 0.358137 9.9991E-05 0.00502193 0.532972
9.9973E-05 0.0186306 9.9973E-05 0.331076 0.649276 0.000717418 9.9973E-05
0.00947834 9.99831E-05 0.00414086 0.709818 0.109438 9.99831E-05 0.166925
9.9973E-05 0.0108986 9.9973E-05 0.808161 0.0232548 9.9973E-05 0.157386
0.0017522 9.99639E-05 9.99639E-05 0.0384477 9.99639E-05 0.9594 9.99639E-05
9.9973E-05 9.9973E-05 9.9973E-05 0.0409123 0.741163 0.0521879 0.165437
9.99551E-05 9.99551E-05 0.00754525 9.99551E-05 9.99551E-05 0.991955 9.99551E-05
0.00545557 9.9964E-05 9.9964E-05 0.613292 9.9964E-05 9.9964E-05 0.380852
9.9982E-05 0.00269809 9.9982E-05 0.193572 0.639112 0.0642522 0.100166
9.9973E-05 9.9973E-05 9.9973E-05 0.225623 0.727804 0.0194742 0.0267989
0.0189115 9.9964E-05 9.9964E-05 0.722945 9.9964E-05 9.9964E-05 0.257744
9.9964E-05 9.9964E-05 0.00659059 0.986525 9.9964E-05 9.9964E-05 0.00648436
0.992713 9.9955E-05 9.9955E-05 9.9955E-05 9.9955E-05 0.00678707 9.9955E-05
9.99639E-05 9.99639E-05 0.283158 9.99639E-05 0.682512 0.0339303 9.99639E-05
9.99549E-05 9.99549E-05 9.99549E-05 0.639889 9.99549E-05 9.99549E-05 0.359612
0.0479464 0.0270778 9.9982E-05 0.149856 0.361143 0.413776 9.9982E-05
0.00914907 9.9973E-05 9.9973E-05 0.952842 0.0315221 0.00618701 9.9973E-05
9.995E-05 0.9994 9.995E-05 9.995E-05 9.995E-05 9.995E-05 9.995E-05
0.00659798 0.0129139 9.9982E-05 0.847112 0.0283985 9.9982E-05 0.104778
0.0277672 0.606688 9.9973E-05 0.137246 0.227998 9.9973E-05 9.9973E-05
0.0147536 0.00820937 0.439303 0.0765302 9.9991E-05 0.0113566 0.449747
9.9973E-05 0.000361413 0.00775702 0.967437 0.0241446 9.9973E-05 9.9973E-05
9.9964E-05 0.00285688 9.9964E-05 0.994694 0.00204956 9.9964E-05 9.9964E-05
0.00665767 0.00405794 0.418777 0.0625065 0.494731 0.0131692 9.9991E-05
9.9964E-05 9.9964E-05 9.9964E-05 0.903777 0.0874541 0.00836927 9.9964E-05
9.9955E-05 9.9955E-05 0.0253694 9.9955E-05 9.9955E-05 0.974131 9.9955E-05
9.9955E-05 9.9955E-05 9.9955E-05 0.996629 9.9955E-05 0.00287162 9.9955E-05
9.995E-05 0.9994 9.995E-05 9.995E-05 9.995E-05 9.995E-05 9.995E-05
9.995E-05 9.995E-05 9.995E-05 0.9994 9.995E-05 9.995E-05 9.995E-05
9.9982E-05 9.9982E-05 0.0242349 0.0434229 0.214684 0.0194704 0.697988
0.0106866 0.0142647 0.120888 0.252832 0.0948671 9.9991E-05 0.506361
9.9964E-05 9.9964E-05 0.228367 9.9964E-05 0.612127 9.9964E-05 0.159105
0.00440496 0.00481704 9.9982E-05 0.177916 0.493902 9.9982E-05 0.318761
0.043345 9.9973E-05 9.9973E-05 0.0752074 0.700883 9.9973E-05 0.180264
9.995E-05 9.995E-05 9.995E-05 0.9994 9.995E-05 9.995E-05 9.995E-05
9.9973E-05 9.9973E-05 0.125593 0.27226 9.9973E-05 0.0612004 0.540647
9.9964E-05 0.00433255 9.9964E-05 0.886594 9.9964E-05 9.9964E-05 0.108673
0.0185063 9.9982E-05 9.9982E-05 0.10956 0.327464 0.0336474 0.510622
9.9991E-05 0.0119038 0.654643 0.102488 0.162492 0.00121504 0.0671581
9.9982E-05 0.00884277 9.9982E-05 0.863886 0.0198416 0.0206525 0.0865768
0.00746207 9.9964E-05 9.9964E-05 0.362976 9.9964E-05 9.9964E-05 0.629162
0.0162596 9.9973E-05 9.9973E-05 0.68903 9.9973E-05 0.00890751 0.285503
9.9964E-05 9.9964E-05 0.0390483 0.917304 0.0432483 9.9964E-05 9.9964E-05
0.00666079 0.0291215 9.9982E-05 0.389703 0.524365 0.0499498 9.9982E-05
0.00726778 9.9982E-05 0.0750999 0.256945 0.198091 9.9982E-05 0.462396
9.9982E-05 0.0233816 9.9982E-05 0.302023 0.293228 0.0165613 0.364606
0.0116825 0.908706 0.0414476 9.9982E-05 0.00620139 0.0317623 9.9982E-05
9.9964E-05 9.9964E-05 9.9964E-05 0.907764 0.0891022 0.00273373 9.9964E-05
9.9955E-05 9.9955E-05 9.9955E-05 0.979928 0.0195726 9.9955E-05 9.9955E-05
0.00324921 0.00578736 9.9982E-05 0.842346 0.0170799 9.9982E-05 0.131338
9.99549E-05 9.99549E-05 9.99549E-05 0.0278502 9.99549E-05 0.97165 9.99549E-05
9.9973E-05 0.00572297 9.9973E-05 0.659037 0.0515184 9.9973E-05 0.283421
9.9973E-05 9.9973E-05 0.188916 0.082684 0.678342 9.9973E-05 0.0497576
0.005326 9.9991E-05 0.160755 0.332712 0.039805 0.0170842 0.444218
0.00235264 9.99587E-05 9.99587E-05 0.997148 9.99587E-05 9.99587E-05 9.99587E-05
9.9982E-05 9.9982E-05 0.033886 0.836716 0.0772041 0.0073232 0.0446708
9.995E-05 9.995E-05 9.995E-05 0.9994 9.995E-05 9.995E-05 9.995E-05
0.0274583 9.9982E-05 0.265658 0.0502448 0.590704 9.9982E-05 0.0657349
0.0252559 0.786337 9.9982E-05 0.0174829 0.118391 0.0523323 9.9982E-05
9.9955E-05 9.9955E-05 0.30054 9.9955E-05 0.69896 9.9955E-05 9.9955E-05
0.0246323 9.9973E-05 0.0883467 0.517281 9.9973E-05 9.9973E-05 0.36944
0.00638844 0.961944 9.9964E-05 9.9964E-05 0.0312676 9.9964E-05 9.9964E-05
9.9982E-05 0.00487266 9.9982E-05 0.538305 0.111445 0.017245 0.327933
9.9964E-05 9.9964E-05 0.319689 0.265609 9.9964E-05 9.9964E-05 0.414302
0.00593448 0.000185788 0.0146195 0.893833 0.0591801 0.0261476 9.9991E-05
9.995E-05 9.995E-05 9.995E-05 0.9994 9.995E-05 9.995E-05 9.995E-05
0.0147008 0.00739888 0.000502447 0.950275 0.026923 9.9982E-05 9.9982E-05
9.9964E-05 9.9964E-05 9.9964E-05 0.387828 0.295981 9.9964E-05 0.315792
9.99549E-05 9.99549E-05 9.99549E-05 0.0546236 9.99549E-05 0.944877 9.99549E-05
9.9955E-05 9.9955E-05 9.9955E-05 0.958261 9.9955E-05 9.9955E-05 0.0412391
9.9973E-05 9.9973E-05 0.7952 0.131071 0.0624505 0.0109783 9.9973E-05
9.9964E-05 9.9964E-05 9.9964E-05 0.352029 0.0503345 9.9964E-05 0.597236
9.9973E-05 0.0196073 9.9973E-05 0.0129191 9.9973E-05 0.959902 0.00727191
9.9973E-05 9.9973E-05 0.606838 0.0731789 0.307078 0.0126043 9.9973E-05
9.9973E-05 0.0370224 9.9973E-05 0.151535 0.772937 9.9973E-05 0.0382061
9.9982E-05 9.9982E-05 0.0917389 0.0570225 0.289886 0.0316139 0.529538
9.9955E-05 9.9955E-05 9.9955E-05 0.0923739 9.9955E-05 0.907126 9.9955E-05
9.9964E-05 9.9964E-05 0.0700023 0.43173 9.9964E-05 9.9964E-05 0.497868
9.99549E-05 0.996195 9.99549E-05 0.003305 9.99549E-05 9.99549E-05 9.99549E-05
0.00646135 0.00114931 9.9973E-05 0.519062 9.9973E-05 9.9973E-05 0.473027
0.0119011 9.9964E-05 9.9964E-05 0.88569 9.9964E-05 9.9964E-05 0.102009
9.99551E-05 0.994921 0.00457905 9.99551E-05 9.99551E-05 9.99551E-05 9.99551E-05
9.9964E-05 0.00114716 9.9964E-05 0.831944 9.9964E-05 9.9964E-05 0.166509
0.913093 0.00244979 0.0302799 0.000244442 0.0125379 0.0206631 0.0207323
9.9973E-05 9.9973E-05 0.216402 0.138159 0.0863687 9.9973E-05 0.55877
9.9973E-05 9.9973E-05 9.9973E-05 0.896258 0.0179243 0.0180341 0.067484
9.9973E-05 9.9973E-05 0.269701 0.0848533 0.575044 0.0701014 9.9973E-05
9.9982E-05 0.0134097 0.0386655 0.693554 0.0200141 9.9982E-05 0.234156
0.0175935 0.92691 9.9964E-05 9.9964E-05 0.0550965 9.9964E-05 9.9964E-05
9.9991E-05 0.00393594 0.07559 0.167595 0.125198 0.000367312 0.627213
