9.9973E-05 0.0156986 9.9973E-05 0.223756 0.760246 9.9973E-05
9.9964E-05 9.9964E-05 0.0677287 9.9964E-05 0.931871 9.9964E-05
0.0118258 9.9973E-05 0.0198113 9.9973E-05 0.968063 9.9973E-05
9.999E-05 0.0120332 0.0266018 0.220748 0.730811 0.0097062
0.0431842 0.00151031 0.276615 0.429193 0.249398 9.9991E-05
0.00801955 0.0164257 0.729015 0.0590948 0.187344 9.9991E-05
9.9973E-05 9.9973E-05 0.453867 0.411647 0.134187 9.9973E-05
0.00703087 0.00789689 0.336457 0.53169 0.114454 0.00247062
0.00323147 0.0160499 0.0110189 0.0118544 0.94251 0.0153351
9.9964E-05 9.9964E-05 9.9964E-05 0.141618 0.857982 9.9964E-05
0.00234015 0.0223853 0.0274776 0.595215 0.352483 9.9991E-05
0.0227293 9.9982E-05 0.0892327 0.679116 0.208722 9.9982E-05
9.9973E-05 9.9973E-05 0.0451433 0.57607 0.378487 9.9973E-05
9.9982E-05 0.0105895 0.826685 0.0404333 0.122092 9.9982E-05
9.9964E-05 9.9964E-05 9.9964E-05 0.337222 0.662378 9.9964E-05
9.9982E-05 9.9982E-05 0.300367 0.184352 0.511261 0.0038196
9.9973E-05 9.9973E-05 0.224067 0.569243 0.20639 9.9973E-05
0.0255946 0.43415 0.320925 9.9991E-05 0.192375 0.0268563
9.9973E-05 9.9973E-05 0.0497325 9.9973E-05 0.94303 0.00693746
0.00924144 0.00984372 0.367061 0.46611 0.119123 0.0286206
0.00587285 9.9973E-05 9.9973E-05 0.0192749 0.974552 9.9973E-05
0.0130251 9.9991E-05 0.00631827 0.642112 0.335902 0.00254246
0.0137792 9.9982E-05 0.0534169 0.537169 0.395435 9.9982E-05
0.88552 0.0122534 0.0251776 0.0768486 9.9982E-05 9.9982E-05
0.00844346 0.00308776 0.518951 0.264141 0.205277 9.9991E-05
0.0120706 9.9973E-05 9.9973E-05 0.53977 0.447859 9.9973E-05
9.999E-05 0.00127118 0.255615 0.50316 0.229946 0.00990825
0.00967156 0.0034015 9.9982E-05 0.0300466 0.95668 9.9982E-05
9.9964E-05 9.9964E-05 9.9964E-05 0.130774 0.868826 9.9964E-05
9.996E-05 9.996E-05 9.996E-05 9.996E-05 0.9995 9.996E-05
0.00510268 9.9991E-05 0.695911 0.127394 0.170475 0.00101716
9.9964E-05 9.9964E-05 0.0718202 9.9964E-05 0.92778 9.9964E-05
9.9964E-05 9.9964E-05 0.0426894 9.9964E-05 0.956911 9.9964E-05
9.9973E-05 9.9973E-05 0.733741 0.113376 0.152583 9.9973E-05
9.9964E-05 9.9964E-05 0.0427361 9.9964E-05 0.956864 9.9964E-05
9.9982E-05 9.9982E-05 0.376178 0.404069 0.214476 0.00507681
9.9964E-05 9.9964E-05 9.9964E-05 0.292718 0.706882 9.9964E-05
0.0056913 9.9991E-05 0.287051 0.606944 0.0706588 0.0295549
9.9973E-05 0.00500967 0.586285 0.408405 9.9973E-05 9.9973E-05
0.0663891 9.9982E-05 0.0671592 0.574929 0.291322 9.9982E-05
0.0167625 0.00035047 0.652793 0.191798 0.128166 0.0101301
0.00996621 9.9982E-05 0.012971 9.9982E-05 0.967738 0.00912499
9.9964E-05 9.9964E-05 9.9964E-05 0.141366 0.858234 9.9964E-05
0.00019591 9.9973E-05 9.9973E-05 0.128364 0.87114 9.9973E-05
9.9982E-05 0.0302303 0.0600404 0.115508 0.794021 9.9982E-05
9.996E-05 0.9995 9.996E-05 9.996E-05 9.996E-05 9.996E-05
9.9973E-05 9.9973E-05 0.0710059 0.0574971 0.871197 9.9973E-05
9.9964E-05 9.9964E-05 9.9964E-05 0.0611835 0.938417 9.9964E-05
9.996E-05 0.9995 9.996E-05 9.996E-05 9.996E-05 9.996E-05
9.9964E-05 9.9964E-05 9.9964E-05 0.248889 0.750711 9.9964E-05
9.9982E-05 9.9982E-05 0.000384242 0.451906 0.539128 0.00838188
9.9964E-05 9.9964E-05 9.9964E-05 0.197499 0.802101 9.9964E-05
0.00224047 9.9973E-05 9.9973E-05 0.333625 0.663835 9.9973E-05
0.0175128 0.0406277 0.422548 9.9991E-05 0.508174 0.0110376
0.0627458 9.9982E-05 0.156761 0.394166 0.386127 9.9982E-05
0.0363639 9.9982E-05 0.166483 9.9982E-05 0.768122 0.0288307
9.9973E-05 0.00885933 9.9973E-05 0.0219049 0.968936 9.9973E-05
9.9973E-05 0.00601675 0.0479128 9.9973E-05 0.945771 9.9973E-05
0.00211605 0.0206222 9.9982E-05 0.167135 0.809927 9.9982E-05
9.9964E-05 9.9964E-05 9.9964E-05 0.177037 0.822563 9.9964E-05
9.9973E-05 9.9973E-05 0.00924449 0.0116819 0.978774 9.9973E-05
0.82728 9.9982E-05 0.132654 0.0230848 9.9982E-05 0.0167819
0.00731778 9.9982E-05 0.0195812 9.9982E-05 0.965708 0.00719285
0.0309514 0.00918108 0.150211 0.402462 0.3856 0.0215938
9.9973E-05 0.00562715 9.9973E-05 0.00895513 0.985118 9.9973E-05
9.9973E-05 9.9973E-05 0.0288236 9.9973E-05 0.965713 0.00516388
9.9973E-05 0.00683283 9.9973E-05 0.236929 0.755939 9.9973E-05
9.9964E-05 9.9964E-05 9.9964E-05 0.268156 0.731444 9.9964E-05
0.0291593 9.9982E-05 0.128618 0.639659 0.202363 9.9982E-05
9.996E-05 0.9995 9.996E-05 9.996E-05 9.996E-05 9.996E-05
0.0152964 9.9982E-05 0.189534 0.496226 0.298744 9.9982E-05
0.0266628 0.0126438 0.121469 9.9991E-05 0.814728 0.0243965
0.0131656 0.00803405 9.9991E-05 0.103384 0.868182 0.00713415
0.0266389 9.9973E-05 0.0429195 9.9973E-05 0.930142 9.9973E-05
0.00117458 9.9982E-05 0.0101151 9.9982E-05 0.985512 0.00299867
9.9982E-05 0.0225573 0.0841952 9.9982E-05 0.880672 0.012376
9.9964E-05 9.9964E-05 9.9964E-05 9.9964E-05 0.993191 0.00640917
9.9973E-05 9.9973E-05 0.280389 0.502053 0.217258 9.9973E-05
9.9964E-05 9.9964E-05 9.9964E-05 0.017755 0.981845 9.9964E-05
0.654336 0.0168593 0.286697 0.0419069 9.9982E-05 9.9982E-05
0.0126163 9.9973E-05 9.9973E-05 0.311373 0.675711 9.9973E-05
0.00671834 0.00214231 9.9991E-05 0.0418648 0.948684 0.000490164
0.055876 0.39464 0.395929 9.9991E-05 0.0788917 0.074564
9.9982E-05 0.0544142 0.527186 9.9982E-05 0.407551 0.010649
9.9982E-05 0.00290584 0.270272 0.306094 0.420528 9.9982E-05
9.9991E-05 0.0101705 0.0036683 0.0869591 0.886327 0.0127752
0.00628516 9.9973E-05 0.0533898 9.9973E-05 0.940025 9.9973E-05
9.996E-05 9.996E-05 9.996E-05 9.996E-05 9.996E-05 0.9995
9.99639E-05 9.99639E-05 9.99639E-05 0.330385 0.669215 9.99639E-05
9.9964E-05 9.9964E-05 9.9964E-05 0.321465 0.678136 9.9964E-05
9.9973E-05 9.9973E-05 0.0593784 0.615367 0.324955 9.9973E-05
0.0112336 9.9991E-05 0.0203171 0.674187 0.285852 0.00831002
9.9973E-05 9.9973E-05 0.0275163 0.712298 0.259886 9.9973E-05
9.9964E-05 9.9964E-05 0.0300248 9.9964E-05 0.969575 9.9964E-05
9.9964E-05 9.9964E-05 9.9964E-05 0.299002 0.700598 9.9964E-05
9.9964E-05 9.9964E-05 9.9964E-05 0.064772 0.934828 9.9964E-05
0.00189615 9.9973E-05 9.9973E-05 0.450623 0.547181 9.9973E-05
9.9982E-05 0.0028204 0.767778 0.0923593 0.136842 9.9982E-05
9.9973E-05 9.9973E-05 0.0465982 9.9973E-05 0.951873 0.00122865
0.0767766 9.9982E-05 0.11299 0.503701 0.306332 9.9982E-05
9.9991E-05 0.0246141 0.0525515 0.489639 0.418465 0.0146302
0.86552 0.0238471 0.0785211 0.0319121 9.9982E-05 9.9982E-05
9.99639E-05 9.99639E-05 9.99639E-05 0.318124 0.681476 9.99639E-05
9.9964E-05 9.9964E-05 9.9964E-05 0.0185497 0.98105 9.9964E-05
9.996E-05 9.996E-05 9.996E-05 9.996E-05 0.9995 9.996E-05
9.9982E-05 0.0232482 0.110802 0.71808 0.14767 9.9982E-05
9.996E-05 0.9995 9.996E-05 9.996E-05 9.996E-05 9.996E-05
9.9991E-05 0.00807989 0.0852497 0.74513 0.152384 0.00905725
0.0256701 0.00268749 9.9982E-05 0.123342 0.8481 9.9982E-05
0.0261895 9.9982E-05 0.0431266 9.9982E-05 0.922701 0.00778315
9.9973E-05 0.00420434 9.9973E-05 0.72389 0.271606 9.9973E-05
9.996E-05 0.9995 9.996E-05 9.996E-05 9.996E-05 9.996E-05
0.644664 0.0321317 0.314804 9.9982E-05 9.9982E-05 0.00820115
0.0135395 9.9982E-05 0.00930288 0.234853 0.742104 9.9982E-05
9.9964E-05 9.9964E-05 9.9964E-05 0.154691 0.844909 9.9964E-05
0.00642686 9.9982E-05 0.00797533 0.632879 0.352519 9.9982E-05
0.0243406 0.00535665 0.0180575 9.9982E-05 0.952045 9.9982E-05
9.9982E-05 0.0446269 0.501889 0.392082 0.061202 9.9982E-05
0.139973 0.506128 0.209056 0.00475792 0.0472606 0.0928246
0.0364576 9.9973E-05 9.9973E-05 0.0593453 0.903897 9.9973E-05
9.9964E-05 9.9964E-05 9.9964E-05 0.369946 0.629654 9.9964E-05
0.9995 9.996E-05 9.996E-05 9.996E-05 9.996E-05 9.996E-05
9.9973E-05 0.00777095 9.9973E-05 0.0936414 0.898288 9.9973E-05
9.9964E-05 9.9964E-05 9.9964E-05 0.437833 0.561767 9.9964E-05
9.9964E-05 9.9964E-05 9.9964E-05 0.107049 0.892551 9.9964E-05
9.9982E-05 9.9982E-05 0.134022 0.550648 0.300721 0.014408
9.9982E-05 0.0133377 0.157806 0.53714 0.291517 9.9982E-05
9.9973E-05 9.9973E-05 0.32333 0.44635 0.23002 9.9973E-05
9.9982E-05 9.9982E-05 0.624359 0.310907 0.0570723 0.00746117
0.0158808 9.9973E-05 9.9973E-05 0.284865 0.698954 9.9973E-05
0.00307129 0.00686928 9.9982E-05 0.052678 0.937181 9.9982E-05
0.00423976 0.018043 9.9982E-05 0.196229 0.781288 9.9982E-05
9.9982E-05 0.851179 0.0764076 9.9982E-05 0.00900086 0.0632129
0.0319918 9.9973E-05 0.071387 9.9973E-05 0.896321 9.9973E-05
0.00228337 0.962717 0.00914529 0.00673124 9.9991E-05 0.0190234
0.00734215 9.9973E-05 9.9973E-05 0.229154 0.763204 9.9973E-05
0.948797 9.99639E-05 9.99639E-05 9.99639E-05 0.050803 9.99639E-05
0.00529844 9.9982E-05 0.0383876 0.783141 0.172973 9.9982E-05
9.9973E-05 9.9973E-05 0.325936 0.56697 0.106794 9.9973E-05
0.0272282 9.9991E-05 0.147467 0.635638 0.156724 0.0328427
0.00428205 9.9973E-05 9.9973E-05 0.342896 0.652522 9.9973E-05
9.99861E-05 0.024142 0.273381 0.429462 0.272815 9.99861E-05
0.000923236 0.00166988 0.0192412 9.9982E-05 0.977966 9.9982E-05
0.00730272 0.00771262 9.9991E-05 0.436961 0.542284 0.00563905
9.9982E-05 0.0169267 0.675291 9.9982E-05 0.289194 0.018388
9.9982E-05 0.00815461 0.099293 0.125113 0.767239 9.9982E-05
0.00761074 0.00240377 0.00535854 0.0803555 0.885601 0.0186704
0.972474 9.99639E-05 9.99639E-05 9.99639E-05 0.0271261 9.99639E-05
0.0507229 0.000425292 0.698842 0.152783 0.0971269 9.9991E-05
0.984093 9.9964E-05 9.9964E-05 0.0155073 9.9964E-05 9.9964E-05
9.9973E-05 0.00122168 9.9973E-05 0.23133 0.767148 9.9973E-05
0.0612072 9.9982E-05 0.640975 0.060363 0.237255 9.9982E-05
0.0199381 0.0136027 0.71 0.00284351 0.253516 9.9991E-05
9.9973E-05 0.0198785 9.9973E-05 0.162887 0.816935 9.9973E-05
9.9964E-05 9.9964E-05 0.000125626 9.9964E-05 0.999475 9.9964E-05
0.00804105 0.991559 9.9964E-05 9.9964E-05 9.9964E-05 9.9964E-05
0.0413242 9.9973E-05 0.761978 0.196398 9.9973E-05 9.9973E-05
9.9964E-05 9.9964E-05 9.9964E-05 0.190368 0.809232 9.9964E-05
0.401893 0.043767 0.364169 9.9991E-05 0.16286 0.0272115
9.9964E-05 9.9964E-05 0.0517989 9.9964E-05 0.947801 9.9964E-05
9.996E-05 9.996E-05 9.996E-05 9.996E-05 9.996E-05 0.9995
9.9991E-05 0.0110323 0.0421827 0.0480119 0.896268 0.00240473
9.9982E-05 0.0290115 0.226451 9.9982E-05 0.131684 0.612653
0.00898577 0.0251683 0.0392811 0.684244 0.234647 0.00767428
9.9964E-05 9.9964E-05 0.0636102 9.9964E-05 0.93599 9.9964E-05
9.9964E-05 9.9964E-05 9.9964E-05 9.9964E-05 0.992448 0.00715229
9.9973E-05 9.9973E-05 0.692583 0.272665 0.0344518 9.9973E-05
0.0032643 0.00206016 0.113099 9.9982E-05 0.881376 9.9982E-05
0.969209 9.9964E-05 9.9964E-05 0.0303908 9.9964E-05 9.9964E-05
0.00289766 0.00453984 9.9973E-05 9.9973E-05 0.992263 9.9973E-05
9.996E-05 9.996E-05 9.996E-05 9.996E-05 9.996E-05 0.9995
9.996E-05 9.996E-05 9.996E-05 9.996E-05 0.9995 9.996E-05
0.0310918 9.9991E-05 0.127653 0.578173 0.2626 0.000382246
9.9991E-05 0.0163548 0.0693219 0.472043 0.420149 0.0220303
0.00775082 9.9982E-05 0.655265 0.281715 0.0550688 9.9982E-05
0.0082701 0.0280608 0.420716 0.235189 0.300081 0.00768266
9.9982E-05 0.048612 0.697959 0.122862 0.130367 9.9982E-05
9.9964E-05 0.000283023 9.9964E-05 9.9964E-05 0.999317 9.9964E-05
0.0502907 0.00678758 9.9982E-05 0.478241 0.464481 9.9982E-05
0.00416764 9.9982E-05 9.9982E-05 0.0395296 0.953515 0.00258733
0.0583244 0.0257564 0.272231 0.362448 0.28114 9.9991E-05
9.9982E-05 9.9982E-05 0.346712 0.554371 0.0960992 0.00261779
0.0209365 9.9991E-05 0.0510311 0.0240416 0.894155 0.0097354
9.9973E-05 0.0104323 9.9973E-05 0.397355 0.591913 9.9973E-05
0.00347478 0.00970781 9.9982E-05 0.184419 0.802199 9.9982E-05
9.9964E-05 9.9964E-05 0.0654582 9.9964E-05 0.934142 9.9964E-05
0.04354 0.0139752 0.541738 9.9991E-05 0.382406 0.0182404
9.9982E-05 0.00472287 0.158978 0.419956 0.416143 9.9982E-05
0.011404 9.9991E-05 0.244154 0.258241 0.460937 0.0251645
0.0360865 0.0105563 0.0289866 0.025967 9.9991E-05 0.898304
0.00909676 9.9973E-05 0.0935573 9.9973E-05 0.897046 9.9973E-05
9.9964E-05 9.9964E-05 0.0416732 9.9964E-05 0.957927 9.9964E-05
9.99897E-05 9.99897E-05 0.00666049 0.0704863 0.912587 0.0100661
0.971722 0.00336724 9.99729E-05 9.99729E-05 0.0246113 9.99729E-05
0.0017501 9.9991E-05 0.0451468 0.151399 0.791851 0.00975315
9.9973E-05 9.9973E-05 0.685708 0.196244 0.117749 9.9973E-05
0.0311921 0.00623509 0.02368 0.441291 0.497502 9.9991E-05
9.9973E-05 9.9973E-05 0.00826043 9.9973E-05 0.982959 0.00848016
0.0122689 9.9982E-05 0.0937126 0.0544574 0.839361 9.9982E-05
9.9964E-05 9.9964E-05 0.010254 9.9964E-05 0.989346 9.9964E-05
9.9982E-05 0.0164084 0.64541 0.235853 0.102128 9.9982E-05
0.0334812 0.0263752 0.137012 9.9991E-05 0.0194009 0.78363
9.9964E-05 9.9964E-05 0.786561 0.213039 9.9964E-05 9.9964E-05
9.9973E-05 0.0273103 9.9973E-05 0.336953 0.635437 9.9973E-05
0.0020489 0.015467 0.020581 9.9982E-05 9.9982E-05 0.961703
0.0278392 9.9991E-05 0.0590264 0.210894 0.679697 0.0224442
9.9964E-05 9.9964E-05 9.9964E-05 0.578679 0.420921 9.9964E-05
0.0233175 0.000829979 0.11238 9.9982E-05 0.863273 9.9982E-05
9.9973E-05 0.00408477 0.0149759 9.9973E-05 0.980639 9.9973E-05
9.9982E-05 0.0171426 0.0500047 9.9982E-05 0.92999 0.00266314
9.9973E-05 9.9973E-05 0.251529 0.204029 0.544142 9.9973E-05
0.949932 9.99639E-05 9.99639E-05 9.99639E-05 0.0496678 9.99639E-05
0.00338498 9.99683E-05 9.99683E-05 9.99683E-05 0.996215 9.99683E-05
9.9973E-05 9.9973E-05 0.312034 0.604983 0.082683 9.9973E-05
9.9964E-05 9.9964E-05 9.9964E-05 0.410678 0.588922 9.9964E-05
0.976069 9.9973E-05 9.9973E-05 9.9973E-05 0.0103371 0.0132939
9.9973E-05 9.9973E-05 0.485143 0.45691 0.0576474 9.9973E-05
9.9973E-05 9.9973E-05 0.754635 9.9973E-05 0.203426 0.0416399
0.0382588 0.000814244 0.243156 0.461346 0.256325 9.9991E-05
0.915594 0.00227425 9.9973E-05 9.9973E-05 0.0818314 9.9973E-05
9.9964E-05 9.9964E-05 9.9964E-05 0.416629 0.582971 9.9964E-05
9.996E-05 9.996E-05 9.996E-05 9.996E-05 9.996E-05 0.9995
9.9982E-05 0.00169048 9.9982E-05 0.322234 0.672158 0.00371743
9.9973E-05 0.00930638 9.9973E-05 0.037253 0.953141 9.9973E-05
9.9964E-05 9.9964E-05 9.9964E-05 0.000662157 9.9964E-05 0.998938
9.9964E-05 9.9964E-05 9.9964E-05 0.0724959 0.927104 9.9964E-05
0.0252304 0.899835 0.0180011 0.0288718 0.0103334 0.0177282
9.9982E-05 0.00481579 0.0965867 0.576186 0.322211 9.9982E-05
0.0240971 9.9973E-05 0.042596 9.9973E-05 0.933007 9.9973E-05
0.0634112 9.9982E-05 0.663309 0.191588 0.0814924 9.9982E-05
9.9982E-05 9.9982E-05 0.0184104 0.180386 0.78692 0.0140836
9.9973E-05 0.0233273 0.0618116 9.9973E-05 9.9973E-05 0.914561
9.9982E-05 9.9982E-05 0.0994531 0.521694 0.365252 0.0134012
