0.220149 0.0147541 9.9973E-05 9.9973E-05 0.764797 9.9973E-05
9.9964E-05 9.9964E-05 0.0649879 9.9964E-05 0.934612 9.9964E-05
0.00508827 9.9973E-05 9.9973E-05 0.0148349 0.979777 9.9973E-05
0.220331 0.0131826 0.0211133 0.000875922 0.729548 0.0149489
0.420105 0.00907503 0.266387 0.0361623 0.26817 9.9991E-05
0.0661176 0.00951162 0.666213 0.0144988 0.243559 9.9991E-05
0.405938 9.9973E-05 0.444741 9.9973E-05 0.149021 9.9973E-05
0.520168 0.000951713 0.323567 9.9991E-05 0.151 0.0042139
0.00733596 0.0196238 0.0229159 0.00624778 0.935334 0.00854285
0.13998 9.9964E-05 9.9964E-05 9.9964E-05 0.85962 9.9964E-05
0.595228 0.0275292 0.00745165 0.00138869 0.368303 9.9991E-05
0.650701 0.00285674 0.112859 0.0245326 0.20895 9.9991E-05
0.563395 9.9982E-05 0.0410762 9.9982E-05 0.39408 0.00124874
0.0240375 0.00165162 0.840746 9.9982E-05 0.133365 9.9982E-05
0.332795 0.00321305 9.9973E-05 9.9973E-05 0.663692 9.9973E-05
0.17099 0.000378881 0.303943 9.9991E-05 0.520938 0.00365057
0.598362 9.9973E-05 0.207913 9.9973E-05 0.193425 9.9973E-05
9.999E-05 0.438807 0.325945 0.0168575 0.195168 0.0231221
9.9973E-05 9.9973E-05 0.0345998 9.9973E-05 0.964259 0.0008412
0.438429 0.00986048 0.372912 0.0176035 0.130259 0.0309359
0.0283354 9.9982E-05 0.000107322 0.0086212 0.962736 9.9982E-05
0.627097 9.9982E-05 0.013517 0.0199825 0.339203 9.9982E-05
0.509041 9.9982E-05 0.045307 0.0220113 0.423441 9.9982E-05
0.0684675 0.017365 0.0296087 0.884359 9.9982E-05 9.9982E-05
0.545253 9.9982E-05 9.9982E-05 0.006644 0.438947 0.00895597
0.499452 9.9982E-05 0.239649 9.9982E-05 0.257402 0.0032976
0.0405825 0.00747796 9.9973E-05 9.9973E-05 0.95164 9.9973E-05
0.140377 9.9964E-05 9.9964E-05 9.9964E-05 0.859223 9.9964E-05
9.996E-05 9.996E-05 9.996E-05 9.996E-05 0.9995 9.996E-05
0.143761 9.9982E-05 0.674501 0.0157534 0.165785 9.9982E-05
9.9964E-05 9.9964E-05 0.0634097 9.9964E-05 0.93619 9.9964E-05
9.9964E-05 9.9964E-05 0.0383151 9.9964E-05 0.961285 9.9964E-05
0.132179 0.000105172 0.708197 9.9982E-05 0.159319 9.9982E-05
9.9973E-05 9.9973E-05 0.0306529 0.0102753 0.958772 9.9973E-05
0.421132 9.9982E-05 0.365017 9.9982E-05 0.205265 0.00838609
0.274552 9.9964E-05 9.9964E-05 9.9964E-05 0.725048 9.9964E-05
0.596416 9.9991E-05 0.299491 0.016307 0.0682358 0.0194502
0.40961 0.0118198 0.574541 0.0038297 9.9982E-05 9.9982E-05
0.580532 9.9991E-05 0.0152077 0.05869 0.333852 0.0116183
0.158671 9.9982E-05 0.711223 0.0158472 0.114058 9.9982E-05
9.9982E-05 9.9982E-05 0.0220282 0.00590924 0.969705 0.00215797
0.133791 9.9964E-05 9.9964E-05 9.9964E-05 0.86581 9.9964E-05
0.134765 0.00561692 9.9991E-05 0.00187221 0.847113 0.010532
0.124106 0.024295 0.0552017 9.9982E-05 0.796197 9.9982E-05
9.996E-05 0.9995 9.996E-05 9.996E-05 9.996E-05 9.996E-05
0.0545797 9.9973E-05 0.0566837 9.9973E-05 0.888437 9.9973E-05
0.0595292 9.9964E-05 9.9964E-05 9.9964E-05 0.940071 9.9964E-05
9.996E-05 0.9995 9.996E-05 9.996E-05 9.996E-05 9.996E-05
0.248276 9.9964E-05 9.9964E-05 9.9964E-05 0.751324 9.9964E-05
0.444561 9.9973E-05 9.9973E-05 9.9973E-05 0.537433 0.017706
0.196721 9.9964E-05 9.9964E-05 9.9964E-05 0.802879 9.9964E-05
0.330682 9.9973E-05 9.9973E-05 0.0024278 0.66659 9.9973E-05
9.9991E-05 0.0376516 0.41823 0.00286171 0.517289 0.023867
0.401911 9.9982E-05 0.145901 0.0692204 0.382769 9.9982E-05
9.9982E-05 9.9982E-05 0.142504 0.0347926 0.791421 0.0310818
0.0180595 0.0096922 9.9982E-05 0.000893559 0.971155 9.9982E-05
9.9982E-05 0.00604441 0.0226549 9.9982E-05 0.970554 0.00054657
0.175721 9.9973E-05 9.9973E-05 0.0163044 0.807675 9.9973E-05
0.180369 9.9964E-05 9.9964E-05 9.9964E-05 0.819231 9.9964E-05
0.0110079 9.9964E-05 9.9964E-05 9.9964E-05 0.988592 9.9964E-05
0.00839439 9.9982E-05 0.126914 0.855695 9.9982E-05 0.00879642
9.9973E-05 9.9973E-05 9.9973E-05 0.0147182 0.972913 0.0120692
0.424096 0.00115552 0.119878 0.0361077 0.396488 0.0222748
0.00629348 0.0132413 9.9973E-05 9.9973E-05 0.980165 9.9973E-05
9.9973E-05 9.9973E-05 0.0329928 9.9973E-05 0.964921 0.00178611
0.225648 9.9964E-05 9.9964E-05 9.9964E-05 0.773952 9.9964E-05
0.251774 9.9964E-05 9.9964E-05 9.9964E-05 0.747826 9.9964E-05
0.630237 9.9982E-05 0.129061 0.0106198 0.229882 9.9982E-05
9.996E-05 0.9995 9.996E-05 9.996E-05 9.996E-05 9.996E-05
0.46783 9.9982E-05 0.178909 0.0252324 0.327829 9.9982E-05
9.9991E-05 0.00631119 0.118737 0.0264194 0.823084 0.0253482
0.106683 0.00340636 9.9991E-05 0.00475482 0.879148 0.00590704
9.9973E-05 9.9973E-05 0.0467045 0.0326382 0.920357 9.9973E-05
9.9982E-05 9.9982E-05 0.00206501 0.00305708 0.989616 0.00506237
9.9982E-05 0.0218535 0.0677366 9.9982E-05 0.909904 0.000305471
9.9964E-05 9.9964E-05 9.9964E-05 9.9964E-05 0.998769 0.000831145
0.520896 9.9982E-05 0.268293 0.00747962 0.203131 9.9982E-05
0.0355354 9.9964E-05 9.9964E-05 9.9964E-05 0.964065 9.9964E-05
0.0180845 0.0154976 0.278997 0.675862 0.0114587 9.9991E-05
0.282353 9.9973E-05 9.9973E-05 0.0258177 0.691529 9.9973E-05
0.0248166 0.00342524 9.9991E-05 0.00826358 0.962382 0.00101246
9.9991E-05 0.395217 0.354669 0.0701195 0.103039 0.0768554
9.9991E-05 0.0519459 0.494463 0.00980429 0.439059 0.00462775
0.306801 0.00248643 0.239204 9.9982E-05 0.451308 9.9982E-05
0.101168 0.00533156 9.9982E-05 9.9982E-05 0.885428 0.00787261
9.9973E-05 9.9973E-05 0.0425021 0.00303664 0.954161 9.9973E-05
9.996E-05 9.996E-05 9.996E-05 9.996E-05 9.996E-05 0.9995
0.331715 9.99639E-05 9.99639E-05 9.99639E-05 0.667885 9.99639E-05
0.29678 9.9964E-05 9.9964E-05 9.9964E-05 0.70282 9.9964E-05
0.591915 9.9973E-05 0.0789756 9.9973E-05 0.32881 9.9973E-05
0.648751 9.9991E-05 0.0138097 0.0208059 0.302224 0.0143097
0.71828 9.9982E-05 0.0127481 9.9982E-05 0.265582 0.00319033
9.9973E-05 9.9973E-05 0.0330551 0.0062017 0.960443 9.9973E-05
0.305468 9.9964E-05 9.9964E-05 9.9964E-05 0.694132 9.9964E-05
0.050342 0.000212197 9.9973E-05 9.9973E-05 0.949146 9.9973E-05
0.428616 9.9973E-05 9.9973E-05 0.0108563 0.560228 9.9973E-05
0.0986636 0.0152266 0.767123 9.9982E-05 0.118787 9.9982E-05
9.9973E-05 9.9973E-05 0.060185 0.0018486 0.937667 9.9973E-05
0.467075 9.9982E-05 0.127686 0.0732372 0.331802 9.9982E-05
0.473135 0.0262952 0.077012 9.9991E-05 0.42045 0.00300756
0.0498941 0.00852176 0.0886969 0.852687 9.9982E-05 9.9982E-05
0.0116429 0.00269649 0.00508605 9.9982E-05 0.980375 9.9982E-05
9.9964E-05 9.9964E-05 9.9964E-05 0.00736955 0.992231 9.9964E-05
0.712996 0.0292628 0.0831746 9.9991E-05 0.171593 0.00287288
9.996E-05 0.9995 9.996E-05 9.996E-05 9.996E-05 9.996E-05
0.749265 0.0237719 0.0706515 9.9991E-05 0.146752 0.00945922
0.123718 9.9973E-05 9.9973E-05 0.0314528 0.84453 9.9973E-05
9.9982E-05 9.9982E-05 0.0547338 0.0188521 0.915932 0.0102819
0.706817 9.9964E-05 9.9964E-05 9.9964E-05 0.292783 9.9964E-05
9.996E-05 0.9995 9.996E-05 9.996E-05 9.996E-05 9.996E-05
9.9982E-05 0.0286091 0.326898 0.639193 9.9982E-05 0.00510014
0.231711 0.00449488 9.9973E-05 9.9973E-05 0.763494 9.9973E-05
0.15229 9.9964E-05 9.9964E-05 9.9964E-05 0.84731 9.9964E-05
0.627394 9.9982E-05 0.00204834 0.00647937 0.363878 9.9982E-05
9.9982E-05 0.00365018 0.00924892 0.0239185 0.962982 9.9982E-05
0.40993 0.0429668 0.480252 9.9982E-05 0.0666505 9.9982E-05
0.0229827 0.51816 0.180689 0.1314 0.0441661 0.102602
0.049333 9.9982E-05 9.9982E-05 0.0402654 0.902664 0.00753773
0.358047 9.9964E-05 9.9964E-05 9.9964E-05 0.641553 9.9964E-05
9.996E-05 9.996E-05 9.996E-05 0.9995 9.996E-05 9.996E-05
0.083969 0.00268663 9.9973E-05 9.9973E-05 0.913044 9.9973E-05
0.432417 9.9964E-05 9.9964E-05 9.9964E-05 0.567183 9.9964E-05
0.109404 9.9964E-05 9.9964E-05 9.9964E-05 0.890196 9.9964E-05
0.536236 9.9982E-05 0.146626 9.9982E-05 0.296821 0.0201165
0.530166 0.00992065 0.146316 9.9991E-05 0.312731 0.000766766
0.456121 0.0136515 0.295574 0.00610625 0.228447 9.9991E-05
0.310099 9.9982E-05 0.592482 9.9982E-05 0.0880611 0.00915725
0.276018 9.9973E-05 9.9973E-05 0.00183658 0.721846 9.9973E-05
0.0561724 0.0037252 9.9982E-05 0.0049606 0.934942 9.9982E-05
0.197575 0.0185338 9.9982E-05 0.0149568 0.768734 9.9982E-05
0.0137794 0.867937 0.0579703 9.9982E-05 9.9982E-05 0.0601136
9.9973E-05 9.9973E-05 0.0636076 0.0341801 0.901912 9.9973E-05
0.0192196 0.960936 9.9982E-05 0.0104603 9.9982E-05 0.00918435
0.238437 9.9973E-05 9.9973E-05 0.00803703 0.753226 9.9973E-05
9.99639E-05 9.99639E-05 9.99639E-05 0.938108 0.0614922 9.99639E-05
0.77852 9.9982E-05 0.024366 0.0150177 0.181896 9.9982E-05
0.580901 9.9982E-05 0.28759 9.9982E-05 0.123878 0.00743122
0.626993 9.9991E-05 0.124738 0.0253793 0.182657 0.0401333
0.337038 9.9973E-05 9.9973E-05 0.00202093 0.660641 9.9973E-05
0.408376 0.0303755 0.275421 9.9982E-05 0.285628 9.9982E-05
0.00308562 9.9973E-05 0.0163197 9.9973E-05 0.980295 9.9973E-05
0.443637 9.9982E-05 9.9982E-05 0.0107499 0.544983 0.000429647
9.9991E-05 0.00588858 0.666172 0.00274069 0.307717 0.0173814
0.116228 0.0152277 0.103352 9.9991E-05 0.762071 0.0030221
0.065 9.9991E-05 0.0297795 0.00645947 0.880311 0.0183503
9.99729E-05 0.00459615 9.99729E-05 0.956945 0.0381594 9.99729E-05
0.127824 0.0088878 0.708076 0.0471046 0.108008 9.9991E-05
0.0195152 9.9964E-05 9.9964E-05 0.980085 9.9964E-05 9.9964E-05
0.226411 0.00185687 9.9973E-05 9.9973E-05 0.771432 9.9973E-05
0.0482578 9.9991E-05 0.614215 0.0643138 0.260408 0.0127052
9.9982E-05 9.9982E-05 0.732834 0.0215627 0.242492 0.00291102
0.145368 0.0256796 9.9973E-05 9.9973E-05 0.828652 9.9973E-05
9.996E-05 9.996E-05 9.996E-05 9.996E-05 0.9995 9.996E-05
9.9964E-05 0.989463 9.9964E-05 0.0101372 9.9964E-05 9.9964E-05
0.180393 9.9973E-05 0.792968 0.0263386 9.9973E-05 9.9973E-05
0.200045 0.00625329 9.9973E-05 9.9973E-05 0.793402 9.9973E-05
9.9991E-05 0.0439233 0.400643 0.412895 0.113996 0.0284421
9.9982E-05 0.00404116 0.0439826 0.000511653 0.951265 9.9982E-05
9.996E-05 9.996E-05 9.996E-05 9.996E-05 9.996E-05 0.9995
0.0449509 0.00485424 0.0317977 9.9991E-05 0.90616 0.0121372
9.9982E-05 0.0336592 0.216859 9.9982E-05 0.136531 0.612751
0.678137 0.0137328 0.0387542 0.0127745 0.240796 0.0158057
9.9973E-05 9.9973E-05 0.057937 9.9973E-05 0.940572 0.00119104
9.9964E-05 9.9964E-05 0.0186782 9.9964E-05 0.980922 9.9964E-05
0.275964 9.9973E-05 0.680533 9.9973E-05 0.0432031 9.9973E-05
9.9991E-05 0.00131154 0.0971532 0.00353434 0.889295 0.00860626
0.0241005 9.9964E-05 9.9964E-05 0.9755 9.9964E-05 9.9964E-05
9.9964E-05 9.9964E-05 0.00186696 9.9964E-05 0.997733 9.9964E-05
9.996E-05 9.996E-05 9.996E-05 9.996E-05 9.996E-05 0.9995
9.9964E-05 9.9964E-05 9.9964E-05 9.9964E-05 0.998872 0.000727953
0.562377 9.9982E-05 0.124563 0.0374443 0.275416 9.9982E-05
0.454108 0.0211165 0.0540747 9.9991E-05 0.456775 0.0138256
0.267722 9.9982E-05 0.660985 0.00437668 0.0667168 9.9982E-05
0.229737 0.019326 0.424047 0.00165051 0.31016 0.0150797
0.12382 0.0507596 0.684722 9.9982E-05 0.140499 9.9982E-05
9.9964E-05 0.00336123 9.9964E-05 9.9964E-05 0.996239 9.9964E-05
0.487401 9.9973E-05 9.9973E-05 0.0596826 0.452616 9.9973E-05
0.0321826 9.9973E-05 9.9973E-05 0.00656809 0.960949 9.9973E-05
0.352296 0.0394466 0.237248 0.0481825 0.322728 9.9991E-05
0.524252 9.9973E-05 0.377964 9.9973E-05 0.0974841 9.9973E-05
0.0283712 9.9991E-05 0.0204568 0.0219036 0.916461 0.0127077
0.39816 0.00283949 9.9973E-05 9.9973E-05 0.5987 9.9973E-05
0.169748 0.00588581 9.9982E-05 0.0111361 0.81303 9.9982E-05
9.9964E-05 9.9964E-05 0.0753857 9.9964E-05 0.924214 9.9964E-05
9.9991E-05 0.00842703 0.536521 0.0478938 0.379363 0.0276949
0.385134 0.00491724 0.177708 9.9982E-05 0.432042 9.9982E-05
0.246104 9.9991E-05 0.253845 0.0170904 0.455293 0.0275676
0.0262667 0.0151874 0.0242294 0.0329812 9.9991E-05 0.901235
9.9973E-05 9.9973E-05 0.0915702 0.00790472 0.900225 9.9973E-05
9.9964E-05 9.9964E-05 0.0258665 9.9964E-05 0.973734 9.9964E-05
0.06866 0.00148793 9.9982E-05 9.9982E-05 0.923484 0.00616839
9.99639E-05 9.99639E-05 9.99639E-05 0.97244 0.0271605 9.99639E-05
0.15845 9.9991E-05 0.037619 0.00243494 0.795782 0.00561351
0.187151 9.9973E-05 0.725102 9.9973E-05 0.0874476 9.9973E-05
0.434486 0.00507509 0.0295097 0.016673 0.514156 9.9991E-05
9.9973E-05 0.00717962 0.0064474 9.9973E-05 0.986073 9.9973E-05
0.0449906 9.9982E-05 0.0781002 0.0126792 0.86403 9.9982E-05
9.9973E-05 9.9973E-05 0.00645157 9.9973E-05 0.992876 0.000372983
0.257347 0.0331629 0.634256 9.9982E-05 0.0750339 9.9982E-05
9.9991E-05 0.0245386 0.124907 0.0481636 0.0120106 0.79028
0.213964 9.9964E-05 0.785636 9.9964E-05 9.9964E-05 9.9964E-05
0.322115 0.0238601 9.9973E-05 9.9973E-05 0.653725 9.9973E-05
9.9982E-05 0.0125167 0.0185971 0.00164675 9.9982E-05 0.967039
0.202218 9.9991E-05 0.0833778 0.0297027 0.675537 0.00906436
0.568447 9.9964E-05 9.9964E-05 9.9964E-05 0.431153 9.9964E-05
9.9991E-05 0.00735192 0.0769385 0.0200826 0.894869 0.000658186
9.9973E-05 0.00342073 0.00818683 9.9973E-05 0.988093 9.9973E-05
9.9991E-05 0.010397 0.0480966 0.00364306 0.935268 0.00249573
0.194911 9.9973E-05 0.250514 9.9973E-05 0.554275 9.9973E-05
9.99639E-05 9.99639E-05 9.99639E-05 0.940188 0.0594118 9.99639E-05
9.9964E-05 0.00323837 9.9964E-05 9.9964E-05 0.996362 9.9964E-05
0.593906 9.9973E-05 0.298659 9.9973E-05 0.107135 9.9973E-05
0.404178 9.9964E-05 9.9964E-05 9.9964E-05 0.595422 9.9964E-05
9.9973E-05 9.9973E-05 9.9973E-05 0.959056 0.0255129 0.0151314
0.434165 9.9973E-05 0.489514 9.9973E-05 0.0760218 9.9973E-05
9.9982E-05 9.9982E-05 0.753895 0.008525 0.192431 0.0449488
0.440849 0.000477591 0.241713 0.0409069 0.275953 9.9991E-05
9.9964E-05 9.9964E-05 9.9964E-05 0.897572 0.102029 9.9964E-05
0.401635 9.9964E-05 9.9964E-05 9.9964E-05 0.597965 9.9964E-05
9.9964E-05 9.9964E-05 9.9964E-05 9.9964E-05 0.0018646 0.997736
0.312068 0.00598783 9.9982E-05 9.9982E-05 0.678945 0.00279974
0.0354978 0.0154978 9.9973E-05 9.9973E-05 0.948705 9.9973E-05
0.00160515 9.9964E-05 9.9964E-05 9.9964E-05 9.9964E-05 0.997995
0.0869611 9.9964E-05 9.9964E-05 9.9964E-05 0.912639 9.9964E-05
0.0205588 0.912702 0.0310519 0.0187946 0.00509429 0.0117984
0.582639 0.00209827 0.078138 9.9982E-05 0.336925 9.9982E-05
9.9973E-05 9.9973E-05 0.0430784 0.0144793 0.942142 9.9973E-05
0.192185 9.9982E-05 0.67801 0.0519624 0.0776431 9.9982E-05
0.185078 9.9982E-05 0.0310679 9.9982E-05 0.77264 0.011014
9.9973E-05 0.0119139 0.0508924 9.9973E-05 9.9973E-05 0.936894
0.501534 9.9991E-05 0.0948085 0.00529467 0.387882 0.01038
