0.229534 9.9973E-05 0.0108806 9.9973E-05 0.759285 9.9973E-05
9.9964E-05 9.9964E-05 9.9964E-05 0.0487738 0.950826 9.9964E-05
0.0024158 0.017651 9.9973E-05 9.9973E-05 0.979633 9.9973E-05
0.224143 0.000994644 0.00742294 0.0293683 0.724456 0.0136154
0.438481 0.0396712 9.9982E-05 0.265661 0.255987 9.9982E-05
0.0666689 0.000584156 0.0179243 0.712243 0.20248 9.9991E-05
0.381304 9.9973E-05 9.9973E-05 0.471336 0.14706 9.9973E-05
0.539734 0.00949154 0.00732404 0.326288 0.117062 9.9991E-05
0.00932717 0.0120966 0.0104387 0.0140473 0.940947 0.0131432
0.146165 9.9964E-05 9.9964E-05 9.9964E-05 0.853435 9.9964E-05
0.592919 0.00202814 0.0254875 0.0282606 0.351204 9.9991E-05
0.668023 0.0210418 0.00285841 0.0907526 0.217224 9.9991E-05
0.577556 9.9973E-05 9.9973E-05 0.0427681 0.379376 9.9973E-05
0.0392865 9.9973E-05 9.9973E-05 0.827369 0.133044 9.9973E-05
0.331109 9.9973E-05 0.00198265 9.9973E-05 0.666609 9.9973E-05
0.18469 9.9986E-05 9.9986E-05 0.290041 0.51466 0.0104087
0.57353 9.9973E-05 9.9973E-05 0.238741 0.187429 9.9973E-05
9.999E-05 0.0150784 0.437999 0.345363 0.179607 0.0218527
9.9964E-05 9.9964E-05 9.9964E-05 0.0497607 0.949839 9.9964E-05
0.443461 0.0151467 0.00426116 0.393062 0.114484 0.0295847
0.027665 0.00849069 9.9982E-05 0.001183 0.962461 9.9982E-05
0.645745 0.0145995 9.9982E-05 9.9982E-05 0.334488 0.00496748
0.524046 0.0137768 0.00374228 0.0409433 0.417392 9.9991E-05
0.0729905 0.884266 0.0255782 0.0169654 9.9982E-05 9.9982E-05
0.263315 0.0193586 0.0060619 0.497505 0.213659 9.9991E-05
0.541103 0.0136275 0.00413906 9.9982E-05 0.440931 9.9982E-05
0.495432 9.9982E-05 0.000286201 0.255543 0.248539 9.9982E-05
0.0458476 0.00827236 0.00203435 9.9982E-05 0.943646 9.9982E-05
0.144033 9.9964E-05 9.9964E-05 9.9964E-05 0.855567 9.9964E-05
9.996E-05 9.996E-05 9.996E-05 9.996E-05 0.9995 9.996E-05
0.150375 0.0212502 9.9982E-05 0.624238 0.203937 9.9982E-05
9.9964E-05 9.9964E-05 9.9964E-05 0.0753761 0.924224 9.9964E-05
9.9964E-05 9.9964E-05 9.9964E-05 0.0327477 0.966852 9.9964E-05
0.1331 9.9973E-05 9.9973E-05 0.722764 0.143836 9.9973E-05
9.9973E-05 0.00099012 9.9973E-05 0.0343451 0.964365 9.9973E-05
0.41306 9.9982E-05 9.9982E-05 0.335115 0.235485 0.0161406
0.266873 9.9964E-05 9.9964E-05 9.9964E-05 0.732727 9.9964E-05
0.59489 9.9982E-05 9.9982E-05 0.302879 0.0771255 0.0249054
0.404689 0.00111003 0.00424049 0.589761 9.9982E-05 9.9982E-05
0.550942 0.0551197 9.9982E-05 0.0684795 0.325258 9.9982E-05
0.169582 0.0146315 0.00328319 0.682312 0.120711 0.00948075
9.9982E-05 0.0118607 9.9982E-05 0.032764 0.945483 0.00969274
0.139675 9.9964E-05 9.9964E-05 9.9964E-05 0.859925 9.9964E-05
0.147357 9.9982E-05 0.00133331 9.9982E-05 0.842292 0.00881825
0.134023 9.9982E-05 0.0212218 0.0474223 0.797133 9.9982E-05
9.996E-05 9.996E-05 0.9995 9.996E-05 9.996E-05 9.996E-05
0.0594001 9.9973E-05 9.9973E-05 0.0529947 0.887305 9.9973E-05
0.0697374 9.9964E-05 9.9964E-05 9.9964E-05 0.929863 9.9964E-05
9.996E-05 9.996E-05 0.9995 9.996E-05 9.996E-05 9.996E-05
0.259734 9.9964E-05 9.9964E-05 9.9964E-05 0.739866 9.9964E-05
0.438968 9.9982E-05 9.9982E-05 0.0135899 0.537479 0.00976305
0.201337 9.9964E-05 9.9964E-05 9.9964E-05 0.798263 9.9964E-05
0.347401 0.00172726 9.9973E-05 9.9973E-05 0.650572 9.9973E-05
9.9991E-05 0.0211582 0.038745 0.426237 0.506413 0.00734596
0.399417 0.0551949 0.00414899 0.149304 0.391835 9.9991E-05
9.9982E-05 0.0354582 9.9982E-05 0.176879 0.768052 0.0194107
0.0307658 9.9973E-05 0.00056238 9.9973E-05 0.968372 9.9973E-05
9.9964E-05 9.9964E-05 9.9964E-05 0.0338501 0.96575 9.9964E-05
0.175056 0.00833225 0.0153138 9.9982E-05 0.801098 9.9982E-05
0.156843 9.9964E-05 9.9964E-05 9.9964E-05 0.842757 9.9964E-05
0.0237845 9.9964E-05 9.9964E-05 9.9964E-05 0.975816 9.9964E-05
0.00599978 0.829827 9.9982E-05 0.149893 9.9982E-05 0.0140806
9.9982E-05 0.0183794 9.9982E-05 0.0140002 0.958701 0.00871905
0.425083 0.0315489 0.00282427 0.116513 0.399096 0.0249347
0.0050427 9.9973E-05 0.00510503 9.9973E-05 0.989552 9.9973E-05
9.9973E-05 9.9973E-05 9.9973E-05 0.029586 0.963145 0.00696923
0.2319 9.9973E-05 0.00282395 9.9973E-05 0.764976 9.9973E-05
0.254194 9.9964E-05 9.9964E-05 9.9964E-05 0.745406 9.9964E-05
0.618335 0.0208989 9.9982E-05 0.144397 0.216169 9.9982E-05
9.996E-05 9.996E-05 0.9995 9.996E-05 9.996E-05 9.996E-05
0.481984 0.00344768 0.00571156 0.181957 0.323153 0.00374654
9.9991E-05 0.0217503 0.00373367 0.129814 0.822184 0.0224176
0.0999479 0.0123329 0.0050498 9.9991E-05 0.872054 0.0105149
9.9982E-05 0.0337528 0.00272884 0.0288039 0.934514 9.9982E-05
9.9973E-05 0.00585505 9.9973E-05 9.9973E-05 0.986566 0.00727921
9.9982E-05 9.9982E-05 0.0197156 0.0633814 0.905284 0.0114187
9.9964E-05 9.9964E-05 9.9964E-05 9.9964E-05 0.990419 0.00918096
0.504833 0.0158188 9.9982E-05 0.256033 0.223116 9.9982E-05
0.026692 9.9964E-05 9.9964E-05 9.9964E-05 0.972908 9.9964E-05
0.0300213 0.677394 0.0104028 0.281982 9.9982E-05 9.9982E-05
0.317139 0.0136566 9.9973E-05 9.9973E-05 0.668904 9.9973E-05
0.0282497 9.9982E-05 0.00302693 9.9982E-05 0.964158 0.00436588
9.9991E-05 0.072774 0.394912 0.360428 0.0999311 0.0718543
9.9991E-05 0.00072191 0.0543424 0.479721 0.46199 0.00312482
0.299239 9.9982E-05 0.0111755 0.264884 0.424501 9.9982E-05
0.115534 9.9982E-05 0.00968502 9.9982E-05 0.85981 0.0147713
9.9973E-05 0.0089545 9.9973E-05 0.056231 0.934515 9.9973E-05
9.996E-05 9.996E-05 9.996E-05 9.996E-05 9.996E-05 0.9995
0.336147 9.99639E-05 9.99639E-05 9.99639E-05 0.663453 9.99639E-05
0.311594 9.9964E-05 9.9964E-05 9.9964E-05 0.688006 9.9964E-05
0.623964 9.9973E-05 9.9973E-05 0.0594573 0.316279 9.9973E-05
0.658518 0.0139586 9.9991E-05 0.0415124 0.283394 0.00251744
0.724322 9.9982E-05 0.00694949 0.0106227 0.257905 9.9982E-05
9.9973E-05 0.00406463 9.9973E-05 0.020612 0.975023 9.9973E-05
0.305842 9.9964E-05 9.9964E-05 9.9964E-05 0.693759 9.9964E-05
0.0596139 9.9964E-05 9.9964E-05 9.9964E-05 0.939986 9.9964E-05
0.458596 9.9964E-05 9.9964E-05 9.9964E-05 0.541004 9.9964E-05
0.0916805 9.9982E-05 0.0108291 0.765778 0.131513 9.9982E-05
9.9973E-05 0.0043164 9.9973E-05 0.0487498 0.946634 9.9973E-05
0.480035 0.0810451 9.9982E-05 0.136598 0.302121 9.9982E-05
0.477495 9.9991E-05 0.0235692 0.0495619 0.442263 0.00701126
0.0214304 0.859076 0.00865602 0.110637 9.9982E-05 9.9982E-05
0.315982 9.9964E-05 9.9964E-05 9.9964E-05 0.683618 9.9964E-05
0.0326071 9.9964E-05 9.9964E-05 9.9964E-05 0.966993 9.9964E-05
9.996E-05 9.996E-05 9.996E-05 9.996E-05 0.9995 9.996E-05
0.710154 9.9982E-05 0.0309646 0.0993903 0.159292 9.9982E-05
9.996E-05 9.996E-05 0.9995 9.996E-05 9.996E-05 9.996E-05
0.743658 9.9991E-05 0.0182294 0.0612046 0.166199 0.0106093
0.136215 0.0306997 9.9973E-05 9.9973E-05 0.832785 9.9973E-05
9.9982E-05 0.0213955 9.9982E-05 0.0450666 0.923915 0.00942285
0.713485 0.00845926 9.9973E-05 9.9973E-05 0.277756 9.9973E-05
9.996E-05 9.996E-05 0.9995 9.996E-05 9.996E-05 9.996E-05
9.9982E-05 0.628073 0.02284 0.342349 9.9982E-05 0.00653792
0.237687 0.00104112 0.0128052 0.00821899 0.740148 9.9991E-05
0.155996 9.9964E-05 9.9964E-05 9.9964E-05 0.843604 9.9964E-05
0.638766 0.00790576 9.9982E-05 0.00147935 0.351649 9.9982E-05
9.9973E-05 0.0168701 9.9973E-05 0.0230369 0.959793 9.9973E-05
0.387517 9.9982E-05 0.05194 0.520704 0.0396396 9.9982E-05
0.0176056 0.148294 0.528879 0.198681 0.0103583 0.0961817
0.0522378 0.0459942 9.9982E-05 9.9982E-05 0.896943 0.00462518
0.353332 9.9973E-05 0.0021697 9.9973E-05 0.644199 9.9973E-05
0.00384954 0.995751 9.9964E-05 9.9964E-05 9.9964E-05 9.9964E-05
0.0962261 9.9964E-05 9.9964E-05 9.9964E-05 0.903374 9.9964E-05
0.437476 9.9964E-05 9.9964E-05 9.9964E-05 0.562124 9.9964E-05
0.0991995 9.9964E-05 9.9964E-05 9.9964E-05 0.900401 9.9964E-05
0.550935 9.9982E-05 9.9982E-05 0.159313 0.28367 0.00588137
0.530282 9.9982E-05 0.0117696 0.145035 0.312714 9.9982E-05
0.451915 9.9982E-05 0.00106162 0.324358 0.222465 9.9982E-05
0.298203 9.9982E-05 9.9982E-05 0.615444 0.0735521 0.0126011
0.285114 0.00904715 9.9973E-05 9.9973E-05 0.705539 9.9973E-05
0.0470344 0.00790083 0.00533174 9.9982E-05 0.939533 9.9982E-05
0.204565 0.00289207 0.0187273 9.9982E-05 0.773616 9.9982E-05
0.0063873 0.00351285 0.868223 0.0629748 9.9991E-05 0.0588024
9.9973E-05 0.0282617 9.9973E-05 0.0781711 0.893267 9.9973E-05
0.00732382 0.00623216 0.94726 0.0202183 0.0017653 0.0172003
0.237206 0.00185767 9.9973E-05 9.9973E-05 0.760636 9.9973E-05
9.99639E-05 0.95522 9.99639E-05 9.99639E-05 0.0443799 9.99639E-05
0.767403 0.0156842 9.9982E-05 0.0418179 0.174895 9.9982E-05
0.571645 9.9982E-05 9.9982E-05 0.296124 0.117664 0.0143664
0.625549 0.0336887 9.9991E-05 0.127989 0.176811 0.0358622
0.345527 9.9964E-05 9.9964E-05 9.9964E-05 0.654073 9.9964E-05
0.412039 0.000903566 0.0334366 0.271522 0.281999 9.9991E-05
9.9964E-05 9.9964E-05 9.9964E-05 0.0190799 0.98052 9.9964E-05
0.427399 0.0157142 9.9982E-05 9.9982E-05 0.555197 0.0014896
9.9991E-05 0.0169433 0.0110988 0.632925 0.323188 0.0157445
0.119483 9.9982E-05 0.0146745 0.100093 0.765549 9.9982E-05
0.0655828 0.00404396 9.9991E-05 0.0304572 0.885101 0.0147152
9.99639E-05 0.963934 9.99639E-05 9.99639E-05 0.035666 9.99639E-05
0.138272 0.0473362 0.00366333 0.693151 0.117477 9.9991E-05
0.0214819 0.978118 9.9964E-05 9.9964E-05 9.9964E-05 9.9964E-05
0.236086 9.9973E-05 0.00355886 9.9973E-05 0.760056 9.9973E-05
0.0742807 0.0519607 0.00584578 0.606995 0.260818 9.9991E-05
9.9982E-05 0.034019 0.00799307 0.702313 0.255475 9.9982E-05
0.167434 9.9973E-05 0.023634 9.9973E-05 0.808632 9.9973E-05
9.9982E-05 9.9982E-05 0.00744069 0.0116252 0.979554 0.00118027
9.9964E-05 0.00918267 0.990417 9.9964E-05 9.9964E-05 9.9964E-05
0.190157 0.0328242 9.9973E-05 0.776719 9.9973E-05 9.9973E-05
0.203389 9.9964E-05 9.9964E-05 9.9964E-05 0.796211 9.9964E-05
9.9991E-05 0.407841 0.0460536 0.372618 0.148776 0.0246111
9.9973E-05 9.9973E-05 0.00594947 0.0546046 0.939146 9.9973E-05
9.996E-05 9.996E-05 9.996E-05 9.996E-05 9.996E-05 0.9995
0.0464183 9.9991E-05 0.0170061 0.0375187 0.894052 0.00490532
9.9982E-05 9.9982E-05 0.0295994 0.221111 0.135223 0.613867
0.678588 0.0153433 0.0235529 0.0327153 0.235258 0.0145428
9.9973E-05 9.9973E-05 9.9973E-05 0.0505989 0.945108 0.00399349
9.9973E-05 9.9973E-05 9.9973E-05 0.000276816 0.99652 0.00290299
0.268296 0.000107246 9.9991E-05 0.669059 0.061613 0.000824642
9.9973E-05 0.00485091 9.9973E-05 0.093909 0.90094 9.9973E-05
0.0241852 0.975415 9.9964E-05 9.9964E-05 9.9964E-05 9.9964E-05
9.9973E-05 0.00495974 0.00550809 9.9973E-05 0.989232 9.9973E-05
9.996E-05 9.996E-05 9.996E-05 9.996E-05 9.996E-05 0.9995
9.996E-05 9.996E-05 9.996E-05 9.996E-05 0.9995 9.996E-05
0.573133 0.0182226 9.9991E-05 0.132443 0.274969 0.00113243
0.47087 0.00503744 0.0148113 0.0586576 0.440435 0.0101878
0.262482 0.000366184 9.9982E-05 0.664495 0.0724573 9.9982E-05
0.222 0.0120914 0.0217465 0.416261 0.31778 0.0101222
0.153464 0.00359639 0.0526643 0.663643 0.126533 9.9991E-05
9.9964E-05 9.9964E-05 0.0020185 9.9964E-05 0.997582 9.9964E-05
0.487263 0.0529967 9.9973E-05 9.9973E-05 0.45944 9.9973E-05
0.0385458 9.9973E-05 9.9973E-05 9.9973E-05 0.9535 0.00765399
0.367179 0.0636352 0.0326651 0.237684 0.298737 9.9991E-05
0.529326 9.9982E-05 9.9982E-05 0.346314 0.11775 0.00641015
0.0374491 0.02309 9.9991E-05 0.0290569 0.899229 0.0110753
0.403802 9.9973E-05 0.00680817 9.9973E-05 0.58909 9.9973E-05
0.187027 0.00836755 0.00523841 9.9982E-05 0.799167 9.9982E-05
9.9964E-05 9.9964E-05 9.9964E-05 0.0789587 0.920641 9.9964E-05
9.9991E-05 0.0355756 0.0238375 0.558275 0.363248 0.0189639
0.412058 9.9991E-05 0.0104139 0.153 0.421839 0.0025898
0.269645 0.0183495 9.9991E-05 0.234092 0.45824 0.0195744
0.0135423 0.0327778 0.00884772 0.0393923 9.9991E-05 0.90534
9.9964E-05 9.9964E-05 9.9964E-05 0.0980781 0.901522 9.9964E-05
9.9964E-05 9.9964E-05 9.9964E-05 0.0244591 0.975141 9.9964E-05
0.0479783 9.9973E-05 9.9973E-05 9.9973E-05 0.93497 0.0167522
9.99639E-05 0.962524 9.99639E-05 9.99639E-05 0.0370765 9.99639E-05
0.178508 0.0114578 9.9991E-05 0.0167158 0.782552 0.0106662
0.192965 9.9973E-05 9.9973E-05 0.689084 0.117651 9.9973E-05
0.463996 0.0121375 0.0116831 0.0218059 0.490277 9.9991E-05
9.9973E-05 9.9973E-05 0.00260697 0.0101839 0.986909 9.9973E-05
0.047813 9.9973E-05 9.9973E-05 0.0895734 0.862314 9.9973E-05
9.9964E-05 9.9964E-05 9.9964E-05 0.00792819 0.991672 9.9964E-05
0.233975 9.9982E-05 0.0207218 0.680334 0.0647695 9.9982E-05
9.9991E-05 0.0371675 0.0347071 0.145659 0.000626784 0.781739
0.229738 9.9964E-05 9.9964E-05 0.769862 9.9964E-05 9.9964E-05
0.32018 0.000391151 0.027409 9.9982E-05 0.65182 9.9982E-05
9.9973E-05 9.9973E-05 0.00563384 0.0409423 9.9973E-05 0.953124
0.207216 0.0392284 9.9991E-05 0.0655305 0.672525 0.0154007
0.574545 9.9964E-05 9.9964E-05 9.9964E-05 0.425055 9.9964E-05
9.9982E-05 0.0211604 0.00687255 0.0872901 0.884477 9.9982E-05
9.9964E-05 9.9964E-05 9.9964E-05 0.0134056 0.986195 9.9964E-05
9.9973E-05 9.9973E-05 0.00876184 0.0441104 0.946828 9.9973E-05
0.222502 9.9973E-05 9.9973E-05 0.24558 0.531617 9.9973E-05
9.99639E-05 0.944565 9.99639E-05 9.99639E-05 0.0550349 9.99639E-05
9.9964E-05 9.9964E-05 0.00142359 9.9964E-05 0.998177 9.9964E-05
0.601501 9.9973E-05 9.9973E-05 0.308567 0.0896326 9.9973E-05
0.42523 9.9964E-05 9.9964E-05 9.9964E-05 0.57437 9.9964E-05
9.9973E-05 0.956119 9.9973E-05 9.9973E-05 0.0318434 0.0117375
0.435272 9.9973E-05 9.9973E-05 0.518663 0.0457654 9.9973E-05
0.00836106 9.9982E-05 9.9982E-05 0.756242 0.196585 0.0386116
0.459468 0.0400907 9.9982E-05 0.255195 0.245046 9.9982E-05
9.9973E-05 0.90498 0.000458125 9.9973E-05 0.0942615 9.9973E-05
0.396685 9.9964E-05 9.9964E-05 9.9964E-05 0.602915 9.9964E-05
9.996E-05 9.996E-05 9.996E-05 9.996E-05 9.996E-05 0.9995
0.321542 9.9982E-05 0.00137545 9.9982E-05 0.669873 0.00700967
0.0287569 9.9973E-05 0.0114481 9.9973E-05 0.959495 9.9973E-05
9.996E-05 9.996E-05 9.996E-05 9.996E-05 9.996E-05 0.9995
0.0777465 9.9964E-05 9.9964E-05 9.9964E-05 0.921854 9.9964E-05
0.0504985 0.0118096 0.895631 0.0237686 0.011638 0.00665399
0.579655 9.9982E-05 0.00485823 0.10227 0.313016 9.9982E-05
9.9973E-05 0.0308326 9.9973E-05 0.0364522 0.932415 9.9973E-05
0.191393 0.0607126 9.9991E-05 0.658953 0.0857115 0.00312958
0.175949 9.9982E-05 9.9982E-05 0.0338152 0.770641 0.0193948
9.9973E-05 9.9973E-05 0.0179152 0.0599302 9.9973E-05 0.921855
0.504136 0.0113898 9.9991E-05 0.0810457 0.386343 0.0169855
