9.9955E-05 9.9955E-05 0.00885057 9.9955E-05 0.321255 9.9955E-05 9.9955E-05 0.0879623 0.581433
0.0387777 9.9937E-05 9.9937E-05 9.9937E-05 9.9937E-05 9.9937E-05 9.9937E-05 9.9937E-05 0.960523
9.9964E-05 9.9964E-05 9.9964E-05 0.00125826 0.0455769 0.0125696 0.000947508 9.9964E-05 0.939248
0.0439353 9.9982E-05 0.00531863 0.0079862 0.368155 0.000790169 0.0591694 9.9982E-05 0.514445
0.152171 9.9973E-05 9.9973E-05 9.9973E-05 0.50054 0.0381194 0.27125 0.000686027 0.0369332
0.663525 9.9946E-05 9.9946E-05 9.9946E-05 9.9946E-05 9.9946E-05 9.9946E-05 0.143338 0.192537
0.101118 0.068663 9.9964E-05 9.9964E-05 9.9964E-05 9.9964E-05 0.146766 0.549723 0.13333
0.350188 0.296503 9.9946E-05 9.9946E-05 0.352709 9.9946E-05 9.9946E-05 9.9946E-05 9.9946E-05
0.00728018 0.0274781 0.0137057 0.00766727 0.0490622 9.9973E-05 9.9973E-05 9.9973E-05 0.894507
9.9937E-05 9.9937E-05 9.9937E-05 9.9937E-05 0.333649 9.9937E-05 9.9937E-05 9.9937E-05 0.665652
9.9982E-05 0.320211 0.0192759 9.9982E-05 0.400284 0.00460948 0.0315166 0.102473 0.12143
9.9946E-05 0.105338 9.9946E-05 9.9946E-05 0.257004 9.9946E-05 9.9946E-05 0.637058 9.9946E-05
9.9955E-05 0.276703 9.9955E-05 9.9955E-05 0.493441 9.9955E-05 0.111563 9.9955E-05 0.117793
0.856234 0.0667647 9.99459E-05 9.99459E-05 9.99459E-05 9.99459E-05 9.99459E-05 9.99459E-05 0.0764021
9.9946E-05 9.9946E-05 0.00984374 9.9946E-05 0.618192 9.9946E-05 9.9946E-05 9.9946E-05 0.371365
0.167773 9.99639E-05 0.00445033 9.99639E-05 0.0462976 9.99639E-05 9.99639E-05 0.320052 0.461027
9.9964E-05 0.469468 9.9964E-05 9.9964E-05 0.0581222 9.9964E-05 0.153909 0.158872 0.159229
0.27522 9.9973E-05 0.41843 0.0385831 9.9973E-05 0.0192587 0.0151265 9.9973E-05 0.233082
0.00340988 9.9955E-05 0.00314957 0.00904195 9.9955E-05 9.9955E-05 9.9955E-05 9.9955E-05 0.983899
0.241456 0.349752 0.000389849 0.0239547 0.111291 0.0201058 0.0194241 0.169858 0.0637691
9.9946E-05 9.9946E-05 9.9946E-05 9.9946E-05 0.0923318 9.9946E-05 9.9946E-05 0.0309531 0.876115
9.9964E-05 0.371854 9.9964E-05 9.9964E-05 0.306538 9.9964E-05 0.0410292 0.175953 0.104226
0.00700102 0.0573426 9.9982E-05 9.9982E-05 0.580542 0.0227777 0.121338 0.0873753 0.123424
9.9955E-05 0.0657123 0.0162368 9.9955E-05 0.0272396 0.890312 9.9955E-05 9.9955E-05 9.9955E-05
0.423511 9.9964E-05 9.9964E-05 9.9964E-05 0.244177 9.9964E-05 0.168088 0.117494 0.0463289
9.9964E-05 0.341931 9.9964E-05 0.00159895 0.418104 0.0247263 9.9964E-05 9.9964E-05 0.21324
0.125976 0.456747 9.9982E-05 0.00587549 0.176463 9.9982E-05 0.0602131 0.0253937 0.149132
9.9964E-05 9.9964E-05 0.00946233 9.9964E-05 0.13141 0.000848577 9.9964E-05 0.00602586 0.851853
9.9937E-05 9.9937E-05 9.9937E-05 9.9937E-05 0.30687 9.9937E-05 9.9937E-05 9.9937E-05 0.69243
9.9937E-05 9.9937E-05 9.9937E-05 9.9937E-05 0.036742 9.9937E-05 9.9937E-05 9.9937E-05 0.962558
0.555904 9.9973E-05 9.9973E-05 9.9973E-05 0.00172273 0.00910784 0.103993 0.190299 0.138673
0.0262662 9.9946E-05 9.9946E-05 9.9946E-05 9.9946E-05 9.9946E-05 9.9946E-05 0.0221856 0.950949
9.9946E-05 0.00452323 9.9946E-05 9.9946E-05 9.9946E-05 9.9946E-05 0.0322008 9.9946E-05 0.962676
0.677466 0.20253 9.9946E-05 9.9946E-05 9.9946E-05 9.9946E-05 9.9946E-05 9.9946E-05 0.119404
0.00634329 0.00772966 9.9964E-05 9.9964E-05 9.9964E-05 0.0147902 0.0139438 9.9964E-05 0.956793
9.99459E-05 9.99459E-05 9.99459E-05 9.99459E-05 0.248764 9.99459E-05 0.65521 9.99459E-05 0.0954266
9.9937E-05 9.9937E-05 9.9937E-05 9.9937E-05 0.565632 9.9937E-05 9.9937E-05 9.9937E-05 0.433669
9.9937E-05 9.9937E-05 9.9937E-05 0.0203245 9.9937E-05 9.9937E-05 9.9937E-05 0.978976 9.9937E-05
0.448434 0.480614 9.99549E-05 9.99549E-05 9.99549E-05 0.013346 9.99549E-05 0.0571064 9.99549E-05
9.9955E-05 9.9955E-05 9.9955E-05 9.9955E-05 0.679052 0.0518399 0.20148 0.0671288 9.9955E-05
0.496261 9.9982E-05 9.9982E-05 0.0109541 0.102862 0.0139576 0.243216 0.0859011 0.046648
0.00414753 0.00337993 9.9964E-05 9.9964E-05 0.00721946 0.0103318 9.9964E-05 9.9964E-05 0.974521
9.9955E-05 0.0208581 9.9955E-05 9.9955E-05 0.238332 9.9955E-05 0.00416809 9.9955E-05 0.736143
9.9946E-05 9.9946E-05 9.9946E-05 0.00516678 0.333446 9.9946E-05 9.9946E-05 9.9946E-05 0.660788
0.0583303 9.9964E-05 0.0248256 9.9964E-05 0.235845 9.9964E-05 9.9964E-05 0.0377115 0.642888
9.993E-05 9.993E-05 0.999201 9.993E-05 9.993E-05 9.993E-05 9.993E-05 9.993E-05 9.993E-05
9.9946E-05 0.0546636 9.9946E-05 9.9946E-05 9.9946E-05 9.9946E-05 0.0652093 9.9946E-05 0.879527
9.9937E-05 9.9937E-05 9.9937E-05 9.9937E-05 0.215778 9.9937E-05 9.9937E-05 9.9937E-05 0.783522
9.993E-05 9.993E-05 0.999201 9.993E-05 9.993E-05 9.993E-05 9.993E-05 9.993E-05 9.993E-05
9.9937E-05 9.9937E-05 9.9937E-05 9.9937E-05 0.48492 9.9937E-05 9.9937E-05 9.9937E-05 0.51438
9.9973E-05 0.132881 9.9973E-05 0.00146861 0.38997 9.9973E-05 0.012087 0.157398 0.305896
9.99369E-05 9.99369E-05 9.99369E-05 9.99369E-05 0.426188 9.99369E-05 9.99369E-05 9.99369E-05 0.573112
9.9964E-05 0.0462724 9.9964E-05 9.9964E-05 0.467613 0.00511683 9.9964E-05 0.0511348 0.429463
0.44322 9.9964E-05 0.0230903 0.00349666 9.9964E-05 0.00630087 9.9964E-05 9.9964E-05 0.523492
0.11084 0.0155237 9.9982E-05 9.9982E-05 0.349185 0.0440707 0.00529732 0.279047 0.195837
0.161941 9.99549E-05 9.99549E-05 0.021887 9.99549E-05 0.0370807 9.99549E-05 9.99549E-05 0.778592
9.9946E-05 9.9946E-05 0.00797682 9.9946E-05 0.11647 9.9946E-05 9.9946E-05 9.9946E-05 0.874954
9.9937E-05 0.0302039 9.9937E-05 9.9937E-05 9.9937E-05 9.9937E-05 9.9937E-05 9.9937E-05 0.969097
0.0202945 9.9973E-05 0.00530233 9.9973E-05 0.309315 0.00534695 0.0162824 9.9973E-05 0.643159
9.99369E-05 9.99369E-05 9.99369E-05 9.99369E-05 0.358404 9.99369E-05 9.99369E-05 9.99369E-05 0.640896
0.00562234 9.9946E-05 9.9946E-05 9.9946E-05 0.0672404 9.9946E-05 9.9946E-05 9.9946E-05 0.926538
9.99641E-05 0.00388872 9.99641E-05 0.0179095 9.99641E-05 0.838416 0.138649 0.000737464 9.99641E-05
9.9955E-05 0.0410012 9.9955E-05 0.00938942 9.9955E-05 0.000437382 9.9955E-05 9.9955E-05 0.948672
0.0715148 9.9991E-05 0.000781386 0.0172576 0.430367 0.0357316 0.0698105 0.218932 0.155505
9.9946E-05 9.9946E-05 0.00109427 9.9946E-05 9.9946E-05 9.9946E-05 9.9946E-05 0.0645194 0.933787
0.0042081 9.99371E-05 9.99371E-05 9.99371E-05 9.99371E-05 9.99371E-05 9.99371E-05 9.99371E-05 0.995092
9.9955E-05 9.9955E-05 0.00282803 9.9955E-05 0.399734 9.9955E-05 9.9955E-05 0.073472 0.523467
9.9946E-05 0.0249023 9.9946E-05 9.9946E-05 0.447743 9.9946E-05 9.9946E-05 9.9946E-05 0.526755
9.9946E-05 0.493048 9.9946E-05 9.9946E-05 9.9946E-05 9.9946E-05 9.9946E-05 0.382816 0.123536
9.993E-05 9.993E-05 0.999201 9.993E-05 9.993E-05 9.993E-05 9.993E-05 9.993E-05 9.993E-05
0.211723 0.0454503 9.9973E-05 9.9973E-05 0.59642 0.0107132 0.122032 0.0133612 9.9973E-05
0.119955 9.99549E-05 9.99549E-05 0.0196353 9.99549E-05 0.0313309 9.99549E-05 9.99549E-05 0.828579
9.9964E-05 9.9964E-05 0.0071148 0.00204601 0.280334 0.0166557 9.9964E-05 9.9964E-05 0.69345
9.99441E-05 9.99441E-05 9.99441E-05 9.99441E-05 9.99441E-05 0.0398966 9.99441E-05 9.99441E-05 0.959404
9.9964E-05 0.0110097 9.9964E-05 0.00279482 9.9964E-05 0.000951046 9.9964E-05 0.00601164 0.978833
0.0296538 9.9964E-05 0.0233832 0.000767968 9.9964E-05 9.9964E-05 0.0322172 9.9964E-05 0.913578
9.995E-05 0.0106803 9.995E-05 0.00684145 0.0510848 9.995E-05 9.995E-05 9.995E-05 0.930894
0.0434063 0.188095 9.9955E-05 9.9955E-05 9.9955E-05 9.9955E-05 9.9955E-05 0.598218 0.16978
9.9955E-05 0.0297284 9.9955E-05 9.9955E-05 0.0236862 9.9955E-05 9.9955E-05 0.0183223 0.927763
0.076395 9.9973E-05 0.00774052 0.0042575 9.9973E-05 0.683952 0.123788 0.103567 9.9973E-05
0.0223492 9.9964E-05 9.9964E-05 9.9964E-05 0.515579 0.0128279 9.9964E-05 0.0375478 0.411297
9.9946E-05 9.9946E-05 9.9946E-05 9.9946E-05 0.119676 0.00575448 9.9946E-05 9.9946E-05 0.87397
0.413257 0.00861728 0.375489 0.0671923 9.9973E-05 0.0511896 9.9973E-05 9.9973E-05 0.0839552
0.525923 9.9964E-05 0.0326715 0.0044492 9.9964E-05 0.00663058 9.9964E-05 9.9964E-05 0.429926
0.276998 9.9964E-05 9.9964E-05 9.9964E-05 0.414105 9.9964E-05 0.0614311 0.0404304 0.206636
0.0236454 9.9955E-05 9.9955E-05 0.0117843 0.238838 9.9955E-05 9.9955E-05 9.9955E-05 0.725233
9.9946E-05 9.9946E-05 9.9946E-05 9.9946E-05 9.9946E-05 0.0135387 0.0337691 9.9946E-05 0.952093
9.993E-05 9.993E-05 9.993E-05 0.999201 9.993E-05 9.993E-05 9.993E-05 9.993E-05 9.993E-05
9.99639E-05 0.0514531 0.0120683 9.99639E-05 0.540131 9.99639E-05 9.99639E-05 0.0100142 0.385933
9.9955E-05 9.9955E-05 9.9955E-05 9.9955E-05 0.523661 0.00189637 9.9955E-05 0.0252554 0.448688
9.9955E-05 0.320489 9.9955E-05 9.9955E-05 0.296041 9.9955E-05 9.9955E-05 0.271006 0.111965
9.9964E-05 0.282845 9.9964E-05 0.000923522 0.535539 0.00874506 0.171548 9.9964E-05 9.9964E-05
9.9946E-05 0.735632 9.9946E-05 9.9946E-05 0.193557 9.9946E-05 9.9946E-05 9.9946E-05 0.0702108
9.9946E-05 9.9946E-05 9.9946E-05 9.9946E-05 9.9946E-05 0.00795116 0.000176131 9.9946E-05 0.991273
9.9937E-05 9.9937E-05 9.9937E-05 9.9937E-05 0.602272 9.9937E-05 9.9937E-05 9.9937E-05 0.397028
9.99475E-05 9.99475E-05 9.99475E-05 0.000800812 0.175964 9.99475E-05 9.99475E-05 9.99475E-05 0.822635
0.00557121 9.9955E-05 9.9955E-05 9.9955E-05 0.668091 9.9955E-05 9.9955E-05 0.131188 0.194651
0.742355 0.107679 9.9964E-05 9.9964E-05 0.0353694 9.9964E-05 0.0355914 9.9964E-05 0.078606
0.0215738 0.0122017 9.9946E-05 9.9946E-05 9.9946E-05 9.9946E-05 9.9946E-05 9.9946E-05 0.965625
9.9964E-05 9.9964E-05 9.9964E-05 9.9964E-05 0.19783 0.0305831 0.0142387 0.594544 0.162405
0.0980844 0.0254215 0.00910794 9.9973E-05 0.646298 9.9973E-05 0.132616 9.9973E-05 0.0881718
0.054599 9.9964E-05 0.0200373 9.9964E-05 9.9964E-05 0.854303 0.0134301 0.0572303 9.9964E-05
9.9937E-05 9.9937E-05 9.9937E-05 9.9937E-05 0.577263 9.9937E-05 9.9937E-05 9.9937E-05 0.422038
9.9937E-05 9.9937E-05 9.9937E-05 9.9937E-05 9.9937E-05 9.9937E-05 9.9937E-05 0.0807556 0.918545
9.993E-05 9.993E-05 9.993E-05 9.993E-05 9.993E-05 9.993E-05 9.993E-05 9.993E-05 0.999201
0.00353974 0.600615 0.0277174 9.9964E-05 0.295271 9.9964E-05 0.0724563 9.9964E-05 9.9964E-05
9.9946E-05 9.9946E-05 0.991849 9.9946E-05 0.00223527 9.9946E-05 9.9946E-05 9.9946E-05 0.00531637
9.99549E-05 0.895204 0.00834167 9.99549E-05 0.0533682 9.99549E-05 9.99549E-05 9.99549E-05 0.042586
9.995E-05 9.995E-05 9.995E-05 9.995E-05 0.158865 0.0256599 9.995E-05 0.106742 0.708233
0.0187088 9.9964E-05 9.9964E-05 0.000410659 9.9964E-05 0.0194661 0.0228333 9.9964E-05 0.938181
9.9955E-05 0.538555 9.9955E-05 9.9955E-05 0.244944 9.9955E-05 9.9955E-05 0.151575 0.0644256
9.993E-05 9.993E-05 0.999201 9.993E-05 9.993E-05 9.993E-05 9.993E-05 9.993E-05 9.993E-05
0.356729 9.9946E-05 0.0141685 9.9946E-05 9.9946E-05 0.628502 9.9946E-05 9.9946E-05 9.9946E-05
9.9955E-05 0.074644 9.9955E-05 9.9955E-05 0.175887 9.9955E-05 9.9955E-05 0.137887 0.611082
9.9937E-05 9.9937E-05 9.9937E-05 9.9937E-05 0.351964 9.9937E-05 9.9937E-05 9.9937E-05 0.647337
9.9964E-05 0.309902 9.9964E-05 9.9964E-05 0.546809 0.00615033 0.0767801 9.9964E-05 0.0599589
9.9955E-05 0.00881749 9.9955E-05 9.9955E-05 9.9955E-05 0.0248194 0.00789532 9.9955E-05 0.957968
0.490376 0.443725 0.0121987 9.9955E-05 0.0532014 9.9955E-05 9.9955E-05 9.9955E-05 9.9955E-05
0.217482 9.9964E-05 0.490407 0.0946394 9.9964E-05 0.14891 9.9964E-05 0.0481622 9.9964E-05
9.9955E-05 9.9955E-05 9.9955E-05 0.00368207 0.15236 0.0388875 9.9955E-05 9.9955E-05 0.804571
9.9955E-05 0.0909619 9.9955E-05 9.9955E-05 0.497004 9.9955E-05 9.9955E-05 0.00131808 0.410216
9.9937E-05 0.012774 9.9937E-05 9.9937E-05 9.9937E-05 0.986526 9.9937E-05 9.9937E-05 9.9937E-05
9.9955E-05 0.0465714 0.00605773 9.9955E-05 0.156826 9.9955E-05 9.9955E-05 9.9955E-05 0.790045
9.9955E-05 0.00604892 9.9955E-05 9.9955E-05 0.577503 9.9955E-05 9.9955E-05 0.13803 0.277918
9.9937E-05 9.9937E-05 9.9937E-05 9.9937E-05 0.282884 9.9937E-05 9.9937E-05 9.9937E-05 0.716416
9.9955E-05 0.708233 9.9955E-05 0.0110522 9.9955E-05 9.9955E-05 0.0660027 9.9955E-05 0.214213
0.133401 0.392422 0.000942214 9.9973E-05 0.291464 9.9973E-05 9.9973E-05 0.0687711 0.1127
9.9955E-05 9.9955E-05 0.00231487 9.9955E-05 0.404712 9.9955E-05 0.564153 9.9955E-05 0.0283209
0.30081 0.166829 9.997E-05 0.0112559 9.997E-05 9.997E-05 0.274979 0.154539 0.091287
9.9946E-05 9.9946E-05 9.9946E-05 9.9946E-05 0.554306 0.0163052 9.9946E-05 9.9946E-05 0.42879
9.9955E-05 9.9955E-05 0.00447014 9.9955E-05 0.19762 0.00435272 9.9955E-05 9.9955E-05 0.793057
9.99549E-05 9.99549E-05 0.0261382 9.99549E-05 0.440106 0.0194337 9.99549E-05 9.99549E-05 0.513822
0.0461152 0.0484698 0.857999 0.0469164 9.9955E-05 9.9955E-05 9.9955E-05 9.9955E-05 9.9955E-05
0.0137556 9.9964E-05 9.9964E-05 9.9964E-05 0.0167459 0.0177122 0.0613258 9.9964E-05 0.890061
0.00541605 9.9964E-05 0.968738 0.00684296 0.00988802 0.00871559 9.9964E-05 9.9964E-05 9.9964E-05
9.9946E-05 9.9946E-05 9.9946E-05 9.9946E-05 0.438107 0.010351 9.9946E-05 9.9946E-05 0.550943
9.99369E-05 9.99369E-05 9.99369E-05 9.99369E-05 9.99369E-05 0.960439 9.99369E-05 9.99369E-05 0.0388614
9.99459E-05 0.547427 9.99459E-05 9.99459E-05 0.288856 9.99459E-05 9.99459E-05 0.163118 9.99459E-05
0.0698229 0.641846 9.9964E-05 0.0172822 9.9964E-05 9.9964E-05 9.9964E-05 0.168681 0.101968
9.9973E-05 0.454109 9.9973E-05 0.0284696 0.00980373 0.0054387 9.9973E-05 0.391718 0.110161
0.0122952 9.9955E-05 9.9955E-05 9.9955E-05 0.606934 0.0109571 9.9955E-05 9.9955E-05 0.369314
0.0980179 0.130426 0.0326307 9.9982E-05 0.172374 9.9982E-05 0.129465 0.255764 0.181122
0.0205755 9.9946E-05 9.9946E-05 9.9946E-05 0.0838048 9.9946E-05 9.9946E-05 9.9946E-05 0.89502
0.0284097 0.0979578 9.9982E-05 0.00416895 0.591645 0.0202993 0.00299157 9.9982E-05 0.254328
0.577761 9.9973E-05 0.000476703 0.0205091 9.9973E-05 0.0181867 0.0630042 9.9973E-05 0.319762
0.040938 9.9964E-05 0.0107922 9.9964E-05 0.197848 9.9964E-05 0.110698 9.9964E-05 0.639323
0.0424316 9.9955E-05 9.9955E-05 0.0177332 0.191296 9.9955E-05 9.9955E-05 9.9955E-05 0.748039
9.99369E-05 9.99369E-05 9.99369E-05 9.99369E-05 9.99369E-05 0.968864 9.99369E-05 9.99369E-05 0.030436
0.604337 9.9964E-05 9.9964E-05 9.9964E-05 9.9964E-05 0.0290921 0.0100003 0.276385 0.0797858
9.99371E-05 0.0222638 9.99371E-05 9.99371E-05 9.99371E-05 0.977037 9.99371E-05 9.99371E-05 9.99371E-05
9.9955E-05 9.9955E-05 0.00583854 9.9955E-05 0.392951 9.9955E-05 9.9955E-05 0.0419401 0.558771
0.597049 9.9973E-05 9.9973E-05 0.00196839 0.0636277 0.0351931 9.9973E-05 0.100658 0.201204
0.768764 9.9955E-05 9.9955E-05 9.9955E-05 0.0662694 0.0101812 9.9955E-05 9.9955E-05 0.154285
9.9964E-05 0.0087381 0.030215 9.9964E-05 0.315473 9.9964E-05 9.9964E-05 0.017094 0.62808
9.9955E-05 0.00923188 9.9955E-05 9.9955E-05 0.0124747 9.9955E-05 9.9955E-05 0.0034428 0.974351
9.9937E-05 9.9937E-05 0.997519 9.9937E-05 9.9937E-05 0.00178118 9.9937E-05 9.9937E-05 9.9937E-05
0.223005 9.99639E-05 0.0126586 9.99639E-05 9.99639E-05 0.0363111 0.664346 9.99639E-05 0.0632801
9.9946E-05 9.9946E-05 0.00782325 9.9946E-05 0.413872 9.9946E-05 9.9946E-05 9.9946E-05 0.577705
0.399649 9.9964E-05 0.0222214 0.0183612 9.9964E-05 0.414842 9.9964E-05 9.9964E-05 0.144526
0.019203 9.9955E-05 0.00787384 9.9955E-05 9.9955E-05 0.00994146 9.9955E-05 9.9955E-05 0.962482
9.993E-05 9.993E-05 9.993E-05 0.999201 9.993E-05 9.993E-05 9.993E-05 9.993E-05 9.993E-05
0.0286771 9.9964E-05 0.0164712 9.9964E-05 0.0895998 9.9964E-05 9.9964E-05 0.0359115 0.828941
0.252622 9.9955E-05 0.0254492 0.600832 9.9955E-05 9.9955E-05 9.9955E-05 9.9955E-05 0.120597
0.0275558 0.524007 0.0184563 0.00884976 0.372582 0.0054542 9.9982E-05 0.0428951 9.9982E-05
9.9964E-05 0.00058883 9.9964E-05 0.00539501 9.9964E-05 9.9964E-05 0.0141767 0.0256906 0.953749
9.9937E-05 9.9937E-05 9.9937E-05 0.0119503 9.9937E-05 9.9937E-05 9.9937E-05 9.9937E-05 0.98735
9.99549E-05 9.99549E-05 0.019341 9.99549E-05 9.99549E-05 0.00131966 0.882453 9.99549E-05 0.0963864
0.0693662 9.9964E-05 0.00294928 9.9964E-05 9.9964E-05 0.00698007 0.0232864 9.9964E-05 0.897018
9.99461E-05 0.00692523 9.99461E-05 9.99461E-05 9.99461E-05 0.96382 0.0286549 9.99461E-05 9.99461E-05
9.9946E-05 9.9946E-05 9.9946E-05 9.9946E-05 0.0386005 0.000392895 9.9946E-05 9.9946E-05 0.960407
9.993E-05 9.993E-05 9.993E-05 0.999201 9.993E-05 9.993E-05 9.993E-05 9.993E-05 9.993E-05
9.9946E-05 9.9946E-05 9.9946E-05 9.9946E-05 0.03341 9.9946E-05 9.9946E-05 0.00366302 0.962327
9.9955E-05 9.9955E-05 9.9955E-05 9.9955E-05 0.319376 0.00377803 9.9955E-05 0.625797 0.0505492
0.0337055 0.0831357 0.00876441 0.0152491 0.382273 9.9982E-05 9.9982E-05 0.276817 0.199856
0.50864 0.0181215 9.9955E-05 9.9955E-05 0.217184 9.9955E-05 0.255554 9.9955E-05 9.9955E-05
0.363317 9.9991E-05 0.0188883 0.0118728 0.24669 0.00402227 0.144327 0.0468495 0.163933
0.500739 9.99549E-05 0.0478952 9.99549E-05 9.99549E-05 9.99549E-05 9.99549E-05 0.339099 0.111767
9.9937E-05 0.018253 9.9937E-05 9.9937E-05 9.9937E-05 9.9937E-05 9.9937E-05 9.9937E-05 0.981047
9.99639E-05 0.0571181 9.99639E-05 9.99639E-05 0.419439 0.0322389 9.99639E-05 0.282716 0.208088
9.9937E-05 9.9937E-05 9.9937E-05 9.9937E-05 0.156279 9.9937E-05 9.9937E-05 9.9937E-05 0.843021
0.0349103 9.9973E-05 0.0436541 9.9973E-05 0.0547782 0.0142582 9.9973E-05 0.647138 0.204961
9.9946E-05 0.164934 9.9946E-05 9.9946E-05 0.150318 9.9946E-05 0.684148 9.9946E-05 9.9946E-05
0.0426048 9.9973E-05 9.9973E-05 0.0163387 0.105454 0.0166135 9.9973E-05 0.000432832 0.818257
9.9955E-05 9.9955E-05 0.0142195 9.9955E-05 0.715064 9.9955E-05 9.9955E-05 0.00085369 0.269363
9.9964E-05 9.9964E-05 0.00391416 0.00138485 0.38525 0.0134074 9.9964E-05 9.9964E-05 0.595643
0.00688211 9.9964E-05 9.9964E-05 9.9964E-05 9.9964E-05 0.0017693 0.0204764 0.0348583 0.935614
0.457117 9.9964E-05 9.9964E-05 0.0261016 9.9964E-05 0.0616703 0.041563 9.9964E-05 0.413148
0.148035 0.0615415 9.9964E-05 9.9964E-05 0.396999 9.9964E-05 9.9964E-05 0.196249 0.196775
0.134609 9.997E-05 9.997E-05 0.0163191 0.183181 9.997E-05 0.11403 0.206594 0.344967
0.021165 9.9973E-05 0.0205119 0.876178 0.0016844 0.0442102 0.0359511 9.9973E-05 9.9973E-05
0.0946226 9.9946E-05 9.9946E-05 9.9946E-05 9.9946E-05 0.00814065 9.9946E-05 9.9946E-05 0.896637
0.00543095 9.9937E-05 9.9937E-05 9.9937E-05 9.9937E-05 9.9937E-05 9.9937E-05 9.9937E-05 0.993869
9.9955E-05 9.9955E-05 9.9955E-05 0.00644793 0.129965 9.9955E-05 9.9955E-05 0.0438079 0.819279
9.99369E-05 9.99369E-05 9.99369E-05 9.99369E-05 9.99369E-05 0.967965 9.99369E-05 9.99369E-05 0.031335
0.0489978 9.9964E-05 9.9964E-05 0.00314475 0.270472 9.9964E-05 9.9964E-05 0.076162 0.600824
0.640074 0.232477 9.9955E-05 9.9955E-05 9.9955E-05 9.9955E-05 0.0355097 9.9955E-05 0.0914399
0.0791408 0.173188 9.9973E-05 9.9973E-05 0.509394 0.0228159 0.0110299 9.9973E-05 0.204132
9.9937E-05 9.9937E-05 9.9937E-05 0.00173006 9.9937E-05 9.9937E-05 9.9937E-05 9.9937E-05 0.99757
0.0051569 9.9973E-05 9.9973E-05 9.9973E-05 0.0127015 0.00619252 0.0430985 0.0876379 0.844913
9.9955E-05 0.00361256 9.9955E-05 9.9955E-05 0.0277978 9.9955E-05 9.9955E-05 0.000482316 0.967608
0.568919 0.13732 0.00657493 9.9982E-05 0.00760136 9.9982E-05 0.00361551 0.203208 0.0725609
0.13429 9.9964E-05 0.0194184 0.783558 9.9964E-05 0.0462062 9.9964E-05 9.9964E-05 0.0161276
0.341583 0.00701382 9.9964E-05 9.9964E-05 0.0219955 9.9964E-05 0.622068 9.9964E-05 0.00693927
9.9982E-05 0.116118 0.0194794 9.9982E-05 0.357736 0.00128187 0.00219196 0.0689074 0.434086
0.0282535 9.9955E-05 0.0235799 0.947343 9.9955E-05 9.9955E-05 9.9955E-05 0.000323654 9.9955E-05
0.0720347 9.9982E-05 9.9982E-05 0.00824874 0.305293 0.031242 0.00126879 0.125621 0.456092
9.99549E-05 0.326116 9.99549E-05 9.99549E-05 0.351651 9.99549E-05 9.99549E-05 0.125818 0.195915
0.0762334 0.00321675 0.0024389 9.9973E-05 9.9973E-05 0.021444 9.9973E-05 0.011428 0.884939
0.00470718 9.9964E-05 0.00363697 9.9964E-05 0.00113189 9.9964E-05 9.9964E-05 0.00299874 0.987125
0.0268967 0.00500422 0.018386 9.9982E-05 0.00531544 0.0058084 9.9982E-05 0.0200608 0.918328
0.105361 9.9955E-05 9.9955E-05 9.9955E-05 0.0622656 9.9955E-05 9.9955E-05 0.387755 0.444118
9.99369E-05 9.99369E-05 9.99369E-05 9.99369E-05 9.99369E-05 0.950237 9.99369E-05 9.99369E-05 0.049063
9.9946E-05 9.9946E-05 0.00247723 9.9946E-05 0.0565554 9.9946E-05 9.9946E-05 9.9946E-05 0.940368
9.9955E-05 0.588045 9.9955E-05 9.9955E-05 9.9955E-05 0.0116093 0.294658 9.9955E-05 0.105188
0.0327945 0.0774482 9.997E-05 9.997E-05 0.617308 0.00232293 9.997E-05 0.0247299 0.245097
9.99549E-05 9.99549E-05 9.99549E-05 0.017431 0.0191452 0.957065 9.99549E-05 9.99549E-05 0.00585925
9.9964E-05 0.102848 0.00378984 9.9964E-05 9.9964E-05 9.9964E-05 0.611592 0.193383 0.0879873
0.787541 9.9964E-05 9.9964E-05 0.0285703 0.0601068 9.9964E-05 9.9964E-05 0.0120165 0.111366
0.0732484 9.9964E-05 9.9964E-05 9.9964E-05 0.171699 0.00556781 9.9964E-05 0.627187 0.121898
9.9946E-05 9.9946E-05 9.9946E-05 9.9946E-05 0.0375243 0.900649 9.9946E-05 9.9946E-05 0.0612265
9.9946E-05 0.0793005 9.9946E-05 9.9946E-05 0.616091 9.9946E-05 9.9946E-05 9.9946E-05 0.304009
9.993E-05 9.993E-05 9.993E-05 0.999201 9.993E-05 9.993E-05 9.993E-05 9.993E-05 9.993E-05
0.00246398 9.9973E-05 0.00269126 0.00725888 0.520215 9.9973E-05 9.9973E-05 0.0466847 0.420387
9.9946E-05 9.9946E-05 0.0124525 9.9946E-05 0.140693 9.9946E-05 9.9946E-05 9.9946E-05 0.846255
9.993E-05 9.993E-05 9.993E-05 0.999201 9.993E-05 9.993E-05 9.993E-05 9.993E-05 9.993E-05
9.9946E-05 9.9946E-05 9.9946E-05 0.00079487 0.239728 9.9946E-05 9.9946E-05 9.9946E-05 0.758877
0.0195032 9.9991E-05 0.903289 0.0126105 0.0202431 0.0169831 0.000315809 0.0179083 0.00904706
9.9973E-05 0.119488 0.00629037 9.9973E-05 0.400969 9.9973E-05 0.000390733 0.360174 0.112388
0.0283852 9.9964E-05 9.9964E-05 9.9964E-05 0.087902 0.016053 0.00751404 9.9964E-05 0.859746
0.133662 9.9964E-05 9.9964E-05 0.00948639 9.9964E-05 0.057879 0.668358 9.9964E-05 0.130215
0.0404662 0.00708208 9.9973E-05 0.0136557 0.290196 9.9973E-05 0.0398489 9.9973E-05 0.608451
0.0688685 9.9946E-05 0.0246692 0.905863 9.9946E-05 9.9946E-05 9.9946E-05 9.9946E-05 9.9946E-05
9.9982E-05 0.0101317 9.9982E-05 0.00688618 0.613882 0.0072092 0.276865 0.00853813 0.0762874
