0.616852 9.99549E-05 0.0102999 0.226092 9.99549E-05 9.99549E-05 9.99549E-05 9.99549E-05 0.146256
0.954682 9.9937E-05 9.9937E-05 9.9937E-05 9.9937E-05 9.9937E-05 0.0446184 9.9937E-05 9.9937E-05
0.938071 9.9946E-05 9.9946E-05 9.9946E-05 9.9946E-05 9.9946E-05 9.9946E-05 0.011196 0.0501332
0.500094 9.9964E-05 0.00622941 9.9964E-05 9.9964E-05 0.00711523 0.0896843 9.9964E-05 0.396477
0.0782057 0.123871 9.9982E-05 0.131104 0.00575693 9.9982E-05 0.219241 0.035688 0.405934
0.142285 9.9964E-05 0.00333893 0.125422 9.9964E-05 9.9964E-05 0.716832 9.9964E-05 0.0117216
0.0888066 9.9955E-05 9.9955E-05 0.213683 0.414792 9.9955E-05 0.282218 9.9955E-05 9.9955E-05
9.99461E-05 9.99461E-05 9.99461E-05 9.99461E-05 0.125281 9.99461E-05 0.28225 9.99461E-05 0.591869
0.917543 0.0147495 0.0133136 9.9964E-05 9.9964E-05 0.00999653 9.9964E-05 9.9964E-05 0.0439971
0.734542 9.9937E-05 9.9937E-05 9.9937E-05 9.9937E-05 9.9937E-05 9.9937E-05 9.9937E-05 0.264759
0.12249 9.9982E-05 0.00251194 0.0303373 0.305358 9.9982E-05 0.0166807 0.0053708 0.517051
0.00536185 0.0462696 0.00311296 0.860034 0.0426661 9.9982E-05 9.9982E-05 0.00849018 0.0338656
0.175818 9.9964E-05 9.9964E-05 0.232911 0.229072 9.9964E-05 0.00730879 9.9964E-05 0.354491
0.0761756 9.99549E-05 9.99549E-05 9.99549E-05 0.0304494 9.99549E-05 0.837356 9.99549E-05 0.0555194
0.406755 9.99549E-05 0.00196693 9.99549E-05 9.99549E-05 0.00185841 9.99549E-05 9.99549E-05 0.58892
0.443169 9.99627E-05 9.99627E-05 0.346183 9.99627E-05 0.00872878 0.201419 9.99627E-05 9.99627E-05
0.104491 0.344068 9.9964E-05 0.11954 0.29126 9.9964E-05 9.9964E-05 9.9964E-05 0.140242
0.22101 9.9964E-05 0.425354 9.9964E-05 9.9964E-05 0.0260132 0.300413 0.0268094 9.9964E-05
0.962979 9.9946E-05 9.9946E-05 9.9946E-05 9.9946E-05 0.00465865 0.0317627 9.9946E-05 9.9946E-05
0.0395223 9.9982E-05 0.0116587 9.9982E-05 0.460489 0.013771 0.256099 0.0257573 0.192503
0.907155 9.9937E-05 9.9937E-05 0.0921453 9.9937E-05 9.9937E-05 9.9937E-05 9.9937E-05 9.9937E-05
0.124835 9.99549E-05 9.99549E-05 0.516252 0.266399 9.99549E-05 9.99549E-05 9.99549E-05 0.0920139
0.179232 0.0810808 9.9973E-05 0.423248 9.9973E-05 9.9973E-05 0.00312999 0.0084593 0.30455
9.9964E-05 9.9964E-05 0.0120711 9.9964E-05 0.0136844 9.9964E-05 0.00919529 0.882963 0.0816864
0.222389 9.9955E-05 9.9955E-05 9.9955E-05 0.229636 9.9955E-05 9.9955E-05 0.010434 0.537041
0.0690976 9.9964E-05 9.9964E-05 0.0157898 0.334991 9.9964E-05 0.223894 9.9964E-05 0.355828
0.890409 9.9964E-05 0.00148927 0.00505528 9.9964E-05 9.9964E-05 9.9964E-05 0.00962425 0.0930228
0.722122 9.9946E-05 9.9946E-05 0.0767252 9.9946E-05 9.9946E-05 9.9946E-05 9.9946E-05 0.200553
0.974672 9.9937E-05 9.9937E-05 9.9937E-05 9.9937E-05 9.9937E-05 9.9937E-05 9.9937E-05 0.0246283
0.100643 9.9946E-05 9.9946E-05 0.2577 9.9946E-05 9.9946E-05 0.641058 9.9946E-05 9.9946E-05
0.971322 9.9937E-05 9.9937E-05 9.9937E-05 9.9937E-05 9.9937E-05 0.0279785 9.9937E-05 9.9937E-05
0.975862 9.99371E-05 9.99371E-05 9.99371E-05 0.0234381 9.99371E-05 9.99371E-05 9.99371E-05 9.99371E-05
0.0962429 0.0586511 9.9964E-05 9.9964E-05 0.157667 9.9964E-05 0.629603 9.9964E-05 0.0574355
0.98413 0.0087239 9.9946E-05 9.9946E-05 9.9946E-05 9.9946E-05 9.9946E-05 0.00654625 9.9946E-05
0.166547 0.585006 0.00154515 9.9982E-05 0.0050989 0.013393 0.0384949 9.9982E-05 0.189714
0.493583 9.9937E-05 9.9937E-05 9.9937E-05 9.9937E-05 9.9937E-05 9.9937E-05 9.9937E-05 0.505717
9.9946E-05 0.530801 9.9946E-05 0.451413 9.9946E-05 0.0171864 9.9946E-05 9.9946E-05 9.9946E-05
9.9973E-05 0.0486911 0.00112227 0.205314 0.336977 9.9973E-05 0.405832 0.0017637 9.9973E-05
0.061163 0.0252846 9.9982E-05 0.345395 0.0233562 9.9982E-05 0.0538485 0.0411488 0.449604
0.046253 0.104761 9.9964E-05 0.242357 9.9964E-05 0.00650345 0.599725 9.9964E-05 9.9964E-05
0.978288 9.9955E-05 9.9955E-05 9.9955E-05 0.0087288 0.00608517 9.9955E-05 0.00639842 9.9955E-05
0.754197 9.9946E-05 9.9946E-05 0.0806016 9.9946E-05 9.9946E-05 9.9946E-05 9.9946E-05 0.164602
0.706336 0.00061305 9.9964E-05 9.9964E-05 9.9964E-05 0.00260886 9.9964E-05 0.00728043 0.282762
0.662112 9.9964E-05 0.0248819 0.104934 9.9964E-05 9.9964E-05 0.0494139 9.9964E-05 0.158258
9.993E-05 9.993E-05 0.999201 9.993E-05 9.993E-05 9.993E-05 9.993E-05 9.993E-05 9.993E-05
0.877313 0.0647283 0.00176879 0.0130402 0.0427501 9.9964E-05 9.9964E-05 9.9964E-05 9.9964E-05
0.867606 9.9946E-05 9.9946E-05 0.00706695 9.9946E-05 9.9946E-05 9.9946E-05 9.9946E-05 0.124727
9.993E-05 9.993E-05 0.999201 9.993E-05 9.993E-05 9.993E-05 9.993E-05 9.993E-05 9.993E-05
0.552912 9.99459E-05 9.99459E-05 0.000837182 9.99459E-05 9.99459E-05 9.99459E-05 9.99459E-05 0.445651
0.347747 0.0186177 9.9973E-05 0.17351 0.123805 0.000216285 9.9973E-05 9.9973E-05 0.335804
0.616086 9.99369E-05 9.99369E-05 9.99369E-05 9.99369E-05 9.99369E-05 9.99369E-05 9.99369E-05 0.383214
0.466502 9.9946E-05 9.9946E-05 0.235978 9.9946E-05 9.9946E-05 9.9946E-05 9.9946E-05 0.29692
0.511947 9.9964E-05 0.0267405 9.9964E-05 9.9964E-05 0.00529548 0.454407 0.00121025 9.9964E-05
0.235352 0.0213478 0.000513928 0.557692 9.9982E-05 9.9982E-05 0.0761915 0.040174 0.0685284
0.781757 9.99549E-05 9.99549E-05 9.99549E-05 9.99549E-05 0.0233917 0.160278 0.0340735 9.99549E-05
0.908221 9.9937E-05 9.9937E-05 9.9937E-05 9.9937E-05 9.9937E-05 9.9937E-05 9.9937E-05 0.0910795
0.962941 9.9973E-05 0.00840575 0.000467205 0.0229218 0.00444689 0.000516992 9.9973E-05 9.9973E-05
0.699171 0.0263453 0.0061341 0.0398788 9.9982E-05 9.9982E-05 0.00545871 0.008535 0.214277
0.696602 9.9946E-05 9.9946E-05 0.0445316 9.9946E-05 9.9946E-05 9.9946E-05 9.9946E-05 0.258267
0.949122 9.9946E-05 9.9946E-05 9.9946E-05 0.00830447 9.9946E-05 9.9946E-05 9.9946E-05 0.0419741
9.99641E-05 0.0390239 9.99641E-05 9.99641E-05 0.0707658 0.0174729 0.050057 0.822281 9.99641E-05
0.958942 9.9955E-05 9.9955E-05 9.9955E-05 0.0222055 0.0101651 9.9955E-05 0.00818748 9.9955E-05
0.177775 0.0573665 0.00220417 0.198618 9.9991E-05 0.0245401 0.0822105 0.0372603 0.419926
0.95246 9.9955E-05 0.0112021 0.0237726 9.9955E-05 9.9955E-05 9.9955E-05 9.9955E-05 0.0120659
0.96981 9.9955E-05 9.9955E-05 9.9955E-05 0.00081197 0.00947756 0.0194008 9.9955E-05 9.9955E-05
0.601178 9.9955E-05 0.00342504 0.0883821 9.9955E-05 9.9955E-05 9.9955E-05 9.9955E-05 0.306516
0.610319 9.9955E-05 9.9955E-05 0.00727633 0.0192151 9.9955E-05 9.9955E-05 9.9955E-05 0.36269
0.0558192 0.0140232 9.9955E-05 0.566155 0.363503 9.9955E-05 9.9955E-05 9.9955E-05 9.9955E-05
9.993E-05 9.993E-05 0.999201 9.993E-05 9.993E-05 9.993E-05 9.993E-05 9.993E-05 9.993E-05
0.0216824 0.0254105 9.9964E-05 9.9964E-05 9.9964E-05 9.9964E-05 0.252309 0.00380882 0.696389
0.820872 9.99549E-05 9.99549E-05 9.99549E-05 9.99549E-05 0.0200177 0.135256 0.0233536 9.99549E-05
0.767538 9.9964E-05 0.00310444 9.9964E-05 9.9964E-05 0.00203452 9.9964E-05 0.0126915 0.214232
0.941028 9.9946E-05 9.9946E-05 9.9946E-05 9.9946E-05 9.9946E-05 0.0116595 0.0467125 9.9946E-05
0.996793 0.000683665 0.00192346 9.9946E-05 9.9946E-05 9.9946E-05 9.9946E-05 9.9946E-05 9.9946E-05
0.913446 9.9964E-05 0.0277401 9.9964E-05 0.0189662 0.00276176 0.0366863 9.9964E-05 9.9964E-05
0.968824 9.9955E-05 9.9955E-05 9.9955E-05 0.0250778 0.000381415 9.9955E-05 9.9955E-05 0.00521721
0.0970815 9.9955E-05 9.9955E-05 0.560408 0.202964 9.9955E-05 0.139047 9.9955E-05 9.9955E-05
0.925366 9.9946E-05 9.9946E-05 9.9946E-05 0.0268135 9.9946E-05 9.9946E-05 9.9946E-05 0.0472211
9.9964E-05 0.118984 0.0158919 9.9964E-05 9.9964E-05 0.00402728 0.183034 0.677664 9.9964E-05
0.492692 9.9955E-05 9.9955E-05 0.148174 9.9955E-05 9.9955E-05 9.9955E-05 0.00813878 0.350496
0.913598 9.9955E-05 0.00288742 0.0131627 9.9955E-05 9.9955E-05 9.9955E-05 9.9955E-05 0.0698524
0.0796075 9.9973E-05 0.387546 9.9973E-05 0.0371922 0.0704491 0.359056 0.06585 9.9973E-05
0.406537 9.996E-05 0.0317423 9.996E-05 9.996E-05 0.00460369 0.555774 0.000942963 9.996E-05
0.20438 9.9946E-05 9.9946E-05 9.9946E-05 9.9946E-05 9.9946E-05 0.290832 9.9946E-05 0.504188
0.770836 9.9973E-05 0.00490638 0.00990213 9.9973E-05 0.00741778 0.0302062 9.9973E-05 0.176432
0.952717 9.9955E-05 9.9955E-05 0.00611415 9.9955E-05 9.9955E-05 0.0330146 0.00765466 9.9955E-05
9.993E-05 9.993E-05 9.993E-05 9.993E-05 9.993E-05 0.999201 9.993E-05 9.993E-05 9.993E-05
0.465207 9.99459E-05 9.99459E-05 0.199948 9.99459E-05 9.99459E-05 9.99459E-05 9.99459E-05 0.334246
0.508354 9.99459E-05 9.99459E-05 0.225853 9.99459E-05 9.99459E-05 9.99459E-05 9.99459E-05 0.265193
0.149362 9.9955E-05 9.9955E-05 0.676065 0.141087 9.9955E-05 9.9955E-05 9.9955E-05 0.0329866
0.0431757 0.0877842 9.9964E-05 9.9964E-05 0.295827 9.9964E-05 9.9964E-05 0.013543 0.55927
0.022448 9.9946E-05 9.9946E-05 9.9946E-05 0.663187 9.9946E-05 9.9946E-05 9.9946E-05 0.313765
0.981177 0.00305632 9.9955E-05 9.9955E-05 9.9955E-05 9.9955E-05 0.0118187 0.00344813 9.9955E-05
0.470515 9.9937E-05 9.9937E-05 9.9937E-05 9.9937E-05 9.9937E-05 9.9937E-05 9.9937E-05 0.528785
0.855347 9.9937E-05 9.9937E-05 9.9937E-05 9.9937E-05 9.9937E-05 9.9937E-05 9.9937E-05 0.143953
0.294363 9.9946E-05 9.9946E-05 0.246916 9.9946E-05 9.9946E-05 9.9946E-05 9.9946E-05 0.458121
0.0621492 0.0243614 9.9964E-05 9.9964E-05 0.111229 9.9964E-05 0.734948 9.9964E-05 0.0669124
0.944334 9.9946E-05 9.9946E-05 9.9946E-05 9.9946E-05 9.9946E-05 0.0459755 0.00909132 9.9946E-05
0.161647 0.0525112 9.9955E-05 0.737062 9.9955E-05 9.9955E-05 9.9955E-05 0.0482797 9.9955E-05
0.112381 9.9964E-05 0.000460322 9.9964E-05 0.02785 9.9964E-05 0.181311 9.9964E-05 0.677597
9.9964E-05 9.9964E-05 0.0142117 0.0161097 0.0474528 9.9964E-05 0.0810796 0.840746 9.9964E-05
0.923689 9.9946E-05 0.000327185 0.075384 9.9946E-05 9.9946E-05 9.9946E-05 9.9946E-05 9.9946E-05
0.999201 9.993E-05 9.993E-05 9.993E-05 9.993E-05 9.993E-05 9.993E-05 9.993E-05 9.993E-05
9.9964E-05 0.0444076 0.0120267 0.0104269 0.53285 9.9964E-05 9.9964E-05 9.9964E-05 0.399889
9.993E-05 9.993E-05 0.999201 9.993E-05 9.993E-05 9.993E-05 9.993E-05 9.993E-05 9.993E-05
9.99369E-05 9.99369E-05 9.99369E-05 9.99369E-05 0.829217 9.99369E-05 9.99369E-05 9.99369E-05 0.170083
0.73311 9.9955E-05 9.9955E-05 0.242998 9.9955E-05 9.9955E-05 9.9955E-05 0.0117534 0.0116385
0.930945 9.9955E-05 9.9955E-05 9.9955E-05 9.9955E-05 0.00252272 0.0393695 0.0266627 9.9955E-05
0.0419303 9.9955E-05 9.9955E-05 0.570476 0.265419 9.9955E-05 9.9955E-05 9.9955E-05 0.121675
9.993E-05 9.993E-05 0.999201 9.993E-05 9.993E-05 9.993E-05 9.993E-05 9.993E-05 9.993E-05
9.9946E-05 9.9946E-05 0.0120521 9.9946E-05 9.9946E-05 9.9946E-05 0.340293 0.647055 9.9946E-05
0.624409 9.9964E-05 0.00318095 0.250781 0.0713679 9.9964E-05 9.9964E-05 9.9964E-05 0.0498609
0.684639 9.9937E-05 9.9937E-05 9.9937E-05 9.9937E-05 9.9937E-05 9.9937E-05 9.9937E-05 0.314661
0.113213 9.9955E-05 9.9955E-05 0.0511431 0.334586 9.9955E-05 9.9955E-05 9.9955E-05 0.500559
0.968957 9.9955E-05 0.00064432 9.9955E-05 0.00212788 9.9955E-05 9.9955E-05 0.0277713 9.9955E-05
0.00753256 9.9973E-05 0.0396281 0.130592 0.435283 9.9973E-05 0.368964 9.9973E-05 0.0177008
0.0192314 9.9982E-05 0.508016 0.0267958 0.0128469 0.105659 0.180295 0.146955 9.9982E-05
0.851013 0.0101767 9.9964E-05 0.00539202 9.9964E-05 9.9964E-05 9.9964E-05 0.039211 0.0938076
0.455135 9.99549E-05 9.99549E-05 0.132648 0.100474 9.99549E-05 9.99549E-05 9.99549E-05 0.311244
9.9937E-05 9.9937E-05 9.9937E-05 9.9937E-05 0.000527332 9.9937E-05 9.9937E-05 0.998773 9.9937E-05
0.816297 0.0198342 9.9955E-05 9.9955E-05 0.0280467 9.9955E-05 9.9955E-05 9.9955E-05 0.135323
0.339077 9.9946E-05 9.9946E-05 0.378571 9.9946E-05 9.9946E-05 9.9946E-05 9.9946E-05 0.281752
0.765352 9.9946E-05 9.9946E-05 0.0185214 9.9946E-05 9.9946E-05 9.9946E-05 9.9946E-05 0.215527
0.201741 9.9946E-05 9.9946E-05 9.9946E-05 0.794208 0.00345132 9.9946E-05 9.9946E-05 9.9946E-05
0.133009 9.9973E-05 0.00718955 0.211349 0.338254 9.9973E-05 0.085481 9.9973E-05 0.224419
0.0940739 0.615725 0.00617757 9.9955E-05 9.9955E-05 9.9955E-05 9.9955E-05 9.9955E-05 0.283524
0.0548709 0.36262 9.99729E-05 0.12952 0.112212 0.00946602 0.331011 9.99729E-05 9.99729E-05
0.517054 9.9955E-05 9.9955E-05 0.0327385 9.9955E-05 9.9955E-05 9.9955E-05 0.0104174 0.43929
0.817749 9.9946E-05 0.0033393 9.9946E-05 9.9946E-05 9.9946E-05 9.9946E-05 9.9946E-05 0.178312
0.632277 9.9955E-05 0.0192746 9.9955E-05 9.9955E-05 9.9955E-05 9.9955E-05 0.00921935 0.338729
0.0106525 9.9973E-05 0.837776 9.9973E-05 0.0383098 0.0583422 0.0519096 0.00270999 9.9973E-05
0.882205 0.00270265 9.9973E-05 0.0327181 0.0018884 9.9973E-05 0.0477117 0.0324741 9.9973E-05
9.9964E-05 9.9964E-05 0.963165 0.0087316 9.9964E-05 0.0147931 0.0109671 0.00194308 9.9964E-05
0.609976 9.9955E-05 9.9955E-05 0.0189647 9.9955E-05 9.9955E-05 9.9955E-05 0.0117137 0.358846
0.0538543 9.99369E-05 9.99369E-05 9.99369E-05 9.99369E-05 9.99369E-05 9.99369E-05 0.945446 9.99369E-05
9.99549E-05 0.149121 9.99549E-05 0.22093 0.339579 9.99549E-05 9.99549E-05 9.99549E-05 0.289871
0.0993441 9.9964E-05 9.9964E-05 0.0745229 0.747288 0.00720901 0.071236 9.9964E-05 9.9964E-05
0.0501209 0.0172962 9.9982E-05 0.236545 0.428844 0.0431612 9.9982E-05 0.0308464 0.192986
0.436153 9.9946E-05 9.9946E-05 9.9946E-05 9.9946E-05 9.9946E-05 9.9946E-05 0.00962058 0.553626
0.0960992 0.13273 0.0115957 0.104913 0.0864273 9.9982E-05 0.206736 9.9982E-05 0.361299
0.926464 9.9946E-05 9.9946E-05 9.9946E-05 9.9946E-05 9.9946E-05 0.0101819 9.9946E-05 0.0627544
0.352158 9.9982E-05 0.00502256 0.101125 0.103401 0.0026431 9.9982E-05 0.014092 0.421358
0.308145 9.99549E-05 9.99549E-05 9.99549E-05 9.99549E-05 0.0198925 0.661228 0.0102342 9.99549E-05
0.655348 0.0551674 0.00444472 9.9973E-05 9.9973E-05 0.0041567 0.103714 9.9973E-05 0.176869
0.80031 9.9973E-05 0.00269071 0.0402821 9.9973E-05 0.0100932 0.0222684 9.9973E-05 0.124055
0.0193429 9.99459E-05 0.0191259 9.99459E-05 9.99459E-05 9.99459E-05 9.99459E-05 0.960932 9.99459E-05
0.00555583 0.0375846 9.99639E-05 0.264376 9.99639E-05 9.99639E-05 0.647893 0.0441911 9.99639E-05
9.99371E-05 9.99371E-05 9.99371E-05 9.99371E-05 0.0164874 9.99371E-05 9.99371E-05 0.982813 9.99371E-05
0.588904 9.99459E-05 9.99459E-05 0.153442 9.99459E-05 9.99459E-05 9.99459E-05 9.99459E-05 0.257054
0.126749 0.0084161 9.9964E-05 9.9964E-05 9.9964E-05 9.9964E-05 0.647627 0.0475879 0.16922
0.208616 9.9973E-05 9.9973E-05 9.9973E-05 0.0297805 0.00204284 0.713322 0.00728093 0.0386581
0.65224 9.9955E-05 0.0207896 9.9955E-05 0.00118675 9.9955E-05 9.9955E-05 9.9955E-05 0.325284
0.982265 9.9937E-05 9.9937E-05 9.9937E-05 0.0170359 9.9937E-05 9.9937E-05 9.9937E-05 9.9937E-05
9.9937E-05 9.9937E-05 0.995019 9.9937E-05 9.9937E-05 9.9937E-05 9.9937E-05 0.00428104 9.9937E-05
9.99549E-05 0.276817 9.99549E-05 9.99549E-05 0.160266 9.99549E-05 0.523444 0.0389737 9.99549E-05
0.637431 0.00291839 9.9946E-05 9.9946E-05 9.9946E-05 9.9946E-05 9.9946E-05 9.9946E-05 0.359051
0.132791 9.99639E-05 0.0389019 9.99639E-05 9.99639E-05 0.0198918 0.392014 0.416002 9.99639E-05
0.954057 9.9946E-05 0.00134214 9.9946E-05 9.9946E-05 9.9946E-05 0.0440016 9.9946E-05 9.9946E-05
9.993E-05 9.993E-05 9.993E-05 9.993E-05 9.993E-05 0.999201 9.993E-05 9.993E-05 9.993E-05
0.829748 9.9973E-05 0.01001 0.0568733 9.9973E-05 0.000523472 0.0270145 9.9973E-05 0.0755309
0.135809 9.9955E-05 0.0168256 9.9955E-05 9.9955E-05 0.5937 0.253165 9.9955E-05 9.9955E-05
0.0446652 0.130409 0.0134967 0.201033 0.35313 9.9973E-05 9.9973E-05 9.9973E-05 0.256966
0.957014 9.9964E-05 9.9964E-05 9.9964E-05 0.0216847 0.00394421 0.015961 0.000996302 9.9964E-05
0.991558 9.9937E-05 9.9937E-05 9.9937E-05 9.9937E-05 0.00774218 9.9937E-05 9.9937E-05 9.9937E-05
0.0574247 0.471386 9.9964E-05 9.9964E-05 0.118365 9.9964E-05 0.335524 0.0169004 9.9964E-05
0.912366 9.9937E-05 9.9937E-05 9.9937E-05 9.9937E-05 9.9937E-05 0.0869344 9.9937E-05 9.9937E-05
9.99371E-05 0.0526705 9.99371E-05 9.99371E-05 9.99371E-05 9.99371E-05 9.99371E-05 0.94663 9.99371E-05
0.948483 9.9955E-05 0.00560144 9.9955E-05 9.9955E-05 9.9955E-05 9.9955E-05 0.00100769 0.0444082
9.993E-05 9.993E-05 9.993E-05 9.993E-05 9.993E-05 0.999201 9.993E-05 9.993E-05 9.993E-05
0.998232 9.9937E-05 9.9937E-05 9.9937E-05 9.9937E-05 0.00106816 9.9937E-05 9.9937E-05 9.9937E-05
0.0607613 0.0577909 9.9982E-05 0.683873 9.9982E-05 0.00990469 0.00990595 0.0133793 0.164185
0.253814 9.998E-05 0.00817102 0.36231 0.045486 0.0138366 0.0716399 9.998E-05 0.244542
0.0464208 0.692081 9.9955E-05 9.9955E-05 9.9955E-05 9.9955E-05 0.258491 0.002507 9.9955E-05
0.131915 0.00591432 0.00403825 9.9973E-05 9.9973E-05 0.00155692 0.471097 9.9973E-05 0.385179
0.0648624 9.99639E-05 0.0445699 0.208291 9.99639E-05 9.99639E-05 0.643307 9.99639E-05 0.03857
0.988138 9.9937E-05 9.9937E-05 9.9937E-05 0.0111622 9.9937E-05 9.9937E-05 9.9937E-05 9.9937E-05
0.24665 9.99639E-05 9.99639E-05 0.358301 0.0307049 9.99639E-05 9.99639E-05 0.0320006 0.331943
0.878072 9.9946E-05 9.9946E-05 9.9946E-05 9.9946E-05 0.00094623 9.9946E-05 9.9946E-05 0.120382
0.155534 9.9973E-05 0.0183739 0.464444 9.9973E-05 9.9973E-05 0.194378 0.0394097 0.127561
9.993E-05 0.999201 9.993E-05 9.993E-05 9.993E-05 9.993E-05 9.993E-05 9.993E-05 9.993E-05
0.869872 0.00186346 9.9973E-05 0.0814117 9.9973E-05 0.0228186 0.00694586 0.0167882 9.9973E-05
0.376309 9.9946E-05 9.9946E-05 0.0994971 9.9946E-05 9.9946E-05 9.9946E-05 9.9946E-05 0.523595
0.646838 9.9955E-05 9.9955E-05 0.0187547 9.9955E-05 9.9955E-05 9.9955E-05 0.0121529 0.321755
0.922124 9.9946E-05 9.9946E-05 9.9946E-05 0.0352281 9.9946E-05 0.0420482 9.9946E-05 9.9946E-05
0.396433 9.9964E-05 0.0074139 9.9964E-05 9.9964E-05 0.0255992 0.541673 0.0284815 9.9964E-05
0.252855 9.9973E-05 0.00521805 0.374115 0.0174929 9.9973E-05 0.126823 9.9973E-05 0.223197
0.310276 9.9964E-05 9.9964E-05 0.292823 9.9964E-05 0.0141646 0.216763 9.9964E-05 0.165574
9.9973E-05 0.0585129 0.0127187 9.9973E-05 0.00571348 0.88839 0.00730886 0.0270563 9.9973E-05
0.917983 9.9946E-05 9.9946E-05 9.9946E-05 9.9946E-05 9.9946E-05 0.0775408 0.00387617 9.9946E-05
0.975647 9.9937E-05 9.9937E-05 9.9937E-05 9.9937E-05 9.9937E-05 0.0236534 9.9937E-05 9.9937E-05
0.844816 9.9955E-05 9.9955E-05 0.116463 9.9955E-05 0.00230145 9.9955E-05 9.9955E-05 0.0359195
0.0300381 9.99369E-05 9.99369E-05 9.99369E-05 9.99369E-05 9.99369E-05 9.99369E-05 0.969262 9.99369E-05
0.654321 9.9955E-05 9.9955E-05 0.218444 9.9955E-05 0.00845531 9.9955E-05 9.9955E-05 0.11828
0.0355638 0.0135899 9.9964E-05 0.283702 0.0258585 9.9964E-05 0.640886 9.9964E-05 9.9964E-05
0.287429 0.12114 9.9964E-05 9.9964E-05 0.148163 9.9964E-05 9.9964E-05 0.0170711 0.425797
0.991414 9.9946E-05 0.00380398 9.9946E-05 9.9946E-05 9.9946E-05 0.00418215 9.9946E-05 9.9946E-05
0.828988 9.9973E-05 9.9973E-05 0.0157235 0.0594227 9.9973E-05 0.042502 0.00962032 0.0434433
0.999201 9.993E-05 9.993E-05 9.993E-05 9.993E-05 9.993E-05 9.993E-05 9.993E-05 9.993E-05
0.0377763 9.9973E-05 0.00707113 0.138022 0.207905 9.9973E-05 0.582387 9.9973E-05 0.026539
0.0100935 9.9964E-05 0.0430404 9.9964E-05 9.9964E-05 0.775924 0.133669 0.0368734 9.9964E-05
9.99369E-05 0.603549 9.99369E-05 9.99369E-05 9.99369E-05 9.99369E-05 0.395751 9.99369E-05 9.99369E-05
0.445369 0.0184498 0.0226477 0.0769126 0.0678208 9.9973E-05 9.9973E-05 9.9973E-05 0.368501
9.9946E-05 9.9946E-05 0.0150395 9.9946E-05 9.9946E-05 0.954658 0.0297025 9.9946E-05 9.9946E-05
0.559585 0.0202926 0.000501214 0.296289 9.9982E-05 0.0171619 9.9982E-05 0.0304031 0.0755672
0.21631 9.995E-05 9.995E-05 0.337037 0.301556 9.995E-05 9.995E-05 9.995E-05 0.144597
0.884605 9.9973E-05 0.00189869 9.9973E-05 0.0217405 0.00398635 0.0684488 0.0190209 9.9973E-05
0.981087 9.9937E-05 9.9937E-05 0.0182135 9.9937E-05 9.9937E-05 9.9937E-05 9.9937E-05 9.9937E-05
0.951349 9.9964E-05 0.00546081 9.9964E-05 0.0109565 0.00720122 0.024633 9.9964E-05 9.9964E-05
0.406429 9.9955E-05 9.9955E-05 0.349847 9.9955E-05 9.9955E-05 0.196487 9.9955E-05 0.0467364
0.0611866 9.99369E-05 9.99369E-05 9.99369E-05 9.99369E-05 9.99369E-05 9.99369E-05 0.938114 9.99369E-05
0.954803 9.9955E-05 0.00172982 0.023418 9.9955E-05 9.9955E-05 9.9955E-05 9.9955E-05 0.0195494
0.0824501 0.205185 9.9973E-05 0.115109 0.579315 9.9973E-05 0.0106448 0.00699664 9.9973E-05
0.342287 9.9964E-05 9.9964E-05 0.0834561 0.0352515 9.9964E-05 0.00365286 9.9964E-05 0.534953
9.99459E-05 9.99459E-05 9.99459E-05 9.99459E-05 9.99459E-05 0.017691 9.99459E-05 0.964165 0.0175444
0.022056 9.9964E-05 9.9964E-05 0.145406 0.497999 9.9964E-05 0.331714 0.00242584 9.9964E-05
0.137798 9.9964E-05 9.9964E-05 0.0351512 9.9964E-05 0.0271682 0.750714 9.9964E-05 0.0487687
0.0613527 9.9973E-05 9.9973E-05 0.330223 0.074704 9.9973E-05 0.230978 0.0194755 0.282967
0.0721634 9.9955E-05 0.00329785 9.9955E-05 9.9955E-05 9.9955E-05 9.9955E-05 0.903751 0.0202879
0.392061 0.0333246 9.9955E-05 9.9955E-05 0.0392741 9.9955E-05 9.9955E-05 9.9955E-05 0.534841
0.00377705 9.99459E-05 0.00200634 9.99459E-05 9.99459E-05 0.993617 9.99459E-05 9.99459E-05 9.99459E-05
0.471963 9.99639E-05 0.00059183 0.0635892 9.99639E-05 0.00506125 9.99639E-05 9.99639E-05 0.458395
0.874085 9.9955E-05 0.0136634 0.0250151 9.9955E-05 9.9955E-05 9.9955E-05 9.9955E-05 0.0867368
9.993E-05 9.993E-05 9.993E-05 9.993E-05 9.993E-05 0.999201 9.993E-05 9.993E-05 9.993E-05
0.822466 9.9937E-05 9.9937E-05 9.9937E-05 9.9937E-05 9.9937E-05 9.9937E-05 9.9937E-05 0.176834
0.0118412 0.0794981 0.897654 9.9964E-05 9.9964E-05 0.00512976 9.9964E-05 0.0054771 9.9964E-05
0.114966 9.9955E-05 0.00614339 0.766128 9.9955E-05 9.9955E-05 9.9955E-05 9.9955E-05 0.112263
0.892364 0.00720733 9.9964E-05 9.9964E-05 9.9964E-05 9.9964E-05 0.0194191 0.0213582 0.0592519
0.0660687 0.0547494 9.9982E-05 0.0999993 0.19985 0.00386237 0.513212 0.0620579 9.9982E-05
0.654297 0.0812441 9.9973E-05 9.9973E-05 0.00615564 0.0112292 0.00887543 9.9973E-05 0.237898
9.9946E-05 9.9946E-05 0.0172311 9.9946E-05 9.9946E-05 0.917307 0.0648622 9.9946E-05 9.9946E-05
0.199618 0.238108 9.9982E-05 0.151672 0.0308685 0.0176544 9.9982E-05 0.0053774 0.356502
