9.9946E-05 9.9946E-05 0.316596 9.9946E-05 9.9946E-05 0.56057 9.9946E-05 0.0114911 9.9946E-05 0.110743
9.9937E-05 9.9937E-05 9.9937E-05 0.0106458 0.0160671 0.972588 9.9937E-05 9.9937E-05 9.9937E-05 9.9937E-05
0.00723179 0.0158736 0.030273 9.9955E-05 9.9955E-05 0.937723 9.9955E-05 9.9955E-05 0.00839855 9.9955E-05
9.9964E-05 0.132773 0.300152 0.0397467 9.9964E-05 0.506352 0.0099058 0.0106703 9.9964E-05 9.9964E-05
0.03634 0.19326 0.262984 0.428152 9.9955E-05 0.0787644 9.9955E-05 9.9955E-05 9.9955E-05 9.9955E-05
9.9964E-05 0.144476 0.0165035 0.0411326 0.618561 0.170793 9.9964E-05 0.0081346 9.9964E-05 9.9964E-05
9.9955E-05 0.470141 9.9955E-05 0.0571394 0.127181 0.126034 9.9955E-05 9.9955E-05 9.9955E-05 0.219005
9.99369E-05 0.983154 0.00161816 9.99369E-05 9.99369E-05 0.0145286 9.99369E-05 9.99369E-05 9.99369E-05 9.99369E-05
0.00487524 9.9964E-05 0.0361058 9.9964E-05 9.9964E-05 0.901705 0.0111102 0.0195 0.026304 9.9964E-05
9.9928E-05 9.9928E-05 0.379617 9.9928E-05 9.9928E-05 0.619584 9.9928E-05 9.9928E-05 9.9928E-05 9.9928E-05
0.00106723 0.229915 0.415207 9.9973E-05 0.00730309 0.0749342 9.9973E-05 0.015156 0.256117 9.9973E-05
9.9937E-05 9.9937E-05 0.235002 9.9937E-05 9.9937E-05 9.9937E-05 9.9937E-05 0.000546124 9.9937E-05 0.763752
9.9964E-05 0.100426 0.346177 0.00177184 9.9964E-05 0.125718 9.9964E-05 9.9964E-05 0.154159 0.271349
9.99549E-05 0.0890926 0.0225737 0.00267314 0.805673 0.0794877 9.99549E-05 9.99549E-05 9.99549E-05 9.99549E-05
9.9964E-05 0.0313084 0.636516 9.9964E-05 9.9964E-05 0.308851 0.00599183 0.00185038 0.0150819 9.9964E-05
9.99639E-05 9.99639E-05 9.99639E-05 0.151285 0.0955062 0.469635 0.00909509 0.00413986 9.99639E-05 0.269939
9.9937E-05 0.612686 9.9937E-05 9.9937E-05 9.9937E-05 0.139198 9.9937E-05 9.9937E-05 0.247417 9.9937E-05
9.9946E-05 9.9946E-05 9.9946E-05 9.9946E-05 0.35193 0.200936 0.0289312 0.417603 9.9946E-05 9.9946E-05
9.9937E-05 9.9937E-05 9.9937E-05 9.9937E-05 0.0219841 0.969114 0.00820277 9.9937E-05 9.9937E-05 9.9937E-05
0.026436 0.383931 9.9982E-05 0.0806469 0.135191 0.117324 0.0148556 0.00297222 0.238444 9.9982E-05
9.9946E-05 9.9946E-05 0.104931 9.9946E-05 9.9946E-05 0.861716 0.00239611 9.9946E-05 9.9946E-05 0.0303572
0.000261218 0.089589 0.256884 9.9964E-05 9.9964E-05 0.0885315 9.9964E-05 9.9964E-05 0.168945 0.395389
0.0111371 9.9955E-05 0.415905 0.0679767 9.9955E-05 0.123053 9.9955E-05 9.9955E-05 9.9955E-05 0.381428
0.899662 0.0647922 0.0187963 9.9955E-05 0.000345248 9.9955E-05 9.9955E-05 0.0159045 9.9955E-05 9.9955E-05
0.0216116 0.136874 0.423168 9.9964E-05 9.9964E-05 0.161908 9.9964E-05 9.9964E-05 0.199458 0.0565801
9.9955E-05 0.45056 9.9955E-05 0.078145 9.9955E-05 0.220601 9.9955E-05 9.9955E-05 0.243974 0.00622042
9.9937E-05 9.9937E-05 0.21038 9.9937E-05 9.9937E-05 0.782459 9.9937E-05 0.00646114 9.9937E-05 9.9937E-05
9.9928E-05 9.9928E-05 0.349034 9.9928E-05 9.9928E-05 0.650166 9.9928E-05 9.9928E-05 9.9928E-05 9.9928E-05
9.9928E-05 9.9928E-05 0.0586625 9.9928E-05 9.9928E-05 0.940538 9.9928E-05 9.9928E-05 9.9928E-05 9.9928E-05
9.9946E-05 9.9946E-05 9.9946E-05 0.0619387 0.541175 0.12115 9.9946E-05 9.9946E-05 9.9946E-05 0.275137
9.9946E-05 9.9946E-05 9.9946E-05 0.00678496 0.000106892 0.95833 9.9946E-05 9.9946E-05 9.9946E-05 0.0341786
9.9937E-05 9.9937E-05 9.9937E-05 0.00636135 9.9937E-05 0.963049 9.9937E-05 9.9937E-05 9.9937E-05 0.0298898
9.9955E-05 0.215302 9.9955E-05 0.146381 0.463971 0.118531 9.9955E-05 9.9955E-05 0.055315 9.9955E-05
0.0113664 9.9937E-05 9.9937E-05 9.9937E-05 9.9937E-05 0.985574 9.9937E-05 9.9937E-05 0.00235984 9.9937E-05
9.9982E-05 0.024892 0.03087 0.0748022 0.160003 0.182691 0.0145096 9.9982E-05 0.215245 0.296787
9.9928E-05 9.9928E-05 0.665509 9.9928E-05 9.9928E-05 0.333692 9.9928E-05 9.9928E-05 9.9928E-05 9.9928E-05
0.00755918 0.0779549 0.0731284 9.9973E-05 0.0631823 9.9973E-05 0.0363102 9.9973E-05 0.0768428 0.664722
9.99279E-05 9.99279E-05 9.99279E-05 0.876693 9.99279E-05 9.99279E-05 9.99279E-05 9.99279E-05 0.122508 9.99279E-05
0.0346595 0.386777 0.295638 9.99549E-05 9.99549E-05 0.0805185 9.99549E-05 9.99549E-05 9.99549E-05 0.201908
9.9946E-05 9.9946E-05 0.198472 0.0784149 0.636189 9.9946E-05 9.9946E-05 9.9946E-05 9.9946E-05 0.0863241
0.0127124 0.0276195 9.9955E-05 9.9955E-05 0.00132221 0.954027 0.00381872 9.9955E-05 9.9955E-05 9.9955E-05
9.994E-05 9.994E-05 0.231864 9.994E-05 9.994E-05 0.716753 9.994E-05 9.994E-05 0.00261285 0.0481703
0.00679872 9.9946E-05 0.340555 9.9946E-05 9.9946E-05 0.644522 0.00752478 9.9946E-05 9.9946E-05 9.9946E-05
9.9964E-05 9.9964E-05 0.268767 0.0731416 0.00815827 0.613874 9.9964E-05 0.0252496 9.9964E-05 0.0104103
9.9928E-05 9.9928E-05 9.9928E-05 9.9928E-05 9.9928E-05 0.00348346 9.9928E-05 0.995717 9.9928E-05 9.9928E-05
9.9955E-05 0.0407626 9.9955E-05 0.00492182 9.9955E-05 0.854855 9.9955E-05 9.9955E-05 0.0405414 0.0584191
9.9928E-05 9.9928E-05 0.251824 9.9928E-05 9.9928E-05 0.747377 9.9928E-05 9.9928E-05 9.9928E-05 9.9928E-05
9.99201E-05 9.99201E-05 9.99201E-05 9.99201E-05 9.99201E-05 9.99201E-05 9.99201E-05 0.999101 9.99201E-05 9.99201E-05
9.9937E-05 9.9937E-05 0.519781 9.9937E-05 9.9937E-05 0.463684 9.9937E-05 9.9937E-05 9.9937E-05 0.0158351
9.9955E-05 9.9955E-05 0.531243 9.9955E-05 0.0678843 0.185898 9.9955E-05 9.9955E-05 0.102366 0.112108
9.9946E-05 0.0218313 0.439732 9.9946E-05 9.9946E-05 0.536416 0.0014218 9.9946E-05 9.9946E-05 9.9946E-05
0.00628434 0.0200855 0.416436 9.9955E-05 9.9955E-05 0.400176 9.9955E-05 9.9955E-05 9.9955E-05 0.156519
0.00130682 9.99549E-05 9.99549E-05 9.99549E-05 0.451671 0.512911 0.0065499 0.0270609 9.99549E-05 9.99549E-05
0.0386415 0.00624222 0.37391 0.0746108 0.0975934 0.146494 9.9973E-05 9.9973E-05 9.9973E-05 0.262208
0.0350128 9.99459E-05 9.99459E-05 9.99459E-05 0.19019 0.763045 0.0111533 9.99459E-05 9.99459E-05 9.99459E-05
9.9928E-05 9.9928E-05 0.183496 9.9928E-05 9.9928E-05 0.815704 9.9928E-05 9.9928E-05 9.9928E-05 9.9928E-05
9.9946E-05 9.9946E-05 9.9946E-05 9.9946E-05 9.9946E-05 0.965715 9.9946E-05 0.00456932 0.00212448 0.0269915
0.00203654 0.0440054 0.257388 9.9973E-05 0.00352376 0.645249 9.9973E-05 0.000308815 9.9973E-05 0.047189
9.9928E-05 9.9928E-05 0.375545 9.9928E-05 9.9928E-05 0.623656 9.9928E-05 9.9928E-05 9.9928E-05 9.9928E-05
9.9937E-05 9.9937E-05 0.0752633 0.00409164 9.9937E-05 0.919946 9.9937E-05 9.9937E-05 9.9937E-05 9.9937E-05
0.821089 9.99461E-05 9.99461E-05 9.99461E-05 0.11408 9.99461E-05 0.00913592 9.99461E-05 0.0550959 9.99461E-05
0.00687615 9.9955E-05 9.9955E-05 9.9955E-05 9.9955E-05 0.967555 0.0108818 9.9955E-05 0.00536237 0.0088244
0.00957114 9.9964E-05 0.452573 9.9964E-05 0.133978 0.106773 0.0252193 9.9964E-05 9.9964E-05 0.271485
9.9946E-05 0.00346007 0.0811709 9.9946E-05 9.9946E-05 0.909873 9.9946E-05 0.00489629 9.9946E-05 9.9946E-05
9.9928E-05 9.9928E-05 9.9928E-05 0.00604751 9.9928E-05 0.993153 9.9928E-05 9.9928E-05 9.9928E-05 9.9928E-05
9.9955E-05 0.0305155 0.392286 9.9955E-05 9.9955E-05 0.517882 9.9955E-05 0.00127459 9.9955E-05 0.057543
9.9946E-05 9.9946E-05 0.47728 0.047217 9.9946E-05 0.465376 9.9946E-05 9.9946E-05 0.00952738 9.9946E-05
9.9937E-05 9.9937E-05 9.9937E-05 9.9937E-05 9.9937E-05 0.0989615 9.9937E-05 9.9937E-05 0.10261 0.797729
9.99201E-05 9.99201E-05 9.99201E-05 9.99201E-05 9.99201E-05 9.99201E-05 9.99201E-05 0.999101 9.99201E-05 9.99201E-05
0.0189582 0.548637 0.230166 0.0667191 9.9955E-05 0.13502 9.9955E-05 9.9955E-05 9.9955E-05 9.9955E-05
0.0292587 9.99549E-05 9.99549E-05 9.99549E-05 0.127201 0.821528 0.0181821 0.00332976 9.99549E-05 9.99549E-05
0.00973449 9.9955E-05 0.309813 9.9955E-05 9.9955E-05 0.670644 0.00519625 0.00411225 9.9955E-05 9.9955E-05
0.0333098 9.9928E-05 9.9928E-05 9.9928E-05 9.9928E-05 0.965891 9.9928E-05 9.9928E-05 9.9928E-05 9.9928E-05
9.99281E-05 9.99281E-05 9.99281E-05 9.99281E-05 9.99281E-05 0.991379 0.00782161 9.99281E-05 9.99281E-05 9.99281E-05
9.9964E-05 0.00981602 9.9964E-05 9.9964E-05 0.031161 0.930302 0.000313117 0.0277562 9.9964E-05 0.000251746
9.9928E-05 9.9928E-05 0.0744706 9.9928E-05 9.9928E-05 0.92473 9.9928E-05 9.9928E-05 9.9928E-05 9.9928E-05
9.9955E-05 9.9955E-05 0.0854097 9.9955E-05 0.161966 0.105491 9.9955E-05 9.9955E-05 0.245481 0.401153
9.9946E-05 0.00544186 0.0497314 9.9946E-05 9.9946E-05 0.908474 9.9946E-05 9.9946E-05 0.035753 9.9946E-05
0.659481 9.9964E-05 9.9964E-05 9.9964E-05 0.233891 9.9964E-05 0.000462628 0.00689371 0.0121062 0.0867652
0.0114145 0.0559155 0.502689 9.9964E-05 9.9964E-05 0.404728 9.9964E-05 9.9964E-05 0.00722798 0.0176247
0.00447714 9.9946E-05 0.164879 9.9946E-05 9.9946E-05 0.826301 9.9946E-05 0.00374362 9.9946E-05 9.9946E-05
0.0362889 9.9955E-05 9.9955E-05 9.9955E-05 0.432597 0.0831064 0.0626082 0.3849 9.9955E-05 9.9955E-05
9.9937E-05 9.9937E-05 9.9937E-05 9.9937E-05 0.52561 0.439906 9.9937E-05 0.0337849 9.9937E-05 9.9937E-05
9.9973E-05 0.378519 0.148965 0.0688667 0.0636071 0.33555 9.9973E-05 0.0010383 9.9973E-05 0.00315485
9.9973E-05 9.9973E-05 0.23223 0.0222395 0.00848229 0.702577 0.00938053 0.00599975 9.9973E-05 0.0187908
0.0131088 9.9946E-05 9.9946E-05 9.9946E-05 0.0320072 0.92862 9.9946E-05 9.9946E-05 9.9946E-05 0.0256641
9.99201E-05 9.99201E-05 9.99201E-05 9.99201E-05 9.99201E-05 9.99201E-05 0.999101 9.99201E-05 9.99201E-05 9.99201E-05
9.99459E-05 9.99459E-05 0.546943 9.99459E-05 9.99459E-05 0.349803 9.99459E-05 0.00930963 9.99459E-05 0.0933445
9.99369E-05 9.99369E-05 0.538637 9.99369E-05 9.99369E-05 0.347426 9.99369E-05 9.99369E-05 9.99369E-05 0.113237
9.9955E-05 9.9955E-05 0.291209 0.0454823 9.9955E-05 0.0894485 9.9955E-05 9.9955E-05 0.0286537 0.544706
0.00943867 0.0214473 0.463882 0.0600879 9.9964E-05 9.9964E-05 9.9964E-05 9.9964E-05 0.253622 0.191123
9.9946E-05 9.9946E-05 0.244466 9.9946E-05 9.9946E-05 0.019564 9.9946E-05 9.9946E-05 0.668573 0.0667975
9.9928E-05 9.9928E-05 9.9928E-05 9.9928E-05 0.0162924 0.982908 9.9928E-05 9.9928E-05 9.9928E-05 9.9928E-05
9.9937E-05 9.9937E-05 0.638457 0.0287039 9.9937E-05 0.332139 9.9937E-05 9.9937E-05 9.9937E-05 9.9937E-05
9.9928E-05 9.9928E-05 0.193878 9.9928E-05 9.9928E-05 0.805322 9.9928E-05 9.9928E-05 9.9928E-05 9.9928E-05
0.00630451 9.9955E-05 0.791328 9.9955E-05 0.100146 0.0737154 9.9955E-05 9.9955E-05 9.9955E-05 0.0280067
9.9964E-05 9.9964E-05 0.0681221 0.164483 0.645144 0.0461987 9.9964E-05 9.9964E-05 0.0603249 0.0153274
0.00566524 9.9937E-05 9.9937E-05 9.9937E-05 0.0341835 0.959452 9.9937E-05 9.9937E-05 9.9937E-05 9.9937E-05
0.0568715 0.0993311 0.245854 0.0111797 0.00532045 0.131692 9.9973E-05 9.9973E-05 9.9973E-05 0.449451
9.9964E-05 0.125821 0.553369 0.222262 9.9964E-05 0.0661572 9.9964E-05 0.00685645 0.0251346 9.9964E-05
0.86046 9.99461E-05 9.99461E-05 9.99461E-05 0.0816255 9.99461E-05 9.99461E-05 0.00413876 9.99461E-05 0.0531764
9.9955E-05 9.9955E-05 0.0611111 9.9955E-05 9.9955E-05 0.907563 9.9955E-05 0.00120231 0.0150997 0.0145245
9.99201E-05 9.99201E-05 9.99201E-05 9.99201E-05 9.99201E-05 0.999101 9.99201E-05 9.99201E-05 9.99201E-05 9.99201E-05
9.99549E-05 0.566271 0.13097 9.99549E-05 9.99549E-05 9.99549E-05 9.99549E-05 0.000649137 0.278075 0.0235349
9.99201E-05 9.99201E-05 9.99201E-05 9.99201E-05 9.99201E-05 9.99201E-05 9.99201E-05 0.999101 9.99201E-05 9.99201E-05
9.99459E-05 9.99459E-05 0.0104984 9.99459E-05 9.99459E-05 0.028379 9.99459E-05 0.0032027 0.95732 9.99459E-05
0.0335511 9.9955E-05 0.258485 9.9955E-05 0.00243047 0.654383 9.9955E-05 9.9955E-05 9.9955E-05 0.0506497
0.0226036 9.9946E-05 9.9946E-05 9.9946E-05 0.0273847 0.946895 0.00251689 9.9946E-05 9.9946E-05 9.9946E-05
9.9946E-05 9.9946E-05 0.155395 9.9946E-05 9.9946E-05 0.0553925 9.9946E-05 9.9946E-05 0.169839 0.618774
9.99201E-05 9.99201E-05 9.99201E-05 9.99201E-05 9.99201E-05 9.99201E-05 9.99201E-05 0.999101 9.99201E-05 9.99201E-05
0.628242 9.9937E-05 9.9937E-05 9.9937E-05 0.34817 9.9937E-05 9.9937E-05 0.0228884 9.9937E-05 9.9937E-05
9.9955E-05 9.9955E-05 0.198758 9.9955E-05 9.9955E-05 0.585242 9.9955E-05 0.00155479 0.0276833 0.186262
9.9928E-05 9.9928E-05 0.379451 9.9928E-05 9.9928E-05 0.619749 9.9928E-05 9.9928E-05 9.9928E-05 9.9928E-05
0.00257597 9.9955E-05 0.452617 9.9955E-05 9.9955E-05 0.0515632 9.9955E-05 9.9955E-05 0.274003 0.218741
0.0293409 0.0185678 9.9937E-05 9.9937E-05 9.9937E-05 0.951392 9.9937E-05 9.9937E-05 9.9937E-05 9.9937E-05
9.9973E-05 0.166224 9.9973E-05 0.00772173 0.34237 0.0129831 9.9973E-05 0.0372769 0.171498 0.261627
0.126174 9.9955E-05 0.0455583 9.9955E-05 0.233302 9.9955E-05 0.095758 0.498708 9.9955E-05 9.9955E-05
0.0398898 9.9946E-05 0.184833 9.9946E-05 9.9946E-05 0.772059 0.00261793 9.9946E-05 9.9946E-05 9.9946E-05
9.99459E-05 9.99459E-05 0.476541 9.99459E-05 9.99459E-05 0.363184 9.99459E-05 9.99459E-05 0.119785 0.0398898
0.997446 9.9928E-05 9.9928E-05 9.9928E-05 9.9928E-05 9.9928E-05 9.9928E-05 9.9928E-05 9.9928E-05 0.0017547
9.9946E-05 9.9946E-05 0.195286 9.9946E-05 9.9946E-05 0.734946 9.9946E-05 0.00912373 0.0600445 9.9946E-05
9.9937E-05 9.9937E-05 0.693809 9.9937E-05 9.9937E-05 0.164054 9.9937E-05 9.9937E-05 9.9937E-05 0.141437
9.9928E-05 9.9928E-05 0.323275 9.9928E-05 9.9928E-05 0.675925 9.9928E-05 9.9928E-05 9.9928E-05 9.9928E-05
9.9937E-05 9.9937E-05 9.9937E-05 9.9937E-05 9.9937E-05 0.229954 0.00736957 9.9937E-05 0.761977 9.9937E-05
9.9973E-05 0.158602 0.298749 0.135296 9.9973E-05 0.0840727 9.9973E-05 0.00707404 0.108725 0.20718
9.9946E-05 0.322873 0.391596 9.9946E-05 0.228295 9.9946E-05 9.9946E-05 9.9946E-05 0.0566368 9.9946E-05
9.99639E-05 0.157599 9.99639E-05 9.99639E-05 0.493588 0.0422537 0.00562253 9.99639E-05 0.27954 0.0209966
0.019697 9.9946E-05 0.62223 9.9946E-05 0.012846 0.344627 9.9946E-05 9.9946E-05 9.9946E-05 9.9946E-05
0.0164601 9.9946E-05 0.203521 9.9946E-05 9.9946E-05 0.776332 9.9946E-05 0.00308673 9.9946E-05 9.9946E-05
0.0168158 9.9955E-05 0.474822 9.9955E-05 0.000728831 0.479547 9.9955E-05 0.0275868 9.9955E-05 9.9955E-05
9.9955E-05 0.00961115 9.9955E-05 9.9955E-05 0.0686532 9.9955E-05 0.0599296 0.845255 0.0160515 9.9955E-05
0.0231869 9.9955E-05 0.050369 9.9955E-05 0.0599902 0.841861 9.9955E-05 9.9955E-05 9.9955E-05 0.0240936
0.00486578 9.9955E-05 9.9955E-05 0.0175131 9.9955E-05 9.9955E-05 0.0105208 0.955153 9.9955E-05 0.0114478
0.00773233 9.9946E-05 0.518188 9.9946E-05 0.00514547 0.468334 9.9946E-05 9.9946E-05 9.9946E-05 9.9946E-05
0.94604 9.99279E-05 9.99279E-05 9.99279E-05 9.99279E-05 0.0531607 9.99279E-05 9.99279E-05 9.99279E-05 9.99279E-05
0.0010732 0.0272929 0.268555 9.99549E-05 9.99549E-05 9.99549E-05 9.99549E-05 9.99549E-05 0.495643 0.206936
9.9955E-05 9.9955E-05 9.9955E-05 9.9955E-05 0.134231 0.0726368 0.00611083 9.9955E-05 0.589527 0.196995
0.027081 0.347705 0.16761 9.9973E-05 9.9973E-05 0.0133921 0.0357685 9.9973E-05 0.202995 0.205148
9.9946E-05 0.0200568 0.59792 0.103906 9.9946E-05 0.277518 9.9946E-05 9.9946E-05 9.9946E-05 9.9946E-05
0.0132319 0.250285 0.0688068 0.161459 9.9991E-05 0.211287 0.0031353 0.0285458 0.0041888 0.258961
9.9946E-05 9.9946E-05 0.102821 0.0115012 9.9946E-05 0.88454 9.9946E-05 0.000537878 9.9946E-05 9.9946E-05
0.017522 0.0253503 0.629643 9.9991E-05 0.0397414 0.161437 0.007565 0.00461061 0.0610432 0.0529871
0.00281651 9.99459E-05 9.99459E-05 9.99459E-05 0.694382 0.295146 0.0070564 9.99459E-05 9.99459E-05 9.99459E-05
9.9973E-05 0.0920204 0.159633 0.0356877 0.04915 0.653498 9.9973E-05 0.00878851 9.9973E-05 0.000922432
9.9955E-05 9.9955E-05 0.210898 0.0122972 0.0268943 0.735328 0.0140824 9.9955E-05 9.9955E-05 9.9955E-05
0.959025 9.99279E-05 9.99279E-05 9.99279E-05 9.99279E-05 0.040176 9.99279E-05 9.99279E-05 9.99279E-05 9.99279E-05
0.0311223 9.9955E-05 9.9955E-05 0.306601 0.423092 0.0839155 9.9955E-05 9.9955E-05 9.9955E-05 0.15477
0.992145 0.00705563 9.99281E-05 9.99281E-05 9.99281E-05 9.99281E-05 9.99281E-05 9.99281E-05 9.99281E-05 9.99281E-05
0.00751195 0.00340651 0.410538 9.9964E-05 9.9964E-05 0.513111 9.9964E-05 0.00233577 9.9964E-05 0.0626967
0.0099016 9.9946E-05 0.203072 9.9946E-05 0.707143 0.0792844 9.9946E-05 9.9946E-05 9.9946E-05 9.9946E-05
0.0168818 9.9946E-05 9.9946E-05 0.199971 0.569699 0.212848 9.9946E-05 9.9946E-05 9.9946E-05 9.9946E-05
9.9946E-05 9.9946E-05 0.345426 9.9946E-05 9.9946E-05 0.603857 9.9946E-05 0.0233008 0.0268164 9.9946E-05
9.9937E-05 9.9937E-05 0.0412592 9.9937E-05 9.9937E-05 0.956084 9.9937E-05 9.9937E-05 0.00195775 9.9937E-05
0.0161874 9.9928E-05 9.9928E-05 9.9928E-05 9.9928E-05 9.9928E-05 9.9928E-05 0.983013 9.9928E-05 9.9928E-05
0.0146176 0.0446292 9.9964E-05 0.0341585 0.65449 9.9964E-05 9.9964E-05 9.9964E-05 0.164931 0.0867734
9.9946E-05 0.00224582 0.419616 0.0205482 9.9946E-05 0.55699 9.9946E-05 9.9946E-05 9.9946E-05 9.9946E-05
0.407618 9.99549E-05 9.99549E-05 9.99549E-05 0.396673 0.135612 0.0235848 0.0360118 9.99549E-05 9.99549E-05
0.000787558 9.9955E-05 9.9955E-05 0.0168186 0.00994988 0.966877 9.9955E-05 0.00506674 9.9955E-05 9.9955E-05
9.99201E-05 9.99201E-05 9.99201E-05 9.99201E-05 9.99201E-05 9.99201E-05 0.999101 9.99201E-05 9.99201E-05 9.99201E-05
9.9955E-05 9.9955E-05 0.142 9.9955E-05 0.047492 0.785826 9.9955E-05 0.0162604 9.9955E-05 0.00792204
9.9946E-05 9.9946E-05 9.9946E-05 9.9946E-05 0.265016 0.111692 0.60219 0.0205024 9.9946E-05 9.9946E-05
0.0268465 9.9973E-05 0.392682 0.00621986 9.9973E-05 9.9973E-05 0.0037475 0.0122025 0.509097 0.0489051
9.9946E-05 9.9946E-05 9.9946E-05 9.9946E-05 0.0156451 0.958656 0.00150058 9.9946E-05 9.9946E-05 0.0235988
9.9937E-05 9.9937E-05 9.9937E-05 0.0134043 9.9937E-05 0.979045 0.00685104 9.9937E-05 9.9937E-05 9.9937E-05
9.9964E-05 0.572019 9.9964E-05 0.0275995 0.347307 0.0427668 9.9964E-05 9.9964E-05 0.00975012 0.000158138
0.0040013 9.9955E-05 9.9955E-05 0.00409686 0.0649522 0.919434 9.9955E-05 0.00701556 9.9955E-05 9.9955E-05
0.973307 9.99281E-05 9.99281E-05 9.99281E-05 9.99281E-05 9.99281E-05 9.99281E-05 9.99281E-05 0.0258932 9.99281E-05
9.9946E-05 9.9946E-05 0.0400789 0.0124427 9.9946E-05 0.935852 9.9946E-05 0.0110271 9.9946E-05 9.9946E-05
9.99201E-05 9.99201E-05 9.99201E-05 9.99201E-05 9.99201E-05 9.99201E-05 0.999101 9.99201E-05 9.99201E-05 9.99201E-05
9.9928E-05 9.9928E-05 0.0571346 9.9928E-05 9.9928E-05 0.942066 9.9928E-05 9.9928E-05 9.9928E-05 9.9928E-05
0.0126338 0.0523572 0.294785 9.9973E-05 0.0343925 0.0505318 0.0034815 9.9973E-05 9.9973E-05 0.551519
9.9973E-05 0.272294 0.268763 0.015227 9.9973E-05 0.227926 0.0156248 0.0078955 9.9973E-05 0.19197
9.9928E-05 9.9928E-05 9.9928E-05 0.973764 9.9928E-05 0.0254361 9.9928E-05 9.9928E-05 9.9928E-05 9.9928E-05
0.0017334 0.089733 0.0345685 0.57595 9.9973E-05 0.269065 0.0144184 0.0142319 9.9973E-05 9.9973E-05
9.99729E-05 0.0389245 0.119358 0.0822922 0.578695 0.0404485 9.99729E-05 0.0457181 9.99729E-05 0.0942641
9.9937E-05 9.9937E-05 9.9937E-05 0.019777 9.9937E-05 0.97136 9.9937E-05 9.9937E-05 0.00816362 9.9937E-05
0.0465381 0.0535848 0.37122 9.99639E-05 9.99639E-05 0.199616 9.99639E-05 9.99639E-05 0.0657883 0.262853
9.9928E-05 9.9928E-05 0.165332 9.9928E-05 9.9928E-05 0.833868 9.9928E-05 9.9928E-05 9.9928E-05 9.9928E-05
0.0413818 0.132786 0.290249 9.9973E-05 0.210868 0.0961299 9.9973E-05 0.0177228 9.9973E-05 0.210563
0.00588332 9.9946E-05 9.9946E-05 9.9946E-05 0.234656 0.0185996 9.9946E-05 9.9946E-05 0.740262 9.9946E-05
0.0204407 9.9964E-05 0.107145 0.0511066 9.9964E-05 0.811152 0.00324505 9.9964E-05 9.9964E-05 0.00651068
9.9946E-05 9.9946E-05 0.838996 9.9946E-05 0.00901599 0.13996 9.9946E-05 0.0114285 9.9946E-05 9.9946E-05
0.0202013 9.9964E-05 0.426698 9.9964E-05 9.9964E-05 0.539525 0.00424299 0.00774417 9.9964E-05 0.00118884
9.9955E-05 0.0180689 9.9955E-05 9.9955E-05 0.0359561 0.920244 9.9955E-05 9.9955E-05 0.0207553 0.00447581
0.0459051 9.99549E-05 9.99549E-05 9.99549E-05 0.586376 0.350959 0.0128387 0.00342131 9.99549E-05 9.99549E-05
9.9973E-05 0.0944545 0.323431 0.184179 9.9973E-05 0.192046 0.00821427 0.00662847 9.9973E-05 0.190747
0.00255937 0.129926 9.9982E-05 0.110273 0.0174732 0.4234 0.0278496 0.00642031 9.9982E-05 0.281899
0.0329529 9.9946E-05 9.9946E-05 0.0572381 9.9946E-05 9.9946E-05 0.894215 0.0149943 9.9946E-05 9.9946E-05
0.00716983 9.9937E-05 9.9937E-05 9.9937E-05 0.0565508 0.93558 9.9937E-05 9.9937E-05 9.9937E-05 9.9937E-05
9.9937E-05 9.9937E-05 0.00277217 9.9937E-05 0.0190962 0.977432 9.9937E-05 9.9937E-05 9.9937E-05 9.9937E-05
9.9964E-05 9.9964E-05 0.142335 0.00620029 9.9964E-05 0.804461 0.00342719 0.00623451 9.9964E-05 0.0369423
0.967736 9.99279E-05 9.99279E-05 9.99279E-05 9.99279E-05 0.0314645 9.99279E-05 9.99279E-05 9.99279E-05 9.99279E-05
9.9955E-05 9.9955E-05 0.25241 0.030204 9.9955E-05 0.583206 0.00400804 9.9955E-05 9.9955E-05 0.129672
9.9955E-05 0.175061 9.9955E-05 0.204111 0.423911 0.0903568 9.9955E-05 9.9955E-05 9.9955E-05 0.10606
0.0164472 9.9955E-05 0.488429 0.131162 9.9955E-05 0.186554 9.9955E-05 9.9955E-05 0.176909 9.9955E-05
0.00154934 9.9955E-05 0.0274192 9.9955E-05 9.9955E-05 0.96423 0.00252334 0.00377845 9.9955E-05 9.9955E-05
0.00805301 0.101068 9.9964E-05 9.9964E-05 0.0312646 0.831413 9.9964E-05 9.9964E-05 0.00506507 0.0227366
0.000942967 0.0140863 0.0259306 9.9946E-05 9.9946E-05 0.95844 9.9946E-05 9.9946E-05 9.9946E-05 9.9946E-05
9.9946E-05 9.9946E-05 9.9946E-05 0.861431 0.0215206 0.0979819 9.9946E-05 0.0184669 9.9946E-05 9.9946E-05
0.0431867 9.9955E-05 0.00907862 9.9955E-05 0.154421 9.9955E-05 0.767779 0.0250345 9.9955E-05 9.9955E-05
9.99369E-05 9.99369E-05 9.99369E-05 0.298306 0.464059 9.99369E-05 9.99369E-05 9.99369E-05 0.236936 9.99369E-05
9.9964E-05 0.197105 0.339381 9.9964E-05 9.9964E-05 0.391606 9.9964E-05 0.00981057 0.038422 0.0232748
9.9946E-05 9.9946E-05 9.9946E-05 9.9946E-05 0.0473983 0.000727625 0.930319 0.0209549 9.9946E-05 9.9946E-05
0.0314387 9.9964E-05 0.351218 0.120514 9.9964E-05 0.425931 0.0122735 9.9964E-05 9.9964E-05 0.0582258
9.99459E-05 9.99459E-05 0.281042 9.99459E-05 9.99459E-05 0.172441 9.99459E-05 9.99459E-05 0.280623 0.265294
0.02323 9.9973E-05 9.9973E-05 0.00672871 0.0423807 0.88523 0.00990088 0.00731857 0.0249111 9.9973E-05
9.9928E-05 9.9928E-05 9.9928E-05 9.9928E-05 9.9928E-05 0.991006 9.9928E-05 9.9928E-05 9.9928E-05 0.00819459
0.00406691 9.9955E-05 9.9955E-05 0.0505602 9.9955E-05 0.914448 9.9955E-05 0.0168352 9.9955E-05 0.0135896
9.9955E-05 9.9955E-05 0.132678 0.106407 0.0789633 0.430553 9.9955E-05 9.9955E-05 9.9955E-05 0.250899
0.948712 9.99279E-05 9.99279E-05 9.99279E-05 9.99279E-05 0.0504891 9.99279E-05 9.99279E-05 9.99279E-05 9.99279E-05
9.9928E-05 9.9928E-05 0.117937 9.9928E-05 9.9928E-05 0.881264 9.9928E-05 9.9928E-05 9.9928E-05 9.9928E-05
9.9946E-05 9.9946E-05 9.9946E-05 9.9946E-05 0.125375 0.0608737 9.9946E-05 9.9946E-05 0.390142 0.42301
9.9964E-05 0.0451636 0.65706 0.0755309 0.0112997 0.187689 9.9964E-05 9.9964E-05 0.0228565 9.9964E-05
0.956145 9.99369E-05 0.0263847 9.99369E-05 9.99369E-05 9.99369E-05 0.0167708 9.99369E-05 9.99369E-05 9.99369E-05
9.9955E-05 0.116794 9.9955E-05 9.9955E-05 0.296264 0.0190175 9.9955E-05 9.9955E-05 0.250115 0.31731
9.9946E-05 9.9946E-05 0.116087 9.9946E-05 0.832634 0.0387244 0.0119551 9.9946E-05 9.9946E-05 9.9946E-05
0.0444311 0.626849 0.07409 9.9964E-05 0.00829099 0.146643 9.9964E-05 9.9964E-05 9.9964E-05 0.0992967
0.92314 9.9955E-05 0.00665676 9.9955E-05 9.9955E-05 0.0644262 9.9955E-05 0.000177382 0.00510018 9.9955E-05
9.9937E-05 9.9937E-05 0.605387 9.9937E-05 9.9937E-05 0.263215 9.9937E-05 9.9937E-05 0.130698 9.9937E-05
9.99201E-05 9.99201E-05 9.99201E-05 9.99201E-05 9.99201E-05 9.99201E-05 0.999101 9.99201E-05 9.99201E-05 9.99201E-05
9.99369E-05 0.156727 0.436141 9.99369E-05 9.99369E-05 0.406433 9.99369E-05 9.99369E-05 9.99369E-05 9.99369E-05
9.9955E-05 9.9955E-05 0.129686 9.9955E-05 9.9955E-05 0.838774 0.000322198 0.0105145 9.9955E-05 0.0202035
9.99201E-05 9.99201E-05 9.99201E-05 9.99201E-05 9.99201E-05 9.99201E-05 0.999101 9.99201E-05 9.99201E-05 9.99201E-05
9.9937E-05 0.00904079 0.246291 9.9937E-05 9.9937E-05 0.743969 9.9937E-05 9.9937E-05 9.9937E-05 9.9937E-05
0.0152032 0.0195207 9.9973E-05 9.9973E-05 0.00571813 0.0130386 0.00201018 0.896854 0.0473552 9.9973E-05
9.9946E-05 9.9946E-05 0.229138 9.9946E-05 9.9946E-05 0.104265 9.9946E-05 0.00544644 9.9946E-05 0.660551
0.0185963 9.9946E-05 0.112341 9.9946E-05 0.0462535 0.82221 9.9946E-05 9.9946E-05 9.9946E-05 9.9946E-05
0.0452957 9.9955E-05 9.9955E-05 9.9955E-05 0.520024 0.0799948 9.9955E-05 9.9955E-05 0.0204137 0.333772
9.9973E-05 9.9973E-05 0.284019 0.0460236 0.0256025 0.572157 0.0123237 0.000648297 0.0589258 9.9973E-05
9.9937E-05 9.9937E-05 9.9937E-05 9.9937E-05 0.0646102 9.9937E-05 0.920346 0.0143439 9.9937E-05 9.9937E-05
0.00806794 0.132326 0.545492 0.0546792 0.0533824 0.0434527 0.00557558 9.9991E-05 0.0277097 0.129214
