0.0925677 0.579019 0.314298 0.013615 9.9955E-05 9.9955E-05 9.9955E-05 9.9955E-05 9.9955E-05
9.9937E-05 0.959128 9.9937E-05 9.9937E-05 9.9937E-05 9.9937E-05 9.9937E-05 9.9937E-05 0.0401722
9.9955E-05 0.912648 0.0567785 9.9955E-05 9.9955E-05 0.0235087 9.9955E-05 9.9955E-05 0.00656449
9.9964E-05 0.475661 0.437936 0.00274032 0.00523655 9.9964E-05 9.9964E-05 9.9964E-05 0.0780267
0.0498335 0.0524958 0.42088 9.9982E-05 9.9982E-05 0.0355922 0.0428426 0.130062 0.268095
0.0389745 0.154484 0.075423 0.000895262 9.9973E-05 9.9973E-05 9.9973E-05 0.00307725 0.726846
0.410575 0.104983 0.0342521 9.9982E-05 9.9982E-05 0.00256535 0.0169172 0.169345 0.261163
9.994E-05 9.994E-05 0.310525 9.994E-05 9.994E-05 9.994E-05 9.994E-05 0.382975 0.305901
9.9973E-05 0.910014 0.0321831 0.0191424 0.0116125 9.9973E-05 0.00557757 0.0211707 9.9973E-05
9.9937E-05 0.702548 0.296753 9.9937E-05 9.9937E-05 9.9937E-05 9.9937E-05 9.9937E-05 9.9937E-05
0.089895 0.17196 0.319807 0.0177119 9.9982E-05 0.000329252 0.014543 0.385554 9.9982E-05
0.654638 9.9955E-05 0.265191 9.9955E-05 9.9955E-05 0.000689532 0.0789821 9.9955E-05 9.9955E-05
0.243469 0.150007 0.383491 9.9955E-05 9.9955E-05 9.9955E-05 9.9955E-05 0.222534 9.9955E-05
9.9955E-05 0.147468 9.9955E-05 9.9955E-05 9.9955E-05 9.9955E-05 0.0309331 0.0248119 0.796287
9.9955E-05 0.371394 0.617843 0.00296581 0.00729775 9.9955E-05 9.9955E-05 9.9955E-05 9.9955E-05
0.162773 0.422698 0.121085 0.0062255 0.00775199 9.9982E-05 0.0536971 9.9982E-05 0.225569
9.9955E-05 0.150091 0.000807201 9.9955E-05 9.9955E-05 9.9955E-05 0.536821 0.311782 9.9955E-05
9.9964E-05 0.218595 9.9964E-05 0.427579 0.033172 0.0262891 9.9964E-05 9.9964E-05 0.293966
9.9946E-05 0.948961 0.0114073 9.9946E-05 9.9946E-05 9.9946E-05 9.9946E-05 9.9946E-05 0.0390325
9.999E-05 0.0774728 0.0724014 0.00674577 0.0188103 0.0137972 0.00334315 0.509629 0.2977
9.9946E-05 0.863954 0.10328 9.9946E-05 9.9946E-05 9.9946E-05 0.0321667 9.9946E-05 9.9946E-05
0.389971 0.116762 0.242582 9.9964E-05 9.9964E-05 0.00404311 9.9964E-05 0.246242 9.9964E-05
0.239974 0.113348 0.534838 0.000134846 0.00162248 0.0135803 0.0585625 9.9991E-05 0.0378404
9.9964E-05 9.9964E-05 0.0355011 0.00609775 9.9964E-05 0.885389 9.9964E-05 0.0535725 0.0190401
0.0983305 0.0128848 0.348864 9.9964E-05 9.9964E-05 0.00162679 9.9964E-05 9.9964E-05 0.537894
0.0506321 0.22838 0.387786 9.9964E-05 9.9964E-05 0.0116355 9.9964E-05 0.321167 9.9964E-05
0.0308588 0.169984 0.0749329 9.9964E-05 9.9964E-05 9.9964E-05 9.9964E-05 0.562775 0.16105
9.9946E-05 0.830387 0.161047 0.00796644 9.9946E-05 9.9946E-05 9.9946E-05 9.9946E-05 9.9946E-05
9.9937E-05 0.68672 0.31258 9.9937E-05 9.9937E-05 9.9937E-05 9.9937E-05 9.9937E-05 9.9937E-05
9.9937E-05 0.955759 0.0435415 9.9937E-05 9.9937E-05 9.9937E-05 9.9937E-05 9.9937E-05 9.9937E-05
0.250313 0.171693 9.9964E-05 9.9964E-05 0.00602453 0.00745277 9.9964E-05 9.9964E-05 0.564117
0.0264083 0.935101 9.9946E-05 9.9946E-05 9.9946E-05 9.9946E-05 9.9946E-05 9.9946E-05 0.037891
0.0198564 0.977248 9.9946E-05 9.9946E-05 9.9946E-05 9.9946E-05 9.9946E-05 9.9946E-05 0.0022958
9.9946E-05 0.150391 9.9946E-05 9.9946E-05 9.9946E-05 9.9946E-05 9.9946E-05 0.202497 0.646513
9.9955E-05 0.996528 9.9955E-05 9.9955E-05 9.9955E-05 0.000487325 0.00146555 9.9955E-05 0.0010191
0.309856 0.169082 0.051709 0.00523917 0.00746242 9.9991E-05 0.300138 0.028003 0.128411
9.9937E-05 0.4094 0.5899 9.9937E-05 9.9937E-05 9.9937E-05 9.9937E-05 9.9937E-05 9.9937E-05
9.99459E-05 9.99459E-05 0.0970698 9.99459E-05 0.00375786 9.99459E-05 0.898573 9.99459E-05 9.99459E-05
0.0181099 9.99549E-05 9.99549E-05 0.00262829 9.99549E-05 9.99549E-05 9.99549E-05 0.519087 0.459675
0.328785 0.00278031 0.578567 9.9964E-05 9.9964E-05 0.0459011 9.9964E-05 9.9964E-05 0.0435668
0.198148 0.0437213 0.108439 9.9964E-05 0.00478213 9.9964E-05 9.9964E-05 9.9964E-05 0.644509
9.9955E-05 0.979112 9.9955E-05 9.9955E-05 0.00288758 0.0097182 9.9955E-05 0.00778244 9.9955E-05
0.060853 0.719506 0.209324 9.9955E-05 9.9955E-05 9.9955E-05 9.9955E-05 0.00981761 9.9955E-05
9.9955E-05 0.662325 0.320562 0.0111837 0.00542988 9.9955E-05 9.9955E-05 9.9955E-05 9.9955E-05
0.00631593 0.612483 0.296455 0.023436 9.9964E-05 9.9964E-05 9.9964E-05 9.9964E-05 0.0609103
9.993E-05 9.993E-05 9.993E-05 0.999201 9.993E-05 9.993E-05 9.993E-05 9.993E-05 9.993E-05
0.048678 0.879181 9.9955E-05 9.9955E-05 9.9955E-05 9.9955E-05 0.0203647 0.0512763 9.9955E-05
9.9937E-05 0.793723 0.205578 9.9937E-05 9.9937E-05 9.9937E-05 9.9937E-05 9.9937E-05 9.9937E-05
9.993E-05 9.993E-05 9.993E-05 0.999201 9.993E-05 9.993E-05 9.993E-05 9.993E-05 9.993E-05
9.99369E-05 0.502164 0.497136 9.99369E-05 9.99369E-05 9.99369E-05 9.99369E-05 9.99369E-05 9.99369E-05
0.0518272 0.328187 0.372758 9.997E-05 0.00383752 9.997E-05 0.063334 0.179756 9.997E-05
9.9937E-05 0.590466 0.408834 9.9937E-05 9.9937E-05 9.9937E-05 9.9937E-05 9.9937E-05 9.9937E-05
0.0772672 0.416383 0.490757 9.9964E-05 9.9964E-05 0.0049877 9.9964E-05 0.0102051 9.9964E-05
9.996E-05 0.529852 9.996E-05 0.0256002 0.013044 0.0186716 9.996E-05 9.996E-05 0.412433
0.192786 0.147052 0.441212 9.9973E-05 9.9973E-05 0.0356584 0.0123626 9.9973E-05 0.170629
9.99549E-05 0.789925 9.99549E-05 9.99549E-05 0.0219572 0.0423586 9.99549E-05 9.99549E-05 0.14526
9.995E-05 0.854133 0.141647 0.00109348 9.995E-05 0.00262688 9.995E-05 9.995E-05 9.995E-05
0.0115644 0.970849 9.99629E-05 0.00241953 9.99629E-05 9.99629E-05 9.99629E-05 0.0146674 9.99629E-05
0.045745 0.659854 0.275267 0.00541462 9.9964E-05 9.9964E-05 9.9964E-05 9.9964E-05 0.01332
9.9937E-05 0.650952 0.348349 9.9937E-05 9.9937E-05 9.9937E-05 9.9937E-05 9.9937E-05 9.9937E-05
9.9937E-05 0.939447 0.0598539 9.9937E-05 9.9937E-05 9.9937E-05 9.9937E-05 9.9937E-05 9.9937E-05
9.99551E-05 9.99551E-05 9.99551E-05 9.99551E-05 0.0127068 0.836755 0.114954 9.99551E-05 0.0350844
9.9955E-05 0.966071 9.9955E-05 9.9955E-05 0.00306706 0.00438072 9.9955E-05 0.0259813 9.9955E-05
0.160655 0.163161 0.431684 9.9982E-05 0.0164598 0.028551 0.115661 9.9982E-05 0.0836289
9.9955E-05 0.930974 0.0345811 0.00169705 9.9955E-05 9.9955E-05 0.0322481 9.9955E-05 9.9955E-05
9.9937E-05 0.989799 9.9937E-05 9.9937E-05 9.9937E-05 9.9937E-05 9.9937E-05 9.9937E-05 0.00950099
9.9955E-05 0.534271 0.445134 0.00123059 9.9955E-05 9.9955E-05 0.0188645 9.9955E-05 9.9955E-05
0.0251334 0.540871 0.423147 9.9955E-05 9.9955E-05 9.9955E-05 0.0103483 9.9955E-05 9.9955E-05
0.941825 0.0574751 9.99369E-05 9.99369E-05 9.99369E-05 9.99369E-05 9.99369E-05 9.99369E-05 9.99369E-05
9.993E-05 9.993E-05 9.993E-05 0.999201 9.993E-05 9.993E-05 9.993E-05 9.993E-05 9.993E-05
9.9964E-05 0.0299201 0.540657 9.9964E-05 9.9964E-05 0.00197479 9.9964E-05 0.176748 0.250301
9.996E-05 0.836137 9.996E-05 0.00461145 0.0206468 0.0292966 9.996E-05 9.996E-05 0.108909
9.996E-05 0.721753 0.254575 0.0103618 0.00238889 0.0105224 9.996E-05 9.996E-05 9.996E-05
9.9946E-05 0.954526 9.9946E-05 9.9946E-05 9.9946E-05 0.0308709 9.9946E-05 9.9946E-05 0.0140034
9.9946E-05 0.992736 9.9946E-05 9.9946E-05 0.00103006 9.9946E-05 0.0056342 9.9946E-05 9.9946E-05
0.0275102 0.918384 9.9964E-05 0.0246568 0.00253934 9.9964E-05 9.9964E-05 9.9964E-05 0.0265094
9.9955E-05 0.94318 0.0538569 9.9955E-05 0.000544172 9.9955E-05 9.9955E-05 0.00191943 9.9955E-05
0.145812 0.163973 0.0342492 9.9982E-05 9.9982E-05 0.0118156 0.126191 0.417441 0.100319
0.0121382 0.939813 0.0197714 9.9955E-05 9.9955E-05 9.9955E-05 9.9955E-05 0.0277774 9.9955E-05
9.9955E-05 9.9955E-05 9.9955E-05 0.0160219 9.9955E-05 0.675059 0.147449 9.9955E-05 0.16097
9.9964E-05 0.424374 0.519998 9.9964E-05 9.9964E-05 0.0171183 9.9964E-05 0.0246876 0.0134227
9.9946E-05 0.877469 0.118304 0.00362732 9.9946E-05 9.9946E-05 9.9946E-05 9.9946E-05 9.9946E-05
9.9973E-05 0.101745 9.9973E-05 0.396385 0.0705293 0.0552012 9.9973E-05 0.00834696 0.367492
9.996E-05 0.444025 9.996E-05 0.0355655 0.0042395 0.00454462 9.996E-05 9.996E-05 0.511225
0.0366331 0.192429 0.462541 9.9955E-05 9.9955E-05 9.9955E-05 9.9955E-05 9.9955E-05 0.307897
0.00128779 0.731482 0.232259 0.00702249 0.0185679 9.9982E-05 0.000156307 9.9982E-05 0.00902502
0.0192362 0.946106 9.9955E-05 9.9955E-05 9.9955E-05 0.0121145 9.9955E-05 9.9955E-05 0.0220434
9.993E-05 9.993E-05 9.993E-05 9.993E-05 0.999201 9.993E-05 9.993E-05 9.993E-05 9.993E-05
0.02313 0.400122 0.558788 0.00488386 0.00137236 9.9973E-05 9.9973E-05 0.0114043 9.9973E-05
0.021206 0.440557 0.535643 9.9955E-05 9.9955E-05 0.0020947 9.9955E-05 9.9955E-05 9.9955E-05
0.537954 0.0792663 0.308755 9.995E-05 9.995E-05 9.995E-05 9.995E-05 0.0735253 9.995E-05
0.175457 0.00128838 0.496515 9.9982E-05 0.00347415 0.0192693 0.138648 0.165149 9.9982E-05
0.152052 0.0722252 0.130123 9.9955E-05 9.9955E-05 9.9955E-05 9.9955E-05 0.6451 9.9955E-05
9.9946E-05 0.979279 9.9946E-05 9.9946E-05 9.9946E-05 0.0111888 0.00893296 9.9946E-05 9.9946E-05
9.9946E-05 0.382571 0.615727 9.9946E-05 9.9946E-05 9.9946E-05 0.0011019 9.9946E-05 9.9946E-05
9.9937E-05 0.829514 0.169787 9.9937E-05 9.9937E-05 9.9937E-05 9.9937E-05 9.9937E-05 9.9937E-05
0.00342122 0.194334 0.711866 9.9964E-05 9.9964E-05 9.9964E-05 9.9964E-05 0.0240136 0.0659656
0.133699 0.1416 9.9964E-05 0.00164156 9.9964E-05 9.9964E-05 0.0620905 9.9964E-05 0.660569
9.9946E-05 0.968905 9.9946E-05 9.9946E-05 9.9946E-05 0.00567822 9.9946E-05 9.9946E-05 0.0248174
0.252888 0.0636765 0.391524 9.9973E-05 9.9973E-05 0.058238 0.208883 9.9973E-05 0.0244909
0.192408 0.107784 0.583722 0.00914568 0.00257747 9.9973E-05 9.9973E-05 9.9973E-05 0.104062
9.99551E-05 9.99551E-05 9.99551E-05 0.0043926 9.99551E-05 0.836669 9.99551E-05 0.0493552 0.109084
0.028998 0.428685 0.541717 9.99459E-05 9.99459E-05 9.99459E-05 9.99459E-05 9.99459E-05 9.99459E-05
9.9946E-05 0.919324 0.0648831 9.9946E-05 9.9946E-05 9.9946E-05 0.0151928 9.9946E-05 9.9946E-05
9.993E-05 0.999201 9.993E-05 9.993E-05 9.993E-05 9.993E-05 9.993E-05 9.993E-05 9.993E-05
0.103774 0.0351493 0.210337 0.0133389 9.9973E-05 9.9973E-05 9.9973E-05 0.633112 0.00398878
9.993E-05 9.993E-05 9.993E-05 0.999201 9.993E-05 9.993E-05 9.993E-05 9.993E-05 9.993E-05
9.99459E-05 0.0640972 9.99459E-05 0.000478116 9.99459E-05 9.99459E-05 9.99459E-05 0.934825 9.99459E-05
0.0154913 0.697321 0.258442 9.9955E-05 9.9955E-05 0.0282453 9.9955E-05 9.9955E-05 9.9955E-05
9.9955E-05 0.933775 9.9955E-05 9.9955E-05 0.000677179 0.0227732 9.9955E-05 9.9955E-05 0.0422751
0.350488 0.0946115 0.163139 9.9955E-05 9.9955E-05 9.9955E-05 9.9955E-05 0.391261 9.9955E-05
9.993E-05 9.993E-05 9.993E-05 0.999201 9.993E-05 9.993E-05 9.993E-05 9.993E-05 9.993E-05
9.995E-05 9.995E-05 9.995E-05 0.0247896 0.00224924 0.635699 9.995E-05 9.995E-05 0.336763
0.221787 0.577714 0.199899 9.9946E-05 9.9946E-05 9.9946E-05 9.9946E-05 9.9946E-05 9.9946E-05
9.9937E-05 0.671274 0.328027 9.9937E-05 9.9937E-05 9.9937E-05 9.9937E-05 9.9937E-05 9.9937E-05
0.301153 0.116916 0.397086 9.9955E-05 9.9955E-05 9.9955E-05 9.9955E-05 0.184345 9.9955E-05
9.9946E-05 0.963636 9.9946E-05 9.9946E-05 9.9946E-05 0.0229099 9.9946E-05 0.012854 9.9946E-05
0.00663147 0.0270804 9.9964E-05 0.0386611 9.9964E-05 9.9964E-05 9.9964E-05 0.517731 0.409496
9.9973E-05 0.0585398 9.9973E-05 0.516176 0.0984097 0.136798 9.9973E-05 0.0191834 0.170593
9.9955E-05 0.801512 0.154496 9.9955E-05 0.00165269 0.0418392 9.9955E-05 9.9955E-05 9.9955E-05
0.0650081 0.420364 0.455622 9.9955E-05 9.9955E-05 9.9955E-05 9.9955E-05 0.0585064 9.9955E-05
0.00507883 9.9937E-05 9.9937E-05 9.9937E-05 9.9937E-05 0.994222 9.9937E-05 9.9937E-05 9.9937E-05
9.996E-05 0.805028 0.146261 0.00345368 9.996E-05 9.996E-05 0.0202286 0.0246296 9.996E-05
0.14615 0.259627 0.593623 9.9946E-05 9.9946E-05 9.9946E-05 9.9946E-05 9.9946E-05 9.9946E-05
9.9937E-05 0.71109 0.288211 9.9937E-05 9.9937E-05 9.9937E-05 9.9937E-05 9.9937E-05 9.9937E-05
9.9955E-05 0.252941 9.9955E-05 9.9955E-05 0.00404704 9.9955E-05 0.0438962 0.698616 9.9955E-05
0.140944 0.161535 0.212902 0.0017627 9.9973E-05 9.9973E-05 9.9973E-05 0.40795 0.0746049
9.9946E-05 9.9946E-05 0.411136 9.9946E-05 9.9946E-05 9.9946E-05 0.340176 9.9946E-05 0.248088
9.99639E-05 0.0566442 9.99639E-05 9.99639E-05 0.00256776 9.99639E-05 0.459033 0.122528 0.358827
9.9946E-05 0.455135 0.516439 9.9946E-05 9.9946E-05 0.0278257 9.9946E-05 9.9946E-05 9.9946E-05
9.995E-05 0.819276 0.16735 0.00616725 9.995E-05 0.00670745 9.995E-05 9.995E-05 9.995E-05
9.996E-05 0.567265 0.391045 0.0305147 9.996E-05 0.00467294 9.996E-05 0.00610227 9.996E-05
9.9973E-05 0.000784093 9.9973E-05 0.857517 0.0617829 0.00313616 9.9973E-05 0.0389767 0.0375035
0.0476006 0.862678 0.0116616 9.996E-05 9.996E-05 0.0266934 9.996E-05 9.996E-05 0.0509664
0.0165836 9.9964E-05 0.00794867 0.950525 0.0113733 0.0131695 9.9964E-05 9.9964E-05 9.9964E-05
9.995E-05 0.560635 0.417725 9.995E-05 9.995E-05 0.00973502 9.995E-05 0.0114045 9.995E-05
9.99369E-05 0.0374414 9.99369E-05 9.99369E-05 9.99369E-05 0.961859 9.99369E-05 9.99369E-05 9.99369E-05
0.0134729 9.99549E-05 0.291879 9.99549E-05 9.99549E-05 9.99549E-05 0.271973 0.422176 9.99549E-05
9.9946E-05 0.119471 9.9946E-05 9.9946E-05 9.9946E-05 9.9946E-05 9.9946E-05 0.729494 0.150436
9.9973E-05 0.106828 0.0610854 9.9973E-05 0.0240301 0.0443848 0.0653088 0.698063 9.9973E-05
9.9964E-05 0.392991 0.558656 9.9964E-05 9.9964E-05 0.0130006 0.0141766 0.020776 9.9964E-05
0.386883 0.17852 0.117829 0.0337513 0.00303515 0.0104903 0.169765 9.9991E-05 0.0996255
9.9946E-05 0.928088 0.0638991 9.9946E-05 9.9946E-05 9.9946E-05 9.9946E-05 9.9946E-05 0.00741289
9.9955E-05 0.312952 0.513921 9.9955E-05 9.9955E-05 0.0125867 9.9955E-05 0.160041 9.9955E-05
9.9964E-05 0.334038 9.9964E-05 0.00347919 0.0190437 0.0174107 9.9964E-05 9.9964E-05 0.625628
0.0140419 0.655959 0.198967 0.0150374 9.9973E-05 9.9973E-05 0.00829916 9.9973E-05 0.107395
9.996E-05 0.737919 0.211672 9.996E-05 0.0116412 0.00654779 9.996E-05 9.996E-05 0.03182
9.99549E-05 0.015976 9.99549E-05 0.00539978 9.99549E-05 0.97358 9.99549E-05 9.99549E-05 0.00454418
0.157492 0.0753077 0.0428681 9.997E-05 9.997E-05 0.0423346 0.0360776 9.997E-05 0.64562
9.99371E-05 9.99371E-05 9.99371E-05 9.99371E-05 9.99371E-05 0.986386 9.99371E-05 0.0129144 9.99371E-05
9.9964E-05 0.560318 0.426099 0.0050734 9.9964E-05 0.00015509 0.00795479 9.9964E-05 9.9964E-05
9.9973E-05 0.176281 0.115809 9.9973E-05 0.00111007 0.0439127 0.0456791 9.9973E-05 0.616908
9.9964E-05 0.244722 0.0195486 9.9964E-05 9.9964E-05 0.01978 9.9964E-05 0.0200273 0.695522
9.9964E-05 0.639183 0.307406 0.0250422 9.9964E-05 9.9964E-05 0.00827796 0.0196908 9.9964E-05
0.0132365 0.971548 0.00866213 9.9955E-05 9.9955E-05 9.9955E-05 0.00605344 9.9955E-05 9.9955E-05
9.9946E-05 9.9946E-05 9.9946E-05 0.989382 0.0032683 0.00675019 9.9946E-05 9.9946E-05 9.9946E-05
9.99549E-05 9.99549E-05 9.99549E-05 9.99549E-05 9.99549E-05 0.042948 0.376138 0.0183053 0.562109
9.9937E-05 0.610636 0.388665 9.9937E-05 9.9937E-05 9.9937E-05 9.9937E-05 9.9937E-05 9.9937E-05
9.9964E-05 0.188554 9.9964E-05 0.0439706 0.0296449 0.425964 9.9964E-05 9.9964E-05 0.311466
9.995E-05 0.975511 9.995E-05 0.0104883 9.995E-05 0.00434509 9.995E-05 9.995E-05 0.00915584
9.993E-05 9.993E-05 9.993E-05 9.993E-05 0.999201 9.993E-05 9.993E-05 9.993E-05 9.993E-05
9.9982E-05 0.797376 0.124448 0.0176759 0.00458325 9.9982E-05 0.0090266 0.0112626 0.0354279
9.995E-05 0.138907 9.995E-05 0.0187702 0.611998 9.995E-05 9.995E-05 9.995E-05 0.229825
9.9973E-05 0.00678291 0.339972 0.0203928 9.9973E-05 0.0133416 0.205237 0.413974 9.9973E-05
0.00749869 0.964083 9.995E-05 9.995E-05 0.00158771 9.995E-05 0.0263309 9.995E-05 9.995E-05
9.9937E-05 0.994075 9.9937E-05 9.9937E-05 0.00522565 9.9937E-05 9.9937E-05 9.9937E-05 9.9937E-05
0.170503 0.020509 9.99549E-05 9.99549E-05 9.99549E-05 9.99549E-05 0.400189 9.99549E-05 0.408298
0.00337163 0.909994 9.9964E-05 0.000736783 9.9964E-05 0.00970935 9.9964E-05 9.9964E-05 0.0757887
9.9946E-05 9.9946E-05 9.9946E-05 9.9946E-05 9.9946E-05 0.960814 0.0361316 0.00245451 9.9946E-05
9.9955E-05 0.974967 0.0228073 0.000855316 9.9955E-05 0.000870366 9.9955E-05 9.9955E-05 9.9955E-05
9.993E-05 9.993E-05 9.993E-05 9.993E-05 0.999201 9.993E-05 9.993E-05 9.993E-05 9.993E-05
9.9946E-05 0.968387 0.0306023 9.9946E-05 0.000411213 9.9946E-05 9.9946E-05 9.9946E-05 9.9946E-05
0.377063 0.0241596 0.419927 9.9973E-05 9.9973E-05 0.0304227 0.117443 9.9973E-05 0.0306846
0.0941335 0.221068 0.401134 9.997E-05 0.00313183 9.997E-05 9.997E-05 0.177513 0.10272
9.9946E-05 0.0484458 9.9946E-05 9.9946E-05 9.9946E-05 9.9946E-05 0.601242 9.9946E-05 0.349712
0.0301229 0.084617 0.388003 0.00542183 0.0113051 9.9973E-05 9.9973E-05 9.9973E-05 0.48023
0.122203 0.0837636 0.0837277 0.0318993 9.99639E-05 9.99639E-05 9.99639E-05 9.99639E-05 0.678007
9.993E-05 0.999201 9.993E-05 9.993E-05 9.993E-05 9.993E-05 9.993E-05 9.993E-05 9.993E-05
0.317303 0.19163 0.450676 9.99549E-05 9.99549E-05 0.0398921 9.99549E-05 9.99549E-05 9.99549E-05
9.9955E-05 0.856701 0.131106 9.9955E-05 0.00946075 0.00223224 9.9955E-05 9.9955E-05 9.9955E-05
9.997E-05 0.0313338 0.536248 0.00877888 9.997E-05 0.0261781 0.0542902 9.997E-05 0.342871
9.99369E-05 0.00437933 9.99369E-05 9.99369E-05 9.99369E-05 9.99369E-05 0.994921 9.99369E-05 9.99369E-05
9.9973E-05 0.844679 0.0973946 9.9973E-05 0.00818721 0.0120266 0.00836361 9.9973E-05 0.0290485
9.9946E-05 0.241558 0.748354 0.00948884 9.9946E-05 9.9946E-05 9.9946E-05 9.9946E-05 9.9946E-05
9.9955E-05 0.590207 0.385192 0.0097563 9.9955E-05 0.0143449 9.9955E-05 9.9955E-05 9.9955E-05
0.0148052 0.942357 9.9964E-05 9.9964E-05 9.9964E-05 9.9964E-05 0.0129974 0.0162736 0.0131672
9.9964E-05 0.397906 9.9964E-05 0.0013149 0.0268829 0.0507066 9.9964E-05 9.9964E-05 0.52279
0.244375 0.168564 0.427121 0.00884457 9.9964E-05 9.9964E-05 9.9964E-05 9.9964E-05 0.150695
0.164741 0.308695 0.283335 9.9973E-05 0.0243634 0.00713874 9.9973E-05 9.9973E-05 0.211426
9.9964E-05 9.9964E-05 9.9964E-05 0.00179162 0.914779 0.0327643 0.037069 9.9964E-05 0.0131959
9.9946E-05 0.901713 9.9946E-05 9.9946E-05 9.9946E-05 0.0157092 9.9946E-05 9.9946E-05 0.0819783
9.9946E-05 0.984687 0.00554141 9.9946E-05 9.9946E-05 9.9946E-05 9.9946E-05 9.9946E-05 0.0091723
0.0115846 0.823685 0.154373 9.9955E-05 0.00985794 9.9955E-05 9.9955E-05 9.9955E-05 9.9955E-05
9.99459E-05 0.0114936 9.99459E-05 0.00273503 9.99459E-05 0.985172 9.99459E-05 9.99459E-05 9.99459E-05
0.034143 0.588761 0.309048 9.9973E-05 0.00873134 9.9973E-05 0.0140834 9.9973E-05 0.0449333
0.36325 0.0781078 9.9946E-05 9.9946E-05 9.9946E-05 9.9946E-05 9.9946E-05 9.9946E-05 0.558042
9.9973E-05 0.277606 0.395572 0.011057 9.9973E-05 0.00280188 0.185538 0.127125 9.9973E-05
9.9937E-05 0.990495 9.9937E-05 9.9937E-05 9.9937E-05 9.9937E-05 9.9937E-05 9.9937E-05 0.00880508
0.0210971 0.841174 0.0401105 9.9982E-05 9.9982E-05 0.00606417 0.0134923 0.0121567 0.0657048
9.9937E-05 0.996936 9.9937E-05 9.9937E-05 9.9937E-05 9.9937E-05 9.9937E-05 0.00236403 9.9937E-05
0.397796 0.0332317 0.0178002 0.0260105 9.9964E-05 9.9964E-05 9.9964E-05 9.9964E-05 0.524762
9.9964E-05 0.0114623 9.9964E-05 0.0229392 0.792235 0.0405551 9.9964E-05 9.9964E-05 0.132409
0.0222128 9.9955E-05 9.9955E-05 9.9955E-05 9.9955E-05 9.9955E-05 0.213121 0.138269 0.625898
0.022218 0.428846 0.407869 0.0211462 9.9982E-05 0.00254022 0.0180434 0.0991367 9.9982E-05
9.9955E-05 9.9955E-05 9.9955E-05 0.00887271 0.96392 0.000782794 9.9955E-05 9.9955E-05 0.0259246
0.0212733 0.511948 0.334132 9.9982E-05 0.00992088 0.0425725 0.0301425 9.9982E-05 0.0498103
0.233699 0.204945 0.28218 9.99549E-05 9.99549E-05 9.99549E-05 9.99549E-05 0.278677 9.99549E-05
9.9973E-05 0.897665 9.9973E-05 0.00507263 0.00152936 0.028647 9.9973E-05 0.0202066 0.0465795
0.00377458 0.985314 0.00767703 0.00123116 9.9964E-05 9.9964E-05 9.9964E-05 9.9964E-05 0.00160367
0.0333891 0.93672 9.9964E-05 0.018929 9.9964E-05 0.00240737 9.9964E-05 9.9964E-05 0.00815466
0.156673 0.384581 0.252683 9.995E-05 9.995E-05 9.995E-05 9.995E-05 9.995E-05 0.205563
9.993E-05 0.0544455 9.993E-05 9.993E-05 9.993E-05 0.944855 9.993E-05 9.993E-05 9.993E-05
9.9946E-05 0.926749 0.0718338 0.000818007 9.9946E-05 9.9946E-05 9.9946E-05 9.9946E-05 9.9946E-05
0.878106 0.0176341 9.9946E-05 9.9946E-05 9.9946E-05 9.9946E-05 0.103661 9.9946E-05 9.9946E-05
9.9955E-05 0.251941 0.589224 9.9955E-05 9.9955E-05 9.9955E-05 9.9955E-05 0.118756 0.0395784
9.99459E-05 9.99459E-05 0.0120179 9.99459E-05 0.00566432 0.981718 9.99459E-05 9.99459E-05 9.99459E-05
0.753154 9.99459E-05 9.99459E-05 0.00413548 9.99459E-05 9.99459E-05 9.99459E-05 9.99459E-05 0.24211
9.9955E-05 0.158267 0.0434946 9.9955E-05 0.0283894 9.9955E-05 9.9955E-05 9.9955E-05 0.769349
0.0467211 0.0905519 0.339685 9.9982E-05 9.9982E-05 0.0254024 0.233925 0.0841253 0.179389
9.9946E-05 0.0752499 0.0108339 9.9946E-05 9.9946E-05 0.913317 9.9946E-05 9.9946E-05 9.9946E-05
9.9955E-05 0.339626 0.54677 9.9955E-05 9.9955E-05 9.9955E-05 0.0404119 0.0726925 9.9955E-05
9.99459E-05 0.00504297 9.99459E-05 0.00174049 0.992617 9.99459E-05 9.99459E-05 9.99459E-05 9.99459E-05
0.021453 0.438978 0.508224 9.9964E-05 0.0105639 9.9964E-05 9.9964E-05 0.0203811 9.9964E-05
9.9946E-05 0.860235 0.125327 0.013838 9.9946E-05 9.9946E-05 9.9946E-05 9.9946E-05 9.9946E-05
9.993E-05 9.993E-05 9.993E-05 9.993E-05 0.999201 9.993E-05 9.993E-05 9.993E-05 9.993E-05
9.9937E-05 0.77384 0.225461 9.9937E-05 9.9937E-05 9.9937E-05 9.9937E-05 9.9937E-05 9.9937E-05
9.9964E-05 9.9964E-05 9.9964E-05 0.906958 0.00765627 0.0149455 0.0581233 9.9964E-05 0.0119166
0.385641 0.0379331 0.501066 0.00916825 9.9964E-05 9.9964E-05 9.9964E-05 9.9964E-05 0.065792
9.9955E-05 0.873531 0.0656646 9.9955E-05 9.9955E-05 0.0283183 9.9955E-05 9.9955E-05 0.0319868
0.38294 0.0607029 9.9964E-05 9.9964E-05 0.00965594 0.0585318 9.9964E-05 9.9964E-05 0.48777
0.00231401 0.609181 0.304332 9.9982E-05 0.0163925 9.9982E-05 0.0530468 0.00592832 0.0086053
9.9946E-05 9.9946E-05 9.9946E-05 0.0188737 0.929948 9.9946E-05 9.9946E-05 9.9946E-05 0.050579
9.9982E-05 0.0850875 0.575834 9.9982E-05 0.00485799 0.00320244 0.220071 0.0370075 0.07374
