0.00681836 0.29703 9.9964E-05 9.9964E-05 0.565505 9.9964E-05 0.018321 9.9964E-05 0.111926
0.026166 9.9946E-05 9.9946E-05 9.9946E-05 0.969399 9.9946E-05 0.00383487 9.9946E-05 9.9946E-05
0.00319451 0.0415049 9.9973E-05 0.0014432 0.927191 0.00750443 9.9973E-05 0.018862 9.9973E-05
0.0152087 0.402078 0.0788544 0.0106926 0.488362 0.00160365 0.00300029 9.9982E-05 9.9982E-05
9.996E-05 0.381899 0.415485 9.996E-05 0.066571 9.996E-05 9.996E-05 0.0399907 0.0956548
0.723072 0.00946265 0.0176971 9.9964E-05 0.101749 9.9964E-05 9.9964E-05 9.9964E-05 0.147619
9.9946E-05 9.9946E-05 0.42212 9.9946E-05 0.1417 9.9946E-05 9.9946E-05 9.9946E-05 0.43558
0.26903 0.315989 9.9946E-05 9.9946E-05 9.9946E-05 0.414381 9.9946E-05 9.9946E-05 9.9946E-05
0.010014 0.0634712 9.9973E-05 0.0131101 0.88952 0.00893087 0.0146538 9.9973E-05 9.9973E-05
9.9937E-05 0.335107 9.9937E-05 9.9937E-05 0.664193 9.9937E-05 9.9937E-05 9.9937E-05 9.9937E-05
9.9964E-05 0.370614 9.9964E-05 9.9964E-05 0.129083 0.212746 0.0174008 9.9964E-05 0.269756
9.9955E-05 0.211386 9.9955E-05 9.9955E-05 0.00081302 9.9955E-05 0.00993831 9.9955E-05 0.777363
9.996E-05 0.475623 0.0669797 9.996E-05 0.10254 0.0909899 9.996E-05 9.996E-05 0.263467
0.824794 9.99549E-05 0.0715656 9.99549E-05 0.0275988 0.0755418 9.99549E-05 9.99549E-05 9.99549E-05
9.9955E-05 0.610011 9.9955E-05 0.00900422 0.373581 9.9955E-05 0.00690331 9.9955E-05 9.9955E-05
0.179007 0.0498593 0.0828143 0.00840986 0.423079 9.99729E-05 9.99729E-05 9.99729E-05 0.25653
0.0315748 9.9955E-05 9.9955E-05 9.9955E-05 0.163689 0.323687 9.9955E-05 9.9955E-05 0.480549
0.4557 9.99549E-05 9.99549E-05 0.0128445 0.1119 9.99549E-05 0.419056 9.99549E-05 9.99549E-05
9.994E-05 9.994E-05 0.0303204 0.00518285 0.963897 9.994E-05 9.994E-05 9.994E-05 9.994E-05
9.997E-05 0.0879971 0.382089 0.0227212 0.128826 0.350749 9.997E-05 0.0273186 9.997E-05
9.9973E-05 0.10707 0.00326256 0.00124698 0.876081 9.9973E-05 9.9973E-05 0.00211535 0.00992439
9.9964E-05 0.219466 9.9964E-05 9.9964E-05 0.142808 0.200692 9.9964E-05 0.0020397 0.434595
9.9973E-05 0.560336 0.0867428 0.000318961 0.121827 9.9973E-05 9.9973E-05 0.0133885 0.217086
0.0415031 0.0781882 9.9955E-05 9.9955E-05 9.9955E-05 9.9955E-05 0.0081992 0.87161 9.9955E-05
0.0660424 0.195738 0.616703 9.9955E-05 0.121016 9.9955E-05 9.9955E-05 9.9955E-05 9.9955E-05
9.9964E-05 0.424462 9.9964E-05 9.9964E-05 0.209106 0.244147 9.9964E-05 0.0124972 0.109388
0.0601545 0.198473 0.198159 9.9973E-05 0.137941 0.37767 9.9973E-05 9.9973E-05 0.0273026
9.9946E-05 0.160112 9.9946E-05 9.9946E-05 0.83622 9.9946E-05 0.0030683 9.9946E-05 9.9946E-05
9.9937E-05 0.327937 9.9937E-05 9.9937E-05 0.671364 9.9937E-05 9.9937E-05 9.9937E-05 9.9937E-05
9.9946E-05 0.020382 9.9946E-05 9.9946E-05 0.973543 0.00547489 9.9946E-05 9.9946E-05 9.9946E-05
0.731195 0.0867408 9.9946E-05 9.9946E-05 9.9946E-05 9.9946E-05 9.9946E-05 9.9946E-05 0.181465
0.00292923 9.9964E-05 0.0219587 0.000124863 0.944921 9.9964E-05 9.9964E-05 9.9964E-05 0.0296661
9.9946E-05 9.9946E-05 0.00627706 9.9946E-05 0.979898 9.9946E-05 9.9946E-05 9.9946E-05 0.0132256
0.290787 9.9955E-05 0.448937 9.9955E-05 0.157895 0.101882 9.9955E-05 9.9955E-05 9.9955E-05
9.995E-05 9.995E-05 9.995E-05 9.995E-05 0.985171 0.00929848 9.995E-05 0.00355266 0.00147813
0.00805636 0.122473 0.329678 0.0143717 0.191599 0.20928 9.998E-05 9.998E-05 0.124343
9.9937E-05 0.599419 9.9937E-05 9.9937E-05 0.399881 9.9937E-05 9.9937E-05 9.9937E-05 9.9937E-05
0.0297158 0.0334035 0.0478799 0.0372324 9.9973E-05 9.9973E-05 9.9973E-05 0.00456637 0.846902
0.0252107 9.9973E-05 0.564423 9.9973E-05 0.0397679 0.351019 0.00715635 0.0121233 9.9973E-05
9.996E-05 0.557235 0.101852 9.996E-05 0.0135502 9.996E-05 9.996E-05 0.0348015 0.292161
0.0762062 0.0166073 0.711358 0.0220928 0.165346 9.9973E-05 9.9973E-05 0.00808974 9.9973E-05
9.9955E-05 9.9955E-05 9.9955E-05 0.0106049 0.971833 9.9955E-05 9.9955E-05 0.011156 0.00590682
9.9955E-05 0.220478 9.9955E-05 9.9955E-05 0.726696 0.00660008 9.9955E-05 9.9955E-05 0.0457261
0.0177776 0.32729 9.9964E-05 0.00612038 0.64676 9.9964E-05 0.00165236 9.9964E-05 9.9964E-05
0.0386752 0.305407 0.0373463 9.9964E-05 0.589311 9.9964E-05 0.0288601 9.9964E-05 9.9964E-05
9.993E-05 9.993E-05 9.993E-05 9.993E-05 9.993E-05 9.993E-05 0.999201 9.993E-05 9.993E-05
9.9955E-05 9.9955E-05 0.0253992 9.9955E-05 0.855034 0.0534392 9.9955E-05 9.9955E-05 0.0656277
9.9946E-05 0.233229 9.9946E-05 9.9946E-05 0.764936 9.9946E-05 0.0012348 9.9946E-05 9.9946E-05
9.993E-05 9.993E-05 9.993E-05 9.993E-05 9.993E-05 9.993E-05 0.999201 9.993E-05 9.993E-05
9.9937E-05 0.520715 9.9937E-05 9.9937E-05 0.478586 9.9937E-05 9.9937E-05 9.9937E-05 9.9937E-05
0.00859408 0.384541 9.997E-05 0.00691215 0.306428 0.0686716 9.997E-05 9.997E-05 0.224553
9.9946E-05 0.430682 9.9946E-05 0.00143728 0.567281 9.9946E-05 9.9946E-05 9.9946E-05 9.9946E-05
9.9964E-05 0.50882 0.00666962 9.9964E-05 0.378408 9.9964E-05 9.9964E-05 0.0171863 0.0885163
0.544996 9.99549E-05 9.99549E-05 9.99549E-05 0.437696 9.99549E-05 0.0159214 0.000886964 9.99549E-05
0.0807179 0.40879 0.100871 9.9982E-05 0.148016 0.0150307 9.9982E-05 0.048934 0.19744
0.229303 9.99549E-05 9.99549E-05 0.0124571 0.735512 9.99549E-05 9.99549E-05 0.0222284 9.99549E-05
9.9946E-05 0.14551 9.9946E-05 9.9946E-05 0.848605 9.9946E-05 0.00528495 9.9946E-05 9.9946E-05
0.00532349 0.0162134 9.9964E-05 9.9964E-05 0.955345 9.9964E-05 0.00297008 9.9964E-05 0.0197483
0.0268883 0.3192 9.9973E-05 9.9973E-05 0.611396 9.9973E-05 0.00931368 0.00692452 0.0259776
9.9937E-05 0.383983 9.9937E-05 9.9937E-05 0.615317 9.9937E-05 9.9937E-05 9.9937E-05 9.9937E-05
9.9937E-05 0.0746045 9.9937E-05 9.9937E-05 0.924696 9.9937E-05 9.9937E-05 9.9937E-05 9.9937E-05
0.0316454 9.99641E-05 0.0406035 0.0235287 9.99641E-05 0.0630484 9.99641E-05 0.840774 9.99641E-05
9.9964E-05 9.9964E-05 9.9964E-05 0.0106399 0.960396 0.0230244 9.9964E-05 0.00401186 0.00152809
0.188923 0.465812 9.9973E-05 0.0165557 0.0764242 9.9973E-05 9.9973E-05 0.0150145 0.236971
9.995E-05 0.0253616 9.995E-05 9.995E-05 0.920859 9.995E-05 0.0129626 9.995E-05 0.0403166
9.9946E-05 9.9946E-05 0.00395113 0.00177638 0.993673 9.9946E-05 9.9946E-05 9.9946E-05 9.9946E-05
9.9955E-05 0.388774 9.9955E-05 9.9955E-05 0.536303 9.9955E-05 0.00169876 9.9955E-05 0.0727239
9.9955E-05 0.440939 9.9955E-05 9.9955E-05 0.52936 0.0275236 9.9955E-05 9.9955E-05 0.00167838
9.9946E-05 9.9946E-05 9.9946E-05 9.9946E-05 0.134109 0.0874778 9.9946E-05 9.9946E-05 0.777814
9.993E-05 9.993E-05 9.993E-05 9.993E-05 9.993E-05 9.993E-05 0.999201 9.993E-05 9.993E-05
0.0197734 0.504591 0.320393 9.9973E-05 0.043668 0.100435 9.9973E-05 0.0108393 9.9973E-05
0.177804 9.99549E-05 9.99549E-05 0.015141 0.786046 9.99549E-05 9.99549E-05 0.0205085 9.99549E-05
9.996E-05 0.284028 9.996E-05 0.0111998 0.678107 9.996E-05 0.00654127 0.0197234 9.996E-05
0.0262357 9.9946E-05 9.9946E-05 9.9946E-05 0.94338 9.9946E-05 9.9946E-05 0.0297847 9.9946E-05
9.9955E-05 9.9955E-05 9.9955E-05 9.9955E-05 0.985137 0.000406299 9.9955E-05 0.00407664 0.00988022
0.0228431 9.997E-05 0.0115555 0.00979788 0.927469 0.00594629 0.0220882 9.997E-05 9.997E-05
9.99408E-05 0.0508571 9.99408E-05 9.99408E-05 0.948443 9.99408E-05 9.99408E-05 9.99408E-05 9.99408E-05
0.0752039 0.0665811 9.9973E-05 9.9973E-05 0.154341 0.109778 9.9973E-05 0.00469278 0.589103
9.9946E-05 0.0506188 9.9946E-05 9.9946E-05 0.898918 0.0498634 9.9946E-05 9.9946E-05 9.9946E-05
0.215758 9.99461E-05 9.99461E-05 9.99461E-05 9.99461E-05 9.99461E-05 9.99461E-05 0.666553 0.11709
9.9955E-05 0.517515 9.9955E-05 9.9955E-05 0.421825 9.9955E-05 9.9955E-05 0.0193098 0.0408505
9.9955E-05 0.132689 9.9955E-05 0.000694308 0.858923 9.9955E-05 0.00719359 9.9955E-05 9.9955E-05
0.409469 9.997E-05 9.997E-05 0.06011 0.0760612 0.016509 0.37423 0.0633207 9.997E-05
0.624656 9.9946E-05 9.9946E-05 9.9946E-05 0.347918 9.9946E-05 0.0268267 9.9946E-05 9.9946E-05
0.138699 0.389721 0.229742 9.996E-05 0.207654 9.996E-05 9.996E-05 9.996E-05 0.0337835
0.0512779 0.260402 9.9955E-05 0.00464122 0.683179 9.9955E-05 9.9955E-05 9.9955E-05 9.9955E-05
0.0305459 9.9946E-05 9.9946E-05 9.9946E-05 0.95362 9.9946E-05 9.9946E-05 9.9946E-05 0.0152346
9.993E-05 9.993E-05 9.993E-05 0.999201 9.993E-05 9.993E-05 9.993E-05 9.993E-05 9.993E-05
9.9964E-05 0.573274 9.9964E-05 9.9964E-05 0.379235 0.0213233 0.00443285 9.9964E-05 0.0213351
9.9946E-05 0.533871 9.9946E-05 9.9946E-05 0.412619 9.9946E-05 9.9946E-05 9.9946E-05 0.0529094
9.9955E-05 0.293838 9.9955E-05 9.9955E-05 0.138911 0.0895534 9.9955E-05 9.9955E-05 0.477198
9.9982E-05 0.469964 0.0646548 0.00183711 0.0470263 0.326019 9.9982E-05 0.0113804 0.0789178
9.9955E-05 0.226932 9.9955E-05 9.9955E-05 0.0662659 0.568746 9.9955E-05 9.9955E-05 0.137556
0.0201808 9.9937E-05 9.9937E-05 9.9937E-05 0.97912 9.9937E-05 9.9937E-05 9.9937E-05 9.9937E-05
0.0115978 0.621026 9.9946E-05 9.9946E-05 0.366776 9.9946E-05 9.9946E-05 9.9946E-05 9.9946E-05
9.9946E-05 0.168092 9.9946E-05 9.9946E-05 0.829961 9.9946E-05 0.00134757 9.9946E-05 9.9946E-05
0.0696464 0.761755 9.9964E-05 9.9964E-05 0.136697 9.9964E-05 9.9964E-05 0.00012147 0.0313803
0.513279 9.9955E-05 0.314214 9.9955E-05 0.104153 0.0678538 9.9955E-05 9.9955E-05 9.9955E-05
9.9946E-05 9.9946E-05 0.0292705 9.9946E-05 0.969657 9.9946E-05 9.9946E-05 0.000473046 9.9946E-05
9.9964E-05 0.280393 0.100258 9.9964E-05 0.113362 9.9964E-05 9.9964E-05 0.0566586 0.448928
9.9964E-05 0.609158 0.248372 0.00105143 0.0864949 0.0545239 9.9964E-05 9.9964E-05 9.9964E-05
9.99551E-05 9.99551E-05 0.11523 9.99551E-05 9.99551E-05 9.99551E-05 0.018034 0.837372 0.0288642
9.9946E-05 0.578784 9.9946E-05 9.9946E-05 0.404511 9.9946E-05 9.9946E-05 9.9946E-05 0.0161048
9.9955E-05 0.0170143 9.9955E-05 9.9955E-05 0.934192 9.9955E-05 0.00126454 9.9955E-05 0.0470291
9.993E-05 9.993E-05 9.993E-05 9.993E-05 0.999201 9.993E-05 9.993E-05 9.993E-05 9.993E-05
9.9973E-05 0.241575 0.11072 9.9973E-05 0.0134019 0.587173 0.00883972 9.9973E-05 0.0379897
9.9937E-05 9.9937E-05 9.9937E-05 9.9937E-05 0.00492552 9.9937E-05 0.994375 9.9937E-05 9.9937E-05
9.99369E-05 9.99369E-05 9.99369E-05 9.99369E-05 0.0815577 0.917743 9.99369E-05 9.99369E-05 9.99369E-05
9.9955E-05 0.215073 9.9955E-05 9.9955E-05 0.690894 9.9955E-05 9.9955E-05 0.0423768 0.0511561
0.021967 9.9964E-05 0.00626179 0.00720002 0.942503 9.9964E-05 9.9964E-05 0.0216686 9.9964E-05
9.9955E-05 0.212497 9.9955E-05 9.9955E-05 0.0514354 0.167489 9.9955E-05 9.9955E-05 0.568079
9.993E-05 9.993E-05 9.993E-05 9.993E-05 9.993E-05 9.993E-05 0.999201 9.993E-05 9.993E-05
0.30386 9.9955E-05 0.0311023 9.9955E-05 9.9955E-05 9.9955E-05 0.03009 0.634448 9.9955E-05
9.9955E-05 0.215951 9.9955E-05 9.9955E-05 0.600597 9.9955E-05 0.00195329 9.9955E-05 0.180999
9.9937E-05 0.362311 9.9937E-05 9.9937E-05 0.63699 9.9937E-05 9.9937E-05 9.9937E-05 9.9937E-05
9.9955E-05 0.455837 9.9955E-05 9.9955E-05 0.103067 0.33428 9.9955E-05 9.9955E-05 0.106316
9.99625E-05 9.99625E-05 9.99625E-05 0.00214105 0.956994 0.0131897 9.99625E-05 0.0271757 9.99625E-05
0.28695 9.9973E-05 0.155115 9.9973E-05 0.0384345 0.351327 0.0428545 9.9973E-05 0.12502
0.228524 0.0145721 9.9973E-05 0.0861621 9.9973E-05 9.9973E-05 0.515138 0.128403 0.0269015
9.9946E-05 0.176063 9.9946E-05 9.9946E-05 0.781333 9.9946E-05 9.9946E-05 0.0420045 9.9946E-05
9.9955E-05 0.473648 9.9955E-05 9.9955E-05 0.395815 0.111158 9.9955E-05 9.9955E-05 0.018879
9.9937E-05 9.9937E-05 9.9937E-05 9.9937E-05 9.9937E-05 0.00256608 9.9937E-05 0.996734 9.9937E-05
9.995E-05 0.165021 9.995E-05 9.995E-05 0.791897 0.0422102 0.00037254 9.995E-05 9.995E-05
9.9946E-05 0.624045 9.9946E-05 9.9946E-05 0.222437 9.9946E-05 9.9946E-05 9.9946E-05 0.152918
9.9937E-05 0.274657 9.9937E-05 9.9937E-05 0.724643 9.9937E-05 9.9937E-05 9.9937E-05 9.9937E-05
9.99461E-05 9.99461E-05 9.99461E-05 0.00515522 0.278334 0.715911 9.99461E-05 9.99461E-05 9.99461E-05
0.0138749 0.286144 0.0787606 0.00155638 0.148135 0.321205 0.0128613 9.9991E-05 0.137363
0.0288164 0.378381 0.388443 9.9964E-05 0.04022 0.16374 9.9964E-05 9.9964E-05 9.9964E-05
0.539444 9.99459E-05 9.99459E-05 9.99459E-05 9.99459E-05 0.309721 9.99459E-05 9.99459E-05 0.150235
9.9955E-05 0.55892 0.0313676 9.9955E-05 0.397932 9.9955E-05 9.9955E-05 0.0112806 9.9955E-05
9.995E-05 0.195079 9.995E-05 9.995E-05 0.787861 9.995E-05 0.00766094 0.0088991 9.995E-05
9.9955E-05 0.421369 9.9955E-05 9.9955E-05 0.537046 9.9955E-05 0.0252484 0.015837 9.9955E-05
0.0661481 9.995E-05 9.995E-05 0.0462991 9.995E-05 0.0315286 0.855524 9.995E-05 9.995E-05
0.0783937 0.0294556 9.9964E-05 9.9964E-05 0.858545 9.9964E-05 9.9964E-05 0.0275073 0.00569849
0.0336694 0.0128987 0.00904735 0.00786866 9.9964E-05 9.9964E-05 0.936116 9.9964E-05 9.9964E-05
9.9946E-05 0.456351 9.9946E-05 9.9946E-05 0.534017 9.9946E-05 9.9946E-05 0.00903291 9.9946E-05
9.993E-05 9.993E-05 9.993E-05 9.993E-05 0.047824 9.993E-05 9.993E-05 0.951477 9.993E-05
9.99549E-05 0.319099 9.99549E-05 9.99549E-05 9.99549E-05 0.498784 9.99549E-05 0.00771053 0.173907
0.0922316 9.9964E-05 9.9964E-05 0.00971394 0.111843 0.301822 9.9964E-05 9.9964E-05 0.48399
9.997E-05 0.108613 9.997E-05 0.0329895 0.117424 0.533131 9.997E-05 0.042096 0.165446
0.0164269 0.576359 0.00301737 9.9973E-05 0.355787 0.0346967 9.9973E-05 0.0134128 9.9973E-05
9.998E-05 0.144145 0.252741 9.998E-05 0.204817 0.101048 0.0301449 0.00524071 0.261663
9.9937E-05 0.0816885 9.9937E-05 9.9937E-05 0.917612 9.9937E-05 9.9937E-05 9.9937E-05 9.9937E-05
0.0590481 0.578705 9.9973E-05 9.9973E-05 0.228487 0.0188811 0.00369777 9.9973E-05 0.110881
0.75421 9.995E-05 9.995E-05 9.995E-05 0.218773 9.995E-05 9.995E-05 0.00779181 0.0187257
9.9964E-05 0.184108 0.144647 0.00131492 0.659157 9.9964E-05 0.0103729 9.9964E-05 9.9964E-05
0.058574 0.234619 9.9955E-05 0.0132652 0.693042 9.9955E-05 9.9955E-05 9.9955E-05 9.9955E-05
9.99459E-05 9.99459E-05 9.99459E-05 9.99459E-05 0.0302879 9.99459E-05 0.0108505 0.958262 9.99459E-05
0.220799 9.996E-05 0.535391 9.996E-05 0.132762 9.996E-05 9.996E-05 0.0507246 0.0599239
9.99371E-05 9.99371E-05 9.99371E-05 9.99371E-05 9.99371E-05 0.012835 9.99371E-05 0.986465 9.99371E-05
9.9946E-05 0.428613 9.9946E-05 9.9946E-05 0.52999 9.9946E-05 9.9946E-05 9.9946E-05 0.0407965
0.673083 0.127405 0.0123273 9.997E-05 0.0826511 9.997E-05 9.997E-05 0.0348175 0.0694168
0.479596 9.995E-05 0.3031 9.995E-05 0.194912 9.995E-05 9.995E-05 0.0218914 9.995E-05
9.9955E-05 0.305324 9.9955E-05 9.9955E-05 0.631601 0.033772 0.0288035 9.9955E-05 9.9955E-05
9.9946E-05 0.0227053 9.9946E-05 9.9946E-05 0.961339 9.9946E-05 9.9946E-05 9.9946E-05 0.0153559
9.9937E-05 9.9937E-05 9.9937E-05 9.9937E-05 9.9937E-05 9.9937E-05 0.984048 0.0152525 9.9937E-05
0.49077 9.99639E-05 0.250989 9.99639E-05 9.99639E-05 0.117372 9.99639E-05 0.0267096 0.113759
9.9955E-05 0.398764 0.022894 9.9955E-05 0.575983 9.9955E-05 0.00185958 9.9955E-05 9.9955E-05
0.51143 9.99639E-05 9.99639E-05 0.00317208 0.0648167 9.99639E-05 0.0372386 0.382942 9.99639E-05
0.0332036 9.9955E-05 0.00331987 9.9955E-05 0.956794 9.9955E-05 0.00618304 9.9955E-05 9.9955E-05
9.993E-05 9.993E-05 9.993E-05 0.999201 9.993E-05 9.993E-05 9.993E-05 9.993E-05 9.993E-05
0.0577151 0.124941 9.997E-05 0.0081866 0.795721 9.997E-05 0.00929413 9.997E-05 0.00384304
0.326953 9.9955E-05 9.9955E-05 0.591257 0.0660882 9.9955E-05 0.0152025 9.9955E-05 9.9955E-05
9.9973E-05 0.352062 9.9973E-05 0.000676055 0.0100648 0.597016 0.020822 0.0190598 9.9973E-05
0.00547543 9.9964E-05 9.9964E-05 0.0129124 0.959707 9.9964E-05 9.9964E-05 0.00228197 0.019223
9.9946E-05 9.9946E-05 0.00935211 0.00604327 0.984005 9.9946E-05 9.9946E-05 9.9946E-05 9.9946E-05
9.9955E-05 9.9955E-05 0.709384 0.0019392 0.109893 9.9955E-05 9.9955E-05 9.9955E-05 0.178284
0.0769919 9.9946E-05 0.0155635 9.9946E-05 0.906845 9.9946E-05 9.9946E-05 9.9946E-05 9.9946E-05
9.99461E-05 9.99461E-05 9.99461E-05 9.99461E-05 9.99461E-05 0.00189819 9.99461E-05 0.981779 0.0157227
9.9964E-05 0.0173761 0.00430445 9.9964E-05 0.965485 9.9964E-05 0.00467763 0.00775684 9.9964E-05
9.993E-05 9.993E-05 9.993E-05 0.999201 9.993E-05 9.993E-05 9.993E-05 9.993E-05 9.993E-05
9.9937E-05 0.0303192 9.9937E-05 9.9937E-05 0.968981 9.9937E-05 9.9937E-05 9.9937E-05 9.9937E-05
0.0781387 0.280889 9.9964E-05 0.00519442 0.0549389 9.9964E-05 9.9964E-05 9.9964E-05 0.580439
9.9982E-05 0.351511 0.114525 0.0137629 0.221788 0.0588133 0.00593005 9.9982E-05 0.233469
0.497512 0.0533714 0.181672 9.9955E-05 9.9955E-05 0.266945 9.9955E-05 9.9955E-05 9.9955E-05
9.9964E-05 0.177195 0.510929 0.0183286 0.276441 9.9964E-05 0.0167061 9.9964E-05 9.9964E-05
0.242506 9.996E-05 0.446002 9.996E-05 0.165354 9.996E-05 0.0522601 9.996E-05 0.0934786
9.9937E-05 9.9937E-05 9.9937E-05 9.9937E-05 0.988996 0.0103045 9.9937E-05 9.9937E-05 9.9937E-05
9.99639E-05 0.439805 9.99639E-05 9.99639E-05 0.20309 0.0240826 9.99639E-05 0.0386008 0.294022
9.9937E-05 0.178641 9.9937E-05 9.9937E-05 0.82066 9.9937E-05 9.9937E-05 9.9937E-05 9.9937E-05
0.00132141 0.338917 0.31919 9.998E-05 0.135886 9.998E-05 0.0285366 0.0601859 0.115763
0.225934 9.9955E-05 9.9955E-05 9.9955E-05 0.0667805 0.685365 9.9955E-05 9.9955E-05 0.02142
0.0711578 0.120777 9.9964E-05 0.00598337 0.798625 9.9964E-05 9.9964E-05 0.00305752 9.9964E-05
9.9946E-05 0.771272 9.9946E-05 9.9946E-05 0.215308 9.9946E-05 0.01282 9.9946E-05 9.9946E-05
9.9955E-05 0.400793 9.9955E-05 9.9955E-05 0.563612 9.9955E-05 0.0128825 0.0222122 9.9955E-05
9.9955E-05 9.9955E-05 0.0538876 9.9955E-05 0.926428 0.0127072 9.9955E-05 9.9955E-05 0.00647777
0.585456 9.9973E-05 0.0104497 0.00592108 0.347357 9.9973E-05 0.00628072 0.0442359 9.9973E-05
0.0331901 0.389125 0.181157 9.9982E-05 0.210471 0.0555676 0.00298416 9.9982E-05 0.127305
0.153846 0.252927 0.151641 0.0191451 0.28803 9.997E-05 9.997E-05 9.997E-05 0.134111
0.0118195 9.9973E-05 0.0129856 0.903765 9.9973E-05 0.0268209 0.00684727 0.0374615 9.9973E-05
0.0198578 9.995E-05 0.0508228 9.995E-05 0.914122 9.995E-05 9.995E-05 0.0146975 9.995E-05
0.0166529 9.9937E-05 9.9937E-05 9.9937E-05 0.982648 9.9937E-05 9.9937E-05 9.9937E-05 9.9937E-05
9.9973E-05 0.137158 0.00664269 0.00397538 0.822066 9.9973E-05 0.000370318 9.9973E-05 0.0294875
9.99369E-05 9.99369E-05 9.99369E-05 9.99369E-05 0.0188999 9.99369E-05 9.99369E-05 0.980401 9.99369E-05
0.0502241 0.279002 9.9964E-05 0.00579262 0.5949 9.9964E-05 9.9964E-05 9.9964E-05 0.0696814
9.99371E-05 9.99371E-05 0.786424 9.99371E-05 0.212876 9.99371E-05 9.99371E-05 9.99371E-05 9.99371E-05
0.0244685 0.439842 0.0490474 9.9982E-05 0.251424 0.21502 0.00153163 0.0184665 9.9982E-05
0.0147879 9.9937E-05 9.9937E-05 9.9937E-05 0.984513 9.9937E-05 9.9937E-05 9.9937E-05 9.9937E-05
0.0274679 0.0140009 0.063427 9.9964E-05 0.827147 9.9964E-05 9.9964E-05 9.9964E-05 0.0675573
9.9946E-05 0.00204191 9.9946E-05 9.9946E-05 0.986398 0.0109603 9.9946E-05 9.9946E-05 9.9946E-05
9.995E-05 9.995E-05 0.774944 9.995E-05 0.137503 9.995E-05 0.0198462 9.995E-05 0.0672074
0.164081 0.00536505 9.9964E-05 0.759989 9.9964E-05 9.9964E-05 0.0343144 0.0358502 9.9964E-05
0.222469 9.99549E-05 0.645338 9.99549E-05 0.000143705 0.13155 9.99549E-05 9.99549E-05 9.99549E-05
9.9973E-05 0.416062 0.0259192 9.9973E-05 0.395259 0.0932117 0.0195931 9.9973E-05 0.0496545
0.0388881 9.9946E-05 9.9946E-05 0.94616 9.9946E-05 9.9946E-05 0.0143526 9.9946E-05 9.9946E-05
0.096526 0.302236 0.0482707 0.00549162 0.46137 9.9982E-05 9.9982E-05 0.0273255 0.0585807
9.995E-05 0.322469 9.995E-05 9.995E-05 0.19165 0.261924 9.995E-05 9.995E-05 0.223457
0.0304414 9.998E-05 0.0246164 0.001204 0.896741 9.998E-05 0.0134055 0.0249182 0.00847357
9.9937E-05 9.9937E-05 9.9937E-05 9.9937E-05 0.994199 9.9937E-05 0.00510162 9.9937E-05 9.9937E-05
9.9973E-05 9.9973E-05 0.0322266 0.00506508 0.929101 9.9973E-05 0.0148382 0.00891758 0.00955121
0.0841822 0.175869 0.175563 9.996E-05 0.406332 9.996E-05 9.996E-05 9.996E-05 0.157654
9.99369E-05 9.99369E-05 9.99369E-05 9.99369E-05 0.0646011 9.99369E-05 9.99369E-05 0.934699 9.99369E-05
9.9937E-05 0.0888644 9.9937E-05 9.9937E-05 0.910436 9.9937E-05 9.9937E-05 9.9937E-05 9.9937E-05
0.113351 9.9964E-05 9.9964E-05 9.9964E-05 0.0491499 0.258874 9.9964E-05 0.00530029 0.572926
9.9964E-05 0.653315 0.0885982 9.9964E-05 0.226991 0.0254006 9.9964E-05 9.9964E-05 0.00529522
9.99459E-05 0.0223458 9.99459E-05 0.0115015 9.99459E-05 9.99459E-05 9.99459E-05 0.965553 9.99459E-05
9.9955E-05 9.9955E-05 0.468499 9.9955E-05 0.081868 0.0579505 9.9955E-05 9.9955E-05 0.391183
0.908194 0.0911069 9.9937E-05 9.9937E-05 9.9937E-05 9.9937E-05 9.9937E-05 9.9937E-05 9.9937E-05
0.058286 0.314037 0.203115 9.9982E-05 0.0622334 9.9982E-05 0.000994993 0.0279985 0.333135
9.9937E-05 9.9937E-05 9.9937E-05 9.9937E-05 0.0886859 9.9937E-05 9.9937E-05 0.910615 9.9937E-05
9.9946E-05 0.588242 9.9946E-05 9.9946E-05 0.330609 0.0805492 9.9946E-05 9.9946E-05 9.9946E-05
9.99369E-05 9.99369E-05 9.99369E-05 0.984611 0.0146893 9.99369E-05 9.99369E-05 9.99369E-05 9.99369E-05
9.9964E-05 0.498165 9.9964E-05 0.00984257 0.425383 9.9964E-05 9.9964E-05 0.00231755 0.0638925
9.9946E-05 0.128063 9.9946E-05 9.9946E-05 0.856802 9.9946E-05 0.0145353 9.9946E-05 9.9946E-05
9.993E-05 9.993E-05 9.993E-05 0.999201 9.993E-05 9.993E-05 9.993E-05 9.993E-05 9.993E-05
9.9937E-05 0.221644 9.9937E-05 9.9937E-05 0.777657 9.9937E-05 9.9937E-05 9.9937E-05 9.9937E-05
0.0307696 9.997E-05 9.997E-05 0.0102191 0.00306955 0.0401127 0.88138 0.0341492 9.997E-05
0.00951768 0.381091 9.9964E-05 9.9964E-05 0.0800129 9.9964E-05 0.0112022 9.9964E-05 0.517777
0.0407268 0.103335 9.995E-05 9.995E-05 0.836547 9.995E-05 9.995E-05 0.0188914 9.995E-05
0.406921 9.9973E-05 0.217309 9.9973E-05 0.0726881 0.0999645 9.9973E-05 0.0556586 0.147159
0.0430103 0.297347 9.9964E-05 0.0117031 0.586633 0.0609067 9.9964E-05 9.9964E-05 9.9964E-05
0.0545642 9.99477E-05 9.99477E-05 0.924347 9.99477E-05 9.99477E-05 0.0204892 9.99477E-05 9.99477E-05
9.9973E-05 0.516787 0.174975 0.00498764 0.114425 0.176449 9.9973E-05 0.0120761 9.9973E-05
