0.817372 9.9982E-05 9.9982E-05 0.182428
0.984712 0.0150885 9.9982E-05 9.9982E-05
0.976584 0.00761574 0.0157002 9.9991E-05
0.78623 0.00934218 9.9991E-05 0.204328
0.407458 0.022529 0.0687733 0.501239
0.454924 0.129401 0.131148 0.284527
0.357324 0.0123916 0.0743492 0.555935
0.306787 0.0443478 0.0331176 0.615748
0.955348 0.0240974 0.0204543 9.9991E-05
0.905867 9.9982E-05 9.9982E-05 0.0939333
0.452511 9.9982E-05 9.9982E-05 0.547289
0.318312 9.9991E-05 0.0171758 0.664412
0.461577 9.9982E-05 9.9982E-05 0.538223
0.421164 0.156898 0.136615 0.285323
0.743806 9.9982E-05 9.9982E-05 0.255994
0.641089 0.0497845 0.0384875 0.270639
0.370148 9.9991E-05 0.00426759 0.625485
0.357305 0.478367 0.164229 9.9991E-05
0.982986 0.0131315 0.00378267 9.9991E-05
0.317422 0.0823867 0.0463071 0.553884
0.985768 9.9991E-05 0.000733699 0.013398
0.406888 9.9982E-05 9.9982E-05 0.592912
0.495855 9.9982E-05 9.9982E-05 0.503945
9.9982E-05 9.9982E-05 0.9301 0.0697004
0.413208 0.0748504 0.101828 0.410114
0.525787 9.9982E-05 9.9982E-05 0.474013
0.396816 0.0328554 0.00064522 0.569683
0.989207 9.9991E-05 0.00289813 0.00779486
0.902132 9.9982E-05 9.9982E-05 0.0976679
0.9997 9.998E-05 9.998E-05 9.998E-05
0.405011 0.0959099 0.130743 0.368336
0.988682 0.0111179 9.9982E-05 9.9982E-05
0.988776 0.00259688 0.00852752 9.9991E-05
0.421853 0.117243 0.101491 0.359413
0.989283 9.9982E-05 0.0105168 9.9982E-05
0.415768 0.0591453 9.9991E-05 0.524987
0.790089 9.9982E-05 9.9982E-05 0.209711
0.266741 0.0341508 0.0380403 0.661068
0.222938 0.0896438 0.0808094 0.606609
0.421656 9.9991E-05 0.0313813 0.546863
0.379144 0.128908 0.109159 0.38279
0.978251 0.00962503 0.0120237 9.9991E-05
0.905981 9.9982E-05 9.9982E-05 0.0938195
0.891322 9.9982E-05 9.9982E-05 0.108478
0.862168 0.0249854 0.00148314 0.111363
0.023131 0.850655 0.126114 9.9991E-05
0.927383 9.9982E-05 9.9982E-05 0.072417
0.978075 9.9982E-05 9.9982E-05 0.0217246
0.0249822 0.86832 0.106597 9.9991E-05
0.812013 9.9982E-05 9.9982E-05 0.187787
0.602853 9.9982E-05 9.9982E-05 0.396947
0.84928 9.9982E-05 9.9982E-05 0.15052
0.727493 9.9982E-05 9.9982E-05 0.272307
0.741482 0.136729 0.108786 0.0130027
0.491776 9.9991E-05 0.0746281 0.433496
0.867631 0.0561014 0.0761676 9.9991E-05
0.9997 9.998E-05 9.998E-05 9.998E-05
0.994752 0.00504766 9.9982E-05 9.9982E-05
0.868162 9.9991E-05 0.00360042 0.128137
0.890885 9.9982E-05 9.9982E-05 0.108915
0.9997 9.998E-05 9.998E-05 9.998E-05
0.00751435 0.0137804 0.883359 0.0953463
0.973337 0.0156572 0.0109054 9.9991E-05
0.490365 0.032704 0.0371048 0.439826
0.995171 9.9982E-05 9.9982E-05 0.00462862
0.989174 0.0106258 9.9982E-05 9.9982E-05
0.809873 9.9982E-05 9.9982E-05 0.189927
0.799783 9.9982E-05 9.9982E-05 0.200017
0.342095 9.9991E-05 0.00783925 0.649965
0.0141473 0.859923 0.12583 9.9991E-05
0.446611 0.00988754 0.0249358 0.518566
0.886733 0.05442 0.058747 9.9991E-05
0.90346 0.0156394 0.00927881 0.0716221
0.943599 9.9982E-05 0.0562008 9.9982E-05
0.9943 0.00511594 0.000483617 9.9991E-05
0.947714 0.0520858 9.9982E-05 9.9982E-05
0.99386 0.00594049 9.9982E-05 9.9982E-05
0.395092 9.9991E-05 0.0227275 0.582081
0.99817 9.9982E-05 9.9982E-05 0.00162954
0.0871274 0.035218 0.772342 0.105313
0.731724 9.9982E-05 9.9982E-05 0.268076
0.988446 9.9982E-05 9.9982E-05 0.0113543
0.266183 0.488032 0.181722 0.0640632
0.702629 0.150725 0.12781 0.0188359
0.56554 0.0505069 0.0083202 0.375633
0.902655 0.0134867 9.9991E-05 0.0837585
0.97335 9.9982E-05 0.0264504 9.9982E-05
9.998E-05 0.9997 9.998E-05 9.998E-05
0.724954 9.9982E-05 9.9982E-05 0.274846
0.774079 9.9982E-05 9.9982E-05 0.225721
0.421342 9.9982E-05 9.9982E-05 0.578458
0.400203 9.9982E-05 9.9982E-05 0.599597
0.349228 9.9982E-05 9.9982E-05 0.650572
0.993426 9.9982E-05 0.00637452 9.9982E-05
0.748861 9.9982E-05 9.9982E-05 0.250939
0.960206 9.9982E-05 9.9982E-05 0.0395939
0.617447 9.9982E-05 9.9982E-05 0.382353
0.398521 0.148065 0.123733 0.329681
0.989365 9.9982E-05 0.0104349 9.9982E-05
0.427491 9.9991E-05 0.0717526 0.500656
0.518307 0.00187612 9.9991E-05 0.479717
9.9991E-05 0.0003991 0.895026 0.104475
0.775378 9.9982E-05 9.9982E-05 0.224422
0.981824 9.9982E-05 9.9982E-05 0.0179762
0.9997 9.998E-05 9.998E-05 9.998E-05
0.284476 0.00405562 9.9991E-05 0.711369
0.0491098 0.845601 0.105189 9.9991E-05
0.275019 9.9982E-05 9.9982E-05 0.724781
0.872217 9.9991E-05 0.0257027 0.101981
0.955023 0.0011906 0.0436868 9.9991E-05
0.36952 9.9982E-05 9.9982E-05 0.63028
0.0193755 0.854266 0.126259 9.9991E-05
0.0905517 0.0746293 0.756766 0.078053
0.79383 9.9982E-05 9.9982E-05 0.20597
0.897834 9.9982E-05 9.9982E-05 0.101966
0.440285 9.9982E-05 9.9982E-05 0.559515
0.974414 9.9982E-05 0.0253858 9.9982E-05
0.294326 0.0921228 0.0634175 0.550134
0.129144 0.572471 0.246954 0.0514318
0.933599 9.9991E-05 0.0398056 0.0264957
0.716228 9.9982E-05 9.9982E-05 0.283572
9.998E-05 9.998E-05 0.9997 9.998E-05
0.943875 9.9982E-05 9.9982E-05 0.0559251
0.638035 9.9982E-05 9.9982E-05 0.361765
0.955225 9.9982E-05 9.9982E-05 0.044575
0.414943 0.0102081 9.9991E-05 0.574749
0.41929 0.0120176 9.9991E-05 0.568592
0.400987 0.0186277 0.0486263 0.531759
0.332982 0.100946 0.0586125 0.50746
0.77206 9.9982E-05 9.9982E-05 0.22774
0.97892 9.9991E-05 0.00560945 0.0153702
0.829994 9.9991E-05 0.00581594 0.16409
0.0641003 0.803523 0.132277 9.9991E-05
0.941972 9.9991E-05 0.048332 0.00959612
0.0306479 0.829225 0.140028 9.9991E-05
0.8239 9.9982E-05 9.9982E-05 0.1759
0.0389486 9.99819E-05 0.960851 9.99819E-05
0.286428 9.9982E-05 9.9982E-05 0.713372
0.330416 0.022118 0.00944756 0.638018
0.321909 0.0233793 0.0274768 0.627235
0.71821 9.9982E-05 9.9982E-05 0.28159
0.440697 0.0452373 0.0358053 0.47826
0.99488 9.9982E-05 0.00492004 9.9982E-05
0.63298 9.9982E-05 9.9982E-05 0.36682
0.585252 0.153362 0.133313 0.128074
0.833784 0.0274623 0.0166872 0.122067
0.934786 0.0124912 0.00419273 0.0485305
0.0244721 9.9982E-05 0.975328 9.9982E-05
0.363631 0.11847 0.171252 0.346647
9.9982E-05 9.9982E-05 0.989188 0.0106125
0.834063 9.9982E-05 9.9982E-05 0.165737
0.461306 0.116365 0.169252 0.253077
0.486401 0.130164 0.157024 0.226411
0.871078 0.00576945 9.9991E-05 0.123052
0.9997 9.998E-05 9.998E-05 9.998E-05
0.00798502 0.820089 0.171826 9.9991E-05
0.266195 0.10574 0.177444 0.450621
0.828819 9.9982E-05 9.9982E-05 0.170981
0.329113 0.133824 0.531288 0.00577525
0.983073 0.00734684 0.00948059 9.9991E-05
9.998E-05 0.9997 9.998E-05 9.998E-05
0.932189 0.0273853 9.9991E-05 0.0403261
0.240581 0.728842 0.0105104 0.0200666
0.357903 0.00161601 0.0107305 0.62975
0.989832 0.00105704 0.00901108 9.9991E-05
0.9997 9.998E-05 9.998E-05 9.998E-05
0.30728 0.101678 0.113451 0.477591
0.952143 0.0230274 0.0247298 9.9991E-05
9.9982E-05 9.9982E-05 0.986815 0.0129851
0.994857 9.9982E-05 0.00494265 9.9982E-05
9.998E-05 0.9997 9.998E-05 9.998E-05
0.9997 9.998E-05 9.998E-05 9.998E-05
0.37765 9.9991E-05 0.0233421 0.598908
0.534518 0.024816 9.9991E-05 0.440566
0.333113 0.077236 0.109678 0.479973
0.502234 0.0954204 0.0574519 0.344893
0.388695 0.147742 0.121848 0.341714
0.9997 9.998E-05 9.998E-05 9.998E-05
0.53566 9.9991E-05 0.0218898 0.44235
0.977801 9.9982E-05 9.9982E-05 0.0219992
0.454684 0.0419019 0.096901 0.406513
0.286692 0.0271043 0.0348243 0.651379
0.934244 0.0103219 0.0256599 0.0297746
0.674501 9.9982E-05 9.9982E-05 0.325299
0.858312 9.9991E-05 0.00650661 0.135082
0.989222 0.000402406 0.010276 9.9991E-05
0.62692 0.148913 0.150721 0.0734456
0.549589 0.00623485 0.00340659 0.440769
0.586666 0.0458121 0.0428427 0.32468
9.9982E-05 0.951121 9.9982E-05 0.0486793
0.956868 0.00971423 0.0333181 9.9991E-05
0.9997 9.998E-05 9.998E-05 9.998E-05
0.94228 0.0104202 9.9991E-05 0.0472003
0.0232935 9.9982E-05 0.976507 9.9982E-05
0.841272 9.9991E-05 0.00241889 0.156209
0.39025 0.0872864 0.100612 0.421852
0.596989 9.9982E-05 9.9982E-05 0.402811
0.993332 0.00646824 9.9982E-05 9.9982E-05
0.910628 0.00455601 0.0332162 0.0516
0.9997 9.998E-05 9.998E-05 9.998E-05
0.357608 0.11546 0.0785264 0.448405
0.0606001 0.87667 0.0159563 0.0467738
0.270009 0.116503 0.0935064 0.519982
0.687756 9.9982E-05 9.9982E-05 0.312044
9.998E-05 0.9997 9.998E-05 9.998E-05
0.737577 0.00986066 0.0432808 0.209282
0.48498 9.9982E-05 9.9982E-05 0.51482
0.927566 0.0257818 0.0465527 9.9991E-05
0.98907 0.0107296 9.9982E-05 9.9982E-05
0.969724 0.0201679 0.0100082 9.9991E-05
0.674415 0.0262265 0.0244641 0.274894
0.0511371 9.99819E-05 0.948663 9.99819E-05
0.9997 9.998E-05 9.998E-05 9.998E-05
0.284359 9.9991E-05 0.016792 0.698749
0.63321 9.9982E-05 9.9982E-05 0.36659
0.0157648 9.9982E-05 0.984035 9.9982E-05
0.308816 0.0426231 0.0610972 0.587464
0.469768 0.17992 0.131817 0.218496
0.411328 0.00687075 0.0682917 0.513509
0.0849671 9.9982E-05 0.914833 9.9982E-05
0.682748 9.9982E-05 9.9982E-05 0.317052
9.998E-05 0.9997 9.998E-05 9.998E-05
0.738934 9.9982E-05 9.9982E-05 0.260866
0.984536 0.00343284 9.9991E-05 0.0119315
9.998E-05 0.9997 9.998E-05 9.998E-05
0.961101 9.9982E-05 9.9982E-05 0.0386989
0.0767937 0.776896 0.144013 0.00229655
0.443374 9.9982E-05 9.9982E-05 0.556426
0.970464 9.9982E-05 0.0293357 9.9982E-05
0.329949 0.0985145 0.157555 0.413981
0.836837 0.0165554 9.9991E-05 0.146508
0.00663553 0.993165 9.9982E-05 9.9982E-05
0.499165 0.00128087 9.9991E-05 0.499454
