0.00419305 0.181989 9.9982E-05 0.813618 9.9982E-05
0.00827468 9.9973E-05 9.9973E-05 0.991425 9.9973E-05
9.9973E-05 9.9973E-05 9.9973E-05 0.978046 0.0216536
0.00459059 0.202494 0.00862595 0.78419 9.9991E-05
0.0183686 0.492333 0.0129932 0.407553 0.0687523
0.0793478 0.289715 0.0712569 0.449458 0.110222
9.9991E-05 0.552496 0.00682079 0.374708 0.0658754
0.0274924 0.602443 0.0202686 0.326855 0.022942
0.0204127 9.99882E-05 0.0157116 0.963676 9.99882E-05
9.9973E-05 0.102972 9.9973E-05 0.896728 9.9973E-05
0.00410185 0.560434 9.9982E-05 0.435265 9.9982E-05
9.9973E-05 0.669328 9.9973E-05 0.330372 9.9973E-05
9.9973E-05 0.554163 9.9973E-05 0.445537 9.9973E-05
0.0766433 0.276155 0.0808182 0.451708 0.114675
9.9973E-05 0.247449 9.9973E-05 0.752251 9.9973E-05
0.0185375 0.267013 0.0355341 0.632136 0.0467799
9.9973E-05 0.6401 9.9973E-05 0.3596 9.9973E-05
0.486091 9.9991E-05 0.0654601 0.346947 0.101401
0.00457515 9.99887E-05 0.013704 0.981521 9.99887E-05
0.0221856 0.533134 0.0487565 0.325191 0.0707333
9.999E-05 0.00752111 0.00346999 0.983188 0.00572123
9.9982E-05 0.598248 9.9982E-05 0.400456 0.00109605
9.9973E-05 0.500409 9.9973E-05 0.499291 9.9973E-05
0.00880512 0.0849586 9.9982E-05 9.9982E-05 0.906036
0.0533378 0.409817 0.0335694 0.414098 0.0891776
9.9973E-05 0.481989 9.9973E-05 0.517711 9.9973E-05
0.0154937 0.55879 0.0132331 0.392821 0.0196618
0.00401785 0.00929163 9.9982E-05 0.986491 9.9982E-05
9.9973E-05 0.10123 9.9973E-05 0.89847 9.9973E-05
9.997E-05 9.997E-05 9.997E-05 0.9996 9.997E-05
0.0236777 0.339556 0.0837925 0.422546 0.130427
0.00210207 9.9982E-05 0.0110999 0.986598 9.9982E-05
9.997E-05 9.997E-05 9.997E-05 0.9996 9.997E-05
0.0427979 0.365018 0.0703944 0.417762 0.104028
9.9973E-05 9.9973E-05 9.9973E-05 0.985964 0.013736
0.0213241 0.525293 0.0411903 0.412092 9.9991E-05
9.9973E-05 0.209781 9.9973E-05 0.789919 9.9973E-05
9.9991E-05 0.671187 0.0395219 0.242121 0.0470703
0.0480756 0.611503 0.0396004 0.214753 0.0860687
9.9982E-05 0.554306 9.9982E-05 0.417827 0.0276668
0.0391075 0.395119 0.0781669 0.371342 0.116265
9.9982E-05 9.9982E-05 0.0129948 0.973795 0.0130106
9.9973E-05 0.10923 9.9973E-05 0.89047 9.9973E-05
9.9973E-05 0.103246 9.9973E-05 0.896454 9.9973E-05
0.0341842 0.115465 9.9982E-05 0.850151 9.9982E-05
0.9996 9.997E-05 9.997E-05 9.997E-05 9.997E-05
0.00112685 0.0710018 0.00112943 0.921357 0.00538509
9.9973E-05 0.0251341 9.9973E-05 0.974566 9.9973E-05
0.9996 9.997E-05 9.997E-05 9.997E-05 9.997E-05
9.9973E-05 0.195319 9.9973E-05 0.804381 9.9973E-05
9.9973E-05 0.394082 9.9973E-05 0.605618 9.9973E-05
9.9973E-05 0.141156 9.9973E-05 0.858544 9.9973E-05
9.9973E-05 0.2789 9.9973E-05 0.7208 9.9973E-05
0.0750218 0.010841 0.0643258 0.734409 0.115403
0.00263785 0.426866 9.9991E-05 0.497963 0.0724334
0.00659689 9.9991E-05 0.0430685 0.867267 0.0829676
0.00115624 9.9973E-05 9.9973E-05 0.998544 9.9973E-05
0.0038549 9.9982E-05 0.00605195 0.989893 9.9982E-05
0.000961556 0.142931 9.9982E-05 0.855908 9.9982E-05
9.9973E-05 0.110947 9.9973E-05 0.888753 9.9973E-05
9.997E-05 9.997E-05 9.997E-05 0.9996 9.997E-05
9.9991E-05 0.0745409 0.0251857 0.00666964 0.893504
9.9982E-05 9.9982E-05 0.00972882 0.98344 0.00663145
9.9991E-05 0.41936 0.0271656 0.515539 0.0378348
0.00427668 9.9973E-05 9.9973E-05 0.995423 9.9973E-05
9.9973E-05 9.9973E-05 0.013575 0.986125 9.9973E-05
9.9973E-05 0.19027 9.9973E-05 0.80943 9.9973E-05
9.9973E-05 0.209386 9.9973E-05 0.790314 9.9973E-05
9.9982E-05 0.641116 9.9982E-05 0.349955 0.00872815
0.9996 9.997E-05 9.997E-05 9.997E-05 9.997E-05
0.00601325 0.506397 0.00410347 0.450532 0.032954
0.0155186 9.9991E-05 0.0412613 0.883565 0.0595546
9.9991E-05 0.0674529 0.00937247 0.903625 0.0194492
0.00140595 9.9982E-05 9.9982E-05 0.93845 0.059944
9.9973E-05 9.9973E-05 0.0078674 0.991833 9.9973E-05
0.0333941 9.9982E-05 0.0181008 0.948305 9.9982E-05
9.9973E-05 9.9973E-05 0.00122245 0.998478 9.9973E-05
9.9982E-05 0.586803 9.9982E-05 0.387807 0.0251902
9.9973E-05 0.0037867 9.9973E-05 0.995913 9.9973E-05
0.021736 0.12939 0.0247863 0.0617367 0.762351
9.9973E-05 0.256134 9.9973E-05 0.743566 9.9973E-05
0.00134488 9.9991E-05 0.00105194 0.996568 0.000935372
0.416632 0.0890068 0.112564 0.237836 0.143961
0.0968235 0.0201424 0.0688776 0.689104 0.125052
0.0326652 0.358546 0.0112128 0.589671 0.00790494
0.00334307 0.083027 0.0157269 0.897803 9.9991E-05
9.9982E-05 9.9982E-05 0.0100958 0.972007 0.0176969
9.997E-05 9.997E-05 0.9996 9.997E-05 9.997E-05
9.9973E-05 0.272051 9.9973E-05 0.727649 9.9973E-05
9.9973E-05 0.251808 9.9973E-05 0.747892 9.9973E-05
9.9973E-05 0.571564 9.9973E-05 0.428137 9.9973E-05
9.9973E-05 0.606734 9.9973E-05 0.392966 9.9973E-05
9.9973E-05 0.682118 9.9973E-05 0.317582 9.9973E-05
9.9982E-05 9.9982E-05 0.00394915 0.987195 0.0086556
9.9973E-05 0.254689 9.9973E-05 0.745011 9.9973E-05
9.9973E-05 0.0165227 9.9973E-05 0.983177 9.9973E-05
9.9973E-05 0.384071 9.9973E-05 0.615629 9.9973E-05
0.0768115 0.33116 0.0776262 0.409969 0.104433
0.00303553 9.9991E-05 0.0105538 0.974304 0.012007
9.9982E-05 0.494046 9.9982E-05 0.437601 0.0681534
0.0170846 0.45224 9.9982E-05 0.530475 9.9982E-05
0.0235357 0.0893258 9.9982E-05 9.9982E-05 0.886939
9.9973E-05 0.238357 9.9973E-05 0.761343 9.9973E-05
9.9973E-05 0.00736286 9.9973E-05 0.992337 9.9973E-05
9.997E-05 9.997E-05 9.997E-05 0.9996 9.997E-05
0.00989378 0.722266 9.9982E-05 0.26764 9.9982E-05
0.9996 9.997E-05 9.997E-05 9.997E-05 9.997E-05
9.9973E-05 0.746004 9.9973E-05 0.253696 9.9973E-05
9.9982E-05 0.103701 9.9982E-05 0.863187 0.0329123
9.9982E-05 9.9982E-05 0.0106035 0.949243 0.039954
9.9973E-05 0.644487 9.9973E-05 0.355213 9.9973E-05
0.9996 9.997E-05 9.997E-05 9.997E-05 9.997E-05
0.0598686 0.0631966 0.0289735 0.101981 0.74598
9.9973E-05 0.206155 9.9973E-05 0.793545 9.9973E-05
9.9973E-05 0.105552 9.9973E-05 0.894148 9.9973E-05
9.9973E-05 0.572825 9.9973E-05 0.426875 9.9973E-05
9.9982E-05 9.9982E-05 0.00489343 0.966125 0.0287817
0.0915086 0.564546 0.0152571 0.273466 0.0552223
0.544112 0.0534334 0.116513 0.118399 0.167542
9.9982E-05 0.0267663 9.9982E-05 0.927674 0.0453594
9.9973E-05 0.302487 9.9973E-05 0.697213 9.9973E-05
9.997E-05 9.997E-05 9.997E-05 9.997E-05 0.9996
9.9973E-05 0.0643458 9.9973E-05 0.935354 9.9973E-05
9.9973E-05 0.367542 9.9973E-05 0.632158 9.9973E-05
9.9973E-05 0.0487707 9.9973E-05 0.950929 9.9973E-05
9.9982E-05 0.565833 0.0177281 0.416239 9.9982E-05
0.00615567 0.565552 0.00583658 0.422356 9.9991E-05
0.0287293 0.540134 0.00579759 0.404557 0.0207821
0.0176778 0.521313 0.0887906 0.327673 0.0445448
9.9973E-05 0.228233 9.9973E-05 0.771467 9.9973E-05
0.00305098 0.0221781 9.9991E-05 0.958664 0.0160071
0.0120778 0.149806 9.9982E-05 0.837916 9.9982E-05
0.878367 0.0235082 0.0614489 0.0354212 0.00125481
0.00193566 9.9982E-05 9.9982E-05 0.956092 0.0417719
0.948228 0.0252644 0.0136924 0.00958492 0.00323047
9.9973E-05 0.169977 9.9973E-05 0.829723 9.9973E-05
9.99729E-05 9.99729E-05 9.99729E-05 0.0287238 0.970976
9.99729E-05 0.733545 9.99729E-05 0.266155 9.99729E-05
9.9991E-05 0.63553 0.0360201 0.322813 0.00553683
9.9991E-05 0.632091 0.0303087 0.302631 0.0348689
9.9973E-05 0.27995 9.9973E-05 0.71975 9.9973E-05
0.039201 0.486754 0.0101143 0.423142 0.0407891
0.000374496 9.9982E-05 9.9982E-05 0.990309 0.00911659
9.9973E-05 0.37616 9.9973E-05 0.62354 9.9973E-05
0.0612363 0.13644 0.0875436 0.573997 0.140782
0.0182786 0.130462 0.00348992 0.845724 0.0020462
0.000287284 0.0510368 0.0180855 0.921354 0.00923607
0.00433921 9.9982E-05 9.9982E-05 0.0126407 0.98282
0.0586191 0.352483 0.0655709 0.367619 0.155708
9.9973E-05 0.0122845 9.9973E-05 9.9973E-05 0.987416
9.9973E-05 0.193323 9.9973E-05 0.806377 9.9973E-05
0.0300583 0.251568 0.0720177 0.485036 0.16132
0.0538343 0.214325 0.0807516 0.486331 0.164757
0.0156377 0.126071 9.9982E-05 0.858091 9.9982E-05
9.997E-05 9.997E-05 9.997E-05 0.9996 9.997E-05
0.990033 9.9973E-05 9.9973E-05 9.9973E-05 0.0096675
0.0557803 0.453147 0.0474255 0.271469 0.172178
9.9973E-05 0.153497 9.9973E-05 0.846203 9.9973E-05
0.0796134 9.9991E-05 0.069526 0.320571 0.53019
0.0140462 9.9982E-05 9.9982E-05 0.973093 0.0126605
9.997E-05 9.997E-05 0.9996 9.997E-05 9.997E-05
0.0112274 0.0349129 0.00709029 0.946669 9.9991E-05
0.0529923 0.00984563 0.654751 0.23879 0.043621
0.00791769 0.654138 9.9982E-05 0.337744 9.9982E-05
9.9982E-05 9.9982E-05 0.0168519 0.976568 0.00638045
9.9973E-05 9.9973E-05 0.0104178 0.989282 9.9973E-05
0.0396966 0.500506 0.0652834 0.303416 0.0910982
0.0126247 9.9991E-05 0.0105599 0.952169 0.0245466
9.9973E-05 0.0176715 9.9973E-05 9.9973E-05 0.982029
0.00492259 9.9982E-05 9.9982E-05 0.984746 0.0101312
9.997E-05 9.997E-05 0.9996 9.997E-05 9.997E-05
9.997E-05 9.997E-05 9.997E-05 0.9996 9.997E-05
9.9982E-05 0.564125 9.9982E-05 0.406664 0.0290111
0.00623173 0.454038 0.0062852 0.533345 9.9991E-05
0.0392972 0.494727 0.0472123 0.320492 0.0982713
0.0575654 0.334447 0.0534508 0.513071 0.041466
0.111178 0.337391 0.0544179 0.383402 0.113612
0.00036666 9.9973E-05 9.9973E-05 0.999333 9.9973E-05
9.9982E-05 0.433107 9.9982E-05 0.545297 0.0213954
9.9982E-05 0.00785929 0.00372217 0.988219 9.9982E-05
0.0440225 0.422242 0.0082422 0.441851 0.0836415
9.9991E-05 0.644159 0.0399827 0.285029 0.0307284
9.9991E-05 0.0113201 0.0136583 0.950131 0.0247909
9.9973E-05 0.328959 9.9973E-05 0.670741 9.9973E-05
9.9982E-05 0.132348 9.9982E-05 0.861009 0.00644246
9.9991E-05 0.00708306 0.000150947 0.973881 0.0187854
0.0642368 0.0701904 0.0874466 0.610264 0.167863
0.0117872 0.437264 0.0195494 0.5313 9.9991E-05
0.00851902 0.330259 0.040958 0.582064 0.0382009
0.0108933 0.0365879 0.914942 9.9991E-05 0.0374765
9.9982E-05 9.9982E-05 0.00348274 0.957027 0.0392907
9.997E-05 9.997E-05 9.997E-05 0.9996 9.997E-05
9.9982E-05 0.047127 0.0100148 0.942658 9.9982E-05
9.99729E-05 9.99729E-05 9.99729E-05 0.0113432 0.988357
9.9991E-05 0.148431 0.0083404 0.83863 0.00449802
0.0643412 0.420316 0.0420411 0.384318 0.0889843
9.9973E-05 0.413311 9.9973E-05 0.586389 9.9973E-05
0.00251645 9.9982E-05 0.00190948 0.995374 9.9982E-05
0.00213206 0.0491662 9.9991E-05 0.91613 0.0324717
9.9973E-05 9.9973E-05 0.00318017 0.99652 9.9973E-05
0.091227 0.461252 0.0425592 0.341365 0.0635961
0.0504379 0.0148542 0.793243 0.0771261 0.0643382
0.0493607 0.503801 0.0838613 0.269949 0.093028
0.0107939 0.300838 9.9982E-05 0.688168 9.9982E-05
0.0251151 9.9982E-05 0.970365 0.00432037 9.9982E-05
9.9991E-05 0.2109 0.0081666 0.733673 0.0471607
9.9973E-05 0.510809 9.9973E-05 0.488891 9.9973E-05
0.00689522 9.9991E-05 0.0163255 0.932846 0.0438338
0.00497168 9.9973E-05 9.9973E-05 0.994728 9.9973E-05
0.0185217 9.9991E-05 0.00775615 0.956625 0.0169971
0.0105038 0.282663 0.00446733 0.663372 0.0389946
9.99729E-05 9.99729E-05 9.99729E-05 0.039099 0.960601
0.00321511 9.9973E-05 9.9973E-05 0.996485 9.9973E-05
9.9982E-05 0.684431 9.9982E-05 0.286783 0.0285863
9.9973E-05 0.370248 9.9973E-05 0.629453 9.9973E-05
9.9982E-05 9.9982E-05 0.000682858 0.00729475 0.991822
0.0239028 0.608712 0.0181909 0.289896 0.0592982
0.0637241 0.210177 0.122444 0.470703 0.132952
0.0134083 0.527197 9.9991E-05 0.394743 0.0645516
9.9973E-05 9.9973E-05 9.9973E-05 0.0778997 0.9218
9.9973E-05 0.325701 9.9973E-05 0.673999 9.9973E-05
9.9973E-05 9.9973E-05 0.990661 0.00903862 9.9973E-05
9.9973E-05 0.256467 9.9973E-05 0.743233 9.9973E-05
0.0159814 0.00255975 9.9982E-05 0.981259 9.9982E-05
9.997E-05 9.997E-05 0.9996 9.997E-05 9.997E-05
9.9973E-05 0.0379069 9.9973E-05 0.961793 9.9973E-05
0.897256 0.0159444 0.00877256 0.0421978 0.0358295
9.9973E-05 0.565819 9.9973E-05 0.433881 9.9973E-05
9.9973E-05 9.9973E-05 9.9973E-05 0.967867 0.031833
0.019626 0.40217 0.0777575 0.335869 0.164577
9.9982E-05 0.16532 0.0115352 0.822945 9.9982E-05
0.0339913 9.9982E-05 0.941059 0.0247502 9.9982E-05
9.9982E-05 0.498755 0.00584135 0.495203 9.9982E-05
