9.9964E-05 0.240517 9.9964E-05 0.01444 0.744644 9.9964E-05 9.9964E-05
9.99549E-05 9.99549E-05 9.99549E-05 9.99549E-05 0.929519 0.0699812 9.99549E-05
9.9964E-05 9.9964E-05 0.00595098 9.9964E-05 0.974677 0.018972 9.9964E-05
0.00734416 0.196016 9.9982E-05 0.0114235 0.70313 9.9982E-05 0.0818868
9.9973E-05 0.308827 0.0384901 9.9973E-05 0.299466 9.9973E-05 0.352917
9.9964E-05 9.9964E-05 9.9964E-05 9.9964E-05 0.182193 0.557282 0.260125
9.9964E-05 0.1866 9.9964E-05 9.9964E-05 0.216348 9.9964E-05 0.596652
9.9973E-05 0.568537 9.9973E-05 9.9973E-05 0.00828918 0.399176 0.0236978
0.0119482 0.0155717 0.0029564 0.0167642 0.937824 0.0148355 9.9991E-05
9.9955E-05 0.162709 9.9955E-05 9.9955E-05 0.836792 9.9955E-05 9.9955E-05
9.9973E-05 0.628773 9.9973E-05 0.0169427 0.257518 0.0964662 9.9973E-05
9.9982E-05 0.621067 0.0226328 0.00167073 0.164723 9.9982E-05 0.189707
9.9973E-05 0.586578 9.9973E-05 9.9973E-05 0.310921 0.0236472 0.0785542
9.99549E-05 0.0854351 9.99549E-05 9.99549E-05 9.99549E-05 0.914065 9.99549E-05
0.000768819 0.372302 9.9973E-05 0.00219985 0.624429 9.9973E-05 9.9973E-05
0.012254 0.0779288 0.0118662 0.00888359 0.585095 9.9991E-05 0.303873
9.9964E-05 0.620469 9.9964E-05 9.9964E-05 0.0877147 0.291416 9.9964E-05
0.0044126 9.9973E-05 9.9973E-05 0.394134 0.0916996 0.509454 9.9973E-05
9.9955E-05 9.9955E-05 9.9955E-05 9.9955E-05 0.970566 0.0289347 9.9955E-05
0.0228786 0.273531 0.0161492 0.00772438 0.186799 9.9991E-05 0.492818
0.00304973 0.0398733 9.9973E-05 9.9973E-05 0.950834 9.9973E-05 0.00594346
0.00821063 0.669786 0.0213655 9.9982E-05 0.271634 9.9982E-05 0.028804
9.9982E-05 0.461674 0.0264112 0.0030099 0.362452 9.9982E-05 0.146252
9.9973E-05 0.0794987 0.886306 0.016242 9.9973E-05 0.0176532 9.9973E-05
9.9991E-05 0.0603104 0.00228777 0.00626828 0.306752 0.0502667 0.574015
9.9973E-05 0.568067 0.0310657 9.9973E-05 0.395144 0.00542335 9.9973E-05
0.00692076 0.436707 9.9982E-05 9.9982E-05 0.244114 0.0416813 0.270377
9.9973E-05 0.0274583 0.00678868 0.00647309 0.95898 9.9973E-05 9.9973E-05
9.9955E-05 0.148606 9.9955E-05 9.9955E-05 0.850894 9.9955E-05 9.9955E-05
9.995E-05 9.995E-05 9.995E-05 9.995E-05 0.9994 9.995E-05 9.995E-05
9.9982E-05 0.0650292 0.00473439 9.9982E-05 0.146025 0.47654 0.307471
9.9955E-05 9.9955E-05 9.9955E-05 9.9955E-05 0.951704 9.9955E-05 0.0477961
9.9973E-05 9.9973E-05 0.00189705 9.9973E-05 0.974355 0.00879423 0.0146539
9.9973E-05 0.00904751 9.9973E-05 9.9973E-05 0.209873 0.339283 0.441496
0.000854558 9.9973E-05 0.00767904 9.9973E-05 0.961695 0.0294717 9.9973E-05
0.0174144 0.235201 9.9973E-05 9.9973E-05 0.28758 9.9973E-05 0.459504
9.9955E-05 0.297954 9.9955E-05 9.9955E-05 0.701547 9.9955E-05 9.9955E-05
0.0269107 0.480163 0.022569 9.9991E-05 0.0739351 0.0234544 0.372868
9.999E-05 0.185602 0.0180279 0.00992382 0.0760479 0.0203736 0.689925
9.9973E-05 0.548919 0.0611079 9.9973E-05 0.283391 9.9973E-05 0.106283
0.0231831 9.9982E-05 0.020677 9.9982E-05 0.202055 0.110564 0.64332
0.0047626 9.9973E-05 0.00849466 9.9973E-05 0.968235 0.018208 9.9973E-05
9.9955E-05 0.1448 9.9955E-05 9.9955E-05 0.8547 9.9955E-05 9.9955E-05
0.00686111 0.160132 9.9964E-05 9.9964E-05 0.832607 9.9964E-05 9.9964E-05
9.9973E-05 0.09466 9.9973E-05 0.0276333 0.810432 9.9973E-05 0.0669752
9.995E-05 9.995E-05 9.995E-05 0.9994 9.995E-05 9.995E-05 9.995E-05
9.9964E-05 0.0122203 9.9964E-05 9.9964E-05 0.908451 9.9964E-05 0.0789292
9.9955E-05 0.0692051 9.9955E-05 9.9955E-05 0.930295 9.9955E-05 9.9955E-05
9.995E-05 9.995E-05 9.995E-05 0.9994 9.995E-05 9.995E-05 9.995E-05
9.9955E-05 0.271964 9.9955E-05 9.9955E-05 0.727536 9.9955E-05 9.9955E-05
0.00816624 0.473267 9.9973E-05 9.9973E-05 0.471871 0.046396 9.9973E-05
9.9955E-05 0.227176 9.9955E-05 9.9955E-05 0.772324 9.9955E-05 9.9955E-05
9.9964E-05 0.341412 0.014865 9.9964E-05 0.643324 9.9964E-05 9.9964E-05
9.99639E-05 9.99639E-05 9.99639E-05 0.00990747 0.448267 0.541426 9.99639E-05
9.9991E-05 0.336562 0.0656835 0.00521303 0.365624 0.034422 0.192395
0.0145231 9.99729E-05 0.0169173 9.99729E-05 0.712301 0.255959 9.99729E-05
9.9964E-05 0.0144966 9.9964E-05 0.00589369 0.97921 9.9964E-05 9.9964E-05
9.9964E-05 9.9964E-05 9.9964E-05 0.00914777 0.973312 0.0171406 9.9964E-05
9.9982E-05 0.163126 0.00480112 0.00755577 0.816115 0.00820205 9.9982E-05
9.9955E-05 0.185654 9.9955E-05 9.9955E-05 0.813847 9.9955E-05 9.9955E-05
9.9964E-05 0.00487211 9.9964E-05 9.9964E-05 0.993033 9.9964E-05 0.00169547
0.0025708 0.00540873 0.831248 9.9982E-05 9.9982E-05 0.115762 0.0448109
0.0182409 9.9964E-05 0.00477661 9.9964E-05 0.976583 9.9964E-05 9.9964E-05
0.0139303 0.475028 0.0415874 9.9982E-05 0.324209 0.145046 9.9982E-05
9.9964E-05 0.0164482 9.9964E-05 0.00842035 0.974732 9.9964E-05 9.9964E-05
9.9964E-05 9.9964E-05 9.9964E-05 9.9964E-05 0.982237 0.0123417 0.00502106
9.9964E-05 0.26088 9.9964E-05 0.00621382 0.732506 9.9964E-05 9.9964E-05
9.9955E-05 0.286286 9.9955E-05 9.9955E-05 0.713214 9.9955E-05 9.9955E-05
9.9973E-05 0.571062 0.0164117 9.9973E-05 0.16811 9.9973E-05 0.244116
9.995E-05 9.995E-05 9.995E-05 0.9994 9.995E-05 9.995E-05 9.995E-05
0.00114623 0.393041 0.0138724 9.9982E-05 0.323592 9.9982E-05 0.268149
0.019124 9.99729E-05 0.0151363 9.99729E-05 0.767111 0.198329 9.99729E-05
0.00737015 0.12505 0.0173264 0.00483657 0.845217 9.9982E-05 9.9982E-05
9.9964E-05 9.9964E-05 0.0294472 9.9964E-05 0.908214 0.0619386 9.9964E-05
9.9964E-05 9.9964E-05 0.000257104 9.9964E-05 0.993578 0.00576474 9.9964E-05
0.00133516 9.9982E-05 9.9982E-05 0.0221206 0.915189 0.0540646 0.00709091
0.00707134 0.00527375 9.9964E-05 9.9964E-05 0.987255 9.9964E-05 9.9964E-05
9.9973E-05 0.536844 9.9973E-05 9.9973E-05 0.128828 0.316397 0.0176313
9.9964E-05 0.0178328 9.9964E-05 9.9964E-05 0.95712 9.9964E-05 0.0246476
9.9973E-05 0.0288695 0.660102 9.9973E-05 9.9973E-05 0.306155 0.00457326
9.9973E-05 0.342904 0.015919 0.000327209 0.64055 9.9973E-05 9.9973E-05
0.00926309 0.0342256 0.00892886 9.9973E-05 0.947283 9.9973E-05 9.9973E-05
0.0480291 9.9973E-05 0.0288072 0.356643 9.9973E-05 0.566221 9.9973E-05
9.9964E-05 9.9964E-05 9.9964E-05 0.0218841 0.372095 0.605621 9.9964E-05
9.9982E-05 0.212401 9.9982E-05 0.00481707 0.446866 0.0622031 0.273512
0.0172938 0.121439 9.9982E-05 0.00393981 0.855369 9.9982E-05 0.00175787
9.9964E-05 9.9964E-05 0.0142069 9.9964E-05 0.936905 0.0484882 9.9964E-05
0.9994 9.995E-05 9.995E-05 9.995E-05 9.995E-05 9.995E-05 9.995E-05
9.99639E-05 0.366905 9.99639E-05 0.00699159 0.625704 9.99639E-05 9.99639E-05
9.9955E-05 0.308874 9.9955E-05 9.9955E-05 0.690626 9.9955E-05 9.9955E-05
9.9964E-05 0.608013 9.9964E-05 9.9964E-05 0.269462 9.9964E-05 0.122125
0.0101861 0.630645 0.0176721 9.9982E-05 0.232025 9.9982E-05 0.109272
9.9973E-05 0.776737 9.9973E-05 9.9973E-05 0.175471 0.0142801 0.033212
9.9955E-05 9.9955E-05 9.9955E-05 9.9955E-05 0.955448 0.0440522 9.9955E-05
9.9955E-05 0.3204 9.9955E-05 9.9955E-05 0.6791 9.9955E-05 9.9955E-05
9.9964E-05 0.0632632 9.9964E-05 0.00255275 0.933784 9.9964E-05 9.9964E-05
9.9964E-05 0.477009 0.00244236 9.9964E-05 0.520149 9.9964E-05 9.9964E-05
9.9973E-05 9.9973E-05 9.9973E-05 0.00227299 0.15456 0.395928 0.446939
9.9955E-05 9.9955E-05 9.9955E-05 9.9955E-05 0.963385 0.0361157 9.9955E-05
9.9973E-05 0.38967 0.0549146 9.9973E-05 0.314241 9.9973E-05 0.240875
9.9973E-05 0.408431 9.9973E-05 0.0268923 0.380876 9.9973E-05 0.183501
9.9964E-05 9.9964E-05 0.841667 0.0156283 9.9964E-05 9.9964E-05 0.142305
9.99549E-05 0.331078 9.99549E-05 9.99549E-05 0.668422 9.99549E-05 9.99549E-05
9.9964E-05 0.0179917 9.9964E-05 9.9964E-05 0.965387 9.9964E-05 0.0162218
9.995E-05 9.995E-05 9.995E-05 9.995E-05 0.9994 9.995E-05 9.995E-05
9.9973E-05 0.633638 9.9973E-05 0.020687 0.114778 9.9973E-05 0.230597
9.9955E-05 9.9955E-05 9.9955E-05 0.991724 0.00777625 9.9955E-05 9.9955E-05
9.9973E-05 0.77692 9.9973E-05 0.0103752 0.0402509 0.172154 9.9973E-05
9.9964E-05 0.121976 0.0434283 9.9964E-05 0.834196 9.9964E-05 9.9964E-05
0.00438274 9.9973E-05 0.0220121 9.9973E-05 0.919128 0.0541772 9.9973E-05
9.9973E-05 0.762351 0.0131967 0.00543698 0.218715 9.9973E-05 9.9973E-05
9.995E-05 9.995E-05 9.995E-05 0.9994 9.995E-05 9.995E-05 9.995E-05
9.9973E-05 9.9973E-05 0.631397 0.0213537 9.9973E-05 0.311613 0.0353365
9.9973E-05 0.220877 9.9973E-05 0.00344293 0.723235 9.9973E-05 0.0521454
9.9955E-05 0.181459 9.9955E-05 9.9955E-05 0.818042 9.9955E-05 9.9955E-05
9.997E-05 0.648287 0.00780388 9.997E-05 0.313777 9.997E-05 0.0298319
9.9964E-05 9.9964E-05 0.0219813 9.9964E-05 0.963989 0.0136298 9.9964E-05
9.9973E-05 0.390034 9.9973E-05 0.0153985 9.9973E-05 0.459488 0.13478
0.0788574 9.9973E-05 0.123495 0.478424 9.9973E-05 0.318923 9.9973E-05
9.9964E-05 0.0415695 0.0374528 9.9964E-05 0.920578 9.9964E-05 9.9964E-05
9.9955E-05 0.367878 9.9955E-05 9.9955E-05 0.631623 9.9955E-05 9.9955E-05
9.9955E-05 0.00297134 0.996529 9.9955E-05 9.9955E-05 9.9955E-05 9.9955E-05
9.9964E-05 0.102833 9.9964E-05 0.0117275 0.885039 9.9964E-05 9.9964E-05
9.9964E-05 0.467152 0.00376233 9.9964E-05 0.528686 9.9964E-05 9.9964E-05
9.9955E-05 0.112171 9.9955E-05 9.9955E-05 0.887329 9.9955E-05 9.9955E-05
9.99641E-05 0.596793 9.99641E-05 9.99641E-05 0.185066 0.217742 9.99641E-05
0.00178439 0.536155 9.9991E-05 0.00622235 0.258851 0.0823514 0.114536
9.9973E-05 0.41766 9.9973E-05 9.9973E-05 0.195569 0.199262 0.187209
9.99639E-05 0.30861 9.99639E-05 9.99639E-05 9.99639E-05 0.567271 0.123719
9.9964E-05 0.291681 0.027364 9.9964E-05 0.680555 9.9964E-05 9.9964E-05
9.9973E-05 0.0510478 0.00799736 0.00543005 0.935225 9.9973E-05 9.9973E-05
9.9973E-05 0.223816 0.0164957 0.0233582 0.73603 9.9973E-05 9.9973E-05
0.051171 0.00346344 9.9973E-05 0.844952 9.9973E-05 0.100114 9.9973E-05
9.9973E-05 9.9973E-05 0.0230407 9.9973E-05 0.895516 0.0553171 0.0258264
0.0134413 0.00776885 0.0104728 0.963779 9.9982E-05 0.0043384 9.9982E-05
9.9964E-05 0.260596 0.00016002 9.9964E-05 0.738844 9.9964E-05 9.9964E-05
9.99549E-05 9.99549E-05 0.953341 9.99549E-05 0.0461591 9.99549E-05 9.99549E-05
9.99639E-05 0.805814 9.99639E-05 9.99639E-05 0.0752842 0.118502 9.99639E-05
0.00453368 0.510672 9.9982E-05 9.9982E-05 0.106239 0.13987 0.238486
0.0228438 0.6296 0.0153566 9.9991E-05 0.132774 0.144167 0.0551593
9.9964E-05 0.370893 0.00254818 9.9964E-05 0.626159 9.9964E-05 9.9964E-05
9.9982E-05 0.325468 9.9982E-05 0.028668 0.289498 0.043161 0.313005
9.9973E-05 9.9973E-05 0.0035689 0.00359928 0.973214 9.9973E-05 0.019318
0.00250459 0.465875 0.0239813 0.0024293 0.50501 9.9982E-05 9.9982E-05
0.00272674 9.99729E-05 9.99729E-05 9.99729E-05 0.235834 0.73056 0.0305798
9.9973E-05 0.0550611 9.9973E-05 0.0109372 0.782831 9.9973E-05 0.150871
0.0190066 0.0654091 0.00872713 9.9991E-05 0.882975 0.0117719 0.0120102
9.99639E-05 9.99639E-05 0.963922 0.00500746 0.0306707 9.99639E-05 9.99639E-05
0.00756414 9.9991E-05 0.0442095 0.00806672 0.194447 0.0898543 0.655758
9.99551E-05 0.0156753 0.983825 9.99551E-05 9.99551E-05 9.99551E-05 9.99551E-05
9.9964E-05 0.240184 9.9964E-05 0.00572549 0.75369 9.9964E-05 9.9964E-05
9.9982E-05 0.0966564 0.0193696 9.9982E-05 0.172432 0.633961 0.077381
0.00122743 9.9991E-05 0.0113396 0.000763844 0.238354 0.385626 0.362588
9.9964E-05 0.191448 9.9964E-05 0.0186006 0.789552 9.9964E-05 9.9964E-05
9.995E-05 9.995E-05 9.995E-05 9.995E-05 0.9994 9.995E-05 9.995E-05
9.9955E-05 9.9955E-05 0.00438621 0.995114 9.9955E-05 9.9955E-05 9.9955E-05
9.9982E-05 0.0585419 0.0229543 9.9982E-05 0.0377892 0.400406 0.480109
9.9964E-05 0.216955 9.9964E-05 0.0051918 0.777453 9.9964E-05 9.9964E-05
9.99639E-05 9.99639E-05 0.381749 9.99639E-05 0.0180809 0.59977 9.99639E-05
9.9964E-05 9.9964E-05 9.9964E-05 0.00463673 0.960825 0.0341388 9.9964E-05
0.9994 9.995E-05 9.995E-05 9.995E-05 9.995E-05 9.995E-05 9.995E-05
0.00267542 0.0545741 9.9982E-05 0.00615344 0.87716 0.0592376 9.9982E-05
0.588262 9.9973E-05 9.9973E-05 0.0173797 0.0665241 0.327535 9.9973E-05
0.000100218 0.729941 0.00144972 0.0201149 0.102083 0.146211 9.9991E-05
9.9955E-05 9.9955E-05 9.9955E-05 9.9955E-05 0.950393 0.0491073 9.9955E-05
0.00558695 9.9955E-05 9.9955E-05 9.9955E-05 0.993913 9.9955E-05 9.9955E-05
0.0045936 0.00721386 0.023237 9.9982E-05 0.179029 9.9982E-05 0.785726
0.00641851 9.9991E-05 0.00485144 0.00530146 0.891023 0.0676885 0.0246173
9.9955E-05 0.0331725 0.966328 9.9955E-05 9.9955E-05 9.9955E-05 9.9955E-05
9.9955E-05 9.9955E-05 9.9955E-05 0.00997958 0.989521 9.9955E-05 9.9955E-05
0.9994 9.995E-05 9.995E-05 9.995E-05 9.995E-05 9.995E-05 9.995E-05
9.9955E-05 9.9955E-05 9.9955E-05 9.9955E-05 0.992513 0.00698712 9.9955E-05
9.9982E-05 0.533043 0.0396917 9.9982E-05 0.245463 0.00596364 0.175639
0.0087414 0.415025 9.9982E-05 0.00809352 0.401447 9.9982E-05 0.166494
9.9973E-05 0.0883715 9.9973E-05 9.9973E-05 0.133066 0.216301 0.561962
0.0118992 0.000808919 0.0138188 0.0274779 0.378909 9.9991E-05 0.566986
9.9982E-05 9.9982E-05 0.00292918 0.0566856 0.222722 0.153624 0.563839
9.9955E-05 9.9955E-05 9.9955E-05 0.00249205 0.997008 9.9955E-05 9.9955E-05
9.9982E-05 0.507347 0.0519455 0.000116577 0.431441 9.9982E-05 0.00895039
9.9955E-05 0.0416201 9.9955E-05 9.9955E-05 0.95788 9.9955E-05 9.9955E-05
9.9982E-05 0.267654 0.0530261 0.0310405 0.343162 9.9982E-05 0.304917
9.9973E-05 0.5145 9.9973E-05 9.9973E-05 0.00709787 0.319836 0.158266
0.00948925 0.0246789 0.00514135 9.9982E-05 0.900804 0.0596863 9.9982E-05
9.9964E-05 0.42584 9.9964E-05 0.00789832 0.565862 9.9964E-05 9.9964E-05
9.9973E-05 0.205679 0.0058331 0.0158861 0.772302 9.9973E-05 9.9973E-05
9.9964E-05 9.9964E-05 9.9964E-05 9.9964E-05 0.937203 0.0425485 0.0198484
9.9964E-05 9.9964E-05 0.0293834 9.9964E-05 0.313169 0.657048 9.9964E-05
9.9973E-05 0.335905 9.9973E-05 0.00271844 0.42181 9.9973E-05 0.239266
0.0208832 0.200679 0.00750292 9.9991E-05 0.476153 0.0687339 0.225948
0.875496 9.9973E-05 0.0450268 0.0176335 9.9973E-05 9.9973E-05 0.0615439
9.9982E-05 9.9982E-05 0.00630208 0.000543779 0.91127 0.0448414 0.0368433
9.9955E-05 9.9955E-05 9.9955E-05 9.9955E-05 0.987866 0.0116343 9.9955E-05
0.00694832 0.0707827 9.9973E-05 9.9973E-05 0.913921 9.9973E-05 0.00804829
9.99549E-05 9.99549E-05 0.964684 9.99549E-05 0.0348166 9.99549E-05 9.99549E-05
0.00950238 0.157368 9.9973E-05 9.9973E-05 0.781234 9.9973E-05 0.0515961
9.9964E-05 9.9964E-05 9.9964E-05 9.9964E-05 0.201229 0.158625 0.639746
9.9991E-05 0.46023 0.0173719 0.00265908 0.443827 0.0357695 0.0400424
9.9955E-05 9.9955E-05 9.9955E-05 9.9955E-05 0.976335 0.0231654 9.9955E-05
9.9982E-05 0.0216663 0.010238 9.9982E-05 0.868005 0.0221986 0.077692
9.9955E-05 9.9955E-05 9.9955E-05 9.9955E-05 0.986598 0.0129025 9.9955E-05
9.9964E-05 9.9964E-05 9.9964E-05 0.030815 0.21671 9.9964E-05 0.752075
0.775309 9.9973E-05 0.0394644 0.0187144 9.9973E-05 0.166212 9.9973E-05
9.9973E-05 0.0105301 9.9973E-05 9.9973E-05 0.062047 0.217061 0.710062
9.9982E-05 0.341639 0.00200757 0.0243009 0.62261 9.9982E-05 0.00924289
0.941666 9.9964E-05 9.9964E-05 0.0148372 9.9964E-05 0.0430974 9.9964E-05
0.0101039 0.202245 0.0365166 9.9991E-05 0.669582 0.00309291 0.0783596
9.9964E-05 0.599494 9.9964E-05 9.9964E-05 0.393452 9.9964E-05 0.00665363
9.9973E-05 9.9973E-05 0.0256833 9.9973E-05 0.871722 0.0919167 0.0103778
9.9964E-05 9.9964E-05 9.9964E-05 0.000924918 0.974758 0.0239177 9.9964E-05
0.00563149 9.9982E-05 0.00662948 0.0108439 0.942288 9.9982E-05 0.0344071
9.9964E-05 0.093412 9.9964E-05 9.9964E-05 0.586828 9.9964E-05 0.319361
9.99549E-05 9.99549E-05 0.947916 9.99549E-05 0.0515838 9.99549E-05 9.99549E-05
9.9955E-05 9.9955E-05 9.9955E-05 0.00420924 0.995291 9.9955E-05 9.9955E-05
9.9973E-05 0.528406 9.9973E-05 9.9973E-05 0.0883057 0.149411 0.233577
9.9955E-05 0.464918 9.9955E-05 9.9955E-05 0.534583 9.9955E-05 9.9955E-05
0.0154031 9.9964E-05 0.961524 9.9964E-05 0.0226734 9.9964E-05 9.9964E-05
9.9964E-05 0.229799 9.9964E-05 9.9964E-05 0.13268 9.9964E-05 0.637122
0.0201074 0.00367702 9.9982E-05 9.9982E-05 0.12249 0.723165 0.130361
9.9982E-05 0.363762 0.0421902 9.9982E-05 0.26654 0.000692019 0.326616
9.9955E-05 9.9955E-05 0.909125 9.9955E-05 0.0903751 9.9955E-05 9.9955E-05
9.9955E-05 0.434952 9.9955E-05 9.9955E-05 0.564548 9.9955E-05 9.9955E-05
0.9994 9.995E-05 9.995E-05 9.995E-05 9.995E-05 9.995E-05 9.995E-05
0.00751548 0.342421 9.9973E-05 0.0046279 0.645135 9.9973E-05 9.9973E-05
9.9964E-05 0.0391883 9.9964E-05 0.0153896 0.945022 9.9964E-05 9.9964E-05
0.9994 9.995E-05 9.995E-05 9.995E-05 9.995E-05 9.995E-05 9.995E-05
9.9955E-05 0.10301 9.9955E-05 9.9955E-05 0.89649 9.9955E-05 9.9955E-05
0.00242579 0.0335389 0.0132898 0.904831 9.9982E-05 0.0457141 9.9982E-05
9.9973E-05 0.574783 9.9973E-05 0.0142871 0.309821 9.9973E-05 0.100808
9.9973E-05 0.0147217 0.0160057 9.9973E-05 0.93011 0.0388623 9.9973E-05
0.00925443 0.0151257 0.0614792 9.9991E-05 0.167835 0.168845 0.577361
0.0189867 0.185719 9.9982E-05 9.9982E-05 0.748949 0.0399076 0.00623777
0.900936 9.9964E-05 9.9964E-05 0.0322094 9.9964E-05 0.0664545 9.9964E-05
0.0110701 0.45994 0.0010675 9.9982E-05 0.357525 9.9982E-05 0.170197
