9.9973E-05 0.0239594 0.754315 9.9973E-05 9.9973E-05 0.221425
9.9964E-05 9.9964E-05 0.930129 9.9964E-05 0.0694713 9.9964E-05
9.9973E-05 9.9973E-05 0.979241 0.009745 0.0107139 9.9973E-05
0.0127748 0.0137862 0.72426 9.9991E-05 0.0462179 0.202861
9.9982E-05 9.9982E-05 0.262892 0.0505267 0.256017 0.430364
9.9982E-05 0.0136896 0.200535 9.9982E-05 0.727004 0.0585719
9.9973E-05 9.9973E-05 0.114479 9.9973E-05 0.476247 0.408974
0.00350697 0.00912887 0.109422 9.9991E-05 0.323017 0.554826
0.014247 0.0133291 0.945706 0.0116386 0.0127659 0.00231328
9.9964E-05 9.9964E-05 0.855888 9.9964E-05 9.9964E-05 0.143712
9.999E-05 0.0279554 0.356896 0.00988201 0.00643507 0.598731
9.9982E-05 9.9982E-05 0.192171 0.0200212 0.1062 0.681408
0.000634619 9.9982E-05 0.379364 9.9982E-05 0.0278231 0.591979
9.9973E-05 9.9973E-05 0.122771 9.9973E-05 0.859139 0.0177906
0.00480945 9.9973E-05 0.649996 9.9973E-05 9.9973E-05 0.344894
0.00713207 0.00843029 0.510324 9.9991E-05 0.297365 0.176649
9.9973E-05 9.9973E-05 0.172316 9.9973E-05 0.219441 0.607943
0.0297385 0.419174 0.222113 0.0146635 0.314212 9.9991E-05
0.00667642 9.9973E-05 0.950088 9.9973E-05 0.0429356 9.9973E-05
0.0310578 9.9991E-05 0.121387 0.0285118 0.373741 0.445202
0.00119692 9.9982E-05 0.964674 9.9982E-05 0.00963632 0.0242926
9.9982E-05 9.9982E-05 0.310277 0.0207679 0.0196172 0.649138
9.999E-05 0.000153405 0.398597 0.0168678 0.0595047 0.524777
9.9982E-05 0.0126211 9.9982E-05 0.905919 0.00533519 0.075925
9.9982E-05 0.0120995 0.208636 9.9982E-05 0.517466 0.261598
0.00440403 0.000802259 0.437676 0.0185223 9.9991E-05 0.538496
0.0110395 9.9982E-05 0.232633 9.9982E-05 0.244129 0.511998
9.9982E-05 0.0117865 0.952538 0.00141683 9.9982E-05 0.0340591
9.9964E-05 9.9964E-05 0.858053 9.9964E-05 9.9964E-05 0.141547
9.996E-05 9.996E-05 0.9995 9.996E-05 9.996E-05 9.996E-05
9.9982E-05 9.9982E-05 0.157651 0.00266453 0.710463 0.129022
9.9964E-05 9.9964E-05 0.922478 9.9964E-05 0.0771226 9.9964E-05
9.9964E-05 9.9964E-05 0.962601 9.9964E-05 0.0369995 9.9964E-05
9.9973E-05 9.9973E-05 0.15969 9.9973E-05 0.704769 0.135242
9.9964E-05 9.9964E-05 0.972456 9.9964E-05 0.0271438 9.9964E-05
0.00306454 9.9982E-05 0.232899 9.9982E-05 0.376707 0.387129
9.9964E-05 9.9964E-05 0.724232 9.9964E-05 9.9964E-05 0.275368
0.0253599 9.9991E-05 0.0742436 0.0191456 0.273809 0.607342
9.9964E-05 9.9964E-05 9.9964E-05 9.9964E-05 0.59438 0.405221
9.9982E-05 9.9982E-05 0.324388 0.0541775 0.0635917 0.557643
0.0106355 0.00487116 0.105049 0.014454 0.703618 0.161372
0.010859 9.9982E-05 0.968148 0.0133242 0.00746855 9.9982E-05
9.9973E-05 0.000151 0.861552 9.9973E-05 9.9973E-05 0.137997
0.00386595 9.9973E-05 0.845324 9.9973E-05 9.9973E-05 0.15051
9.9982E-05 0.0300726 0.803952 9.9982E-05 0.0378535 0.127922
9.996E-05 0.9995 9.996E-05 9.996E-05 9.996E-05 9.996E-05
9.9982E-05 0.00298356 0.883415 9.9982E-05 0.052133 0.0612686
9.9964E-05 9.9964E-05 0.941212 9.9964E-05 9.9964E-05 0.0583878
9.996E-05 0.9995 9.996E-05 9.996E-05 9.996E-05 9.996E-05
9.9964E-05 9.9964E-05 0.74519 9.9964E-05 9.9964E-05 0.25441
0.0125461 9.9982E-05 0.543218 9.9982E-05 0.00385128 0.440185
9.9964E-05 9.9964E-05 0.798 9.9964E-05 9.9964E-05 0.2016
9.9973E-05 9.9973E-05 0.643827 0.00819352 9.9973E-05 0.347679
0.0233202 0.0339278 0.519134 0.00988428 0.413634 9.9991E-05
9.9982E-05 9.9982E-05 0.380468 0.0688939 0.150058 0.40038
0.0285638 9.9982E-05 0.761695 0.0355527 0.173989 9.9982E-05
9.9982E-05 0.0062867 0.954556 0.00523534 9.9982E-05 0.0337225
0.00754002 0.00724035 0.955903 9.9982E-05 0.029117 9.9982E-05
9.9982E-05 0.0106886 0.808356 0.00603879 9.9982E-05 0.174716
9.9964E-05 9.9964E-05 0.826669 9.9964E-05 9.9964E-05 0.172931
9.996E-05 9.996E-05 0.9995 9.996E-05 9.996E-05 9.996E-05
0.00934527 9.99731E-05 9.99731E-05 0.842275 0.14808 9.99731E-05
0.012248 9.9982E-05 0.963368 0.00944115 0.0147431 9.9982E-05
0.0197605 0.00604614 0.3986 0.0426011 0.115296 0.417696
9.9973E-05 0.00772529 0.989508 9.9973E-05 9.9973E-05 0.00246675
0.00428771 9.9973E-05 0.961065 9.9973E-05 0.0343476 9.9973E-05
9.9982E-05 0.00108034 0.754735 0.00449029 9.9982E-05 0.239495
9.9964E-05 9.9964E-05 0.762672 9.9964E-05 9.9964E-05 0.236928
9.9982E-05 9.9982E-05 0.206239 0.00408097 0.144675 0.644805
9.996E-05 0.9995 9.996E-05 9.996E-05 9.996E-05 9.996E-05
0.00365494 9.9991E-05 0.329781 0.0212314 0.183443 0.46179
0.0234235 0.00692671 0.81899 0.0297359 0.120824 9.9991E-05
0.0095199 0.00436712 0.846384 0.0176296 9.9991E-05 0.121999
9.9973E-05 9.9973E-05 0.930143 0.0268669 0.0426905 9.9973E-05
0.00278982 9.9982E-05 0.972825 0.00225607 0.0219288 9.9982E-05
0.00758494 0.0278306 0.881584 9.9982E-05 0.0828007 9.9982E-05
0.00397205 9.9964E-05 0.995628 9.9964E-05 9.9964E-05 9.9964E-05
9.9982E-05 9.9982E-05 0.225602 0.00531846 0.273216 0.495663
9.9964E-05 9.9964E-05 0.974862 9.9964E-05 9.9964E-05 0.0247385
9.9982E-05 0.0112832 9.9982E-05 0.683522 0.277037 0.0279573
9.9973E-05 9.9973E-05 0.672105 0.010995 9.9973E-05 0.3166
0.00504981 9.9973E-05 0.961674 9.9973E-05 9.9973E-05 0.0329759
0.0673331 0.401682 0.101647 0.0591572 0.370081 9.9991E-05
0.018369 0.0520255 0.425631 9.9982E-05 0.503774 9.9982E-05
0.00853656 0.0108673 0.461903 9.9991E-05 0.206483 0.31211
0.0146732 0.00527015 0.872403 9.9982E-05 9.9982E-05 0.107454
9.9973E-05 9.9973E-05 0.939343 0.000459678 0.0598976 9.9973E-05
0.9995 9.996E-05 9.996E-05 9.996E-05 9.996E-05 9.996E-05
9.9973E-05 0.00159673 0.665611 9.9973E-05 9.9973E-05 0.332493
9.99639E-05 9.99639E-05 0.683423 9.99639E-05 9.99639E-05 0.316177
9.9973E-05 9.9973E-05 0.323886 9.9973E-05 0.0792111 0.596603
0.00562099 9.9991E-05 0.294178 0.026821 0.0292041 0.644076
9.9973E-05 9.9973E-05 0.257789 9.9973E-05 0.00642155 0.73549
9.9973E-05 9.9973E-05 0.959754 0.00242259 0.0375236 9.9973E-05
9.9964E-05 9.9964E-05 0.691155 9.9964E-05 9.9964E-05 0.308445
9.9964E-05 9.9964E-05 0.940833 9.9964E-05 9.9964E-05 0.0587673
9.9973E-05 9.9973E-05 0.548322 0.00280515 9.9973E-05 0.448573
9.9982E-05 0.0143858 0.13718 9.9982E-05 0.756862 0.0913717
9.9964E-05 9.9964E-05 0.939881 9.9964E-05 0.0597191 9.9964E-05
9.9982E-05 9.9982E-05 0.333645 0.0607398 0.124697 0.480718
0.0138633 0.0260159 0.428062 9.9991E-05 0.0380963 0.493863
9.9982E-05 0.0168939 9.9982E-05 0.837862 0.114359 0.0306849
9.99639E-05 9.99639E-05 0.687336 9.99639E-05 9.99639E-05 0.312264
9.9973E-05 0.00101803 0.982128 9.9973E-05 9.9973E-05 0.0165538
9.996E-05 9.996E-05 0.9995 9.996E-05 9.996E-05 9.996E-05
9.9982E-05 0.0175428 0.149376 9.9982E-05 0.123196 0.709685
9.996E-05 0.9995 9.996E-05 9.996E-05 9.996E-05 9.996E-05
0.0058946 0.0126975 0.162965 9.9991E-05 0.0662476 0.752096
9.9973E-05 9.9973E-05 0.839713 0.036672 9.9973E-05 0.123316
0.00466134 9.9982E-05 0.93089 0.0145779 0.0496704 9.9982E-05
9.9964E-05 9.9964E-05 0.280097 9.9964E-05 9.9964E-05 0.719504
9.996E-05 0.9995 9.996E-05 9.996E-05 9.996E-05 9.996E-05
0.00429037 0.0299456 9.9982E-05 0.665261 0.300303 9.9982E-05
9.9973E-05 0.00418796 0.753078 9.9973E-05 9.9973E-05 0.242434
9.9964E-05 9.9964E-05 0.842887 9.9964E-05 9.9964E-05 0.156713
9.9964E-05 9.9964E-05 0.357879 9.9964E-05 9.9964E-05 0.641721
9.9973E-05 9.9973E-05 0.958364 0.0181718 0.0231647 9.9973E-05
9.9982E-05 0.0401709 0.0416467 9.9982E-05 0.525513 0.39247
0.0987762 0.520863 0.0460183 0.142226 0.176868 0.0152489
0.000850494 9.9982E-05 0.927228 0.036715 9.9982E-05 0.035007
9.9964E-05 9.9964E-05 0.65295 9.9964E-05 9.9964E-05 0.34665
9.9964E-05 9.9964E-05 9.9964E-05 0.991049 9.9964E-05 0.00855158
9.9973E-05 0.00300091 0.901184 9.9973E-05 9.9973E-05 0.0955148
9.9964E-05 9.9964E-05 0.575401 9.9964E-05 9.9964E-05 0.424199
9.9964E-05 9.9964E-05 0.902453 9.9964E-05 9.9964E-05 0.0971467
0.00144932 9.9982E-05 0.313303 9.9982E-05 0.137839 0.547209
9.9982E-05 0.0137501 0.288433 9.9982E-05 0.169578 0.528039
9.9982E-05 0.00134116 0.209485 9.9982E-05 0.341212 0.447762
0.0182035 9.9982E-05 0.0495115 9.9982E-05 0.633884 0.298201
9.9973E-05 9.9973E-05 0.733271 0.00889194 9.9973E-05 0.257537
9.9982E-05 0.0094754 0.928779 0.00825025 9.9982E-05 0.0532955
9.9982E-05 0.0212615 0.765331 0.00881853 9.9982E-05 0.204389
0.0572878 0.859521 0.00431951 0.000357379 0.07231 0.00620466
9.9973E-05 9.9973E-05 0.913773 0.0242705 0.0616566 9.9973E-05
0.0138361 0.96266 9.9982E-05 0.0113518 9.9982E-05 0.0119517
9.9973E-05 9.9973E-05 0.773145 0.0088463 9.9973E-05 0.217709
9.99639E-05 9.99639E-05 0.05078 0.94882 9.99639E-05 9.99639E-05
9.9973E-05 9.9973E-05 0.161073 9.9973E-05 0.0739262 0.764701
9.9973E-05 9.9973E-05 0.118548 9.9973E-05 0.311433 0.569719
0.0300978 9.9991E-05 0.151932 0.0315039 0.145192 0.641175
9.9973E-05 9.9973E-05 0.651604 0.0108451 9.9973E-05 0.337251
9.9982E-05 0.0355874 0.261151 9.9982E-05 0.268349 0.434712
9.9964E-05 9.9964E-05 0.990942 9.9964E-05 0.00865775 9.9964E-05
0.0119117 0.00413626 0.542146 0.00536457 9.9991E-05 0.436342
0.013637 0.00915728 0.31514 0.014871 0.647095 9.9991E-05
0.00225656 0.0162728 0.754389 9.9991E-05 0.105359 0.121622
0.0225206 9.9991E-05 0.884821 0.00456925 0.00993689 0.0780519
9.99729E-05 0.00258804 0.0263479 0.970764 9.99729E-05 9.99729E-05
9.9991E-05 0.00246386 0.101632 0.0596181 0.708585 0.127602
9.9964E-05 9.9964E-05 9.9964E-05 0.972877 9.9964E-05 0.0267228
9.9964E-05 9.9964E-05 0.760971 9.9964E-05 9.9964E-05 0.238629
0.0190571 0.000507749 0.244497 0.0502585 0.616362 0.0693173
0.00135857 0.0078293 0.244116 0.041317 0.699905 0.00547406
9.9973E-05 0.0207349 0.822389 9.9973E-05 9.9973E-05 0.156576
9.9964E-05 0.000252331 0.999348 9.9964E-05 9.9964E-05 9.9964E-05
9.9964E-05 0.995631 9.9964E-05 0.00396923 9.9964E-05 9.9964E-05
9.9973E-05 9.9973E-05 9.9973E-05 0.0354419 0.770591 0.193667
9.9973E-05 0.00353018 0.793198 9.9973E-05 9.9973E-05 0.202972
0.0243612 0.0477236 0.13299 0.405937 0.388888 9.9991E-05
9.9964E-05 9.9964E-05 0.94719 9.9964E-05 0.0524103 9.9964E-05
0.9995 9.996E-05 9.996E-05 9.996E-05 9.996E-05 9.996E-05
0.00495298 0.013072 0.885507 9.9991E-05 0.0684861 0.0278818
0.614305 0.0272974 0.136478 9.9982E-05 0.221719 9.9982E-05
0.00203129 0.0277409 0.219371 0.00849526 0.0621846 0.680177
0.000621229 9.9973E-05 0.94583 9.9973E-05 0.0532491 9.9973E-05
0.00682805 9.9964E-05 0.992772 9.9964E-05 9.9964E-05 9.9964E-05
9.9973E-05 9.9973E-05 0.0529065 9.9973E-05 0.683477 0.263316
9.9964E-05 9.9964E-05 0.88526 9.9964E-05 0.11434 9.9964E-05
9.9964E-05 9.9964E-05 9.9964E-05 0.972494 9.9964E-05 0.0271064
9.9964E-05 0.00135564 0.998245 9.9964E-05 9.9964E-05 9.9964E-05
0.9995 9.996E-05 9.996E-05 9.996E-05 9.996E-05 9.996E-05
9.996E-05 9.996E-05 0.9995 9.996E-05 9.996E-05 9.996E-05
9.9982E-05 9.9982E-05 0.263698 0.0319974 0.115618 0.588487
0.0202159 0.0190614 0.457472 9.9991E-05 0.0451708 0.457979
9.9973E-05 9.9973E-05 0.0443733 9.9973E-05 0.666532 0.288794
0.0118836 0.0286515 0.328382 9.9991E-05 0.415153 0.215829
9.9991E-05 0.0498453 0.143854 0.0100055 0.685392 0.110803
9.996E-05 9.996E-05 0.9995 9.996E-05 9.996E-05 9.996E-05
9.9973E-05 9.9973E-05 0.462343 0.0440032 9.9973E-05 0.493354
9.9964E-05 9.9964E-05 0.951346 9.9964E-05 9.9964E-05 0.0482542
9.9991E-05 0.0150357 0.289664 0.0608907 0.280806 0.353503
0.00564381 9.9982E-05 0.0751422 9.9982E-05 0.388805 0.530209
0.0105462 9.9991E-05 0.907839 0.0152348 0.0460487 0.020231
9.9973E-05 0.00715305 0.599714 9.9973E-05 9.9973E-05 0.392833
9.9973E-05 0.0123769 0.808017 9.9973E-05 9.9973E-05 0.179307
9.9964E-05 9.9964E-05 0.917242 9.9964E-05 0.0823582 9.9964E-05
0.0266821 0.0115426 0.375059 0.0561877 0.530429 9.9991E-05
0.0014519 0.014343 0.4212 9.9991E-05 0.137344 0.425561
0.0216388 9.9991E-05 0.455626 0.0201616 0.258015 0.244459
0.895878 0.00817855 9.9991E-05 0.0362255 0.0219723 0.0376459
9.9973E-05 9.9973E-05 0.908543 0.00129735 0.0898595 9.9973E-05
9.9964E-05 9.9964E-05 0.955085 9.9964E-05 0.0445156 9.9964E-05
0.0155328 9.9982E-05 0.930634 9.9982E-05 0.00213272 0.0515002
9.99639E-05 9.99639E-05 0.0368091 0.962791 9.99639E-05 9.99639E-05
0.00496286 9.9982E-05 0.797018 9.9982E-05 0.026837 0.170982
9.9973E-05 9.9973E-05 0.0959124 9.9973E-05 0.712233 0.191555
9.9991E-05 0.0110531 0.49218 0.0118184 0.0227174 0.462131
0.0100728 0.00364939 0.982973 0.00310498 9.9982E-05 9.9982E-05
9.9982E-05 9.9982E-05 0.848011 0.015497 0.0909272 0.045365
9.9964E-05 9.9964E-05 0.999282 9.9964E-05 0.000318235 9.9964E-05
9.9982E-05 0.0266809 0.076877 9.9982E-05 0.660738 0.235504
0.779167 0.0358008 0.0219608 0.0318576 0.131114 9.9991E-05
9.9964E-05 9.9964E-05 9.9964E-05 9.9964E-05 0.787947 0.211653
9.9982E-05 0.0245198 0.639671 0.00032243 9.9982E-05 0.335287
0.957705 0.0162134 9.9973E-05 9.9973E-05 0.0257812 9.9973E-05
0.0143796 9.9991E-05 0.658411 0.0395089 0.0727196 0.214881
9.9964E-05 9.9964E-05 0.428364 9.9964E-05 9.9964E-05 0.571236
9.9982E-05 0.00699833 0.89379 0.0223398 0.0766714 9.9982E-05
9.9964E-05 9.9964E-05 0.985336 9.9964E-05 0.0142645 9.9964E-05
0.00740147 0.0100681 0.932201 9.9982E-05 0.0501295 9.9982E-05
9.9973E-05 9.9973E-05 0.544483 9.9973E-05 0.247437 0.207781
9.99639E-05 9.99639E-05 0.0468684 0.952732 9.99639E-05 9.99639E-05
9.996E-05 9.996E-05 0.9995 9.996E-05 9.996E-05 9.996E-05
9.9973E-05 9.9973E-05 0.0815016 9.9973E-05 0.326837 0.591362
9.9964E-05 9.9964E-05 0.575816 9.9964E-05 9.9964E-05 0.423784
0.0104179 9.9973E-05 0.0136104 0.975672 9.9973E-05 9.9973E-05
9.9973E-05 9.9973E-05 0.0540087 9.9973E-05 0.520363 0.425329
0.0427275 9.9973E-05 0.191482 9.9973E-05 0.76549 9.9973E-05
9.9982E-05 9.9982E-05 0.24802 0.0488074 0.252623 0.45035
9.9964E-05 9.9964E-05 0.0791106 0.92049 9.9964E-05 9.9964E-05
9.9964E-05 9.9964E-05 0.59717 9.9964E-05 9.9964E-05 0.40243
0.9995 9.996E-05 9.996E-05 9.996E-05 9.996E-05 9.996E-05
0.000157389 0.00683353 0.663643 9.9982E-05 9.9982E-05 0.329167
9.9973E-05 0.0176378 0.934561 9.9973E-05 9.9973E-05 0.0475017
0.995976 9.9964E-05 9.9964E-05 9.9964E-05 9.9964E-05 0.00362452
9.9964E-05 9.9964E-05 0.93333 9.9964E-05 9.9964E-05 0.0662698
0.0140732 0.904561 9.9991E-05 0.0251722 0.0187355 0.0373586
9.9982E-05 0.00779063 0.32588 9.9982E-05 0.0841532 0.581976
0.00551082 9.9982E-05 0.950509 0.0179351 0.0258455 9.9982E-05
0.00123974 9.9991E-05 0.0853012 0.0508132 0.668658 0.193888
0.00696612 9.9982E-05 0.76607 9.9982E-05 0.0453862 0.181377
0.912579 0.0219259 9.9973E-05 9.9973E-05 0.0651953 9.9973E-05
0.0136677 9.9991E-05 0.395578 0.00737039 0.0807579 0.502526
