0.839654 0.160246 9.9991E-05
0.993209 9.9991E-05 0.00669073
0.999593 9.9991E-05 0.000306551
0.827036 0.172864 9.9991E-05
0.486185 0.505073 0.00874168
0.499133 0.33134 0.169526
0.442227 0.557673 9.9991E-05
0.411883 0.570026 0.0180916
0.964492 9.9991E-05 0.0354082
0.952961 0.0469387 9.9991E-05
0.484936 0.514964 9.9991E-05
0.398037 0.601863 9.9991E-05
0.546664 0.453236 9.9991E-05
0.496772 0.318034 0.185194
0.792813 0.207087 9.9991E-05
0.713155 0.236749 0.050096
0.417625 0.582275 9.9991E-05
0.396428 0.0270526 0.576519
0.975723 9.9991E-05 0.0241767
0.401976 0.5371 0.060924
0.991858 0.00504418 0.00309782
0.489764 0.510136 9.9991E-05
0.578615 0.421285 9.9991E-05
0.0768627 0.593789 0.329348
0.587343 0.412557 9.9991E-05
0.466141 0.533759 9.9991E-05
0.994932 9.9991E-05 0.00496847
0.940577 0.0593227 9.9991E-05
0.9998 9.999E-05 9.999E-05
0.487846 0.387398 0.124756
0.992557 9.9991E-05 0.00734267
0.9998 9.999E-05 9.999E-05
0.495659 0.370965 0.133377
0.9998 9.999E-05 9.999E-05
0.51778 0.455224 0.0269958
0.859165 0.140735 9.9991E-05
0.353665 0.645444 0.000890245
0.319579 0.604697 0.0757246
0.471103 0.528797 9.9991E-05
0.43882 0.41458 0.1466
0.976744 9.9991E-05 0.0231556
0.937011 0.0628888 9.9991E-05
0.920609 0.0792912 9.9991E-05
0.879176 0.0912191 0.0296048
0.0313665 9.9991E-05 0.968533
0.958821 0.0410792 9.9991E-05
0.9998 9.999E-05 9.999E-05
0.0249395 9.9991E-05 0.97496
0.850598 0.149302 9.9991E-05
0.666917 0.332983 9.9991E-05
0.894916 0.104984 9.9991E-05
0.772201 0.227699 9.9991E-05
0.741787 0.0798639 0.178349
0.586517 0.413383 9.9991E-05
0.891105 0.00739016 0.101505
0.9998 9.999E-05 9.999E-05
0.985028 9.9991E-05 0.0148722
0.881494 0.118406 9.9991E-05
0.92832 0.0715802 9.9991E-05
0.9998 9.999E-05 9.999E-05
0.0894156 0.566374 0.344211
0.984654 9.9991E-05 0.0152457
0.562674 0.419016 0.0183098
0.99883 9.9991E-05 0.00106961
0.993038 9.9991E-05 0.00686182
0.858698 0.141202 9.9991E-05
0.854058 0.145842 9.9991E-05
0.405765 0.594135 9.9991E-05
0.0271434 9.9991E-05 0.972757
0.526383 0.473517 9.9991E-05
0.910446 9.9991E-05 0.0894544
0.952972 0.0469284 9.9991E-05
0.97325 9.9991E-05 0.0266502
0.995189 9.9991E-05 0.00471059
0.9539 9.9991E-05 0.0460001
0.998044 9.9991E-05 0.00185574
0.452556 0.547344 9.9991E-05
0.9998 9.999E-05 9.999E-05
0.14123 0.537117 0.321653
0.772639 0.227261 9.9991E-05
0.987958 0.00192312 0.0101191
0.240331 0.166839 0.59283
0.702136 0.0781551 0.219709
0.634886 0.335051 0.0300631
0.949692 0.0469449 0.003363
0.998184 9.9991E-05 0.00171618
9.999E-05 9.999E-05 0.9998
0.780863 0.219037 9.9991E-05
0.800104 0.199796 9.9991E-05
0.51342 0.48648 9.9991E-05
0.459067 0.540833 9.9991E-05
0.434558 0.565342 9.9991E-05
0.993488 9.9991E-05 0.0064121
0.818927 0.180973 9.9991E-05
0.998892 0.00100785 9.9991E-05
0.669245 0.330655 9.9991E-05
0.461919 0.370185 0.167896
0.982682 9.9991E-05 0.0172179
0.506085 0.493815 9.9991E-05
0.586546 0.413354 9.9991E-05
0.00826153 0.639526 0.352213
0.9998 9.999E-05 9.999E-05
0.9998 9.999E-05 9.999E-05
0.383184 0.616716 9.9991E-05
0.0441781 9.9991E-05 0.955722
0.371532 0.628368 9.9991E-05
0.916091 0.0838089 9.9991E-05
0.96983 9.9991E-05 0.0300697
0.45226 0.54764 9.9991E-05
0.0238807 9.9991E-05 0.976019
0.157955 0.481668 0.360378
0.826015 0.173885 9.9991E-05
0.934738 0.0651615 9.9991E-05
0.511397 0.488503 9.9991E-05
0.977616 9.9991E-05 0.0222842
0.362349 0.549497 0.0881542
0.150198 0.139313 0.710489
0.965847 0.0262682 0.00788509
0.77546 0.22444 9.9991E-05
0.0839922 0.576127 0.339881
0.977118 0.0227816 9.9991E-05
0.697668 0.302232 9.9991E-05
0.985011 0.0148892 9.9991E-05
0.515652 0.484248 9.9991E-05
0.515907 0.483993 9.9991E-05
0.462437 0.534475 0.00308791
0.413536 0.505468 0.0809958
0.810447 0.189453 9.9991E-05
0.984215 0.015685 9.9991E-05
0.868478 0.131422 9.9991E-05
0.0650159 0.01544 0.919544
0.96973 0.0072232 0.023047
0.0359066 0.00693904 0.957154
0.865934 0.133966 9.9991E-05
0.190798 0.459463 0.34974
0.362126 0.637774 9.9991E-05
0.393196 0.606704 9.9991E-05
0.412029 0.587871 9.9991E-05
0.766395 0.233505 9.9991E-05
0.505441 0.472014 0.022545
0.989651 9.9991E-05 0.0102487
0.67283 0.32707 9.9991E-05
0.600668 0.190702 0.20863
0.856704 0.102318 0.0409784
0.953415 0.0327077 0.0138773
0.144124 0.493293 0.362582
0.426533 0.418355 0.155112
0.0359155 0.60258 0.361505
0.850078 0.149822 9.9991E-05
0.528208 0.311685 0.160107
0.527092 0.298002 0.174905
0.91249 0.0874096 9.9991E-05
0.9998 9.999E-05 9.999E-05
0.0332543 9.9991E-05 0.966646
0.35393 0.518961 0.127109
0.890855 0.109045 9.9991E-05
0.38165 0.280378 0.337972
0.97522 9.9991E-05 0.02468
9.999E-05 9.999E-05 0.9998
0.941117 0.0328964 0.025987
0.245708 9.9991E-05 0.754192
0.429062 0.570838 9.9991E-05
0.991744 9.9991E-05 0.00815558
0.99325 9.9991E-05 0.00665044
0.375471 0.519591 0.104938
0.953084 9.9991E-05 0.046816
0.0591615 0.623484 0.317354
0.9998 9.999E-05 9.999E-05
9.999E-05 9.999E-05 0.9998
0.9998 9.999E-05 9.999E-05
0.457982 0.541918 9.9991E-05
0.597648 0.402252 9.9991E-05
0.397301 0.524162 0.0785369
0.552007 0.340014 0.10798
0.451876 0.363088 0.185036
0.9998 9.999E-05 9.999E-05
0.577895 0.422005 9.9991E-05
0.9998 9.999E-05 9.999E-05
0.521022 0.426417 0.052561
0.385537 0.608465 0.00599786
0.953702 0.0225082 0.0237896
0.743317 0.256583 9.9991E-05
0.892024 0.107876 9.9991E-05
0.988721 0.00660816 0.0046708
0.630142 0.153938 0.21592
0.615938 0.383962 9.9991E-05
0.634817 0.314327 0.0508568
9.9991E-05 0.00474654 0.995153
0.977575 9.9991E-05 0.0223251
0.9998 9.999E-05 9.999E-05
0.975747 0.0138466 0.0104061
0.14552 0.48126 0.37322
0.873214 0.126686 9.9991E-05
0.43617 0.460439 0.103391
0.624049 0.375851 9.9991E-05
0.986183 9.9991E-05 0.0137169
0.936332 0.052205 0.0114635
0.998926 9.9991E-05 0.000974203
0.423886 0.447751 0.128362
0.0915506 9.9991E-05 0.908349
0.356586 0.507198 0.136216
0.751257 0.248643 9.9991E-05
9.999E-05 9.999E-05 0.9998
0.781851 0.209904 0.00824475
0.558297 0.441603 9.9991E-05
0.941948 0.00951359 0.0485381
0.993523 9.9991E-05 0.00637657
0.963695 9.9991E-05 0.0362054
0.712792 0.266956 0.0202522
0.17676 0.458502 0.364737
0.9998 9.999E-05 9.999E-05
0.375422 0.624478 9.9991E-05
0.697182 0.302718 9.9991E-05
0.126319 0.504993 0.368688
0.362793 0.60699 0.0302176
0.514628 0.25512 0.230251
0.484896 0.515004 9.9991E-05
0.175752 0.49169 0.332557
0.759607 0.240293 9.9991E-05
9.999E-05 9.999E-05 0.9998
0.777976 0.221924 9.9991E-05
0.995315 9.9991E-05 0.00458485
9.999E-05 9.999E-05 0.9998
0.98932 0.0105802 9.9991E-05
0.0741828 0.0515572 0.87426
0.537803 0.462097 9.9991E-05
0.97625 0.0142295 0.00952032
0.405201 0.466884 0.127915
0.88166 0.117535 0.000805182
9.999E-05 9.999E-05 0.9998
0.547359 0.452541 9.9991E-05
