0.00273819 0.00527707 0.605108 0.0169021 9.9982E-05 0.360719 9.9982E-05 0.00905619
9.9946E-05 9.9946E-05 0.970004 0.0293961 9.9946E-05 9.9946E-05 9.9946E-05 9.9946E-05
0.0109576 0.01691 0.9503 9.9973E-05 0.00853494 0.0129973 9.9973E-05 9.9973E-05
0.00350392 9.9982E-05 0.611014 9.9982E-05 0.180183 0.190357 0.000834692 0.0139075
0.0446103 0.0216405 0.0732301 0.304161 0.0992326 0.456926 9.9982E-05 9.9982E-05
9.9973E-05 9.9973E-05 0.191857 0.695941 0.0444301 0.0569634 9.9973E-05 0.0105076
9.9973E-05 0.331758 0.14036 0.266777 0.237117 0.0236887 9.9973E-05 9.9973E-05
9.9946E-05 9.9946E-05 0.0629367 9.9946E-05 0.936464 9.9946E-05 9.9946E-05 9.9946E-05
9.999E-05 0.0117901 0.905753 0.0022552 0.0150314 0.0312074 0.00854776 0.0253155
9.9946E-05 9.9946E-05 0.732867 9.9946E-05 9.9946E-05 0.266533 9.9946E-05 9.9946E-05
9.9973E-05 0.359394 0.166156 9.9973E-05 0.0661706 0.386134 9.9973E-05 0.021845
9.9964E-05 0.362884 9.9964E-05 0.0920957 9.9964E-05 0.540282 9.9964E-05 0.00433828
9.9973E-05 0.222724 0.163445 0.020849 0.0517425 0.540939 9.9973E-05 9.9973E-05
9.9955E-05 9.9955E-05 0.141734 0.782524 0.0752423 9.9955E-05 9.9955E-05 9.9955E-05
9.9955E-05 9.9955E-05 0.487956 9.9955E-05 0.0551649 0.45638 9.9955E-05 9.9955E-05
9.9982E-05 0.0573167 0.445736 0.283636 0.0168671 0.192729 9.9982E-05 0.00351502
0.00316904 0.625953 0.200904 0.00305614 0.166619 9.9973E-05 9.9973E-05 9.9973E-05
0.00570361 9.9973E-05 0.20831 0.319532 9.9973E-05 9.9973E-05 0.0369889 0.429166
9.9955E-05 9.9955E-05 0.985562 0.0110601 9.9955E-05 9.9955E-05 0.00287762 9.9955E-05
0.0306703 0.0245084 0.112901 0.113714 0.701688 9.9982E-05 0.0163183 9.9982E-05
0.00259203 9.9955E-05 0.890923 9.9955E-05 9.9955E-05 0.105986 9.9955E-05 9.9955E-05
0.00674753 0.387969 0.161691 9.9973E-05 0.067928 0.375365 9.9973E-05 9.9973E-05
0.00959992 0.00159546 0.154176 0.0658281 0.120348 0.648253 9.9982E-05 9.9982E-05
0.901905 9.9973E-05 9.9973E-05 0.0118992 0.0207167 0.0548749 9.9973E-05 0.0103038
0.0171226 0.217546 0.270576 9.9973E-05 0.0901456 0.404309 9.9973E-05 9.9973E-05
9.9955E-05 0.0112279 0.214527 9.9955E-05 0.773745 9.9955E-05 9.9955E-05 9.9955E-05
0.00270383 9.9964E-05 0.84787 9.9964E-05 9.9964E-05 0.137194 9.9964E-05 0.011833
9.9946E-05 9.9946E-05 0.734021 9.9946E-05 9.9946E-05 0.265379 9.9946E-05 9.9946E-05
9.9946E-05 9.9946E-05 0.971858 9.9946E-05 9.9946E-05 0.0275419 9.9946E-05 9.9946E-05
9.9964E-05 0.0182534 0.111899 0.691341 9.9964E-05 0.178107 9.9964E-05 9.9964E-05
9.9946E-05 9.9946E-05 0.948599 0.0508013 9.9946E-05 9.9946E-05 9.9946E-05 9.9946E-05
0.00299617 0.00609946 0.975705 0.0147997 9.9964E-05 9.9964E-05 9.9964E-05 9.9964E-05
9.9955E-05 9.9955E-05 0.141391 0.550069 0.30804 9.9955E-05 9.9955E-05 9.9955E-05
0.00639403 9.9955E-05 0.986226 0.00688015 9.9955E-05 9.9955E-05 9.9955E-05 9.9955E-05
9.9973E-05 0.39543 0.18346 0.274119 9.9973E-05 0.136135 0.0105564 9.9973E-05
9.9946E-05 9.9946E-05 0.518043 9.9946E-05 9.9946E-05 0.481358 9.9946E-05 9.9946E-05
0.00728064 0.532712 9.9973E-05 0.168607 9.9973E-05 0.259655 0.0314451 9.9973E-05
0.0053553 0.0601171 9.9964E-05 0.350753 0.583375 9.9964E-05 9.9964E-05 9.9964E-05
0.0498837 0.0394216 0.143074 9.9973E-05 0.386259 0.381061 9.9973E-05 9.9973E-05
9.9955E-05 9.9955E-05 9.9955E-05 0.72661 9.9955E-05 0.26864 0.00425033 9.9955E-05
0.0116515 9.9964E-05 0.96634 9.9964E-05 0.0170713 9.9964E-05 0.00453712 9.9964E-05
9.9964E-05 0.0274792 0.78977 9.9964E-05 0.00198533 0.180365 9.9964E-05 9.9964E-05
9.9964E-05 9.9964E-05 0.740986 9.9964E-05 0.0240957 0.227774 0.00674452 9.9964E-05
9.9973E-05 9.9973E-05 0.654633 0.0607208 0.0075509 0.256729 9.9973E-05 0.0200659
9.9946E-05 9.9946E-05 0.000194953 9.9946E-05 9.9946E-05 9.9946E-05 9.9946E-05 0.999205
9.9964E-05 0.0872777 0.887953 9.9964E-05 0.0221619 9.9964E-05 9.9964E-05 0.0022074
9.9955E-05 9.9955E-05 0.835035 9.9955E-05 9.9955E-05 0.162626 9.9955E-05 0.00183959
9.994E-05 9.994E-05 9.994E-05 9.994E-05 9.994E-05 9.994E-05 9.994E-05 0.9993
9.9946E-05 9.9946E-05 0.572413 9.9946E-05 9.9946E-05 0.426987 9.9946E-05 9.9946E-05
9.9973E-05 0.148879 0.345185 0.00859496 9.9973E-05 0.478586 0.0184545 9.9973E-05
9.99549E-05 9.99549E-05 0.650584 9.99549E-05 0.04824 0.300676 9.99549E-05 9.99549E-05
0.0121172 0.0340861 0.483624 9.9964E-05 9.9964E-05 0.469773 9.9964E-05 9.9964E-05
0.0152421 9.9973E-05 0.532897 0.407913 9.9973E-05 9.9973E-05 0.00788916 0.0357587
0.0383239 9.9973E-05 0.162937 0.202766 0.101132 0.494541 9.9973E-05 9.9973E-05
0.0412937 9.9964E-05 0.788512 0.151186 9.9964E-05 9.9964E-05 0.018608 9.9964E-05
9.9955E-05 9.9955E-05 0.893362 9.9955E-05 9.9955E-05 0.1056 9.9955E-05 0.000538141
9.9964E-05 9.9964E-05 0.974829 0.00289327 0.0201987 9.9964E-05 0.00167918 9.9964E-05
0.0114738 9.9973E-05 0.707217 0.00490597 9.9973E-05 0.27131 9.9973E-05 0.00479297
9.9946E-05 9.9946E-05 0.696296 9.9946E-05 9.9946E-05 0.303104 9.9946E-05 9.9946E-05
9.9946E-05 9.9946E-05 0.960289 9.9946E-05 9.9946E-05 0.0391112 9.9946E-05 9.9946E-05
0.840654 0.057253 9.99641E-05 0.0856563 9.99641E-05 9.99641E-05 0.0160366 9.99641E-05
0.00906767 0.00752739 0.970327 9.9973E-05 0.00129548 9.9973E-05 0.0114825 9.9973E-05
0.00775091 0.051543 0.160053 0.203089 9.9991E-05 0.549405 0.0227473 0.00531151
9.9964E-05 0.00574097 0.959564 9.9964E-05 9.9964E-05 0.0304613 9.9964E-05 0.00383388
9.9946E-05 9.9946E-05 0.99573 9.9946E-05 9.9946E-05 9.9946E-05 0.00367013 9.9946E-05
9.9955E-05 9.9955E-05 0.605319 9.9955E-05 9.9955E-05 0.386952 9.9955E-05 0.00722996
9.9955E-05 0.0188196 0.602207 9.9955E-05 9.9955E-05 0.378473 9.9955E-05 9.9955E-05
0.0160035 0.738355 0.166365 9.9964E-05 9.9964E-05 0.0788765 9.9964E-05 9.9964E-05
9.994E-05 9.994E-05 9.994E-05 9.994E-05 9.994E-05 9.994E-05 9.994E-05 0.9993
0.0145661 9.9973E-05 0.161745 0.0814825 0.436726 0.30518 9.9973E-05 9.9973E-05
0.032352 9.99729E-05 0.826339 0.116118 9.99729E-05 9.99729E-05 0.0201479 0.00474279
0.00421816 9.9973E-05 0.764679 9.9973E-05 9.9973E-05 0.220457 0.00758341 0.00276247
0.0383195 9.9955E-05 0.944693 0.0164878 9.9955E-05 9.9955E-05 9.9955E-05 9.9955E-05
9.9973E-05 0.0034598 0.991507 0.00177914 9.9973E-05 9.9973E-05 0.00174916 0.00120507
9.9955E-05 9.9955E-05 0.920792 0.0522524 9.9955E-05 9.9955E-05 9.9955E-05 0.0264554
9.9955E-05 0.00364417 0.981451 9.9955E-05 9.9955E-05 0.0144054 9.9955E-05 9.9955E-05
9.9964E-05 0.35859 0.085 0.241828 9.9964E-05 0.314182 9.9964E-05 9.9964E-05
9.9955E-05 9.9955E-05 0.942238 9.9955E-05 0.030069 0.0271936 9.9955E-05 9.9955E-05
0.678219 0.0959294 9.9964E-05 0.209386 9.9964E-05 9.9964E-05 9.9964E-05 0.0160653
0.0161567 9.9973E-05 0.492944 9.9973E-05 0.0177022 0.470977 9.9973E-05 0.00192046
9.9955E-05 9.9955E-05 0.896102 9.9955E-05 9.9955E-05 0.100366 9.9955E-05 0.00303146
0.0435958 9.9973E-05 0.0910198 0.397263 9.9973E-05 9.9973E-05 0.0789583 0.388863
0.0143739 9.9973E-05 0.471315 0.467378 9.9973E-05 9.9973E-05 0.00508271 0.0415505
9.9964E-05 9.9964E-05 0.315175 0.191491 0.249273 0.24366 9.9964E-05 9.9964E-05
9.9973E-05 9.9973E-05 0.772708 0.00538189 0.0358795 0.175511 9.9973E-05 0.0102192
0.0128164 9.9955E-05 0.957639 0.029045 9.9955E-05 9.9955E-05 9.9955E-05 9.9955E-05
9.994E-05 9.994E-05 9.994E-05 9.994E-05 9.994E-05 9.994E-05 0.9993 9.994E-05
9.99549E-05 9.99549E-05 0.455398 9.99549E-05 9.99549E-05 0.537612 9.99549E-05 0.00649038
9.99459E-05 9.99459E-05 0.47243 9.99459E-05 9.99459E-05 0.52697 9.99459E-05 9.99459E-05
9.9964E-05 0.257691 0.0853315 0.0943717 9.9964E-05 0.562206 9.9964E-05 9.9964E-05
0.00473247 0.344426 0.0871441 9.9982E-05 0.0572666 0.499128 0.0071028 9.9982E-05
9.9964E-05 0.5068 0.0819582 9.9964E-05 0.106962 0.303881 9.9964E-05 9.9964E-05
0.00712131 9.9955E-05 0.98992 0.00245872 9.9955E-05 9.9955E-05 9.9955E-05 9.9955E-05
9.9946E-05 9.9946E-05 0.473149 9.9946E-05 9.9946E-05 0.526251 9.9946E-05 9.9946E-05
9.9946E-05 9.9946E-05 0.874219 9.9946E-05 9.9946E-05 0.125181 9.9946E-05 9.9946E-05
9.9955E-05 9.9955E-05 0.255868 0.0712148 9.9955E-05 0.672418 9.9955E-05 9.9955E-05
9.9982E-05 0.105884 0.114714 0.701937 0.034721 0.0333231 9.9982E-05 0.0092215
0.00671438 9.9955E-05 0.963589 0.0291967 9.9955E-05 9.9955E-05 9.9955E-05 9.9955E-05
0.0402723 0.135347 0.0863472 0.172069 9.9973E-05 0.565664 9.9973E-05 9.9973E-05
9.9982E-05 9.9982E-05 0.248179 0.000383623 0.375059 0.366134 0.0041236 0.00592124
0.864482 0.0371611 9.99641E-05 0.0966712 9.99641E-05 9.99641E-05 9.99641E-05 0.00128629
9.9955E-05 0.0222863 0.91542 9.9955E-05 9.9955E-05 0.0617934 9.9955E-05 9.9955E-05
9.994E-05 9.994E-05 0.9993 9.994E-05 9.994E-05 9.994E-05 9.994E-05 9.994E-05
9.99639E-05 0.126164 0.000516679 9.99639E-05 0.670311 0.202608 9.99639E-05 9.99639E-05
9.994E-05 9.994E-05 9.994E-05 9.994E-05 9.994E-05 9.994E-05 9.994E-05 0.9993
9.99639E-05 0.694683 0.0511872 9.99639E-05 0.203652 0.0500776 9.99639E-05 9.99639E-05
0.0337355 9.9955E-05 0.703277 9.9955E-05 9.9955E-05 0.262488 9.9955E-05 9.9955E-05
0.0209543 9.9964E-05 0.941807 0.0337996 9.9964E-05 9.9964E-05 0.00303942 9.9964E-05
9.9964E-05 0.388905 0.0542166 9.9964E-05 0.0964443 0.460035 9.9964E-05 9.9964E-05
9.994E-05 9.994E-05 9.994E-05 9.994E-05 9.994E-05 9.994E-05 9.994E-05 0.9993
0.648065 9.9955E-05 9.9955E-05 0.3324 9.9955E-05 9.9955E-05 9.9955E-05 0.0190348
9.9973E-05 0.123326 0.620913 0.00436147 9.9973E-05 0.243636 9.9973E-05 0.00746478
9.9946E-05 9.9946E-05 0.728203 9.9946E-05 9.9946E-05 0.271197 9.9946E-05 9.9946E-05
9.9964E-05 0.297966 0.144217 9.9964E-05 0.0828342 0.474584 9.9964E-05 9.9964E-05
0.0275877 9.9973E-05 0.95489 0.00050362 0.0126691 9.9973E-05 9.9973E-05 0.00404963
9.9982E-05 0.385215 0.0288332 0.354093 0.12039 0.0634435 9.9982E-05 0.0478257
0.133341 9.9982E-05 0.0235407 0.196015 9.9982E-05 0.034037 0.102929 0.509937
0.041805 0.00792471 0.837384 9.9973E-05 9.9973E-05 0.112285 0.000301869 9.9973E-05
9.99639E-05 0.0801624 0.476698 9.99639E-05 0.0545865 0.388153 9.99639E-05 9.99639E-05
0.9993 9.994E-05 9.994E-05 9.994E-05 9.994E-05 9.994E-05 9.994E-05 9.994E-05
9.9964E-05 0.0492142 0.828889 9.9964E-05 9.9964E-05 0.11462 9.9964E-05 0.00687722
0.00170599 9.9955E-05 0.302849 9.9955E-05 9.9955E-05 0.694945 9.9955E-05 9.9955E-05
9.9946E-05 9.9946E-05 0.752672 9.9946E-05 9.9946E-05 0.246728 9.9946E-05 9.9946E-05
9.9973E-05 0.692991 0.277359 9.9973E-05 0.0162812 9.9973E-05 0.0121458 0.000923687
9.9982E-05 0.102715 0.18432 0.0243681 0.384798 0.294235 9.9982E-05 0.00936334
9.9964E-05 9.9964E-05 0.0367172 0.326299 0.144311 0.492273 9.9964E-05 9.9964E-05
9.99729E-05 0.335424 0.0590875 0.537254 9.99729E-05 0.0562254 0.0117095 9.99729E-05
0.00678444 9.9955E-05 0.490691 9.9955E-05 9.9955E-05 0.502024 9.9955E-05 9.9955E-05
0.00623168 9.9964E-05 0.867903 9.9964E-05 9.9964E-05 0.120886 9.9964E-05 0.00458037
0.0100849 9.9964E-05 0.590921 9.9964E-05 9.9964E-05 0.371384 9.9964E-05 0.0272102
0.00320094 0.0142816 9.9982E-05 0.0535687 0.0127523 9.9982E-05 0.0631796 0.852817
0.0404017 0.0231624 0.878836 0.0446725 9.9973E-05 0.0126277 9.9973E-05 9.9973E-05
0.00452867 9.9973E-05 9.9973E-05 0.00390085 9.9973E-05 0.0186505 0.0124623 0.960158
0.00353313 9.9955E-05 0.625694 9.9955E-05 9.9955E-05 0.370273 9.9955E-05 9.9955E-05
0.954276 9.99459E-05 0.0451248 9.99459E-05 9.99459E-05 9.99459E-05 9.99459E-05 9.99459E-05
0.000811377 0.524068 9.99639E-05 9.99639E-05 0.0503471 0.424374 9.99639E-05 9.99639E-05
9.9973E-05 0.745408 0.12336 0.0983239 9.9973E-05 0.0175974 0.0150112 9.9973E-05
0.0107648 0.0949288 0.0728377 9.9982E-05 0.732316 0.0776485 0.0113041 9.9982E-05
9.9955E-05 9.9955E-05 0.468028 9.9955E-05 0.0857999 0.445672 9.9955E-05 9.9955E-05
9.9982E-05 0.112481 0.140868 0.216343 0.194299 0.312128 9.9982E-05 0.0236812
9.9964E-05 9.9964E-05 0.932542 0.0132321 9.9964E-05 0.0535311 9.9964E-05 0.000294944
0.013735 0.104654 0.3239 9.9982E-05 9.9982E-05 0.549382 0.00663076 0.00149789
0.0142381 9.9973E-05 0.328412 0.637915 9.9973E-05 9.9973E-05 0.018695 0.000439783
9.9973E-05 9.9973E-05 0.707238 0.0798549 0.0494103 0.152732 9.9973E-05 0.0104652
9.9973E-05 9.9973E-05 0.787151 0.0326676 9.9973E-05 0.169629 0.0075243 0.0027283
0.946467 9.99549E-05 0.0470861 9.99549E-05 9.99549E-05 9.99549E-05 9.99549E-05 0.00594732
0.03167 9.9973E-05 0.0266445 0.742153 0.0261455 0.173087 9.9973E-05 9.9973E-05
0.982903 9.99461E-05 9.99461E-05 9.99461E-05 0.0164972 9.99461E-05 9.99461E-05 9.99461E-05
0.00808922 9.9955E-05 0.585449 9.9955E-05 9.9955E-05 0.405962 9.9955E-05 9.9955E-05
0.0439573 0.0121418 0.212254 0.615249 9.9982E-05 0.110017 0.00617988 9.9982E-05
0.0188194 9.9964E-05 0.230971 0.665491 0.0843192 9.9964E-05 9.9964E-05 9.9964E-05
9.9964E-05 9.9964E-05 0.693804 9.9964E-05 0.00503195 0.275851 9.9964E-05 0.024913
9.9955E-05 0.00368072 0.949434 9.9955E-05 9.9955E-05 0.0463853 9.9955E-05 9.9955E-05
0.010275 9.9946E-05 9.9946E-05 9.9946E-05 9.9946E-05 9.9946E-05 9.9946E-05 0.989125
0.0359229 0.294326 9.99549E-05 0.669251 9.99549E-05 9.99549E-05 9.99549E-05 9.99549E-05
9.9955E-05 9.9955E-05 0.649995 9.9955E-05 0.0181935 0.331312 9.9955E-05 9.9955E-05
0.426829 9.9973E-05 0.156601 0.345586 9.9973E-05 9.9973E-05 0.0277574 0.0429259
9.9955E-05 9.9955E-05 0.972852 0.0196443 9.9955E-05 9.9955E-05 9.9955E-05 0.00700406
9.994E-05 9.994E-05 9.994E-05 9.994E-05 9.994E-05 9.994E-05 0.9993 9.994E-05
9.9982E-05 9.9982E-05 0.846232 0.0455272 0.00262951 0.0931107 0.0050022 0.00729894
9.9964E-05 9.9964E-05 0.129472 0.232089 9.9964E-05 9.9964E-05 0.617298 0.0207415
0.00784086 0.23644 0.0323512 9.9991E-05 0.271078 0.437787 0.00342797 0.010975
9.9964E-05 0.0238092 0.953996 0.0170298 9.9964E-05 9.9964E-05 0.00476557 9.9964E-05
9.9955E-05 9.9955E-05 0.9873 9.9955E-05 0.00999233 9.9955E-05 0.00220755 9.9955E-05
0.00548691 0.379579 0.0697436 0.465073 0.0686836 9.9991E-05 0.000166262 0.0111669
0.00136289 9.9973E-05 0.911223 0.0834887 9.9973E-05 9.9973E-05 0.00351947 0.000105635
0.976538 0.0228619 9.99461E-05 9.99461E-05 9.99461E-05 9.99461E-05 9.99461E-05 9.99461E-05
0.00118237 9.9964E-05 0.964742 9.9964E-05 9.9964E-05 0.0271821 9.9964E-05 0.00649387
9.994E-05 9.994E-05 9.994E-05 9.994E-05 9.994E-05 9.994E-05 0.9993 9.994E-05
9.9946E-05 9.9946E-05 0.994858 9.9946E-05 9.9946E-05 0.00454251 9.9946E-05 9.9946E-05
0.0152598 0.1435 0.0256132 0.182876 9.9973E-05 0.632451 9.9973E-05 9.9973E-05
0.00933377 0.0388551 0.284225 9.9991E-05 0.300485 0.339708 0.0161207 0.0111727
9.9964E-05 0.093036 9.9964E-05 0.619914 0.109404 0.177247 9.9964E-05 9.9964E-05
0.0115587 9.9991E-05 0.251754 0.30084 0.355535 0.0610374 0.00841626 0.0107586
9.9973E-05 9.9973E-05 0.0493715 0.681679 0.0190852 0.202782 9.9973E-05 0.0467824
9.9955E-05 0.00503454 0.988878 9.9955E-05 9.9955E-05 9.9955E-05 9.9955E-05 0.00558719
0.0533094 0.191033 0.280866 9.9973E-05 0.0435755 0.430917 9.9973E-05 9.9973E-05
9.99465E-05 9.99465E-05 0.885507 9.99465E-05 9.99465E-05 0.113893 9.99465E-05 9.99465E-05
0.0506901 9.9982E-05 0.066423 0.307763 0.0480225 0.510552 9.9982E-05 0.0163489
0.020371 0.712736 0.0899135 0.156934 0.0116852 9.9982E-05 0.00816004 9.9982E-05
0.0109741 9.9982E-05 0.83365 0.0283241 0.00453561 0.109956 0.0123595 9.9982E-05
9.9955E-05 9.9955E-05 0.324783 9.9955E-05 9.9955E-05 0.658099 9.9955E-05 0.0166177
0.00913182 9.9964E-05 0.639362 9.9964E-05 9.9964E-05 0.341552 9.9964E-05 0.00955432
9.9955E-05 0.0511388 0.913396 0.0349655 9.9955E-05 9.9955E-05 9.9955E-05 9.9955E-05
0.0419875 9.9973E-05 0.407392 0.517015 9.9973E-05 9.9973E-05 0.0193345 0.0139718
9.9964E-05 9.9964E-05 0.211315 0.158887 0.151174 0.478225 9.9964E-05 9.9964E-05
0.00242304 9.9982E-05 0.365039 0.212424 0.168523 0.229409 0.0219817 9.9982E-05
0.0337182 9.9964E-05 9.9964E-05 9.9964E-05 0.0528924 9.9964E-05 0.905483 0.00750689
0.00542844 9.9955E-05 0.937844 0.0562281 9.9955E-05 9.9955E-05 9.9955E-05 9.9955E-05
9.9946E-05 9.9946E-05 0.983502 0.0158979 9.9946E-05 9.9946E-05 9.9946E-05 9.9946E-05
9.9973E-05 9.9973E-05 0.846916 0.000170574 9.9973E-05 0.143082 0.00885904 0.000672826
0.960148 9.99459E-05 0.0392524 9.99459E-05 9.99459E-05 9.99459E-05 9.99459E-05 9.99459E-05
9.9964E-05 9.9964E-05 0.617912 0.0657013 9.9964E-05 0.306113 0.00987355 9.9964E-05
9.9973E-05 0.0117171 0.0871624 0.597463 0.273316 0.0300416 9.9973E-05 9.9973E-05
0.0203026 0.115959 0.310369 0.0153436 0.111548 0.42471 9.9991E-05 0.00166764
9.9946E-05 9.9946E-05 0.999274 9.9946E-05 9.9946E-05 9.9946E-05 0.000125874 9.9946E-05
0.00642887 0.0715013 0.861537 0.0534377 0.00345343 0.00344216 9.9982E-05 9.9982E-05
9.9946E-05 9.9946E-05 0.991043 9.9946E-05 0.00835717 9.9946E-05 9.9946E-05 9.9946E-05
9.9982E-05 0.20576 0.075323 0.549594 0.124548 0.0252639 9.9982E-05 0.0193112
0.0445331 9.9982E-05 0.0176729 0.134084 9.9982E-05 0.00296013 0.773006 0.0275442
9.9946E-05 0.297172 9.9946E-05 0.702228 9.9946E-05 9.9946E-05 9.9946E-05 9.9946E-05
9.9973E-05 0.0760842 0.48904 9.9973E-05 0.155334 0.272605 9.9973E-05 0.00663682
9.9964E-05 9.9964E-05 0.00164545 0.0474756 9.9964E-05 9.9964E-05 0.932935 0.0175438
0.0321863 9.9973E-05 0.507482 0.0955791 9.9973E-05 0.354388 0.0100647 9.9973E-05
9.99549E-05 0.369798 0.229903 9.99549E-05 9.99549E-05 0.399799 9.99549E-05 9.99549E-05
0.0257404 0.00481164 0.884414 0.0739553 9.9982E-05 9.9982E-05 0.00406331 0.00681548
9.9946E-05 9.9946E-05 0.983565 9.9946E-05 9.9946E-05 0.0158356 9.9946E-05 9.9946E-05
0.0060709 0.00954232 0.928901 0.0399151 9.9973E-05 9.9973E-05 9.9973E-05 0.0152705
9.9964E-05 9.9964E-05 0.39211 0.261855 0.0149106 0.330725 9.9964E-05 9.9964E-05
0.952813 9.99459E-05 0.0465878 9.99459E-05 9.99459E-05 9.99459E-05 9.99459E-05 9.99459E-05
9.9946E-05 9.9946E-05 0.93099 9.9946E-05 9.9946E-05 0.0684107 9.9946E-05 9.9946E-05
0.00329267 0.802808 0.11899 0.0745098 9.9964E-05 9.9964E-05 9.9964E-05 9.9964E-05
9.9955E-05 9.9955E-05 0.34514 9.9955E-05 0.148717 0.505642 9.9955E-05 9.9955E-05
0.964039 9.99549E-05 9.99549E-05 9.99549E-05 9.99549E-05 0.0199632 0.0154986 9.99549E-05
0.00597366 0.602788 0.068855 0.321984 9.9964E-05 9.9964E-05 9.9964E-05 9.9964E-05
9.9964E-05 9.9964E-05 0.125461 0.785127 9.9964E-05 0.0552025 0.0338098 9.9964E-05
0.0325818 0.144847 0.0938615 0.189917 0.204327 0.334266 9.998E-05 9.998E-05
0.927577 9.9946E-05 0.0718238 9.9946E-05 9.9946E-05 9.9946E-05 9.9946E-05 9.9946E-05
9.9955E-05 0.108043 0.400889 9.9955E-05 9.9955E-05 0.490568 9.9955E-05 9.9955E-05
9.994E-05 9.994E-05 9.994E-05 9.994E-05 9.994E-05 9.994E-05 0.9993 9.994E-05
9.99549E-05 9.99549E-05 0.498076 9.99549E-05 0.100722 0.400702 9.99549E-05 9.99549E-05
9.9955E-05 9.9955E-05 0.887728 9.9955E-05 9.9955E-05 0.10519 9.9955E-05 0.00658253
9.994E-05 9.994E-05 9.994E-05 9.994E-05 9.994E-05 9.994E-05 0.9993 9.994E-05
9.9946E-05 9.9946E-05 0.822252 9.9946E-05 9.9946E-05 0.177148 9.9946E-05 9.9946E-05
0.00851259 0.0210245 0.0136994 9.9982E-05 0.0505697 9.9982E-05 0.00338897 0.902605
9.9964E-05 0.119171 0.0389171 0.160402 9.9964E-05 0.68111 9.9964E-05 9.9964E-05
0.0176551 9.9964E-05 0.894297 0.0237974 9.9964E-05 0.0638503 9.9964E-05 9.9964E-05
0.0630978 0.251629 0.130327 0.540902 0.0132498 9.9982E-05 0.00059442 9.9982E-05
9.9982E-05 0.0512114 0.663754 0.0476705 9.9982E-05 0.217621 0.0178734 0.00166958
9.9955E-05 9.9955E-05 9.9955E-05 0.0626313 9.9955E-05 9.9955E-05 0.919954 0.0169146
0.0063415 0.014339 0.134539 0.0896541 0.155154 0.584193 0.0156797 9.9991E-05
