9.9973E-05 0.354748 0.00104639 0.0221813 9.9973E-05 9.9973E-05 0.621724
9.9955E-05 9.9955E-05 9.9955E-05 9.9955E-05 0.0330659 9.9955E-05 0.966434
9.9964E-05 0.0421939 9.9964E-05 9.9964E-05 9.9964E-05 0.00751704 0.949889
0.00806169 0.358473 9.9982E-05 0.00305717 0.0582902 9.9982E-05 0.571917
9.998E-05 0.442816 0.131896 9.998E-05 0.277606 0.039886 0.107596
9.998E-05 0.0604595 0.0146737 9.998E-05 0.733808 0.00807775 0.182781
9.997E-05 0.0717562 0.464389 9.997E-05 0.340714 9.997E-05 0.122841
0.00660046 0.518101 0.165341 9.997E-05 0.309657 9.997E-05 9.997E-05
0.0104002 0.0345247 0.0143967 0.0125535 9.999E-05 0.0132105 0.914815
9.9955E-05 0.249211 9.9955E-05 9.9955E-05 9.9955E-05 9.9955E-05 0.750289
9.9982E-05 0.351385 0.39809 0.0158675 9.9982E-05 0.0120415 0.222415
9.999E-05 0.362039 0.504162 0.0109418 0.0083722 0.0125527 0.101832
9.9973E-05 0.504578 0.247421 9.9973E-05 0.0421549 9.9973E-05 0.205546
9.996E-05 9.996E-05 0.0323289 9.996E-05 0.820962 9.996E-05 0.14631
9.9964E-05 0.533019 9.9964E-05 0.00845063 9.9964E-05 9.9964E-05 0.458131
9.998E-05 0.23286 0.0314213 0.00820514 0.305967 9.998E-05 0.421346
9.9973E-05 0.0679173 0.690612 9.9973E-05 0.046914 9.9973E-05 0.194257
0.0331463 9.9982E-05 9.9982E-05 0.436452 0.29524 0.0169325 0.218029
0.00157287 9.9973E-05 9.9973E-05 9.9973E-05 0.0499804 0.000605918 0.947541
0.0239319 0.189832 0.399713 0.0121993 0.277953 0.0305796 0.0657911
0.000176438 0.0892889 9.9964E-05 9.9964E-05 9.9964E-05 9.9964E-05 0.910135
9.9973E-05 0.311229 0.494767 9.9973E-05 9.9973E-05 0.009998 0.183706
9.9982E-05 0.599894 0.103742 9.9982E-05 0.0998558 0.0220253 0.174283
9.998E-05 0.0683001 0.00719357 0.0140118 0.00976477 0.90053 9.998E-05
9.9973E-05 0.350459 9.9973E-05 9.9973E-05 0.56012 0.0200478 0.0690727
9.9973E-05 0.440614 0.279626 9.9973E-05 9.9973E-05 0.00170593 0.277755
0.00466162 0.270343 0.382871 0.00399246 0.190338 9.9991E-05 0.147694
9.9964E-05 0.117343 9.9964E-05 0.00463158 9.9964E-05 9.9964E-05 0.877626
9.995E-05 0.256759 9.995E-05 9.995E-05 9.995E-05 9.995E-05 0.742741
9.9955E-05 0.0466315 9.9955E-05 9.9955E-05 9.9955E-05 9.9955E-05 0.952869
9.9982E-05 0.152829 0.0470524 9.9982E-05 0.650437 0.0121742 0.137307
9.995E-05 9.995E-05 9.995E-05 9.995E-05 0.0562302 9.995E-05 0.94327
9.9964E-05 9.9964E-05 0.00357044 9.9964E-05 0.00281947 9.9964E-05 0.99321
9.9964E-05 9.9964E-05 0.162145 9.9964E-05 0.66614 9.9964E-05 0.171315
9.9964E-05 9.9964E-05 9.9964E-05 9.9964E-05 0.0206026 0.00296154 0.976036
0.00114817 0.237271 0.295162 9.9982E-05 0.334549 9.9982E-05 0.13167
9.9955E-05 0.477636 9.9955E-05 9.9955E-05 9.9955E-05 9.9955E-05 0.521864
0.0216324 0.284933 0.465825 9.9982E-05 0.222436 0.00497288 9.9982E-05
9.9964E-05 0.0832534 0.405678 9.9964E-05 0.510669 9.9964E-05 9.9964E-05
9.9982E-05 0.552338 0.212364 9.9982E-05 0.0766451 0.0475924 0.110861
9.9982E-05 0.115982 0.121217 9.9982E-05 0.675017 0.0134792 0.0741051
0.00597385 9.9973E-05 0.0135128 9.9973E-05 9.9973E-05 0.0173793 0.962834
9.9964E-05 0.197549 0.0201181 9.9964E-05 9.9964E-05 9.9964E-05 0.781933
0.00915594 0.277191 9.9973E-05 9.9973E-05 9.9973E-05 0.00793068 0.705423
9.9973E-05 0.268234 9.9973E-05 0.0217274 0.0642053 9.9973E-05 0.645533
9.995E-05 9.995E-05 9.995E-05 0.9994 9.995E-05 9.995E-05 9.995E-05
9.9973E-05 9.9973E-05 0.102767 0.000322524 0.00417353 9.9973E-05 0.892437
9.9955E-05 0.138907 9.9955E-05 9.9955E-05 9.9955E-05 9.9955E-05 0.860593
9.995E-05 9.995E-05 9.995E-05 0.9994 9.995E-05 9.995E-05 9.995E-05
9.9955E-05 0.417392 9.9955E-05 9.9955E-05 9.9955E-05 9.9955E-05 0.582109
0.0124477 0.347758 0.238668 9.997E-05 9.997E-05 9.997E-05 0.400826
9.9955E-05 0.328489 9.9955E-05 9.9955E-05 9.9955E-05 9.9955E-05 0.671011
9.997E-05 0.468913 0.00930445 9.997E-05 9.997E-05 0.0066128 0.51487
0.0127092 9.998E-05 9.998E-05 0.0348548 0.414788 0.0123005 0.525148
9.998E-05 0.510954 0.0321068 9.998E-05 0.198297 0.0498431 0.208599
0.0186603 9.997E-05 9.997E-05 9.997E-05 0.144322 0.0424418 0.794276
9.9964E-05 0.0919106 9.9964E-05 0.00145395 9.9964E-05 9.9964E-05 0.906236
0.00297132 9.9973E-05 0.0169871 9.9973E-05 0.0175445 9.9973E-05 0.962197
9.9973E-05 0.273066 9.9973E-05 0.00689579 0.0193115 9.9973E-05 0.700427
9.9955E-05 0.282603 9.9955E-05 9.9955E-05 9.9955E-05 9.9955E-05 0.716897
9.9955E-05 0.0475654 9.9955E-05 9.9955E-05 9.9955E-05 9.9955E-05 0.951935
0.0138748 9.997E-05 0.0729693 9.997E-05 0.0804877 0.832368 9.997E-05
0.013168 9.997E-05 0.0244945 9.997E-05 9.997E-05 0.00397732 0.95806
0.0255408 0.545911 0.0287062 9.999E-05 0.184783 0.0409944 0.173965
9.997E-05 0.0269597 0.0164129 0.0102955 9.997E-05 9.997E-05 0.946032
0.00581002 9.9964E-05 9.9964E-05 9.9964E-05 0.0123405 9.9964E-05 0.98145
9.9964E-05 0.378952 9.9964E-05 0.00420415 9.9964E-05 9.9964E-05 0.616444
9.996E-05 0.371231 0.0317865 9.996E-05 9.996E-05 9.996E-05 0.596583
9.9964E-05 9.9964E-05 0.790982 9.9964E-05 9.9964E-05 0.0170365 0.191581
9.995E-05 9.995E-05 9.995E-05 0.9994 9.995E-05 9.995E-05 9.995E-05
9.997E-05 0.669967 9.997E-05 9.997E-05 0.284214 0.00187963 0.0436394
0.0232877 9.998E-05 9.998E-05 0.00810332 0.100356 0.0305015 0.837551
9.9973E-05 0.22881 9.9973E-05 0.00483885 9.9973E-05 0.0139578 0.752093
9.9964E-05 9.9964E-05 9.9964E-05 9.9964E-05 0.0184065 0.0330062 0.948187
9.99696E-05 9.99696E-05 9.99696E-05 0.00161407 9.99696E-05 0.00634343 0.991643
0.00643167 9.998E-05 0.00666785 0.0266806 0.0362788 9.998E-05 0.923741
0.00443072 0.0162372 0.00842937 9.9973E-05 9.9973E-05 9.9973E-05 0.970603
9.998E-05 0.1871 0.444768 9.998E-05 0.171369 0.0104251 0.186138
9.996E-05 0.0272875 0.0401389 9.996E-05 9.996E-05 9.996E-05 0.932174
9.9973E-05 9.9973E-05 0.0748909 0.0134675 0.229953 0.681389 9.9973E-05
9.9973E-05 0.475188 0.00291536 9.9973E-05 9.9973E-05 0.02462 0.496976
9.9964E-05 0.0792192 9.9964E-05 0.00886329 9.9964E-05 9.9964E-05 0.911518
0.0731123 9.998E-05 9.998E-05 0.399433 0.339285 0.0680088 0.119961
0.00124072 9.998E-05 9.998E-05 0.0483883 0.515017 0.019475 0.415679
9.996E-05 0.437812 9.996E-05 9.996E-05 0.319765 9.996E-05 0.242023
0.00533833 0.193245 9.998E-05 0.00602193 0.0431863 9.998E-05 0.752008
9.9964E-05 9.9964E-05 9.9964E-05 9.9964E-05 0.046126 0.0115981 0.941876
0.9994 9.995E-05 9.995E-05 9.995E-05 9.995E-05 9.995E-05 9.995E-05
9.996E-05 0.508401 9.996E-05 0.00131104 9.996E-05 9.996E-05 0.489888
9.9955E-05 0.480217 9.9955E-05 9.9955E-05 9.9955E-05 9.9955E-05 0.519283
9.9973E-05 0.426947 0.359512 9.9973E-05 0.0148036 9.9973E-05 0.198438
0.00596757 0.533694 0.33254 9.9991E-05 0.00346811 0.0148711 0.109358
9.9964E-05 0.239947 0.652248 9.9964E-05 9.9964E-05 9.9964E-05 0.107406
9.996E-05 9.996E-05 9.996E-05 9.996E-05 0.0120092 0.00521954 0.982371
9.9955E-05 0.523185 9.9955E-05 9.9955E-05 9.9955E-05 9.9955E-05 0.476315
9.9955E-05 0.116626 9.9955E-05 9.9955E-05 9.9955E-05 9.9955E-05 0.882875
9.9964E-05 0.644864 9.9964E-05 9.9964E-05 0.0199095 9.9964E-05 0.334826
9.9973E-05 9.9973E-05 0.119381 0.00762786 0.736263 9.9973E-05 0.136428
9.9964E-05 9.9964E-05 9.9964E-05 9.9964E-05 0.0271879 0.00516297 0.967249
9.998E-05 0.557847 0.102721 9.998E-05 0.16524 0.0496892 0.124302
9.9982E-05 0.651852 0.00433534 0.0111576 0.166161 9.9982E-05 0.166294
9.9973E-05 9.9973E-05 0.0614637 0.015765 0.081772 0.840699 9.9973E-05
9.99549E-05 0.488565 9.99549E-05 9.99549E-05 9.99549E-05 9.99549E-05 0.510935
9.997E-05 0.0364827 0.0230915 0.00562756 9.997E-05 9.997E-05 0.934498
9.995E-05 9.995E-05 9.995E-05 9.995E-05 9.995E-05 9.995E-05 0.9994
9.997E-05 0.449074 0.484821 0.0203743 0.0454311 9.997E-05 9.997E-05
9.995E-05 9.995E-05 9.995E-05 0.9994 9.995E-05 9.995E-05 9.995E-05
9.9973E-05 0.152264 0.783296 0.0071919 9.9973E-05 9.9973E-05 0.0569485
9.996E-05 0.216768 9.996E-05 9.996E-05 9.996E-05 0.0459257 0.736906
0.000666065 9.997E-05 9.997E-05 9.997E-05 0.0349699 0.0258916 0.938173
9.9964E-05 0.359272 0.520498 9.9964E-05 9.9964E-05 9.9964E-05 0.11983
9.995E-05 9.995E-05 9.995E-05 0.9994 9.995E-05 9.995E-05 9.995E-05
0.00659424 9.9973E-05 9.9973E-05 0.0337278 0.316494 0.642884 9.9973E-05
9.997E-05 0.211974 0.125748 0.00323174 9.997E-05 9.997E-05 0.658746
9.9955E-05 0.291671 9.9955E-05 9.9955E-05 9.9955E-05 9.9955E-05 0.70783
9.9964E-05 0.471361 0.340543 9.9964E-05 9.9964E-05 9.9964E-05 0.187696
9.9955E-05 9.9955E-05 9.9955E-05 9.9955E-05 9.9955E-05 0.024066 0.975434
9.998E-05 0.0752702 0.426461 0.0465717 0.424909 9.998E-05 0.0265875
0.106802 0.023083 9.999E-05 0.512494 0.190868 0.138523 0.0281303
9.9964E-05 0.103932 9.9964E-05 9.9964E-05 9.9964E-05 0.0404287 0.855239
9.9964E-05 0.442581 0.0700365 9.9964E-05 9.9964E-05 9.9964E-05 0.486983
9.995E-05 9.995E-05 9.995E-05 9.995E-05 9.995E-05 0.9994 9.995E-05
9.997E-05 0.118574 0.055273 0.00368026 9.997E-05 9.997E-05 0.822173
9.9964E-05 0.647383 9.9964E-05 9.9964E-05 9.9964E-05 0.00760619 0.344611
9.9955E-05 0.229332 9.9955E-05 9.9955E-05 9.9955E-05 9.9955E-05 0.770168
0.00817465 9.9964E-05 0.70276 9.9964E-05 9.9964E-05 9.9964E-05 0.288666
9.9982E-05 0.316413 0.376259 0.00893966 0.0870287 9.9982E-05 0.211159
9.997E-05 0.501459 0.102418 9.997E-05 0.356858 9.997E-05 0.0389645
0.0113291 9.9973E-05 0.401449 9.9973E-05 0.505087 9.9973E-05 0.0818348
9.996E-05 0.462573 9.996E-05 9.996E-05 9.996E-05 0.00221611 0.534811
9.9973E-05 0.11693 9.9973E-05 0.000511074 9.9973E-05 0.0116825 0.870576
9.997E-05 0.325616 9.997E-05 0.0285701 9.997E-05 0.0074647 0.638049
0.0591665 9.9982E-05 0.0368196 0.876659 0.0224661 0.00468835 9.9982E-05
9.997E-05 0.00735936 9.997E-05 9.997E-05 0.0639143 0.0284559 0.899971
0.00804124 0.0139208 9.998E-05 0.957511 0.0157716 0.00455536 9.998E-05
9.9964E-05 0.401814 9.9964E-05 9.9964E-05 9.9964E-05 0.00567308 0.592113
9.995E-05 9.995E-05 9.995E-05 9.995E-05 9.995E-05 0.961713 0.0377868
9.9973E-05 0.444486 0.538462 9.9973E-05 9.9973E-05 0.00122941 0.0155235
0.0118639 9.997E-05 0.731182 9.997E-05 0.10331 9.997E-05 0.153344
0.0350094 0.256896 0.551286 9.999E-05 0.0249692 0.0316898 0.10005
9.9964E-05 0.516603 9.9964E-05 9.9964E-05 9.9964E-05 0.0148879 0.468109
9.998E-05 0.268856 0.287965 0.034633 0.221681 9.998E-05 0.186665
9.9964E-05 0.049734 9.9964E-05 9.9964E-05 0.00782192 9.9964E-05 0.942044
0.0077419 0.528231 0.0834397 0.00165009 9.999E-05 0.0173895 0.361448
0.0215719 9.998E-05 9.998E-05 0.00470915 0.611983 0.0185324 0.343004
9.997E-05 0.188847 9.997E-05 0.0105902 0.124357 9.997E-05 0.675906
0.00735983 0.162454 9.999E-05 0.00328893 0.0326949 0.00622908 0.787874
9.99639E-05 9.99639E-05 9.99639E-05 0.0120437 9.99639E-05 0.966304 0.0212525
9.9973E-05 0.162849 9.9973E-05 9.9973E-05 0.743251 0.0460844 0.0475152
9.9955E-05 9.9955E-05 0.0217261 9.9955E-05 9.9955E-05 0.977774 9.9955E-05
9.9964E-05 0.37429 9.9964E-05 0.00519673 9.9964E-05 9.9964E-05 0.620113
0.00999744 0.121044 9.998E-05 9.998E-05 0.643242 0.0494425 0.176074
9.998E-05 0.0122386 9.998E-05 0.00220361 0.705839 0.0452415 0.234278
9.9964E-05 0.281105 9.9964E-05 0.0278249 9.9964E-05 9.9964E-05 0.690671
9.996E-05 0.00392411 0.013882 9.996E-05 9.996E-05 9.996E-05 0.981794
9.9955E-05 9.9955E-05 9.9955E-05 0.991945 9.9955E-05 0.00755486 9.9955E-05
9.9973E-05 9.9973E-05 0.282365 9.9973E-05 0.662885 0.033146 0.0213038
9.9964E-05 0.355337 9.9964E-05 0.000403558 9.9964E-05 9.9964E-05 0.64386
0.0332454 9.998E-05 9.998E-05 0.0337068 0.340399 0.414754 0.177695
9.997E-05 9.997E-05 9.997E-05 0.0107598 0.0220845 0.00695295 0.959903
0.9994 9.995E-05 9.995E-05 9.995E-05 9.995E-05 9.995E-05 9.995E-05
0.00143309 0.107913 9.998E-05 0.0194706 0.0476602 9.998E-05 0.823323
0.640078 9.997E-05 9.997E-05 0.011532 0.233432 9.997E-05 0.114658
0.00774138 0.419582 0.469891 0.0168665 9.999E-05 0.00838229 0.0774374
0.00711814 9.9973E-05 0.0114382 9.9973E-05 0.0240942 9.9973E-05 0.957049
0.00215495 9.9955E-05 9.9955E-05 9.9955E-05 9.9955E-05 9.9955E-05 0.997345
0.00516802 9.9982E-05 0.408401 0.00185426 0.53368 9.9982E-05 0.0506967
0.000926707 9.998E-05 9.998E-05 0.00190275 0.0860567 0.00150512 0.909409
9.9955E-05 9.9955E-05 0.027145 9.9955E-05 9.9955E-05 0.972355 9.9955E-05
9.997E-05 0.00825758 9.997E-05 0.00651948 9.997E-05 0.000982678 0.98394
0.9994 9.995E-05 9.995E-05 9.995E-05 9.995E-05 9.995E-05 9.995E-05
9.996E-05 0.00337663 9.996E-05 9.996E-05 9.996E-05 0.000939632 0.995284
9.9982E-05 0.613177 0.167678 9.9982E-05 0.151924 0.0334317 0.0335891
0.013076 0.484625 0.149623 0.0090159 0.0908422 9.999E-05 0.252718
9.996E-05 0.203692 0.130286 9.996E-05 0.665622 9.996E-05 9.996E-05
0.000127765 0.341656 9.9982E-05 0.0206692 0.484686 9.9982E-05 0.152661
9.998E-05 0.158339 0.00510711 0.0450985 0.689321 9.998E-05 0.101934
9.995E-05 9.995E-05 9.995E-05 9.995E-05 9.995E-05 9.995E-05 0.9994
9.998E-05 0.460327 0.207327 0.00310199 9.998E-05 0.0538934 0.275151
9.9955E-05 0.132669 9.9955E-05 9.9955E-05 9.9955E-05 9.9955E-05 0.866832
9.998E-05 0.508832 9.998E-05 0.0193091 0.322864 0.0508702 0.0979256
0.00344025 0.0288986 0.656402 9.999E-05 0.189128 0.00646902 0.115562
0.01072 0.0911679 9.998E-05 9.998E-05 0.0321473 0.0187824 0.846983
9.9964E-05 0.650013 9.9964E-05 0.0111403 9.9964E-05 9.9964E-05 0.338447
9.9964E-05 0.327918 9.9964E-05 0.0150173 9.9964E-05 9.9964E-05 0.656665
9.9964E-05 9.9964E-05 0.0264535 9.9964E-05 0.0334324 9.9964E-05 0.939714
0.0301852 9.9982E-05 9.9982E-05 0.00828437 0.491099 0.0659684 0.404263
9.9973E-05 0.518125 0.0665428 9.9973E-05 0.208739 9.9973E-05 0.206293
0.0133995 0.376139 9.9982E-05 9.9982E-05 0.302475 0.00670754 0.301079
0.892556 9.9982E-05 0.0400621 0.00632428 0.0378379 0.0230199 9.9982E-05
9.996E-05 9.996E-05 9.996E-05 9.996E-05 0.0775044 0.00969027 0.912405
9.995E-05 9.995E-05 9.995E-05 9.995E-05 0.0223324 9.995E-05 0.977168
0.0158357 0.130857 9.997E-05 9.997E-05 0.00464878 9.997E-05 0.848359
9.99639E-05 9.99639E-05 9.99639E-05 0.000655085 9.99639E-05 0.993964 0.00498145
0.00725938 0.280352 9.9973E-05 9.9973E-05 0.0559621 9.9973E-05 0.656127
9.997E-05 0.0418711 0.203988 9.997E-05 0.659278 9.997E-05 0.0945632
9.999E-05 0.426995 0.191111 0.00575822 0.00990482 0.0156281 0.350503
0.0071721 9.9964E-05 9.9964E-05 0.00161082 9.9964E-05 9.9964E-05 0.990817
9.998E-05 0.0265896 0.053672 9.998E-05 0.0698466 0.00839285 0.841299
9.995E-05 9.995E-05 9.995E-05 9.995E-05 9.995E-05 9.995E-05 0.9994
9.998E-05 0.0597023 0.250367 0.0246662 0.603394 9.998E-05 0.0616702
0.770874 9.998E-05 9.998E-05 0.036391 0.135122 0.0379479 0.019465
9.9955E-05 9.9955E-05 0.296479 9.9955E-05 0.703022 9.9955E-05 9.9955E-05
9.9973E-05 0.401978 0.101855 0.024771 9.9973E-05 9.9973E-05 0.471096
0.950727 9.9964E-05 9.9964E-05 0.0275975 0.0212754 9.9964E-05 9.9964E-05
0.00753723 0.332167 9.998E-05 9.998E-05 0.102424 0.0332206 0.52445
9.99639E-05 0.365335 0.372119 9.99639E-05 9.99639E-05 9.99639E-05 0.262146
9.9973E-05 9.9973E-05 9.9973E-05 0.00564914 0.0684398 0.0372563 0.888355
9.995E-05 9.995E-05 9.995E-05 0.00484144 9.995E-05 9.995E-05 0.994659
0.00468595 9.999E-05 0.0177254 0.0113395 0.0259258 0.0063646 0.933859
9.9964E-05 0.312703 9.9964E-05 9.9964E-05 0.274362 9.9964E-05 0.412535
9.995E-05 9.995E-05 9.995E-05 9.995E-05 9.995E-05 0.945276 0.0542241
9.9955E-05 0.0422659 9.9955E-05 9.9955E-05 9.9955E-05 9.9955E-05 0.957234
9.9964E-05 9.9964E-05 0.796572 9.9964E-05 0.0831967 9.9964E-05 0.119832
9.998E-05 0.595447 0.0250897 9.998E-05 0.00931003 0.00243795 0.367515
0.0174209 0.0158626 9.997E-05 9.997E-05 9.997E-05 0.953751 0.0126653
9.998E-05 9.998E-05 0.558463 0.000855883 0.350136 0.00903817 0.0813074
0.0375864 0.0574851 9.997E-05 9.997E-05 0.744142 9.997E-05 0.160487
9.9982E-05 0.408281 0.205357 9.9982E-05 0.272666 0.0251221 0.0883743
9.9955E-05 9.9955E-05 9.9955E-05 9.9955E-05 9.9955E-05 0.913149 0.0863511
9.9964E-05 0.51538 0.0584635 9.9964E-05 9.9964E-05 9.9964E-05 0.425757
0.9994 9.995E-05 9.995E-05 9.995E-05 9.995E-05 9.995E-05 9.995E-05
0.00947041 0.492483 9.997E-05 0.00430625 9.997E-05 9.997E-05 0.49344
9.9964E-05 0.0984316 9.9964E-05 0.0135822 9.9964E-05 9.9964E-05 0.887586
0.9994 9.995E-05 9.995E-05 9.995E-05 9.995E-05 9.995E-05 9.995E-05
0.00106916 0.162816 9.9964E-05 9.9964E-05 9.9964E-05 9.9964E-05 0.835715
0.00229306 9.9982E-05 0.0548348 0.922451 9.9982E-05 0.0120907 0.00813082
9.9973E-05 0.63473 0.147996 9.9973E-05 0.121639 9.9973E-05 0.0953355
9.997E-05 0.0507152 9.997E-05 9.997E-05 0.0156904 0.0304416 0.902853
0.00646853 9.998E-05 0.277153 9.998E-05 0.547639 0.0672385 0.101301
0.0183854 0.245386 0.0334254 9.9982E-05 0.0296943 9.9982E-05 0.672909
0.9113 9.9964E-05 9.9964E-05 0.0283068 0.0599929 9.9964E-05 9.9964E-05
0.00497091 0.654909 0.0502785 9.999E-05 0.13732 0.00803984 0.144382
